1522727871.703878000	0	315	1
1522727871.716788000	0.0129101	74	0
1522727871.737640000	0.033762	140	0
1522727871.737642000	0.0337641	104	0
1522727871.737688000	0.0338101	74	1
1522727871.737752000	0.033874	112	0
1522727871.738101000	0.0342231	112	1
1522727871.772094000	0.0682161	86	1
1522727871.814795000	0.110917	74	0
1522727874.020923000	2.31704	188	1
1522727874.034474000	2.3306	74	0
1522727874.079851000	2.37597	234	0
1522727874.079958000	2.37608	328	0
1522727874.079961000	2.37608	112	0
1522727874.079985000	2.37611	74	1
1522727874.080375000	2.3765	112	1
1522727874.092821000	2.38894	74	0
1522727874.206321000	2.50244	188	1
1522727874.228794000	2.52492	74	0
1522727874.267710000	2.56383	148	0
1522727874.267783000	2.56391	319	0
1522727874.267804000	2.56393	74	1
1522727874.267868000	2.56399	112	0
1522727874.268136000	2.56426	112	1
1522727874.320308000	2.61643	74	0
1522727874.325919000	2.62204	189	1
1522727874.349336000	2.64546	74	0
1522727874.386387000	2.68251	148	0
1522727874.386389000	2.68251	337	0
1522727874.386430000	2.68255	74	1
1522727874.386499000	2.68262	104	0
1522727874.386502000	2.68262	112	0
1522727874.386524000	2.68265	74	1
1522727874.386940000	2.68306	112	1
1522727874.438461000	2.73458	74	0
1522727874.442112000	2.73823	191	1
1522727874.454454000	2.75058	74	0
1522727874.489814000	2.78594	170	0
1522727874.489908000	2.78603	328	0
1522727874.489910000	2.78603	104	0
1522727874.489912000	2.78603	112	0
1522727874.489938000	2.78606	74	1
1522727874.490330000	2.78645	112	1
1522727874.553145000	2.84927	74	0
1522727874.710452000	3.00657	192	1
1522727874.761823000	3.05795	74	0
1522727874.794724000	3.09085	148	0
1522727874.794825000	3.09095	321	0
1522727874.794828000	3.09095	112	0
1522727874.794848000	3.09097	74	1
1522727874.795243000	3.09137	112	1
1522727874.847553000	3.14368	74	0
1522727875.259537000	3.55566	195	1
1522727875.274130000	3.57025	74	0
1522727875.309632000	3.60575	147	0
1522727875.309706000	3.60583	343	0
1522727875.309725000	3.60585	74	1
1522727875.309790000	3.60591	112	0
1522727875.310080000	3.6062	112	1
1522727875.363316000	3.65944	74	0
1522727875.448858000	3.74498	196	1
1522727875.461192000	3.75731	74	0
1522727875.498276000	3.7944	171	0
1522727875.498278000	3.7944	330	0
1522727875.498337000	3.79446	74	1
1522727875.498413000	3.79454	112	0
1522727875.498805000	3.79493	112	1
1522727875.541083000	3.83721	198	1
1522727875.551505000	3.84763	74	0
1522727875.553573000	3.84969	74	0
1522727875.587220000	3.88334	147	0
1522727875.587321000	3.88344	306	0
1522727875.587338000	3.88346	74	1
1522727875.588993000	3.88512	104	0
1522727875.588995000	3.88512	112	0
1522727875.589018000	3.88514	74	1
1522727875.589390000	3.88551	112	1
1522727875.651487000	3.94761	74	0
1522727876.015784000	4.31191	201	1
1522727876.037195000	4.33332	74	0
1522727876.073475000	4.3696	147	0
1522727876.073580000	4.3697	304	0
1522727876.073601000	4.36972	74	1
1522727876.073927000	4.37005	104	0
1522727876.074001000	4.37012	112	0
1522727876.074013000	4.37014	74	1
1522727876.074143000	4.37027	112	1
1522727876.127571000	4.42369	74	0
1522727876.294211000	4.59033	202	1
1522727876.324282000	4.6204	74	0
1522727876.358488000	4.65461	147	0
1522727876.358597000	4.65472	338	0
1522727876.358600000	4.65472	112	0
1522727876.358628000	4.65475	74	1
1522727876.359053000	4.65517	112	1
1522727876.386567000	4.68269	203	1
1522727876.399062000	4.69518	74	0
1522727876.435169000	4.73129	170	0
1522727876.435171000	4.73129	310	0
1522727876.435212000	4.73133	74	1
1522727876.435628000	4.73175	104	0
1522727876.435658000	4.73178	112	0
1522727876.435668000	4.73179	74	1
1522727876.436110000	4.73223	112	1
1522727876.488475000	4.7846	74	0
1522727877.244146000	5.54027	207	1
1522727877.257122000	5.55324	74	0
1522727877.293799000	5.58992	144	0
1522727877.293802000	5.58992	306	0
1522727877.293869000	5.58999	74	1
1522727877.295084000	5.59121	104	0
1522727877.295161000	5.59128	112	0
1522727877.295172000	5.59129	74	1
1522727877.295536000	5.59166	112	1
1522727877.348558000	5.64468	74	0
1522727877.573383000	5.86951	207	1
1522727877.587239000	5.88336	74	0
1522727877.622257000	5.91838	170	0
1522727877.622652000	5.91877	296	0
1522727877.622655000	5.91878	104	0
1522727877.622677000	5.9188	74	1
1522727877.622743000	5.91886	112	0
1522727877.622888000	5.91901	112	1
1522727877.680543000	5.97667	74	0
1522727877.810157000	6.10628	208	1
1522727877.823226000	6.11935	74	0
1522727877.860975000	6.1571	148	0
1522727877.861068000	6.15719	292	0
1522727877.861085000	6.15721	74	1
1522727877.861897000	6.15802	104	0
1522727877.861975000	6.1581	112	0
1522727877.861987000	6.15811	74	1
1522727877.862334000	6.15846	112	1
1522727877.907254000	6.20338	209	1
1522727877.915021000	6.21114	74	0
1522727877.919803000	6.21592	74	0
1522727877.961598000	6.25772	147	0
1522727877.961600000	6.25772	295	0
1522727877.961637000	6.25776	74	1
1522727877.962433000	6.25856	104	0
1522727877.962503000	6.25863	112	0
1522727877.962513000	6.25864	74	1
1522727877.962927000	6.25905	112	1
1522727877.985180000	6.2813	74	0
1522727878.228984000	6.52511	191	1
1522727878.254596000	6.55072	74	0
1522727878.342222000	6.63834	216	0
1522727878.342502000	6.63862	1294	0
1522727878.342525000	6.63865	74	1
1522727878.342768000	6.63889	1294	0
1522727878.342770000	6.63889	1294	0
1522727878.342782000	6.6389	74	1
1522727878.343036000	6.63916	1294	0
1522727878.343038000	6.63916	1294	0
1522727878.343059000	6.63918	74	1
1522727878.343319000	6.63944	1294	0
1522727878.343323000	6.63945	1294	0
1522727878.343335000	6.63946	74	1
1522727878.343527000	6.63965	1036	0
1522727878.359946000	6.65607	1294	0
1522727878.360004000	6.65613	74	1
1522727878.360204000	6.65633	1294	0
1522727878.360273000	6.65639	1294	0
1522727878.360284000	6.65641	74	1
1522727878.360497000	6.65662	1294	0
1522727878.360562000	6.65668	1294	0
1522727878.360575000	6.6567	74	1
1522727878.360730000	6.65685	1294	0
1522727878.360797000	6.65692	1294	0
1522727878.360809000	6.65693	74	1
1522727878.360870000	6.65699	1294	0
1522727878.361006000	6.65713	1294	0
1522727878.361017000	6.65714	74	1
1522727878.361077000	6.6572	1294	0
1522727878.361144000	6.65727	1294	0
1522727878.361156000	6.65728	74	1
1522727878.361301000	6.65742	1294	0
1522727878.361304000	6.65743	120	0
1522727878.361324000	6.65745	86	1
1522727878.361386000	6.65751	1294	0
1522727878.361401000	6.65752	74	1
1522727878.363071000	6.65919	1294	0
1522727878.363321000	6.65944	1294	0
1522727878.363332000	6.65945	74	1
1522727878.363391000	6.65951	1294	0
1522727878.363595000	6.65972	1294	0
1522727878.363608000	6.65973	74	1
1522727878.363669000	6.65979	1294	0
1522727878.363735000	6.65986	505	0
1522727878.363749000	6.65987	86	1
1522727878.364055000	6.66018	1294	0
1522727878.364069000	6.66019	74	1
1522727878.369636000	6.66576	74	1
1522727878.874567000	7.17069	1294	0
1522727878.874828000	7.17095	1294	0
1522727878.874848000	7.17097	74	1
1522727878.875194000	7.17132	1294	0
1522727878.875197000	7.17132	1294	0
1522727878.875219000	7.17134	74	1
1522727878.875400000	7.17152	1294	0
1522727878.875475000	7.1716	1294	0
1522727878.875489000	7.17161	74	1
1522727878.875577000	7.1717	1294	0
1522727878.875692000	7.17181	1294	0
1522727878.875704000	7.17183	74	1
1522727878.875793000	7.17192	1294	0
1522727878.875856000	7.17198	1294	0
1522727878.875871000	7.17199	74	1
1522727878.875984000	7.17211	1294	0
1522727878.876059000	7.17218	1294	0
1522727878.876061000	7.17218	313	0
1522727878.876083000	7.1722	86	1
1522727878.876404000	7.17253	1294	0
1522727878.876425000	7.17255	74	1
1522727878.877738000	7.17386	1294	0
1522727878.877825000	7.17395	1294	0
1522727878.877835000	7.17396	74	1
1522727878.878028000	7.17415	1294	0
1522727878.878031000	7.17415	1294	0
1522727878.878042000	7.17416	74	1
1522727878.878101000	7.17422	1294	0
1522727878.878295000	7.17442	1294	0
1522727878.878306000	7.17443	74	1
1522727878.878361000	7.17448	1294	0
1522727878.878583000	7.17471	1294	0
1522727878.878585000	7.17471	453	0
1522727878.878599000	7.17472	74	1
1522727878.891902000	7.18802	1294	0
1522727878.892149000	7.18827	1294	0
1522727878.892173000	7.1883	74	1
1522727878.892259000	7.18838	1294	0
1522727878.892436000	7.18856	1294	0
1522727878.892450000	7.18857	74	1
1522727878.892582000	7.1887	1294	0
1522727878.892584000	7.18871	1294	0
1522727878.892601000	7.18872	74	1
1522727878.892716000	7.18884	1294	0
1522727878.892857000	7.18898	1294	0
1522727878.892861000	7.18898	1294	0
1522727878.892876000	7.189	74	1
1522727878.892991000	7.18911	1294	0
1522727878.893097000	7.18922	1294	0
1522727878.893110000	7.18923	74	1
1522727878.893291000	7.18941	1294	0
1522727878.893376000	7.1895	1294	0
1522727878.893378000	7.1895	466	0
1522727878.893392000	7.18951	74	1
1522727878.897126000	7.19325	1294	0
1522727878.897218000	7.19334	1294	0
1522727878.897229000	7.19335	74	1
1522727878.897340000	7.19346	1294	0
1522727878.897415000	7.19354	1294	0
1522727878.897433000	7.19356	74	1
1522727878.897501000	7.19362	1294	0
1522727878.897641000	7.19376	1294	0
1522727878.897655000	7.19378	74	1
1522727878.897711000	7.19383	1294	0
1522727878.897776000	7.1939	1294	0
1522727878.897788000	7.19391	74	1
1522727878.897908000	7.19403	1294	0
1522727878.897975000	7.1941	1294	0
1522727878.897986000	7.19411	74	1
1522727878.898065000	7.19419	1294	0
1522727878.898182000	7.1943	1294	0
1522727878.898196000	7.19432	74	1
1522727878.898257000	7.19438	1294	0
1522727878.898416000	7.19454	895	0
1522727878.898418000	7.19454	110	0
1522727878.898432000	7.19455	74	1
1522727878.898782000	7.1949	1294	0
1522727878.899013000	7.19514	1294	0
1522727878.899026000	7.19515	74	1
1522727878.899086000	7.19521	1294	0
1522727878.899298000	7.19542	1294	0
1522727878.899318000	7.19544	74	1
1522727878.899375000	7.1955	1294	0
1522727878.899379000	7.1955	223	0
1522727878.899399000	7.19552	86	1
1522727878.899625000	7.19575	1294	0
1522727878.899642000	7.19576	74	1
1522727878.904061000	7.20018	1294	0
1522727878.904340000	7.20046	1294	0
1522727878.904357000	7.20048	74	1
1522727878.904427000	7.20055	1294	0
1522727878.904429000	7.20055	1294	0
1522727878.904442000	7.20056	74	1
1522727878.904588000	7.20071	1294	0
1522727878.904656000	7.20078	1294	0
1522727878.904667000	7.20079	74	1
1522727878.904728000	7.20085	1294	0
1522727878.904867000	7.20099	1294	0
1522727878.904880000	7.201	74	1
1522727878.904940000	7.20106	1294	0
1522727878.905005000	7.20113	1294	0
1522727878.905015000	7.20114	74	1
1522727878.905158000	7.20128	1294	0
1522727878.905230000	7.20135	1294	0
1522727878.905240000	7.20136	74	1
1522727878.905300000	7.20142	1294	0
1522727878.905469000	7.20159	1294	0
1522727878.905471000	7.20159	1294	0
1522727878.905488000	7.20161	74	1
1522727878.905565000	7.20169	1294	0
1522727878.905769000	7.20189	1294	0
1522727878.905771000	7.20189	244	0
1522727878.905786000	7.20191	74	1
1522727878.908445000	7.20457	1294	0
1522727878.908647000	7.20477	1294	0
1522727878.908661000	7.20478	74	1
1522727878.908733000	7.20485	1294	0
1522727878.908928000	7.20505	1294	0
1522727878.908943000	7.20507	74	1
1522727878.909008000	7.20513	1294	0
1522727878.909011000	7.20513	1294	0
1522727878.909023000	7.20515	74	1
1522727878.909219000	7.20534	1294	0
1522727878.909282000	7.2054	1294	0
1522727878.909292000	7.20541	74	1
1522727878.909352000	7.20547	1294	0
1522727878.909500000	7.20562	1294	0
1522727878.909513000	7.20564	74	1
1522727878.909575000	7.2057	1294	0
1522727878.909578000	7.2057	1294	0
1522727878.909589000	7.20571	74	1
1522727878.909793000	7.20591	1294	0
1522727878.909795000	7.20592	187	0
1522727878.909809000	7.20593	74	1
1522727878.912760000	7.20888	1294	0
1522727878.913015000	7.20914	1294	0
1522727878.913031000	7.20915	74	1
1522727878.913094000	7.20922	1294	0
1522727878.913282000	7.2094	1294	0
1522727878.913301000	7.20942	74	1
1522727878.913368000	7.20949	1294	0
1522727878.913560000	7.20968	1294	0
1522727878.913574000	7.2097	74	1
1522727878.913635000	7.20976	1294	0
1522727878.913708000	7.20983	1294	0
1522727878.913719000	7.20984	74	1
1522727878.913863000	7.20999	1294	0
1522727878.913927000	7.21005	1294	0
1522727878.913938000	7.21006	74	1
1522727878.913999000	7.21012	1294	0
1522727878.914139000	7.21026	1294	0
1522727878.914153000	7.21028	74	1
1522727878.914221000	7.21034	1294	0
1522727878.914224000	7.21035	901	0
1522727878.914236000	7.21036	74	1
1522727878.914404000	7.21053	1294	0
1522727878.914484000	7.21061	1294	0
1522727878.914495000	7.21062	74	1
1522727878.914726000	7.21085	1294	0
1522727878.914730000	7.21085	1009	0
1522727878.914731000	7.21085	112	0
1522727878.914755000	7.21088	74	1
1522727878.914877000	7.211	112	1
1522727878.927684000	7.22381	74	0
1522727879.093438000	7.38956	198	1
1522727879.105687000	7.40181	74	0
1522727879.126601000	7.42272	140	0
1522727879.126606000	7.42273	104	0
1522727879.126687000	7.42281	74	1
1522727879.126827000	7.42295	112	0
1522727879.127736000	7.42386	112	1
1522727879.181334000	7.47746	74	0
1522727879.326978000	7.6231	370	1
1522727879.339971000	7.63609	74	0
1522727879.341654000	7.63778	180	0
1522727879.342014000	7.63814	1294	0
1522727879.342039000	7.63816	74	1
1522727879.342289000	7.63841	1294	0
1522727879.342460000	7.63858	1294	0
1522727879.342472000	7.63859	74	1
1522727879.342561000	7.63868	1294	0
1522727879.342753000	7.63888	1294	0
1522727879.342769000	7.63889	74	1
1522727879.342831000	7.63895	1294	0
1522727879.342896000	7.63902	1294	0
1522727879.342909000	7.63903	74	1
1522727879.343030000	7.63915	1294	0
1522727879.343096000	7.63922	1294	0
1522727879.343108000	7.63923	74	1
1522727879.343166000	7.63929	1294	0
1522727879.343239000	7.63936	1294	0
1522727879.343249000	7.63937	74	1
1522727879.343312000	7.63943	1294	0
1522727879.343314000	7.63944	1294	0
1522727879.343326000	7.63945	74	1
1522727879.343387000	7.63951	1294	0
1522727879.343453000	7.63958	1294	0
1522727879.343463000	7.63959	74	1
1522727879.343524000	7.63965	1294	0
1522727879.343591000	7.63971	1294	0
1522727879.343594000	7.63972	1294	0
1522727879.343605000	7.63973	74	1
1522727879.343665000	7.63979	1294	0
1522727879.343731000	7.63985	1294	0
1522727879.343744000	7.63987	74	1
1522727879.343801000	7.63992	1294	0
1522727879.343868000	7.63999	1294	0
1522727879.343879000	7.64	74	1
1522727879.343940000	7.64006	1294	0
1522727879.344007000	7.64013	1294	0
1522727879.344009000	7.64013	1294	0
1522727879.344020000	7.64014	74	1
1522727879.344097000	7.64022	1294	0
1522727879.344160000	7.64028	1294	0
1522727879.344170000	7.64029	74	1
1522727879.344231000	7.64035	1294	0
1522727879.344298000	7.64042	1294	0
1522727879.344300000	7.64042	1294	0
1522727879.344317000	7.64044	74	1
1522727879.344377000	7.6405	1294	0
1522727879.344445000	7.64057	1294	0
1522727879.344456000	7.64058	74	1
1522727879.344511000	7.64063	1294	0
1522727879.344577000	7.6407	1294	0
1522727879.344579000	7.6407	1294	0
1522727879.344592000	7.64071	74	1
1522727879.344650000	7.64077	1294	0
1522727879.344717000	7.64084	1294	0
1522727879.344726000	7.64085	74	1
1522727879.344786000	7.64091	1294	0
1522727879.344852000	7.64097	1294	0
1522727879.344855000	7.64098	1294	0
1522727879.344871000	7.64099	74	1
1522727879.344932000	7.64105	1294	0
1522727879.344997000	7.64112	1294	0
1522727879.345007000	7.64113	74	1
1522727879.345069000	7.64119	1294	0
1522727879.345134000	7.64126	1294	0
1522727879.345144000	7.64127	74	1
1522727879.345202000	7.64132	1294	0
1522727879.345317000	7.64144	1294	0
1522727879.345319000	7.64144	1294	0
1522727879.345331000	7.64145	74	1
1522727879.345393000	7.64152	1294	0
1522727879.345395000	7.64152	1294	0
1522727879.345414000	7.64154	74	1
1522727879.345492000	7.64161	1294	0
1522727879.345561000	7.64168	1294	0
1522727879.345572000	7.64169	74	1
1522727879.345633000	7.64176	1294	0
1522727879.345698000	7.64182	1294	0
1522727879.345710000	7.64183	74	1
1522727879.345788000	7.64191	1294	0
1522727879.345855000	7.64198	74	1
1522727879.345861000	7.64198	1294	0
1522727879.345946000	7.64207	1294	0
1522727879.345957000	7.64208	74	1
1522727879.345981000	7.6421	74	1
1522727879.346102000	7.64222	1294	0
1522727879.346169000	7.64229	1294	0
1522727879.346183000	7.64231	74	1
1522727879.346242000	7.64236	1294	0
1522727879.346393000	7.64252	1294	0
1522727879.346404000	7.64253	74	1
1522727879.346465000	7.64259	1294	0
1522727879.346531000	7.64265	1294	0
1522727879.346542000	7.64266	74	1
1522727879.346691000	7.64281	1294	0
1522727879.346759000	7.64288	1294	0
1522727879.346771000	7.64289	74	1
1522727879.346830000	7.64295	1294	0
1522727879.346963000	7.64309	1294	0
1522727879.346973000	7.6431	74	1
1522727879.347034000	7.64316	1294	0
1522727879.347100000	7.64322	1294	0
1522727879.347113000	7.64323	74	1
1522727879.347172000	7.64329	1294	0
1522727879.347240000	7.64336	1294	0
1522727879.347253000	7.64338	74	1
1522727879.347316000	7.64344	1294	0
1522727879.347381000	7.6435	1294	0
1522727879.347393000	7.64352	74	1
1522727879.347454000	7.64358	1294	0
1522727879.347521000	7.64364	1294	0
1522727879.347531000	7.64365	74	1
1522727879.347591000	7.64371	1294	0
1522727879.347662000	7.64378	1294	0
1522727879.347673000	7.6438	74	1
1522727879.347733000	7.64386	74	1
1522727879.347740000	7.64386	1294	0
1522727879.347742000	7.64386	1294	0
1522727879.347753000	7.64388	74	1
1522727879.347816000	7.64394	1294	0
1522727879.347818000	7.64394	1294	0
1522727879.347833000	7.64395	74	1
1522727879.347895000	7.64402	74	1
1522727879.347904000	7.64403	1294	0
1522727879.347999000	7.64412	1294	0
1522727879.348002000	7.64412	147	0
1522727879.348014000	7.64414	74	1
1522727879.348141000	7.64426	112	1
1522727879.373211000	7.66933	175	1
1522727879.385450000	7.68157	74	0
1522727879.410136000	7.70626	214	0
1522727879.410139000	7.70626	104	0
1522727879.410194000	7.70632	74	1
1522727879.410313000	7.70643	112	0
1522727879.411244000	7.70737	112	1
1522727879.466282000	7.7624	74	0
1522727879.615719000	7.91184	410	1
1522727879.629005000	7.92513	74	0
1522727879.649752000	7.94587	140	0
1522727879.649837000	7.94596	104	0
1522727879.649857000	7.94598	74	1
1522727879.650274000	7.9464	112	0
1522727879.650797000	7.94692	112	1
1522727879.708284000	8.00441	74	0
1522727879.772650000	8.06877	348	1
1522727879.817143000	8.11327	74	0
1522727879.836263000	8.13239	140	0
1522727879.836266000	8.13239	104	0
1522727879.836267000	8.13239	112	0
1522727879.836323000	8.13245	74	1
1522727879.837231000	8.13335	112	1
1522727879.928449000	8.22457	74	0
1522727881.506267000	9.80239	310	1
1522727881.518897000	9.81502	74	0
1522727881.539998000	9.83612	140	0
1522727881.540287000	9.83641	104	0
1522727881.540289000	9.83641	112	0
1522727881.540303000	9.83643	74	1
1522727881.540460000	9.83658	112	1
1522727881.592853000	9.88898	74	0
