1522742931.182437000	0	321	1
1522742931.196181000	0.0137441	74	0
1522742931.257327000	0.0748901	140	0
1522742931.257330000	0.074893	104	0
1522742931.257332000	0.0748951	112	0
1522742931.257393000	0.0749559	74	1
1522742931.257751000	0.075314	112	1
1522742931.270861000	0.088424	74	0
1522742933.705368000	2.52293	188	1
1522742933.719249000	2.53681	74	0
1522742933.813279000	2.63084	233	0
1522742933.813415000	2.63098	343	0
1522742933.813418000	2.63098	112	0
1522742933.813443000	2.63101	74	1
1522742933.813852000	2.63142	112	1
1522742933.831808000	2.64937	74	0
1522742933.966193000	2.78376	189	1
1522742933.989630000	2.80719	74	0
1522742934.079232000	2.8968	171	0
1522742934.079334000	2.8969	541	0
1522742934.079351000	2.89691	74	1
1522742934.079415000	2.89698	112	0
1522742934.079760000	2.89732	112	1
1522742934.113364000	2.93093	74	0
1522742934.124178000	2.94174	189	1
1522742934.149030000	2.96659	74	0
1522742934.232232000	3.0498	148	0
1522742934.232329000	3.04989	459	0
1522742934.232332000	3.0499	112	0
1522742934.232359000	3.04992	74	1
1522742934.232759000	3.05032	112	1
1522742934.247507000	3.06507	74	0
1522742934.299718000	3.11728	191	1
1522742934.315915000	3.13348	74	0
1522742934.398896000	3.21646	147	0
1522742934.398992000	3.21656	337	0
1522742934.398994000	3.21656	112	0
1522742934.399015000	3.21658	74	1
1522742934.399390000	3.21695	112	1
1522742934.410920000	3.22848	192	1
1522742934.413252000	3.23082	74	0
1522742934.430410000	3.24797	74	0
1522742934.518795000	3.33636	147	0
1522742934.519177000	3.33674	329	0
1522742934.519178000	3.33674	104	0
1522742934.519198000	3.33676	74	1
1522742934.519263000	3.33683	112	0
1522742934.519420000	3.33698	112	1
1522742934.542974000	3.36054	74	0
1522742934.640918000	3.45848	193	1
1522742934.654624000	3.47219	74	0
1522742934.740230000	3.55779	147	0
1522742934.740306000	3.55787	311	0
1522742934.740308000	3.55787	104	0
1522742934.740324000	3.55789	74	1
1522742934.740391000	3.55795	112	0
1522742934.740700000	3.55826	112	1
1522742934.767883000	3.58545	194	1
1522742934.791178000	3.60874	74	0
1522742934.869864000	3.68743	144	0
1522742934.869964000	3.68753	307	0
1522742934.869966000	3.68753	104	0
1522742934.869989000	3.68755	74	1
1522742934.870313000	3.68788	112	0
1522742934.870453000	3.68802	112	1
1522742934.906918000	3.72448	74	0
1522742935.106874000	3.92444	194	1
1522742935.157472000	3.97503	74	0
1522742935.376725000	4.19429	171	0
1522742935.376822000	4.19439	297	0
1522742935.376825000	4.19439	104	0
1522742935.376844000	4.19441	74	1
1522742935.378137000	4.1957	112	0
1522742935.378309000	4.19587	112	1
1522742935.392084000	4.20965	74	0
1522742935.435087000	4.25265	196	1
1522742935.448739000	4.2663	74	0
1522742935.528872000	4.34644	144	0
1522742935.528977000	4.34654	327	0
1522742935.528996000	4.34656	74	1
1522742935.529336000	4.3469	112	0
1522742935.529485000	4.34705	112	1
1522742935.541215000	4.35878	198	1
1522742935.541986000	4.35955	74	0
1522742935.554546000	4.37211	74	0
1522742935.638108000	4.45567	148	0
1522742935.638198000	4.45576	332	0
1522742935.638200000	4.45576	112	0
1522742935.638219000	4.45578	74	1
1522742935.638621000	4.45618	112	1
1522742935.662007000	4.47957	74	0
1522742935.722433000	4.54	199	1
1522742935.735762000	4.55332	74	0
1522742935.811037000	4.6286	108	1
1522742935.811432000	4.62899	199	1
1522742935.816122000	4.63369	144	0
1522742935.816543000	4.63411	332	0
1522742935.816545000	4.63411	112	0
1522742935.816563000	4.63413	74	1
1522742935.816757000	4.63432	112	1
1522742935.824226000	4.64179	74	0
1522742935.824229000	4.64179	74	0
1522742935.830448000	4.64801	74	0
1522742935.907069000	4.72463	144	0
1522742935.907072000	4.72464	332	0
1522742935.907097000	4.72466	74	1
1522742935.907166000	4.72473	112	0
1522742935.907464000	4.72503	112	1
1522742935.919812000	4.73738	74	0
1522742935.940289000	4.75785	201	1
1522742935.954001000	4.77156	74	0
1522742936.033628000	4.85119	171	0
1522742936.033720000	4.85128	333	0
1522742936.033723000	4.85129	112	0
1522742936.033745000	4.85131	74	1
1522742936.034153000	4.85172	112	1
1522742936.067096000	4.88466	74	0
1522742936.110655000	4.92822	202	1
1522742936.124538000	4.9421	74	0
1522742936.217417000	5.03498	147	0
1522742936.217527000	5.03509	338	0
1522742936.217529000	5.03509	112	0
1522742936.217549000	5.03511	74	1
1522742936.217959000	5.03552	112	1
1522742936.231673000	5.04924	74	0
1522742936.379562000	5.19712	203	1
1522742936.403449000	5.22101	74	0
1522742936.487206000	5.30477	148	0
1522742936.487324000	5.30489	322	0
1522742936.487326000	5.30489	112	0
1522742936.487345000	5.30491	74	1
1522742936.487710000	5.30527	112	1
1522742936.501374000	5.31894	74	0
1522742936.787850000	5.60541	204	1
1522742936.800680000	5.61824	74	0
1522742936.889813000	5.70738	148	0
1522742936.889896000	5.70746	291	0
1522742936.889909000	5.70747	74	1
1522742936.894045000	5.71161	104	0
1522742936.894046000	5.71161	112	0
1522742936.894068000	5.71163	74	1
1522742936.894454000	5.71202	112	1
1522742936.917640000	5.7352	74	0
1522742937.075994000	5.89356	205	1
1522742937.110487000	5.92805	74	0
1522742937.204331000	6.02189	167	0
1522742937.204333000	6.0219	321	0
1522742937.204375000	6.02194	74	1
1522742937.204442000	6.02201	112	0
1522742937.204884000	6.02245	112	1
1522742937.228768000	6.04633	74	0
1522742937.235474000	6.05304	205	1
1522742937.285485000	6.10305	74	0
1522742937.370387000	6.18795	148	0
1522742937.370707000	6.18827	317	0
1522742937.370709000	6.18827	112	0
1522742937.370737000	6.1883	74	1
1522742937.370981000	6.18854	112	1
1522742937.386099000	6.20366	74	0
1522742937.480772000	6.29834	188	1
1522742937.503195000	6.32076	74	0
1522742937.646155000	6.46372	216	0
1522742937.646436000	6.464	1294	0
1522742937.646455000	6.46402	74	1
1522742937.646591000	6.46415	1294	0
1522742937.646721000	6.46428	1294	0
1522742937.646736000	6.4643	74	1
1522742937.646870000	6.46443	1294	0
1522742937.647016000	6.46458	1294	0
1522742937.647025000	6.46459	74	1
1522742937.647168000	6.46473	1294	0
1522742937.647301000	6.46486	1294	0
1522742937.647311000	6.46487	74	1
1522742937.647514000	6.46508	1036	0
1522742937.710668000	6.52823	1294	0
1522742937.710730000	6.52829	74	1
1522742937.710937000	6.5285	1294	0
1522742937.711002000	6.52857	1294	0
1522742937.711014000	6.52858	74	1
1522742937.711213000	6.52878	1294	0
1522742937.711277000	6.52884	1294	0
1522742937.711290000	6.52885	74	1
1522742937.711524000	6.52909	1294	0
1522742937.711777000	6.52934	1294	0
1522742937.711789000	6.52935	74	1
1522742937.711848000	6.52941	1294	0
1522742937.711911000	6.52947	1294	0
1522742937.711928000	6.52949	74	1
1522742937.712081000	6.52964	1294	0
1522742937.712192000	6.52976	1294	0
1522742937.712205000	6.52977	74	1
1522742937.712485000	6.53005	1294	0
1522742937.712734000	6.5303	1294	0
1522742937.712746000	6.53031	74	1
1522742937.713296000	6.53086	895	0
1522742937.719845000	6.53741	1294	0
1522742937.719901000	6.53746	74	1
1522742937.720728000	6.53829	1294	0
1522742937.721024000	6.53859	1294	0
1522742937.721082000	6.53865	74	1
1522742937.721323000	6.53889	1294	0
1522742937.721403000	6.53897	1294	0
1522742937.721414000	6.53898	74	1
1522742937.721573000	6.53914	934	0
1522742937.923413000	6.74098	74	1
1522742937.952761000	6.77032	86	1
1522742938.342263000	7.15983	1294	0
1522742938.342446000	7.16001	1294	0
1522742938.342473000	7.16004	74	1
1522742938.342538000	7.1601	1294	0
1522742938.342752000	7.16032	1294	0
1522742938.342754000	7.16032	1294	0
1522742938.342771000	7.16033	74	1
1522742938.342845000	7.16041	1294	0
1522742938.342847000	7.16041	1294	0
1522742938.342858000	7.16042	74	1
1522742938.343132000	7.1607	1294	0
1522742938.343136000	7.1607	1294	0
1522742938.343138000	7.1607	1294	0
1522742938.343142000	7.16071	1294	0
1522742938.343144000	7.16071	504	0
1522742938.343181000	7.16074	86	1
1522742938.343389000	7.16095	1294	0
1522742938.343413000	7.16098	86	1
1522742938.343476000	7.16104	1294	0
1522742938.343489000	7.16105	74	1
1522742938.349671000	7.16723	1294	0
1522742938.349959000	7.16752	1294	0
1522742938.349961000	7.16752	1294	0
1522742938.349963000	7.16753	117	0
1522742938.350004000	7.16757	86	1
1522742938.350249000	7.16781	1294	0
1522742938.350264000	7.16783	86	1
1522742938.350545000	7.16811	1294	0
1522742938.350561000	7.16812	86	1
1522742938.350834000	7.1684	1294	0
1522742938.350853000	7.16842	74	1
1522742938.385172000	7.20273	1294	0
1522742938.385320000	7.20288	1294	0
1522742938.385345000	7.20291	74	1
1522742938.385430000	7.20299	1294	0
1522742938.385604000	7.20317	1294	0
1522742938.385620000	7.20318	74	1
1522742938.385727000	7.20329	1294	0
1522742938.385883000	7.20345	1294	0
1522742938.385897000	7.20346	74	1
1522742938.386075000	7.20364	1294	0
1522742938.386176000	7.20374	1294	0
1522742938.386190000	7.20375	74	1
1522742938.386353000	7.20392	1294	0
1522742938.386453000	7.20402	1294	0
1522742938.386467000	7.20403	74	1
1522742938.386631000	7.20419	1294	0
1522742938.386872000	7.20444	1086	0
1522742938.386893000	7.20446	86	1
1522742938.387178000	7.20474	1294	0
1522742938.387194000	7.20476	74	1
1522742938.399382000	7.21695	1294	0
1522742938.399629000	7.21719	1294	0
1522742938.399654000	7.21722	74	1
1522742938.399786000	7.21735	1294	0
1522742938.399936000	7.2175	1294	0
1522742938.399950000	7.21751	74	1
1522742938.400054000	7.21762	1294	0
1522742938.400121000	7.21768	1294	0
1522742938.400134000	7.2177	74	1
1522742938.400195000	7.21776	1294	0
1522742938.400349000	7.21791	1294	0
1522742938.400361000	7.21792	74	1
1522742938.400420000	7.21798	1294	0
1522742938.400490000	7.21805	1294	0
1522742938.400500000	7.21806	74	1
1522742938.400626000	7.21819	1294	0
1522742938.400702000	7.21827	1294	0
1522742938.400712000	7.21828	74	1
1522742938.400774000	7.21834	1294	0
1522742938.400776000	7.21834	895	0
1522742938.400788000	7.21835	74	1
1522742938.404301000	7.22186	1294	0
1522742938.404594000	7.22216	1294	0
1522742938.404608000	7.22217	74	1
1522742938.404873000	7.22244	1294	0
1522742938.404875000	7.22244	128	0
1522742938.404889000	7.22245	74	1
1522742938.414286000	7.23185	1294	0
1522742938.414571000	7.23213	1294	0
1522742938.414592000	7.23216	74	1
1522742938.414844000	7.23241	1294	0
1522742938.415126000	7.23269	1294	0
1522742938.415129000	7.23269	1294	0
1522742938.415151000	7.23271	74	1
1522742938.415296000	7.23286	1294	0
1522742938.415390000	7.23295	1294	0
1522742938.415411000	7.23297	74	1
1522742938.415609000	7.23317	1294	0
1522742938.415893000	7.23346	1294	0
1522742938.415906000	7.23347	74	1
1522742938.415990000	7.23355	1294	0
1522742938.416054000	7.23362	883	0
1522742938.416069000	7.23363	74	1
1522742938.441715000	7.25928	1294	0
1522742938.441987000	7.25955	1294	0
1522742938.442010000	7.25957	74	1
1522742938.442078000	7.25964	1294	0
1522742938.442275000	7.25984	1294	0
1522742938.442290000	7.25985	74	1
1522742938.442351000	7.25991	1294	0
1522742938.442440000	7.26	1294	0
1522742938.442452000	7.26002	74	1
1522742938.442555000	7.26012	1294	0
1522742938.442622000	7.26019	1294	0
1522742938.442634000	7.2602	74	1
1522742938.442720000	7.26028	1294	0
1522742938.442831000	7.26039	1294	0
1522742938.442841000	7.2604	74	1
1522742938.442903000	7.26047	1294	0
1522742938.442997000	7.26056	1294	0
1522742938.443008000	7.26057	74	1
1522742938.443126000	7.26069	1294	0
1522742938.443193000	7.26076	1294	0
1522742938.443204000	7.26077	74	1
1522742938.443290000	7.26085	1294	0
1522742938.443402000	7.26097	1294	0
1522742938.443412000	7.26098	74	1
1522742938.443474000	7.26104	1294	0
1522742938.443587000	7.26115	1294	0
1522742938.443599000	7.26116	74	1
1522742938.443768000	7.26133	1294	0
1522742938.443988000	7.26155	1294	0
1522742938.444001000	7.26156	74	1
1522742938.444062000	7.26163	1294	0
1522742938.444339000	7.2619	1294	0
1522742938.444353000	7.26192	74	1
1522742938.444616000	7.26218	1294	0
1522742938.444813000	7.26238	1294	0
1522742938.444827000	7.26239	74	1
1522742938.444907000	7.26247	1294	0
1522742938.445089000	7.26265	1294	0
1522742938.445103000	7.26267	74	1
1522742938.445189000	7.26275	1294	0
1522742938.445191000	7.26275	500	0
1522742938.445207000	7.26277	74	1
1522742938.452384000	7.26995	144	1
1522742938.463188000	7.28075	1294	0
1522742938.463309000	7.28087	1294	0
1522742938.463331000	7.28089	74	1
1522742938.463399000	7.28096	1294	0
1522742938.463468000	7.28103	1294	0
1522742938.463485000	7.28105	74	1
1522742938.463548000	7.28111	1294	0
1522742938.463687000	7.28125	1294	0
1522742938.463697000	7.28126	74	1
1522742938.463759000	7.28132	1294	0
1522742938.463826000	7.28139	1294	0
1522742938.463837000	7.2814	74	1
1522742938.463997000	7.28156	1294	0
1522742938.464000000	7.28156	1294	0
1522742938.464021000	7.28158	74	1
1522742938.464089000	7.28165	1294	0
1522742938.464092000	7.28166	1294	0
1522742938.464105000	7.28167	74	1
1522742938.464277000	7.28184	1294	0
1522742938.464280000	7.28184	1294	0
1522742938.464291000	7.28185	74	1
1522742938.464349000	7.28191	1294	0
1522742938.464416000	7.28198	1294	0
1522742938.464426000	7.28199	74	1
1522742938.464555000	7.28212	1294	0
1522742938.464557000	7.28212	1294	0
1522742938.464571000	7.28213	74	1
1522742938.464632000	7.2822	1294	0
1522742938.464853000	7.28242	1294	0
1522742938.464855000	7.28242	1294	0
1522742938.464875000	7.28244	74	1
1522742938.464935000	7.2825	318	0
1522742938.464953000	7.28252	86	1
1522742938.465101000	7.28266	1294	0
1522742938.465120000	7.28268	74	1
1522742938.465285000	7.28285	112	1
1522742938.465356000	7.28292	74	0
1522742938.484278000	7.30184	203	0
1522742938.484616000	7.30218	1294	0
1522742938.484637000	7.3022	74	1
1522742938.484703000	7.30227	1294	0
1522742938.484891000	7.30245	1294	0
1522742938.484905000	7.30247	74	1
1522742938.484987000	7.30255	1294	0
1522742938.485117000	7.30268	1294	0
1522742938.485128000	7.30269	74	1
1522742938.485193000	7.30276	1294	0
1522742938.485281000	7.30284	1294	0
1522742938.485293000	7.30286	74	1
1522742938.485396000	7.30296	1294	0
1522742938.485461000	7.30302	1294	0
1522742938.485464000	7.30303	530	0
1522742938.485488000	7.30305	86	1
1522742938.485762000	7.30332	1294	0
1522742938.485779000	7.30334	74	1
1522742938.540085000	7.35765	198	1
1522742938.561894000	7.37946	74	0
1522742938.574359000	7.39192	74	0
1522742938.637339000	7.4549	140	0
1522742938.637438000	7.455	104	0
1522742938.637454000	7.45502	74	1
1522742938.637767000	7.45533	112	0
1522742938.638357000	7.45592	112	1
1522742938.701692000	7.51926	74	0
1522742938.770887000	7.58845	360	1
1522742938.815312000	7.63287	175	1
1522742938.822785000	7.64035	74	0
1522742938.823638000	7.6412	178	0
1522742938.824003000	7.64157	1294	0
1522742938.824006000	7.64157	1294	0
1522742938.824030000	7.64159	74	1
1522742938.824291000	7.64185	1294	0
1522742938.824293000	7.64186	1294	0
1522742938.824313000	7.64188	74	1
1522742938.824374000	7.64194	1294	0
1522742938.824377000	7.64194	1294	0
1522742938.824393000	7.64196	74	1
1522742938.824568000	7.64213	1294	0
1522742938.824571000	7.64213	1294	0
1522742938.824587000	7.64215	74	1
1522742938.824646000	7.64221	1294	0
1522742938.824649000	7.64221	1294	0
1522742938.824650000	7.64221	1294	0
1522742938.824667000	7.64223	74	1
1522742938.824859000	7.64242	1294	0
1522742938.824862000	7.64243	1294	0
1522742938.824875000	7.64244	74	1
1522742938.824939000	7.6425	1294	0
1522742938.824941000	7.6425	1294	0
1522742938.824944000	7.64251	1294	0
1522742938.824958000	7.64252	74	1
1522742938.825047000	7.64261	74	1
1522742938.825142000	7.6427	1294	0
1522742938.825144000	7.64271	1294	0
1522742938.825157000	7.64272	74	1
1522742938.825194000	7.64276	74	1
1522742938.825218000	7.64278	1294	0
1522742938.825220000	7.64278	1294	0
1522742938.825222000	7.64279	1294	0
1522742938.825235000	7.6428	74	1
1522742938.825415000	7.64298	1294	0
1522742938.825418000	7.64298	1294	0
1522742938.825428000	7.64299	74	1
1522742938.825489000	7.64305	1294	0
1522742938.825698000	7.64326	1294	0
1522742938.825709000	7.64327	74	1
1522742938.825771000	7.64333	1294	0
1522742938.825971000	7.64353	1294	0
1522742938.825981000	7.64354	74	1
1522742938.826104000	7.64367	1294	0
1522742938.826255000	7.64382	1294	0
1522742938.826269000	7.64383	74	1
1522742938.827173000	7.64474	1294	0
1522742938.827176000	7.64474	1294	0
1522742938.827202000	7.64477	74	1
1522742938.827443000	7.64501	1294	0
1522742938.827717000	7.64528	1294	0
1522742938.827733000	7.6453	74	1
1522742938.828024000	7.64559	1294	0
1522742938.828092000	7.64566	1294	0
1522742938.828103000	7.64567	74	1
1522742938.828307000	7.64587	1294	0
1522742938.828376000	7.64594	1294	0
1522742938.828386000	7.64595	74	1
1522742938.828578000	7.64614	1294	0
1522742938.828680000	7.64624	1294	0
1522742938.828696000	7.64626	74	1
1522742938.828955000	7.64652	1294	0
1522742938.829191000	7.64675	1294	0
1522742938.829203000	7.64677	74	1
1522742938.829265000	7.64683	1294	0
1522742938.829543000	7.64711	1294	0
1522742938.829557000	7.64712	74	1
1522742938.829848000	7.64741	1294	0
1522742938.830115000	7.64768	1294	0
1522742938.830117000	7.64768	1294	0
1522742938.830137000	7.6477	74	1
1522742938.830393000	7.64796	1294	0
1522742938.830672000	7.64824	1294	0
1522742938.830687000	7.64825	74	1
1522742938.830960000	7.64852	1294	0
1522742938.830963000	7.64853	1294	0
1522742938.830978000	7.64854	74	1
1522742938.831253000	7.64882	1294	0
1522742938.831256000	7.64882	1294	0
1522742938.831268000	7.64883	74	1
1522742938.831537000	7.6491	1294	0
1522742938.831664000	7.64923	1294	0
1522742938.831676000	7.64924	74	1
1522742938.831959000	7.64952	1294	0
1522742938.831962000	7.64953	377	0
1522742938.831985000	7.64955	86	1
1522742938.832191000	7.64975	1294	0
1522742938.832206000	7.64977	74	1
1522742938.832605000	7.65017	112	1
1522742938.873493000	7.69106	74	0
1522742938.978651000	7.79621	215	0
1522742938.978653000	7.79622	104	0
1522742938.978761000	7.79632	74	1
1522742938.978829000	7.79639	112	0
1522742938.979213000	7.79678	112	1
1522742939.016351000	7.83391	404	1
1522742939.039103000	7.85667	74	0
1522742939.099819000	7.91738	141	0
1522742939.099821000	7.91738	104	0
1522742939.099846000	7.91741	74	1
1522742939.099921000	7.91748	112	0
1522742939.100664000	7.91823	112	1
1522742939.175760000	7.99332	74	0
1522742939.306055000	8.12362	348	1
1522742939.334895000	8.15246	74	0
1522742939.395384000	8.21295	141	0
1522742939.395386000	8.21295	104	0
1522742939.395388000	8.21295	112	0
1522742939.395433000	8.213	74	1
1522742939.396447000	8.21401	112	1
1522742939.410245000	8.22781	74	0
1522742940.936212000	9.75378	310	1
1522742940.961762000	9.77933	74	0
1522742941.022802000	9.84037	141	0
1522742941.022805000	9.84037	104	0
1522742941.022807000	9.84037	112	0
1522742941.022849000	9.84041	74	1
1522742941.023199000	9.84076	112	1
1522742941.046012000	9.86357	74	0
