1522746083.612595000	0	318	1
1522746083.625954000	0.0133588	74	0
1522746083.686034000	0.0734389	140	0
1522746083.686036000	0.073441	104	0
1522746083.686080000	0.0734849	74	1
1522746083.686148000	0.0735528	112	0
1522746083.686527000	0.0739319	112	1
1522746083.699482000	0.0868869	74	0
1522746085.980795000	2.3682	188	1
1522746085.994521000	2.38193	74	0
1522746086.085312000	2.47272	233	0
1522746086.085315000	2.47272	340	0
1522746086.085317000	2.47272	112	0
1522746086.085362000	2.47277	74	1
1522746086.085821000	2.47323	112	1
1522746086.109658000	2.49706	74	0
1522746086.116978000	2.50438	188	1
1522746086.130106000	2.51751	74	0
1522746086.223802000	2.61121	147	0
1522746086.223900000	2.6113	316	0
1522746086.223902000	2.61131	112	0
1522746086.223926000	2.61133	74	1
1522746086.224329000	2.61173	112	1
1522746086.242597000	2.63	74	0
1522746086.378761000	2.76617	189	1
1522746086.403438000	2.79084	74	0
1522746086.467841000	2.85525	147	0
1522746086.467936000	2.85534	351	0
1522746086.467938000	2.85534	112	0
1522746086.467957000	2.85536	74	1
1522746086.468341000	2.85575	112	1
1522746086.499150000	2.88655	74	0
1522746086.722618000	3.11002	191	1
1522746086.742580000	3.12998	74	0
1522746086.819326000	3.20673	147	0
1522746086.819433000	3.20684	334	0
1522746086.819435000	3.20684	112	0
1522746086.819456000	3.20686	74	1
1522746086.819850000	3.20725	112	1
1522746086.833114000	3.22052	74	0
1522746087.037366000	3.42477	192	1
1522746087.050030000	3.43743	74	0
1522746087.127579000	3.51498	170	0
1522746087.127582000	3.51499	296	0
1522746087.127584000	3.51499	104	0
1522746087.127640000	3.51504	74	1
1522746087.127716000	3.51512	112	0
1522746087.128118000	3.51552	112	1
1522746087.140903000	3.52831	74	0
1522746087.677463000	4.06487	195	1
1522746087.690147000	4.07755	74	0
1522746087.763381000	4.15079	148	0
1522746087.763483000	4.15089	329	0
1522746087.763485000	4.15089	112	0
1522746087.763506000	4.15091	74	1
1522746087.763953000	4.15136	112	1
1522746087.777791000	4.1652	74	0
1522746087.922173000	4.30958	196	1
1522746087.934587000	4.32199	74	0
1522746087.981282000	4.36869	198	1
1522746087.982348000	4.36975	108	1
1522746087.993666000	4.38107	74	0
1522746087.995696000	4.3831	74	0
1522746088.068620000	4.45602	171	0
1522746088.068623000	4.45603	293	0
1522746088.068626000	4.45603	112	0
1522746088.068690000	4.45609	74	1
1522746088.069123000	4.45653	112	1
1522746088.082560000	4.46996	74	0
1522746088.401949000	4.78935	201	1
1522746088.415797000	4.8032	74	0
1522746088.492473000	4.87988	148	0
1522746088.492475000	4.87988	297	0
1522746088.492515000	4.87992	74	1
1522746088.492589000	4.87999	112	0
1522746088.492955000	4.88036	112	1
1522746088.506109000	4.89351	74	0
1522746088.739150000	5.12655	201	1
1522746088.751590000	5.13899	74	0
1522746088.837662000	5.22507	148	0
1522746088.837665000	5.22507	310	0
1522746088.837667000	5.22507	112	0
1522746088.837722000	5.22513	74	1
1522746088.838162000	5.22557	112	1
1522746088.850834000	5.23824	74	0
1522746089.003923000	5.39133	204	1
1522746089.017273000	5.40468	74	0
1522746089.094765000	5.48217	171	0
1522746089.095705000	5.48311	279	0
1522746089.095735000	5.48314	74	1
1522746089.096676000	5.48408	104	0
1522746089.096678000	5.48408	112	0
1522746089.096696000	5.4841	74	1
1522746089.097168000	5.48457	112	1
1522746089.110561000	5.49797	74	0
1522746089.215743000	5.60315	204	1
1522746089.228438000	5.61584	74	0
1522746089.306164000	5.69357	144	0
1522746089.306167000	5.69357	310	0
1522746089.306216000	5.69362	74	1
1522746089.306299000	5.6937	112	0
1522746089.306687000	5.69409	112	1
1522746089.320061000	5.70747	74	0
1522746089.373623000	5.76103	205	1
1522746089.386265000	5.77367	74	0
1522746089.460937000	5.84834	108	1
1522746089.461326000	5.84873	206	1
1522746089.464113000	5.85152	148	0
1522746089.464213000	5.85162	312	0
1522746089.464229000	5.85163	74	1
1522746089.464676000	5.85208	112	0
1522746089.464873000	5.85228	112	1
1522746089.474421000	5.86183	74	0
1522746089.478569000	5.86597	74	0
1522746089.478990000	5.86639	74	0
1522746089.557369000	5.94477	144	0
1522746089.557777000	5.94518	316	0
1522746089.557780000	5.94518	112	0
1522746089.557803000	5.94521	74	1
1522746089.557990000	5.94539	112	1
1522746089.567247000	5.95465	207	1
1522746089.570884000	5.95829	74	0
1522746089.579782000	5.96719	74	0
1522746089.654218000	6.04162	144	0
1522746089.654220000	6.04163	286	0
1522746089.654264000	6.04167	74	1
1522746089.655981000	6.04339	104	0
1522746089.655984000	6.04339	112	0
1522746089.656011000	6.04342	74	1
1522746089.656502000	6.04391	112	1
1522746089.679206000	6.06661	74	0
1522746089.713964000	6.10137	187	1
1522746089.727045000	6.11445	74	0
1522746089.870997000	6.2584	216	0
1522746089.871364000	6.25877	1294	0
1522746089.871381000	6.25879	74	1
1522746089.871635000	6.25904	1294	0
1522746089.871933000	6.25934	1294	0
1522746089.871945000	6.25935	74	1
1522746089.872054000	6.25946	1294	0
1522746089.872209000	6.25961	1294	0
1522746089.872219000	6.25962	74	1
1522746089.872331000	6.25974	1294	0
1522746089.872486000	6.25989	1294	0
1522746089.872498000	6.2599	74	1
1522746089.872626000	6.26003	1284	0
1522746089.872629000	6.26003	135	0
1522746089.872640000	6.26004	74	1
1522746089.935758000	6.32316	1294	0
1522746089.936051000	6.32346	1294	0
1522746089.936054000	6.32346	1294	0
1522746089.936080000	6.32348	74	1
1522746089.936385000	6.32379	1294	0
1522746089.936388000	6.32379	1294	0
1522746089.936395000	6.3238	1294	0
1522746089.936416000	6.32382	74	1
1522746089.936640000	6.32404	1294	0
1522746089.936707000	6.32411	1294	0
1522746089.936721000	6.32413	74	1
1522746089.936925000	6.32433	1294	0
1522746089.936927000	6.32433	1294	0
1522746089.936939000	6.32434	74	1
1522746089.937182000	6.32459	1294	0
1522746089.937261000	6.32467	1294	0
1522746089.937271000	6.32468	74	1
1522746089.937480000	6.32488	1294	0
1522746089.937482000	6.32489	895	0
1522746089.937496000	6.3249	74	1
1522746089.941866000	6.32927	1294	0
1522746089.942018000	6.32942	1294	0
1522746089.942037000	6.32944	74	1
1522746089.942147000	6.32955	1294	0
1522746089.942320000	6.32973	1294	0
1522746089.942333000	6.32974	74	1
1522746089.942610000	6.33001	1294	0
1522746089.942680000	6.33008	617	0
1522746089.942691000	6.3301	74	1
1522746090.225483000	6.61289	1294	0
1522746090.225487000	6.61289	1294	0
1522746090.225552000	6.61296	74	1
1522746090.225686000	6.61309	1294	0
1522746090.226007000	6.61341	1294	0
1522746090.226027000	6.61343	74	1
1522746090.226114000	6.61352	1294	0
1522746090.226393000	6.6138	1294	0
1522746090.226413000	6.61382	74	1
1522746090.226608000	6.61401	1294	0
1522746090.226765000	6.61417	1294	0
1522746090.226780000	6.61418	74	1
1522746090.226878000	6.61428	1294	0
1522746090.227684000	6.61509	1294	0
1522746090.227703000	6.61511	74	1
1522746090.227967000	6.61537	1294	0
1522746090.228467000	6.61587	1294	0
1522746090.228470000	6.61588	463	0
1522746090.228491000	6.6159	74	1
1522746090.262514000	6.64992	1294	0
1522746090.262673000	6.65008	1294	0
1522746090.262675000	6.65008	1294	0
1522746090.262698000	6.6501	74	1
1522746090.262764000	6.65017	1294	0
1522746090.262828000	6.65023	1294	0
1522746090.262830000	6.65023	1294	0
1522746090.262845000	6.65025	74	1
1522746090.262967000	6.65037	1294	0
1522746090.262969000	6.65037	1294	0
1522746090.262985000	6.65039	74	1
1522746090.263053000	6.65046	1294	0
1522746090.263131000	6.65054	1294	0
1522746090.263141000	6.65055	74	1
1522746090.263197000	6.6506	1294	0
1522746090.263263000	6.65067	1294	0
1522746090.263274000	6.65068	74	1
1522746090.263353000	6.65076	1294	0
1522746090.263355000	6.65076	847	0
1522746090.263366000	6.65077	74	1
1522746090.275793000	6.6632	1294	0
1522746090.276068000	6.66347	1294	0
1522746090.276088000	6.66349	74	1
1522746090.276513000	6.66392	1294	0
1522746090.276719000	6.66412	1294	0
1522746090.276738000	6.66414	74	1
1522746090.276808000	6.66421	1294	0
1522746090.276875000	6.66428	1294	0
1522746090.276885000	6.66429	74	1
1522746090.277085000	6.66449	1294	0
1522746090.277338000	6.66474	1294	0
1522746090.277359000	6.66476	74	1
1522746090.277416000	6.66482	1294	0
1522746090.277481000	6.66489	1294	0
1522746090.277491000	6.6649	74	1
1522746090.277642000	6.66505	1294	0
1522746090.277977000	6.66538	1294	0
1522746090.277993000	6.6654	74	1
1522746090.278053000	6.66546	1294	0
1522746090.278227000	6.66563	895	0
1522746090.278241000	6.66565	74	1
1522746090.280866000	6.66827	1294	0
1522746090.281157000	6.66856	1294	0
1522746090.281171000	6.66858	74	1
1522746090.281418000	6.66882	1294	0
1522746090.282425000	6.66983	1294	0
1522746090.282447000	6.66985	74	1
1522746090.282718000	6.67012	1294	0
1522746090.284236000	6.67164	814	0
1522746090.284263000	6.67167	74	1
1522746090.285541000	6.67295	1294	0
1522746090.285841000	6.67325	1294	0
1522746090.285861000	6.67327	74	1
1522746090.286462000	6.67387	1294	0
1522746090.286717000	6.67412	1227	0
1522746090.286734000	6.67414	74	1
1522746090.294851000	6.68226	1294	0
1522746090.295110000	6.68251	1294	0
1522746090.295130000	6.68253	74	1
1522746090.295236000	6.68264	1294	0
1522746090.295408000	6.68281	1294	0
1522746090.295423000	6.68283	74	1
1522746090.295553000	6.68296	1294	0
1522746090.295706000	6.68311	1294	0
1522746090.295721000	6.68313	74	1
1522746090.295831000	6.68324	1294	0
1522746090.295980000	6.68338	1294	0
1522746090.295993000	6.6834	74	1
1522746090.296122000	6.68353	1294	0
1522746090.296124000	6.68353	263	0
1522746090.296142000	6.68355	74	1
1522746090.299449000	6.68685	144	1
1522746090.316619000	6.70402	74	0
1522746090.319470000	6.70687	1294	0
1522746090.319762000	6.70717	1294	0
1522746090.319786000	6.70719	74	1
1522746090.319975000	6.70738	1294	0
1522746090.320042000	6.70745	1294	0
1522746090.320055000	6.70746	74	1
1522746090.320250000	6.70765	1294	0
1522746090.320316000	6.70772	1294	0
1522746090.320327000	6.70773	74	1
1522746090.320387000	6.70779	1294	0
1522746090.320551000	6.70796	1294	0
1522746090.320566000	6.70797	74	1
1522746090.320649000	6.70805	1294	0
1522746090.320715000	6.70812	1294	0
1522746090.320728000	6.70813	74	1
1522746090.320926000	6.70833	1294	0
1522746090.321223000	6.70863	1294	0
1522746090.321238000	6.70864	74	1
1522746090.321298000	6.7087	1294	0
1522746090.321301000	6.70871	1294	0
1522746090.321317000	6.70872	74	1
1522746090.321501000	6.70891	1294	0
1522746090.321503000	6.70891	1294	0
1522746090.321514000	6.70892	74	1
1522746090.321575000	6.70898	1239	0
1522746090.321774000	6.70918	112	1
1522746090.335851000	6.72326	203	0
1522746090.336187000	6.72359	1294	0
1522746090.336215000	6.72362	74	1
1522746090.336393000	6.7238	1294	0
1522746090.336470000	6.72387	1294	0
1522746090.336483000	6.72389	74	1
1522746090.336587000	6.72399	1294	0
1522746090.336653000	6.72406	1294	0
1522746090.336664000	6.72407	74	1
1522746090.336749000	6.72415	1294	0
1522746090.336860000	6.72426	1294	0
1522746090.336871000	6.72428	74	1
1522746090.336950000	6.72435	1294	0
1522746090.337028000	6.72443	1294	0
1522746090.337038000	6.72444	74	1
1522746090.337304000	6.72471	1294	0
1522746090.337383000	6.72479	530	0
1522746090.337385000	6.72479	112	0
1522746090.337396000	6.7248	74	1
1522746090.338726000	6.72613	112	1
1522746090.391278000	6.77868	74	0
1522746090.394765000	6.78217	198	1
1522746090.412832000	6.80024	74	0
1522746090.476294000	6.8637	140	0
1522746090.476296000	6.8637	104	0
1522746090.476355000	6.86376	74	1
1522746090.476424000	6.86383	112	0
1522746090.477206000	6.86461	112	1
1522746090.499410000	6.88681	74	0
1522746090.586501000	6.97391	354	1
1522746090.600108000	6.98751	74	0
1522746090.601542000	6.98895	179	0
1522746090.601884000	6.98929	1294	0
1522746090.601910000	6.98932	74	1
1522746090.602176000	6.98958	1294	0
1522746090.602313000	6.98972	1294	0
1522746090.602328000	6.98973	74	1
1522746090.602610000	6.99002	1294	0
1522746090.603079000	6.99048	1294	0
1522746090.603094000	6.9905	74	1
1522746090.603359000	6.99076	1294	0
1522746090.603548000	6.99095	1294	0
1522746090.603562000	6.99097	74	1
1522746090.603868000	6.99127	1294	0
1522746090.603936000	6.99134	1294	0
1522746090.603948000	6.99135	74	1
1522746090.604165000	6.99157	1294	0
1522746090.604234000	6.99164	1294	0
1522746090.604237000	6.99164	1294	0
1522746090.604250000	6.99165	74	1
1522746090.604439000	6.99184	1294	0
1522746090.604515000	6.99192	1294	0
1522746090.604518000	6.99192	1294	0
1522746090.604530000	6.99194	74	1
1522746090.604739000	6.99214	1294	0
1522746090.604808000	6.99221	1294	0
1522746090.604820000	6.99222	74	1
1522746090.604881000	6.99229	1294	0
1522746090.605031000	6.99244	1294	0
1522746090.605047000	6.99245	74	1
1522746090.605112000	6.99252	1294	0
1522746090.605331000	6.99274	1294	0
1522746090.605346000	6.99275	74	1
1522746090.605404000	6.99281	1294	0
1522746090.605491000	6.9929	1294	0
1522746090.605502000	6.99291	74	1
1522746090.605563000	6.99297	1294	0
1522746090.605638000	6.99304	1294	0
1522746090.605648000	6.99305	74	1
1522746090.605705000	6.99311	1294	0
1522746090.605785000	6.99319	1294	0
1522746090.605796000	6.9932	74	1
1522746090.605845000	6.99325	1294	0
1522746090.605913000	6.99332	1294	0
1522746090.605921000	6.99333	1294	0
1522746090.605932000	6.99334	74	1
1522746090.605991000	6.9934	1294	0
1522746090.606057000	6.99346	1294	0
1522746090.606067000	6.99347	74	1
1522746090.606124000	6.99353	1294	0
1522746090.606189000	6.99359	1294	0
1522746090.606199000	6.9936	74	1
1522746090.606258000	6.99366	1294	0
1522746090.606342000	6.99375	1294	0
1522746090.606352000	6.99376	74	1
1522746090.606413000	6.99382	1294	0
1522746090.606478000	6.99388	1294	0
1522746090.606488000	6.99389	74	1
1522746090.606549000	6.99395	1294	0
1522746090.606618000	6.99402	1294	0
1522746090.606630000	6.99404	74	1
1522746090.606690000	6.99409	1294	0
1522746090.606754000	6.99416	1294	0
1522746090.606766000	6.99417	74	1
1522746090.606833000	6.99424	1294	0
1522746090.606835000	6.99424	1294	0
1522746090.606846000	6.99425	74	1
1522746090.606907000	6.99431	1294	0
1522746090.607024000	6.99443	1294	0
1522746090.607037000	6.99444	74	1
1522746090.607237000	6.99464	1294	0
1522746090.607463000	6.99487	1294	0
1522746090.607476000	6.99488	74	1
1522746090.607534000	6.99494	1294	0
1522746090.607780000	6.99518	1294	0
1522746090.607792000	6.9952	74	1
1522746090.607850000	6.99525	1294	0
1522746090.608058000	6.99546	1294	0
1522746090.608069000	6.99547	74	1
1522746090.608128000	6.99553	1294	0
1522746090.608130000	6.99553	244	0
1522746090.608140000	6.99554	74	1
1522746090.609032000	6.99644	112	1
1522746090.629501000	7.01691	174	1
1522746090.654214000	7.04162	74	0
1522746090.774742000	7.16215	214	0
1522746090.774745000	7.16215	104	0
1522746090.774806000	7.16221	74	1
1522746090.774875000	7.16228	112	0
1522746090.776594000	7.164	112	1
1522746090.817201000	7.20461	401	1
1522746090.829933000	7.21734	74	0
1522746090.832052000	7.21946	74	0
1522746090.892408000	7.27981	140	0
1522746090.892410000	7.27981	104	0
1522746090.892471000	7.27988	74	1
1522746090.892541000	7.27995	112	0
1522746090.893750000	7.28115	112	1
1522746090.926683000	7.31409	74	0
1522746091.716161000	8.10357	357	1
1522746091.731800000	8.1192	74	0
1522746091.791225000	8.17863	140	0
1522746091.792484000	8.17989	104	0
1522746091.792486000	8.17989	112	0
1522746091.792513000	8.17992	74	1
1522746091.792889000	8.18029	112	1
1522746091.815333000	8.20274	74	0
1522746092.732686000	9.12009	310	1
1522746092.754739000	9.14214	74	0
1522746092.815000000	9.2024	140	0
1522746092.815359000	9.20276	104	0
1522746092.815373000	9.20278	74	1
1522746092.815440000	9.20284	112	0
1522746092.815547000	9.20295	112	1
1522746092.828656000	9.21606	74	0
