1522725907.533816000	0	320	1
1522725907.549294000	0.0154779	74	0
1522725907.569841000	0.0360248	140	0
1522725907.569844000	0.0360279	104	0
1522725907.569889000	0.036073	74	1
1522725907.569957000	0.0361409	112	0
1522725907.570343000	0.0365269	112	1
1522725907.622406000	0.0885899	74	0
1522725909.898938000	2.36512	188	1
1522725909.911805000	2.37799	74	0
1522725909.957584000	2.42377	233	0
1522725909.957683000	2.42387	344	0
1522725909.957685000	2.42387	112	0
1522725909.957702000	2.42389	74	1
1522725909.958024000	2.42421	112	1
1522725909.990582000	2.45677	86	1
1522725910.001479000	2.46766	189	1
1522725910.006678000	2.47286	74	0
1522725910.013858000	2.48004	74	0
1522725910.056586000	2.52277	148	0
1522725910.056721000	2.5229	513	0
1522725910.056745000	2.52293	74	1
1522725910.056884000	2.52307	104	0
1522725910.056966000	2.52315	112	0
1522725910.056976000	2.52316	74	1
1522725910.057163000	2.52335	112	1
1522725910.071657000	2.53784	74	0
1522725910.166416000	2.6326	189	1
1522725910.179359000	2.64554	74	0
1522725910.218089000	2.68427	148	0
1522725910.218091000	2.68427	333	0
1522725910.218131000	2.68431	74	1
1522725910.218201000	2.68438	112	0
1522725910.218560000	2.68474	112	1
1522725910.271507000	2.73769	74	0
1522725910.330259000	2.79644	190	1
1522725910.342721000	2.8089	74	0
1522725910.378485000	2.84467	147	0
1522725910.378577000	2.84476	309	0
1522725910.378595000	2.84478	74	1
1522725910.379919000	2.8461	104	0
1522725910.379920000	2.8461	112	0
1522725910.379937000	2.84612	74	1
1522725910.380366000	2.84655	112	1
1522725910.434449000	2.90063	74	0
1522725910.657876000	3.12406	192	1
1522725910.670779000	3.13696	74	0
1522725910.706903000	3.17309	170	0
1522725910.707015000	3.1732	343	0
1522725910.707017000	3.1732	112	0
1522725910.707033000	3.17322	74	1
1522725910.707374000	3.17356	112	1
1522725910.759602000	3.22579	74	0
1522725910.793176000	3.25936	193	1
1522725910.805809000	3.27199	74	0
1522725910.838921000	3.3051	148	0
1522725910.839400000	3.30558	323	0
1522725910.839402000	3.30559	112	0
1522725910.839423000	3.30561	74	1
1522725910.839934000	3.30612	112	1
1522725910.897332000	3.36352	74	0
1522725911.551673000	4.01786	196	1
1522725911.567981000	4.03416	74	0
1522725911.603943000	4.07013	170	0
1522725911.604050000	4.07023	336	0
1522725911.604052000	4.07024	112	0
1522725911.604073000	4.07026	74	1
1522725911.604453000	4.07064	112	1
1522725911.663498000	4.12968	74	0
1522725911.853834000	4.32002	199	1
1522725911.866836000	4.33302	74	0
1522725911.908284000	4.37447	147	0
1522725911.908371000	4.37455	294	0
1522725911.908387000	4.37457	74	1
1522725911.910522000	4.37671	104	0
1522725911.910918000	4.3771	112	0
1522725911.910931000	4.37712	74	1
1522725911.911112000	4.3773	112	1
1522725911.925665000	4.39185	74	0
1522725911.948570000	4.41475	200	1
1522725911.966658000	4.43284	74	0
1522725912.001335000	4.46752	148	0
1522725912.001435000	4.46762	298	0
1522725912.001452000	4.46764	74	1
1522725912.002191000	4.46837	104	0
1522725912.002266000	4.46845	112	0
1522725912.002278000	4.46846	74	1
1522725912.002649000	4.46883	112	1
1522725912.048823000	4.51501	200	1
1522725912.055522000	4.52171	74	0
1522725912.061772000	4.52796	74	0
1522725912.094058000	4.56024	144	0
1522725912.094153000	4.56034	294	0
1522725912.094167000	4.56035	74	1
1522725912.094556000	4.56074	104	0
1522725912.094833000	4.56102	112	0
1522725912.094844000	4.56103	74	1
1522725912.095272000	4.56146	112	1
1522725912.147419000	4.6136	74	0
1522725912.294678000	4.76086	202	1
1522725912.307261000	4.77344	74	0
1522725912.343052000	4.80924	148	0
1522725912.343156000	4.80934	277	0
1522725912.343157000	4.80934	104	0
1522725912.343159000	4.80934	112	0
1522725912.343179000	4.80936	74	1
1522725912.343563000	4.80975	112	1
1522725912.370521000	4.8367	203	1
1522725912.387979000	4.85416	74	0
1522725912.424596000	4.89078	148	0
1522725912.424693000	4.89088	387	0
1522725912.424695000	4.89088	112	0
1522725912.424713000	4.8909	74	1
1522725912.425068000	4.89125	112	1
1522725912.474226000	4.94041	74	0
1522725912.479930000	4.94611	203	1
1522725912.506962000	4.97315	74	0
1522725912.540968000	5.00715	171	0
1522725912.541055000	5.00724	322	0
1522725912.541056000	5.00724	112	0
1522725912.541072000	5.00726	74	1
1522725912.541418000	5.0076	112	1
1522725912.593553000	5.05974	74	0
1522725912.850325000	5.31651	186	1
1522725912.863092000	5.32928	74	0
1522725912.967332000	5.43352	216	0
1522725912.967670000	5.43385	1294	0
1522725912.967688000	5.43387	74	1
1522725912.967980000	5.43416	1294	0
1522725912.968257000	5.43444	1294	0
1522725912.968271000	5.43445	74	1
1522725912.968331000	5.43451	1294	0
1522725912.968551000	5.43473	1294	0
1522725912.968565000	5.43475	74	1
1522725912.968995000	5.43518	1294	0
1522725912.969290000	5.43547	1294	0
1522725912.969308000	5.43549	74	1
1522725912.969370000	5.43555	1168	0
1522725912.969459000	5.43564	1294	0
1522725912.969469000	5.43565	74	1
1522725912.969592000	5.43578	1294	0
1522725912.969735000	5.43592	1294	0
1522725912.969747000	5.43593	74	1
1522725912.969872000	5.43606	1294	0
1522725912.970012000	5.4362	1294	0
1522725912.970023000	5.43621	74	1
1522725912.970165000	5.43635	1294	0
1522725912.970306000	5.43649	1294	0
1522725912.970319000	5.4365	74	1
1522725912.970395000	5.43658	1294	0
1522725912.970459000	5.43664	1294	0
1522725912.970471000	5.43665	74	1
1522725912.970585000	5.43677	1294	0
1522725912.970672000	5.43686	1294	0
1522725912.970683000	5.43687	74	1
1522725912.970742000	5.43693	1294	0
1522725912.970855000	5.43704	1210	0
1522725912.970867000	5.43705	74	1
1522725912.971139000	5.43732	1294	0
1522725912.971397000	5.43758	1294	0
1522725912.971412000	5.4376	74	1
1522725912.971478000	5.43766	1294	0
1522725912.971699000	5.43788	1294	0
1522725912.971713000	5.4379	74	1
1522725912.971774000	5.43796	1294	0
1522725912.971999000	5.43818	1294	0
1522725912.972013000	5.4382	74	1
1522725912.972071000	5.43825	465	0
1522725913.167119000	5.6333	74	1
1522725913.545041000	6.01122	1294	0
1522725913.545309000	6.01149	1294	0
1522725913.545311000	6.01149	1294	0
1522725913.545334000	6.01152	74	1
1522725913.545639000	6.01182	1294	0
1522725913.545642000	6.01183	1294	0
1522725913.545644000	6.01183	1294	0
1522725913.545660000	6.01184	74	1
1522725913.545888000	6.01207	1294	0
1522725913.545891000	6.01207	1294	0
1522725913.545912000	6.0121	74	1
1522725913.545984000	6.01217	1294	0
1522725913.546195000	6.01238	1294	0
1522725913.546198000	6.01238	1294	0
1522725913.546213000	6.0124	74	1
1522725913.546273000	6.01246	1294	0
1522725913.546441000	6.01262	1294	0
1522725913.546443000	6.01263	751	0
1522725913.546457000	6.01264	74	1
1522725913.546530000	6.01271	1294	0
1522725913.546594000	6.01278	1294	0
1522725913.546606000	6.01279	74	1
1522725913.546741000	6.01292	1294	0
1522725913.546803000	6.01299	1294	0
1522725913.546813000	6.013	74	1
1522725913.546886000	6.01307	1294	0
1522725913.547051000	6.01323	1294	0
1522725913.547053000	6.01324	1114	0
1522725913.547067000	6.01325	74	1
1522725913.556940000	6.02312	1294	0
1522725913.557206000	6.02339	1294	0
1522725913.557235000	6.02342	74	1
1522725913.557303000	6.02349	1294	0
1522725913.557482000	6.02367	1294	0
1522725913.557493000	6.02368	74	1
1522725913.557584000	6.02377	1294	0
1522725913.557708000	6.02389	1294	0
1522725913.557719000	6.0239	74	1
1522725913.557780000	6.02396	1294	0
1522725913.557872000	6.02406	1294	0
1522725913.557884000	6.02407	74	1
1522725913.557984000	6.02417	1294	0
1522725913.558059000	6.02424	1294	0
1522725913.558071000	6.02425	74	1
1522725913.558163000	6.02435	1294	0
1522725913.558281000	6.02446	1294	0
1522725913.558292000	6.02448	74	1
1522725913.558566000	6.02475	1279	0
1522725913.559650000	6.02583	1294	0
1522725913.559666000	6.02585	74	1
1522725913.559733000	6.02592	1294	0
1522725913.559938000	6.02612	1294	0
1522725913.559949000	6.02613	74	1
1522725913.560016000	6.0262	1294	0
1522725913.560111000	6.02629	1294	0
1522725913.560122000	6.02631	74	1
1522725913.560218000	6.0264	1294	0
1522725913.560293000	6.02648	1294	0
1522725913.560303000	6.02649	74	1
1522725913.560375000	6.02656	1294	0
1522725913.560497000	6.02668	1294	0
1522725913.560510000	6.02669	74	1
1522725913.560700000	6.02688	1294	0
1522725913.560781000	6.02696	1294	0
1522725913.560791000	6.02697	74	1
1522725913.560850000	6.02703	717	0
1522725913.572301000	6.03848	1294	0
1522725913.572336000	6.03852	74	1
1522725913.572559000	6.03874	1294	0
1522725913.572685000	6.03887	1294	0
1522725913.572699000	6.03888	74	1
1522725913.572939000	6.03912	1294	0
1522725913.573013000	6.0392	1294	0
1522725913.573016000	6.0392	1294	0
1522725913.573029000	6.03921	74	1
1522725913.573192000	6.03938	1294	0
1522725913.573291000	6.03947	1294	0
1522725913.573294000	6.03948	1294	0
1522725913.573305000	6.03949	74	1
1522725913.573482000	6.03967	1294	0
1522725913.573564000	6.03975	1294	0
1522725913.573567000	6.03975	1294	0
1522725913.573584000	6.03977	74	1
1522725913.573764000	6.03995	1294	0
1522725913.573766000	6.03995	187	0
1522725913.573792000	6.03998	74	1
1522725913.575931000	6.04211	1294	0
1522725913.576060000	6.04224	1294	0
1522725913.576074000	6.04226	74	1
1522725913.576227000	6.04241	1294	0
1522725913.576355000	6.04254	1294	0
1522725913.576367000	6.04255	74	1
1522725913.576511000	6.04269	1294	0
1522725913.576581000	6.04276	1294	0
1522725913.576593000	6.04278	74	1
1522725913.576656000	6.04284	1294	0
1522725913.576793000	6.04298	1294	0
1522725913.576804000	6.04299	74	1
1522725913.576866000	6.04305	1294	0
1522725913.576933000	6.04312	1294	0
1522725913.576943000	6.04313	74	1
1522725913.577083000	6.04327	1294	0
1522725913.577151000	6.04333	1294	0
1522725913.577165000	6.04335	74	1
1522725913.577226000	6.04341	1294	0
1522725913.577365000	6.04355	1294	0
1522725913.577376000	6.04356	74	1
1522725913.577441000	6.04362	1294	0
1522725913.577443000	6.04363	901	0
1522725913.577459000	6.04364	74	1
1522725913.577706000	6.04389	1294	0
1522725913.577783000	6.04397	530	0
1522725913.577785000	6.04397	112	0
1522725913.577796000	6.04398	74	1
1522725913.578466000	6.04465	74	1
1522725913.578861000	6.04504	112	1
1522725913.594192000	6.06038	74	0
1522725913.770328000	6.23651	198	1
1522725913.783028000	6.24921	74	0
1522725913.804989000	6.27117	140	0
1522725913.805830000	6.27201	104	0
1522725913.805861000	6.27204	74	1
1522725913.805925000	6.27211	112	0
1522725913.806213000	6.2724	112	1
1522725913.834045000	6.30023	144	1
1522725913.847072000	6.31326	74	0
1522725913.866475000	6.33266	203	0
1522725913.866812000	6.333	1294	0
1522725913.866840000	6.33302	74	1
1522725913.866987000	6.33317	1294	0
1522725913.867276000	6.33346	1294	0
1522725913.867289000	6.33347	74	1
1522725913.867400000	6.33358	1294	0
1522725913.867518000	6.3337	1294	0
1522725913.867530000	6.33371	74	1
1522725913.867591000	6.33377	1294	0
1522725913.867800000	6.33398	1294	0
1522725913.867811000	6.33399	74	1
1522725913.868105000	6.33429	1294	0
1522725913.868873000	6.33506	1294	0
1522725913.868890000	6.33507	74	1
1522725913.869170000	6.33535	1294	0
1522725913.869241000	6.33542	568	0
1522725913.869253000	6.33544	74	1
1522725913.869639000	6.33582	112	1
1522725913.925138000	6.39132	74	0
1522725914.006297000	6.47248	382	1
1522725914.028616000	6.4948	74	0
1522725914.029108000	6.49529	180	0
1522725914.029550000	6.49573	1294	0
1522725914.029574000	6.49576	74	1
1522725914.029674000	6.49586	1294	0
1522725914.029676000	6.49586	1294	0
1522725914.029697000	6.49588	74	1
1522725914.030140000	6.49632	1294	0
1522725914.030142000	6.49633	1294	0
1522725914.030145000	6.49633	1294	0
1522725914.030147000	6.49633	1294	0
1522725914.030151000	6.49633	1294	0
1522725914.030153000	6.49634	1294	0
1522725914.030175000	6.49636	74	1
1522725914.030816000	6.497	1294	0
1522725914.030818000	6.497	1294	0
1522725914.030820000	6.497	1294	0
1522725914.030822000	6.49701	1294	0
1522725914.030824000	6.49701	1294	0
1522725914.030826000	6.49701	1294	0
1522725914.030829000	6.49701	1294	0
1522725914.030831000	6.49701	1294	0
1522725914.030833000	6.49702	1294	0
1522725914.030861000	6.49704	74	1
1522725914.030918000	6.4971	74	1
1522725914.030994000	6.49718	1294	0
1522725914.030996000	6.49718	1294	0
1522725914.030998000	6.49718	1294	0
1522725914.031001000	6.49718	1294	0
1522725914.031014000	6.4972	74	1
1522725914.031139000	6.49732	1294	0
1522725914.032141000	6.49832	1294	0
1522725914.032144000	6.49833	1294	0
1522725914.032147000	6.49833	1294	0
1522725914.032149000	6.49833	1294	0
1522725914.032152000	6.49834	1294	0
1522725914.032154000	6.49834	1294	0
1522725914.032157000	6.49834	1294	0
1522725914.032159000	6.49834	1294	0
1522725914.032162000	6.49835	1294	0
1522725914.032164000	6.49835	1294	0
1522725914.032190000	6.49837	74	1
1522725914.032240000	6.49842	74	1
1522725914.033141000	6.49932	1294	0
1522725914.033144000	6.49933	1294	0
1522725914.033146000	6.49933	508	0
1522725914.033148000	6.49933	1294	0
1522725914.033150000	6.49933	1294	0
1522725914.033152000	6.49934	1294	0
1522725914.033154000	6.49934	1294	0
1522725914.033157000	6.49934	1294	0
1522725914.033160000	6.49934	1294	0
1522725914.033162000	6.49935	1294	0
1522725914.033185000	6.49937	74	1
1522725914.033230000	6.49941	74	1
1522725914.034143000	6.50033	1294	0
1522725914.034145000	6.50033	1294	0
1522725914.034148000	6.50033	1294	0
1522725914.034150000	6.50033	1294	0
1522725914.034152000	6.50034	1294	0
1522725914.034155000	6.50034	1294	0
1522725914.034157000	6.50034	1294	0
1522725914.034160000	6.50034	1294	0
1522725914.034162000	6.50035	1294	0
1522725914.034192000	6.50038	74	1
1522725914.034678000	6.50086	74	1
1522725914.034809000	6.50099	1294	0
1522725914.034811000	6.50099	1294	0
1522725914.034814000	6.501	1294	0
1522725914.034816000	6.501	1294	0
1522725914.034818000	6.501	1294	0
1522725914.034820000	6.501	1294	0
1522725914.034822000	6.50101	1294	0
1522725914.034824000	6.50101	1294	0
1522725914.034844000	6.50103	74	1
1522725914.035124000	6.50131	1294	0
1522725914.035126000	6.50131	1294	0
1522725914.035128000	6.50131	1294	0
1522725914.035143000	6.50133	74	1
1522725914.035177000	6.50136	74	1
1522725914.035300000	6.50148	1294	0
1522725914.035715000	6.5019	1294	0
1522725914.035718000	6.5019	1294	0
1522725914.035720000	6.5019	1294	0
1522725914.035722000	6.50191	1294	0
1522725914.035736000	6.50192	74	1
1522725914.035831000	6.50201	1294	0
1522725914.036105000	6.50229	1294	0
1522725914.036116000	6.5023	74	1
1522725914.036509000	6.50269	1294	0
1522725914.036512000	6.5027	1294	0
1522725914.036514000	6.5027	1294	0
1522725914.036516000	6.5027	1294	0
1522725914.036519000	6.5027	1294	0
1522725914.036536000	6.50272	74	1
1522725914.036676000	6.50286	1294	0
1522725914.036771000	6.50295	1294	0
1522725914.036773000	6.50296	1294	0
1522725914.036788000	6.50297	74	1
1522725914.036873000	6.50306	1294	0
1522725914.036968000	6.50315	1294	0
1522725914.036971000	6.50315	256	0
1522725914.036986000	6.50317	74	1
1522725914.037381000	6.50356	112	1
1522725914.053550000	6.51973	174	1
1522725914.068146000	6.53433	74	0
1522725914.090149000	6.55633	214	0
1522725914.090151000	6.55633	104	0
1522725914.090153000	6.55634	112	0
1522725914.090209000	6.55639	74	1
1522725914.090634000	6.55682	112	1
1522725914.143155000	6.60934	74	0
1522725914.283342000	6.74953	167	1
1522725914.297161000	6.76335	74	0
1522725914.297163000	6.76335	152	0
1522725914.297631000	6.76381	112	1
1522725914.307145000	6.77333	397	1
1522725914.320346000	6.78653	74	0
1522725914.342268000	6.80845	140	0
1522725914.342272000	6.80846	104	0
1522725914.342332000	6.80852	74	1
1522725914.342420000	6.8086	112	0
1522725914.343409000	6.80959	112	1
1522725914.399444000	6.86563	74	0
1522725915.599114000	8.0653	347	1
1522725915.614239000	8.08042	74	0
1522725915.634698000	8.10088	140	0
1522725915.634700000	8.10088	104	0
1522725915.634724000	8.10091	74	1
1522725915.635432000	8.10162	112	0
1522725915.635541000	8.10172	112	1
1522725915.689010000	8.15519	74	0
1522725916.188770000	8.65495	360	1
1522725916.202451000	8.66863	74	0
1522725916.222871000	8.68905	140	0
1522725916.222872000	8.68906	104	0
1522725916.222897000	8.68908	74	1
1522725916.223156000	8.68934	112	0
1522725916.223302000	8.68949	112	1
1522725916.275314000	8.7415	74	0
