1522642850.464838000	0	86	1
1522642850.526226000	0.061388	86	0
1522642850.526318000	0.06148	74	1
1522642850.526602000	0.061764	276	1
1522642850.588721000	0.123883	74	0
1522642850.606968000	0.14213	1294	0
1522642850.607233000	0.142395	1294	0
1522642850.607236000	0.142398	199	0
1522642850.607265000	0.142427	74	1
1522642850.879673000	0.414835	316	1
1522642850.883903000	0.419065	159	1
1522642850.884153000	0.419315	475	1
1522642850.945721000	0.480883	344	0
1522642850.945864000	0.481026	135	0
1522642850.945870000	0.481032	104	0
1522642850.945914000	0.481076	74	1
1522642850.946191000	0.481353	104	1
1522642850.995835000	0.530997	74	0
1522642851.004550000	0.539712	74	0
1522642851.120274000	0.655436	652	0
1522642851.120436000	0.655598	1294	0
1522642851.120456000	0.655618	74	1
1522642851.120527000	0.655689	1294	0
1522642851.120756000	0.655918	1294	0
1522642851.120765000	0.655927	74	1
1522642851.120825000	0.655987	1294	0
1522642851.121104000	0.656266	1294	0
1522642851.121124000	0.656286	74	1
1522642851.121574000	0.656736	1294	0
1522642851.121855000	0.657017	1294	0
1522642851.121868000	0.65703	74	1
1522642851.122561000	0.657723	749	0
1522642851.136844000	0.672006	1294	0
1522642851.136899000	0.672061	74	1
1522642851.137103000	0.672265	1294	0
1522642851.137256000	0.672418	1294	0
1522642851.137270000	0.672432	74	1
1522642851.137382000	0.672544	1294	0
1522642851.137532000	0.672694	1294	0
1522642851.137548000	0.67271	74	1
1522642851.137829000	0.672991	1294	0
1522642851.138730000	0.673892	1294	0
1522642851.138748000	0.67391	74	1
1522642851.179455000	0.714617	1294	0
1522642851.179754000	0.714916	1294	0
1522642851.179776000	0.714938	74	1
1522642851.179838000	0.715	1294	0
1522642851.180074000	0.715236	1294	0
1522642851.180086000	0.715248	74	1
1522642851.180148000	0.71531	1294	0
1522642851.180321000	0.715483	1294	0
1522642851.180331000	0.715493	74	1
1522642851.180599000	0.715761	1294	0
1522642851.180722000	0.715884	1294	0
1522642851.180735000	0.715897	74	1
1522642851.180895000	0.716057	1294	0
1522642851.181171000	0.716333	1294	0
1522642851.181186000	0.716348	74	1
1522642851.187479000	0.722641	1294	0
1522642851.187747000	0.722909	1294	0
1522642851.187773000	0.722935	74	1
1522642851.194662000	0.729824	1294	0
1522642851.194922000	0.730084	1294	0
1522642851.194952000	0.730114	74	1
1522642851.195199000	0.730361	1294	0
1522642851.195494000	0.730656	1294	0
1522642851.195506000	0.730668	74	1
1522642851.201322000	0.736484	1294	0
1522642851.201598000	0.73676	1294	0
1522642851.201623000	0.736785	74	1
1522642851.206729000	0.741891	1294	0
1522642851.206995000	0.742157	1294	0
1522642851.207023000	0.742185	74	1
1522642851.207313000	0.742475	1294	0
1522642851.207589000	0.742751	1294	0
1522642851.207604000	0.742766	74	1
1522642851.211852000	0.747014	1294	0
1522642851.212137000	0.747299	1294	0
1522642851.212158000	0.74732	74	1
1522642851.212411000	0.747573	1294	0
1522642851.212705000	0.747867	1294	0
1522642851.212716000	0.747878	74	1
1522642851.217638000	0.7528	1294	0
1522642851.217915000	0.753077	1294	0
1522642851.217927000	0.753089	74	1
1522642851.219191000	0.754353	1294	0
1522642851.222142000	0.757304	1294	0
1522642851.222172000	0.757334	74	1
1522642851.222435000	0.757597	1294	0
1522642851.239604000	0.774766	1294	0
1522642851.239666000	0.774828	74	1
1522642851.239894000	0.775056	1294	0
1522642851.240825000	0.775987	1294	0
1522642851.240846000	0.776008	74	1
1522642851.241100000	0.776262	1294	0
1522642851.242050000	0.777212	1294	0
1522642851.242066000	0.777228	74	1
1522642851.242337000	0.777499	1294	0
1522642851.245321000	0.780483	1294	0
1522642851.245358000	0.78052	74	1
1522642851.245591000	0.780753	1294	0
1522642851.245890000	0.781052	1294	0
1522642851.245906000	0.781068	74	1
1522642851.246001000	0.781163	708	0
1522642851.246955000	0.782117	112	1
1522642851.262660000	0.797822	329	1
1522642851.262915000	0.798077	169	1
1522642851.305909000	0.841071	74	0
1522642851.332266000	0.867428	74	0
1522642851.332268000	0.86743	74	0
1522642851.351853000	0.887015	252	0
1522642851.352188000	0.88735	1294	0
1522642851.352207000	0.887369	74	1
1522642851.352501000	0.887663	1294	0
1522642851.352777000	0.887939	1294	0
1522642851.352790000	0.887952	74	1
1522642851.353049000	0.888211	1294	0
1522642851.353114000	0.888276	425	0
1522642851.353126000	0.888288	74	1
1522642851.353417000	0.888579	1294	0
1522642851.353713000	0.888875	1294	0
1522642851.353723000	0.888885	74	1
1522642851.354516000	0.889678	112	1
1522642851.355446000	0.890608	1294	0
1522642851.355727000	0.890889	1294	0
1522642851.355744000	0.890906	74	1
1522642851.356002000	0.891164	1294	0
1522642851.356004000	0.891166	198	0
1522642851.356022000	0.891184	74	1
1522642851.399093000	0.934255	254	1
1522642851.401530000	0.936692	244	1
1522642851.458643000	0.993805	74	0
1522642851.459234000	0.994396	262	0
1522642851.459581000	0.994743	1294	0
1522642851.459600000	0.994762	74	1
1522642851.459862000	0.995024	1294	0
1522642851.459932000	0.995094	1294	0
1522642851.459943000	0.995105	74	1
1522642851.460004000	0.995166	1294	0
1522642851.460196000	0.995358	1294	0
1522642851.460211000	0.995373	74	1
1522642851.460269000	0.995431	1294	0
1522642851.460271000	0.995433	1294	0
1522642851.460282000	0.995444	74	1
1522642851.460434000	0.995596	1294	0
1522642851.460503000	0.995665	1294	0
1522642851.460514000	0.995676	74	1
1522642851.460573000	0.995735	1294	0
1522642851.460577000	0.995739	1294	0
1522642851.460594000	0.995756	74	1
1522642851.460712000	0.995874	1294	0
1522642851.460780000	0.995942	1294	0
1522642851.460791000	0.995953	74	1
1522642851.460851000	0.996013	1294	0
1522642851.460916000	0.996078	1294	0
1522642851.460926000	0.996088	74	1
1522642851.461005000	0.996167	1294	0
1522642851.461069000	0.996231	1294	0
1522642851.461079000	0.996241	74	1
1522642851.461956000	0.997118	1294	0
1522642851.462228000	0.99739	1294	0
1522642851.462241000	0.997403	74	1
1522642851.464159000	0.999321	1294	0
1522642851.464436000	0.999598	1294	0
1522642851.464450000	0.999612	74	1
1522642851.464713000	0.999875	1294	0
1522642851.465010000	1.00017	1294	0
1522642851.465025000	1.00019	74	1
1522642851.466526000	1.00169	1294	0
1522642851.466799000	1.00196	1294	0
1522642851.466811000	1.00197	74	1
1522642851.468754000	1.00392	1294	0
1522642851.469044000	1.00421	1294	0
1522642851.469059000	1.00422	74	1
1522642851.469322000	1.00448	1294	0
1522642851.469595000	1.00476	1294	0
1522642851.469608000	1.00477	74	1
1522642851.471038000	1.0062	1294	0
1522642851.471356000	1.00652	1294	0
1522642851.471371000	1.00653	74	1
1522642851.471633000	1.00679	1294	0
1522642851.471909000	1.00707	1294	0
1522642851.471923000	1.00709	74	1
1522642851.473441000	1.0086	1294	0
1522642851.473735000	1.0089	1294	0
1522642851.473751000	1.00891	74	1
1522642851.476103000	1.01127	1294	0
1522642851.476372000	1.01153	1294	0
1522642851.476393000	1.01155	74	1
1522642851.476648000	1.01181	1294	0
1522642851.476941000	1.0121	1294	0
1522642851.476954000	1.01212	74	1
1522642851.478455000	1.01362	1294	0
1522642851.478732000	1.01389	1294	0
1522642851.478746000	1.01391	74	1
1522642851.480815000	1.01598	1294	0
1522642851.481095000	1.01626	1294	0
1522642851.481108000	1.01627	74	1
1522642851.481372000	1.01653	1294	0
1522642851.481672000	1.01683	1294	0
1522642851.481704000	1.01687	74	1
1522642851.482973000	1.01814	1294	0
1522642851.483266000	1.01843	1294	0
1522642851.483278000	1.01844	74	1
1522642851.485222000	1.02038	1294	0
1522642851.485498000	1.02066	1294	0
1522642851.485512000	1.02067	74	1
1522642851.485794000	1.02096	1294	0
1522642851.487663000	1.02283	1294	0
1522642851.487677000	1.02284	74	1
1522642851.487939000	1.0231	1294	0
1522642851.488233000	1.0234	1294	0
1522642851.488247000	1.02341	74	1
1522642851.488304000	1.02347	522	0
1522642851.518857000	1.05402	1294	0
1522642851.518879000	1.05404	74	1
1522642851.519131000	1.05429	1294	0
1522642851.519262000	1.05442	1294	0
1522642851.519273000	1.05444	74	1
1522642851.519429000	1.05459	1294	0
1522642851.519542000	1.0547	1294	0
1522642851.519545000	1.05471	1294	0
1522642851.519557000	1.05472	74	1
1522642851.519716000	1.05488	1294	0
1522642851.519816000	1.05498	1294	0
1522642851.519829000	1.05499	74	1
1522642851.519890000	1.05505	1294	0
1522642851.520008000	1.05517	1294	0
1522642851.520021000	1.05518	74	1
1522642851.520106000	1.05527	1294	0
1522642851.520401000	1.05556	1294	0
1522642851.520415000	1.05558	74	1
1522642851.520685000	1.05585	1294	0
1522642851.520976000	1.05614	1294	0
1522642851.520989000	1.05615	74	1
1522642851.522101000	1.05726	1294	0
1522642851.522348000	1.05751	1294	0
1522642851.522363000	1.05752	74	1
1522642851.524710000	1.05987	1294	0
1522642851.525004000	1.06017	1294	0
1522642851.525021000	1.06018	74	1
1522642851.525303000	1.06046	1294	0
1522642851.525580000	1.06074	1294	0
1522642851.525594000	1.06076	74	1
1522642851.526916000	1.06208	1294	0
1522642851.527066000	1.06223	846	0
1522642851.527076000	1.06224	74	1
1522642851.529438000	1.0646	1294	0
1522642851.529755000	1.06492	1294	0
1522642851.529774000	1.06494	74	1
1522642851.530044000	1.06521	1294	0
1522642851.530318000	1.06548	1294	0
1522642851.530331000	1.06549	74	1
1522642851.531839000	1.067	1294	0
1522642851.532131000	1.06729	1294	0
1522642851.532145000	1.06731	74	1
1522642851.532423000	1.06758	1294	0
1522642851.532701000	1.06786	1294	0
1522642851.532713000	1.06787	74	1
1522642851.533790000	1.06895	1294	0
1522642851.534067000	1.06923	1294	0
1522642851.534081000	1.06924	74	1
1522642851.535618000	1.07078	1294	0
1522642851.535894000	1.07106	1294	0
1522642851.535908000	1.07107	74	1
1522642851.536190000	1.07135	1294	0
1522642851.536468000	1.07163	1294	0
1522642851.536480000	1.07164	74	1
1522642851.538001000	1.07316	1294	0
1522642851.538276000	1.07344	1294	0
1522642851.538292000	1.07345	74	1
1522642851.539828000	1.07499	1294	0
1522642851.540119000	1.07528	1294	0
1522642851.540131000	1.07529	74	1
1522642851.540193000	1.07536	1294	0
1522642851.540395000	1.07556	1294	0
1522642851.540414000	1.07558	74	1
1522642851.541928000	1.07709	1294	0
1522642851.542236000	1.0774	1294	0
1522642851.542252000	1.07741	74	1
1522642851.543481000	1.07864	1294	0
1522642851.543758000	1.07892	1294	0
1522642851.543772000	1.07893	74	1
1522642851.544054000	1.07922	1294	0
1522642851.544330000	1.07949	1294	0
1522642851.544343000	1.0795	74	1
1522642851.545207000	1.08037	1294	0
1522642851.545485000	1.08065	1294	0
1522642851.545501000	1.08066	74	1
1522642851.545787000	1.08095	1294	0
1522642851.546928000	1.08209	1294	0
1522642851.546952000	1.08211	74	1
1522642851.547217000	1.08238	1294	0
1522642851.574837000	1.11	1294	0
1522642851.574899000	1.11006	74	1
1522642851.575098000	1.11026	1294	0
1522642851.575396000	1.11056	1294	0
1522642851.575420000	1.11058	74	1
1522642851.575686000	1.11085	1294	0
1522642851.575955000	1.11112	1294	0
1522642851.575967000	1.11113	74	1
1522642851.576251000	1.11141	1294	0
1522642851.576525000	1.11169	1294	0
1522642851.576537000	1.1117	74	1
1522642851.576818000	1.11198	1294	0
1522642851.577100000	1.11226	1294	0
1522642851.577117000	1.11228	74	1
1522642851.577380000	1.11254	1294	0
1522642851.578554000	1.11372	1294	0
1522642851.578581000	1.11374	74	1
1522642851.578825000	1.11399	1294	0
1522642851.578961000	1.11412	112	1
1522642851.579101000	1.11426	1294	0
1522642851.579397000	1.11456	1294	0
1522642851.579413000	1.11457	74	1
1522642851.579702000	1.11486	1294	0
1522642851.580000000	1.11516	1294	0
1522642851.580017000	1.11518	74	1
1522642851.580900000	1.11606	1294	0
1522642851.581145000	1.11631	1294	0
1522642851.581160000	1.11632	74	1
1522642851.581428000	1.11659	1294	0
1522642851.581718000	1.11688	1294	0
1522642851.581734000	1.1169	74	1
1522642851.581940000	1.1171	903	0
1522642851.687737000	1.2229	317	1
1522642851.688125000	1.22329	74	0
1522642851.729641000	1.2648	145	1
1522642851.746901000	1.28206	74	0
1522642851.747396000	1.28256	203	0
1522642851.747750000	1.28291	1294	0
1522642851.747775000	1.28294	74	1
1522642851.747841000	1.283	1294	0
1522642851.748049000	1.28321	1294	0
1522642851.748064000	1.28323	74	1
1522642851.748122000	1.28328	1294	0
1522642851.748273000	1.28343	1294	0
1522642851.748286000	1.28345	74	1
1522642851.748391000	1.28355	1294	0
1522642851.748393000	1.28356	1294	0
1522642851.748408000	1.28357	74	1
1522642851.748554000	1.28372	1294	0
1522642851.748683000	1.28384	1294	0
1522642851.748685000	1.28385	1294	0
1522642851.748702000	1.28386	74	1
1522642851.748844000	1.28401	1294	0
1522642851.748960000	1.28412	1294	0
1522642851.748962000	1.28412	1294	0
1522642851.748979000	1.28414	74	1
1522642851.749122000	1.28428	1294	0
1522642851.749197000	1.28436	1294	0
1522642851.749206000	1.28437	74	1
1522642851.749263000	1.28443	1294	0
1522642851.749415000	1.28458	1294	0
1522642851.749427000	1.28459	74	1
1522642851.749526000	1.28469	1294	0
1522642851.749529000	1.28469	1294	0
1522642851.749544000	1.28471	74	1
1522642851.750086000	1.28525	1294	0
1522642851.750374000	1.28554	1294	0
1522642851.750388000	1.28555	74	1
1522642851.750667000	1.28583	1294	0
1522642851.750944000	1.28611	1294	0
1522642851.750957000	1.28612	74	1
1522642851.751235000	1.2864	1294	0
1522642851.751513000	1.28667	1294	0
1522642851.751527000	1.28669	74	1
1522642851.752623000	1.28779	1294	0
1522642851.752897000	1.28806	1294	0
1522642851.752914000	1.28808	74	1
1522642851.753230000	1.28839	1294	0
1522642851.753523000	1.28869	1294	0
1522642851.753536000	1.2887	74	1
1522642851.753666000	1.28883	822	0
1522642851.753832000	1.28899	112	1
1522642851.790803000	1.32596	200	0
1522642851.790906000	1.32607	362	0
1522642851.790926000	1.32609	74	1
1522642851.879729000	1.41489	74	0
1522642852.132269000	1.66743	360	1
1522642852.133910000	1.66907	144	1
1522642852.139500000	1.67466	380	1
1522642852.148275000	1.68344	159	1
1522642852.191608000	1.72677	74	0
1522642852.192421000	1.72758	74	0
1522642852.204597000	1.73976	74	0
1522642852.209669000	1.74483	74	0
1522642852.211898000	1.74706	194	0
1522642852.212253000	1.74742	1294	0
1522642852.212271000	1.74743	74	1
1522642852.212404000	1.74757	1294	0
1522642852.212530000	1.74769	1294	0
1522642852.212543000	1.7477	74	1
1522642852.212605000	1.74777	1294	0
1522642852.212740000	1.7479	1294	0
1522642852.212751000	1.74791	74	1
1522642852.212811000	1.74797	1294	0
1522642852.212813000	1.74797	1294	0
1522642852.212825000	1.74799	74	1
1522642852.212887000	1.74805	1294	0
1522642852.213026000	1.74819	1294	0
1522642852.213038000	1.7482	74	1
1522642852.213097000	1.74826	1294	0
1522642852.213166000	1.74833	1294	0
1522642852.213170000	1.74833	1294	0
1522642852.213185000	1.74835	74	1
1522642852.213253000	1.74841	74	1
1522642852.213309000	1.74847	1294	0
1522642852.213311000	1.74847	268	0
1522642852.213321000	1.74848	74	1
1522642852.213380000	1.74854	1139	0
1522642852.213383000	1.74854	104	0
1522642852.213389000	1.74855	112	0
1522642852.213391000	1.74855	140	0
1522642852.213392000	1.74855	104	0
1522642852.213406000	1.74857	74	1
1522642852.214046000	1.74921	112	1
1522642852.225499000	1.76066	140	0
1522642852.225509000	1.76067	104	0
1522642852.225540000	1.7607	74	1
1522642852.229245000	1.76441	159	0
1522642852.229604000	1.76477	1294	0
1522642852.229619000	1.76478	74	1
1522642852.229732000	1.76489	720	0
1522642852.247463000	1.78262	188	1
1522642852.307525000	1.84269	74	0
1522642852.336979000	1.87214	108	1
1522642852.337072000	1.87223	188	1
1522642852.347742000	1.8829	210	0
1522642852.347829000	1.88299	334	0
1522642852.347831000	1.88299	112	0
1522642852.347848000	1.88301	74	1
1522642852.348150000	1.88331	112	1
1522642852.395807000	1.93097	74	0
1522642852.436241000	1.9714	148	0
1522642852.436243000	1.97141	288	0
1522642852.436303000	1.97146	74	1
1522642852.437031000	1.97219	104	0
1522642852.437100000	1.97226	112	0
1522642852.437131000	1.97229	74	1
1522642852.437307000	1.97247	112	1
1522642852.496379000	2.03154	189	1
1522642852.548741000	2.0839	74	0
1522642852.556064000	2.09123	74	0
1522642852.590230000	2.12539	147	0
1522642852.590233000	2.1254	332	0
1522642852.590283000	2.12544	74	1
1522642852.590448000	2.12561	104	0
1522642852.590531000	2.12569	112	0
1522642852.590543000	2.12571	74	1
1522642852.590821000	2.12598	112	1
1522642852.603857000	2.13902	191	1
1522642852.664755000	2.19992	74	0
1522642852.701596000	2.23676	147	0
1522642852.701678000	2.23684	357	0
1522642852.701696000	2.23686	74	1
1522642852.701922000	2.23708	112	0
1522642852.702170000	2.23733	112	1
1522642852.812644000	2.34781	74	0
1522642852.905264000	2.44043	192	1
1522642852.919158000	2.45432	108	1
1522642852.919514000	2.45468	193	1
1522642852.964399000	2.49956	74	0
1522642852.977872000	2.51303	74	0
1522642852.978281000	2.51344	74	0
1522642853.017195000	2.55236	170	0
1522642853.017290000	2.55245	313	0
1522642853.017292000	2.55245	104	0
1522642853.017311000	2.55247	74	1
1522642853.017391000	2.55255	112	0
1522642853.017717000	2.55288	112	1
1522642853.116778000	2.65194	74	0
1522642853.274006000	2.80917	195	1
1522642853.335021000	2.87018	74	0
1522642853.369521000	2.90468	147	0
1522642853.369524000	2.90469	306	0
1522642853.369564000	2.90473	74	1
1522642853.369634000	2.9048	104	0
1522642853.369636000	2.9048	112	0
1522642853.369658000	2.90482	74	1
1522642853.370082000	2.90524	112	1
1522642853.425589000	2.96075	196	1
1522642853.479488000	3.01465	74	0
1522642853.484474000	3.01964	74	0
1522642853.519124000	3.05429	147	0
1522642853.519603000	3.05476	326	0
1522642853.519605000	3.05477	112	0
1522642853.519627000	3.05479	74	1
1522642853.520127000	3.05529	112	1
1522642853.594085000	3.12925	198	1
1522642853.619719000	3.15488	74	0
1522642853.653323000	3.18848	74	0
1522642853.687792000	3.22295	148	0
1522642853.687883000	3.22304	328	0
1522642853.687889000	3.22305	112	0
1522642853.687914000	3.22308	74	1
1522642853.688216000	3.22338	112	1
1522642853.702886000	3.23805	199	1
1522642853.762350000	3.29751	74	0
1522642853.796678000	3.33184	144	0
1522642853.796681000	3.33184	288	0
1522642853.796683000	3.33185	104	0
1522642853.796727000	3.33189	74	1
1522642853.796798000	3.33196	112	0
1522642853.797249000	3.33241	112	1
1522642853.867009000	3.40217	319	1
1522642853.918594000	3.45376	74	0
1522642853.927271000	3.46243	74	0
1522642853.948339000	3.4835	140	0
1522642853.948341000	3.4835	104	0
1522642853.948343000	3.48351	112	0
1522642853.948382000	3.48354	74	1
1522642853.948771000	3.48393	112	1
1522642854.046882000	3.58204	74	0
1522642854.407534000	3.9427	203	1
1522642854.478642000	4.0138	74	0
1522642854.514332000	4.04949	171	0
1522642854.514418000	4.04958	313	0
1522642854.514421000	4.04958	112	0
1522642854.514446000	4.04961	74	1
1522642854.514803000	4.04996	112	1
1522642854.623124000	4.15829	74	0
1522642855.602976000	5.13814	187	1
1522642855.662022000	5.19718	74	0
1522642855.744388000	5.27955	216	0
1522642855.744728000	5.27989	1294	0
1522642855.744748000	5.27991	74	1
1522642855.745021000	5.28018	1294	0
1522642855.745308000	5.28047	1294	0
1522642855.745323000	5.28048	74	1
1522642855.745519000	5.28068	1294	0
1522642855.745586000	5.28075	1294	0
1522642855.745599000	5.28076	74	1
1522642855.745777000	5.28094	1294	0
1522642855.746060000	5.28122	1294	0
1522642855.746073000	5.28123	74	1
1522642855.746299000	5.28146	1082	0
1522642855.746302000	5.28146	135	0
1522642855.746317000	5.28148	74	1
1522642855.763253000	5.29841	1294	0
1522642855.763521000	5.29868	1294	0
1522642855.763543000	5.2987	74	1
1522642855.763802000	5.29896	1294	0
1522642855.764092000	5.29925	1294	0
1522642855.764102000	5.29926	74	1
1522642855.764369000	5.29953	1294	0
1522642855.765055000	5.30022	1294	0
1522642855.765067000	5.30023	74	1
1522642855.765335000	5.3005	1294	0
1522642855.766297000	5.30146	1294	0
1522642855.766322000	5.30148	74	1
1522642855.766922000	5.30208	1294	0
1522642855.767869000	5.30303	1294	0
1522642855.767896000	5.30306	74	1
1522642855.767959000	5.30312	1294	0
1522642855.768153000	5.30331	1294	0
1522642855.768168000	5.30333	74	1
1522642855.768230000	5.30339	1294	0
1522642855.768529000	5.30369	1294	0
1522642855.768543000	5.3037	74	1
1522642855.768817000	5.30398	1294	0
1522642855.769098000	5.30426	1294	0
1522642855.769109000	5.30427	74	1
1522642855.769376000	5.30454	1294	0
1522642855.770123000	5.30528	1294	0
1522642855.770146000	5.30531	74	1
1522642855.770434000	5.3056	1294	0
1522642855.770509000	5.30567	414	0
1522642855.770519000	5.30568	74	1
1522642856.153139000	5.6883	1294	0
1522642856.153349000	5.68851	1294	0
1522642856.153371000	5.68853	74	1
1522642856.153447000	5.68861	1294	0
1522642856.153624000	5.68879	1294	0
1522642856.153635000	5.6888	74	1
1522642856.153698000	5.68886	1294	0
1522642856.153763000	5.68893	1294	0
1522642856.153775000	5.68894	74	1
1522642856.153897000	5.68906	1294	0
1522642856.153975000	5.68914	1294	0
1522642856.153983000	5.68915	74	1
1522642856.154050000	5.68921	1294	0
1522642856.154053000	5.68921	1294	0
1522642856.154064000	5.68923	74	1
1522642856.154194000	5.68936	1294	0
1522642856.154361000	5.68952	1294	0
1522642856.154363000	5.68952	1294	0
1522642856.154376000	5.68954	74	1
1522642856.154583000	5.68974	1294	0
1522642856.154705000	5.68987	709	0
1522642856.154714000	5.68988	74	1
1522642856.164550000	5.69971	1294	0
1522642856.164733000	5.69989	1294	0
1522642856.164756000	5.69992	74	1
1522642856.164820000	5.69998	1294	0
1522642856.165012000	5.70017	1294	0
1522642856.165028000	5.70019	74	1
1522642856.165086000	5.70025	1294	0
1522642856.165170000	5.70033	1294	0
1522642856.165181000	5.70034	74	1
1522642856.165287000	5.70045	1294	0
1522642856.165355000	5.70052	1294	0
1522642856.165366000	5.70053	74	1
1522642856.165447000	5.70061	1294	0
1522642856.165586000	5.70075	1294	0
1522642856.165600000	5.70076	74	1
1522642856.165657000	5.70082	1294	0
1522642856.165862000	5.70102	1294	0
1522642856.165876000	5.70104	74	1
1522642856.165937000	5.7011	1294	0
1522642856.166003000	5.70116	483	0
1522642856.166016000	5.70118	74	1
1522642856.169683000	5.70484	1294	0
1522642856.169909000	5.70507	1294	0
1522642856.169925000	5.70509	74	1
1522642856.169986000	5.70515	1294	0
1522642856.170139000	5.7053	1294	0
1522642856.170151000	5.70531	74	1
1522642856.170210000	5.70537	1294	0
1522642856.170281000	5.70544	1294	0
1522642856.170291000	5.70545	74	1
1522642856.170432000	5.70559	1294	0
1522642856.170499000	5.70566	1294	0
1522642856.170510000	5.70567	74	1
1522642856.170571000	5.70573	1294	0
1522642856.170709000	5.70587	1294	0
1522642856.170721000	5.70588	74	1
1522642856.170783000	5.70595	1294	0
1522642856.170850000	5.70601	1294	0
1522642856.170862000	5.70602	74	1
1522642856.171001000	5.70616	1294	0
1522642856.171070000	5.70623	895	0
1522642856.171082000	5.70624	74	1
1522642856.171281000	5.70644	1294	0
1522642856.171347000	5.70651	1294	0
1522642856.171358000	5.70652	74	1
1522642856.171577000	5.70674	1294	0
1522642856.172388000	5.70755	1294	0
1522642856.172402000	5.70756	74	1
1522642856.172682000	5.70784	1294	0
1522642856.173203000	5.70836	675	0
1522642856.173218000	5.70838	74	1
1522642856.178127000	5.71329	1294	0
1522642856.178400000	5.71356	1294	0
1522642856.178422000	5.71358	74	1
1522642856.178548000	5.71371	1294	0
1522642856.178672000	5.71383	1294	0
1522642856.178685000	5.71385	74	1
1522642856.178843000	5.714	1294	0
1522642856.178964000	5.71413	1294	0
1522642856.178978000	5.71414	74	1
1522642856.179256000	5.71442	1294	0
1522642856.179534000	5.7147	1294	0
1522642856.179547000	5.71471	74	1
1522642856.179811000	5.71497	1294	0
1522642856.180913000	5.71607	1294	0
1522642856.180929000	5.71609	74	1
1522642856.181223000	5.71638	1294	0
1522642856.181518000	5.71668	1294	0
1522642856.181532000	5.71669	74	1
1522642856.181803000	5.71696	1294	0
1522642856.181806000	5.71697	187	0
1522642856.181824000	5.71699	74	1
1522642856.182482000	5.71764	1294	0
1522642856.182758000	5.71792	1294	0
1522642856.182773000	5.71794	74	1
1522642856.183052000	5.71821	1294	0
1522642856.183329000	5.71849	1294	0
1522642856.183342000	5.7185	74	1
1522642856.183624000	5.71879	1294	0
1522642856.183912000	5.71907	1294	0
1522642856.183932000	5.71909	74	1
1522642856.184220000	5.71938	1294	0
1522642856.184491000	5.71965	1294	0
1522642856.184504000	5.71967	74	1
1522642856.184792000	5.71995	1294	0
1522642856.185067000	5.72023	1294	0
1522642856.185081000	5.72024	74	1
1522642856.185374000	5.72054	1294	0
1522642856.185655000	5.72082	1294	0
1522642856.185669000	5.72083	74	1
1522642856.185951000	5.72111	1294	0
1522642856.186648000	5.72181	1294	0
1522642856.186670000	5.72183	74	1
1522642856.186921000	5.72208	1294	0
1522642856.187216000	5.72238	1294	0
1522642856.187230000	5.72239	74	1
1522642856.187491000	5.72265	1294	0
1522642856.187813000	5.72298	88	0
1522642856.187826000	5.72299	74	1
1522642856.189115000	5.72428	112	1
1522642856.247984000	5.78315	74	0
1522642856.371961000	5.90712	199	1
1522642856.431226000	5.96639	74	0
1522642856.452191000	5.98735	140	0
1522642856.452194000	5.98736	104	0
1522642856.452257000	5.98742	74	1
1522642856.452356000	5.98752	112	0
1522642856.453309000	5.98847	112	1
1522642856.530072000	6.06523	356	1
1522642856.552758000	6.08792	74	0
1522642856.582267000	6.11743	374	1
1522642856.585897000	6.12106	175	1
1522642856.615493000	6.15066	74	0
1522642856.616292000	6.15145	180	0
1522642856.616652000	6.15181	1294	0
1522642856.616678000	6.15184	74	1
1522642856.616931000	6.15209	1294	0
1522642856.617205000	6.15237	1294	0
1522642856.617218000	6.15238	74	1
1522642856.617688000	6.15285	1294	0
1522642856.617967000	6.15313	1294	0
1522642856.617982000	6.15314	74	1
1522642856.618259000	6.15342	1294	0
1522642856.618536000	6.1537	1294	0
1522642856.618549000	6.15371	74	1
1522642856.619248000	6.15441	1294	0
1522642856.619522000	6.15468	1294	0
1522642856.619536000	6.1547	74	1
1522642856.619820000	6.15498	1294	0
1522642856.620116000	6.15528	1294	0
1522642856.620130000	6.15529	74	1
1522642856.620394000	6.15556	1294	0
1522642856.620686000	6.15585	1294	0
1522642856.620701000	6.15586	74	1
1522642856.621373000	6.15653	1294	0
1522642856.621651000	6.15681	1294	0
1522642856.621667000	6.15683	74	1
1522642856.621928000	6.15709	1294	0
1522642856.622221000	6.15738	1294	0
1522642856.622235000	6.1574	74	1
1522642856.622515000	6.15768	1294	0
1522642856.622792000	6.15795	1294	0
1522642856.622804000	6.15797	74	1
1522642856.623890000	6.15905	1294	0
1522642856.624232000	6.15939	1294	0
1522642856.624244000	6.15941	74	1
1522642856.624534000	6.1597	1294	0
1522642856.624809000	6.15997	1294	0
1522642856.624823000	6.15999	74	1
1522642856.625106000	6.16027	1294	0
1522642856.625402000	6.16056	1294	0
1522642856.625415000	6.16058	74	1
1522642856.626106000	6.16127	1294	0
1522642856.626379000	6.16154	1294	0
1522642856.626392000	6.16155	74	1
1522642856.626660000	6.16182	1294	0
1522642856.626950000	6.16211	1294	0
1522642856.626964000	6.16213	74	1
1522642856.627243000	6.16241	1294	0
1522642856.627521000	6.16268	1294	0
1522642856.627534000	6.1627	74	1
1522642856.627813000	6.16298	1294	0
1522642856.628089000	6.16325	1294	0
1522642856.628102000	6.16326	74	1
1522642856.628776000	6.16394	1294	0
1522642856.629052000	6.16421	1294	0
1522642856.629065000	6.16423	74	1
1522642856.629744000	6.16491	1294	0
1522642856.630019000	6.16518	1294	0
1522642856.630033000	6.16519	74	1
1522642856.630318000	6.16548	1294	0
1522642856.630594000	6.16576	1294	0
1522642856.630607000	6.16577	74	1
1522642856.630888000	6.16605	1294	0
1522642856.631161000	6.16632	1294	0
1522642856.631174000	6.16634	74	1
1522642856.632299000	6.16746	1294	0
1522642856.632590000	6.16775	1294	0
1522642856.632604000	6.16777	74	1
1522642856.632867000	6.16803	1294	0
1522642856.633145000	6.16831	1294	0
1522642856.633159000	6.16832	74	1
1522642856.633436000	6.1686	1294	0
1522642856.633710000	6.16887	1294	0
1522642856.633725000	6.16889	74	1
1522642856.634590000	6.16975	1294	0
1522642856.634889000	6.17005	1294	0
1522642856.634903000	6.17006	74	1
1522642856.635162000	6.17032	1294	0
1522642856.635440000	6.1706	1294	0
1522642856.635453000	6.17061	74	1
1522642856.635732000	6.17089	1294	0
1522642856.636013000	6.17118	1294	0
1522642856.636026000	6.17119	74	1
1522642856.636290000	6.17145	1294	0
1522642856.636391000	6.17155	615	0
1522642856.636404000	6.17157	74	1
1522642856.636569000	6.17173	112	1
1522642856.646517000	6.18168	74	0
1522642856.662242000	6.1974	140	0
1522642856.662651000	6.19781	104	0
1522642856.662680000	6.19784	74	1
1522642856.670931000	6.20609	214	0
1522642856.670939000	6.2061	104	0
1522642856.670974000	6.20614	74	1
1522642856.730047000	6.26521	74	0
1522642858.725524000	8.26069	340	1
1522642858.805579000	8.34074	140	0
1522642858.805580000	8.34074	104	0
1522642858.805624000	8.34079	74	1
1522642858.805940000	8.3411	112	0
1522642858.806134000	8.3413	112	1
1522642858.907639000	8.4428	74	0
