1522666353.926716000	0	86	1
1522666353.952335000	0.0256188	86	0
1522666353.952399000	0.0256829	74	1
1522666353.952743000	0.026027	276	1
1522666353.979462000	0.0527458	74	0
1522666354.005547000	0.078831	1294	0
1522666354.005800000	0.0790839	1294	0
1522666354.005803000	0.079087	199	0
1522666354.005818000	0.0791018	74	1
1522666354.282046000	0.35533	316	1
1522666354.298731000	0.372015	159	1
1522666354.299059000	0.372343	476	1
1522666354.307948000	0.381232	344	0
1522666354.326537000	0.399821	135	0
1522666354.326551000	0.399835	74	1
1522666354.326713000	0.399997	104	1
1522666354.328689000	0.401973	104	0
1522666354.395885000	0.469169	74	0
1522666354.398238000	0.471522	652	0
1522666354.398271000	0.471555	74	1
1522666354.398448000	0.471732	1294	0
1522666354.398536000	0.47182	1294	0
1522666354.398546000	0.47183	74	1
1522666354.398792000	0.472076	1294	0
1522666354.399020000	0.472304	1294	0
1522666354.399031000	0.472315	74	1
1522666354.399296000	0.47258	1294	0
1522666354.399677000	0.472961	1294	0
1522666354.399689000	0.472973	74	1
1522666354.399986000	0.47327	1294	0
1522666354.400702000	0.473986	731	0
1522666354.400716000	0.474	74	1
1522666354.403898000	0.477182	1294	0
1522666354.403984000	0.477268	1294	0
1522666354.404000000	0.477284	74	1
1522666354.404824000	0.478108	1294	0
1522666354.405101000	0.478385	1294	0
1522666354.405114000	0.478398	74	1
1522666354.406633000	0.479917	1294	0
1522666354.423078000	0.496362	1294	0
1522666354.423128000	0.496412	74	1
1522666354.423289000	0.496573	1294	0
1522666354.423358000	0.496642	1294	0
1522666354.423368000	0.496652	74	1
1522666354.423584000	0.496868	1294	0
1522666354.423657000	0.496941	1294	0
1522666354.423669000	0.496953	74	1
1522666354.423860000	0.497144	1294	0
1522666354.423934000	0.497218	1294	0
1522666354.423943000	0.497227	74	1
1522666354.424156000	0.49744	1294	0
1522666354.424223000	0.497507	1294	0
1522666354.424236000	0.49752	74	1
1522666354.424312000	0.497596	1294	0
1522666354.424431000	0.497715	1294	0
1522666354.424444000	0.497728	74	1
1522666354.424504000	0.497788	1294	0
1522666354.424590000	0.497874	1294	0
1522666354.424600000	0.497884	74	1
1522666354.424708000	0.497992	1294	0
1522666354.424789000	0.498073	1294	0
1522666354.424799000	0.498083	74	1
1522666354.425065000	0.498349	1294	0
1522666354.425196000	0.49848	1294	0
1522666354.425208000	0.498492	74	1
1522666354.425359000	0.498643	1294	0
1522666354.425474000	0.498758	1294	0
1522666354.425487000	0.498771	74	1
1522666354.425751000	0.499035	1294	0
1522666354.429468000	0.502752	1294	0
1522666354.429525000	0.502809	74	1
1522666354.429743000	0.503027	1294	0
1522666354.430708000	0.503992	1294	0
1522666354.430734000	0.504018	74	1
1522666354.431001000	0.504285	1294	0
1522666354.476565000	0.549849	1294	0
1522666354.476626000	0.54991	74	1
1522666354.476838000	0.550122	1294	0
1522666354.477013000	0.550297	1294	0
1522666354.477026000	0.55031	74	1
1522666354.477413000	0.550697	1294	0
1522666354.477707000	0.550991	1294	0
1522666354.477721000	0.551005	74	1
1522666354.478298000	0.551582	1294	0
1522666354.478577000	0.551861	1294	0
1522666354.478590000	0.551874	74	1
1522666354.480863000	0.554147	1294	0
1522666354.481134000	0.554418	1294	0
1522666354.481151000	0.554435	74	1
1522666354.482073000	0.555357	1294	0
1522666354.482390000	0.555674	1294	0
1522666354.482403000	0.555687	74	1
1522666354.484015000	0.557299	1294	0
1522666354.484305000	0.557589	1294	0
1522666354.484320000	0.557604	74	1
1522666354.484879000	0.558163	1294	0
1522666354.485170000	0.558454	1294	0
1522666354.485186000	0.55847	74	1
1522666354.485765000	0.559049	1294	0
1522666354.486055000	0.559339	1294	0
1522666354.486070000	0.559354	74	1
1522666354.487323000	0.560607	1294	0
1522666354.487440000	0.560724	668	0
1522666354.487454000	0.560738	74	1
1522666354.488004000	0.561288	112	1
1522666354.515642000	0.588926	74	0
1522666354.552509000	0.625793	329	1
1522666354.552647000	0.625931	169	1
1522666354.578127000	0.651411	74	0
1522666354.578130000	0.651414	74	0
1522666354.604816000	0.6781	252	0
1522666354.605157000	0.678441	1294	0
1522666354.605189000	0.678473	74	1
1522666354.605443000	0.678727	1294	0
1522666354.605724000	0.679008	1294	0
1522666354.605738000	0.679022	74	1
1522666354.606014000	0.679298	1294	0
1522666354.606017000	0.679301	425	0
1522666354.606019000	0.679303	112	0
1522666354.606021000	0.679305	147	0
1522666354.606041000	0.679325	74	1
1522666354.606363000	0.679647	1294	0
1522666354.606739000	0.680023	112	1
1522666354.606784000	0.680068	1294	0
1522666354.606942000	0.680226	1294	0
1522666354.606955000	0.680239	74	1
1522666354.607097000	0.680381	1294	0
1522666354.607401000	0.680685	1294	0
1522666354.607406000	0.68069	87	0
1522666354.607423000	0.680707	74	1
1522666354.674461000	0.747745	247	1
1522666354.675145000	0.748429	74	0
1522666354.712013000	0.785297	74	0
1522666354.717397000	0.790681	250	1
1522666354.739840000	0.813124	142	0
1522666354.739844000	0.813128	104	0
1522666354.739889000	0.813173	74	1
1522666354.739956000	0.81324	112	0
1522666354.742463000	0.815747	263	0
1522666354.742505000	0.815789	74	1
1522666354.742797000	0.816081	1294	0
1522666354.743120000	0.816404	1294	0
1522666354.743133000	0.816417	74	1
1522666354.743357000	0.816641	1294	0
1522666354.743424000	0.816708	1294	0
1522666354.743438000	0.816722	74	1
1522666354.743690000	0.816974	1294	0
1522666354.743841000	0.817125	1294	0
1522666354.743853000	0.817137	74	1
1522666354.743933000	0.817217	1294	0
1522666354.744006000	0.81729	1294	0
1522666354.744020000	0.817304	74	1
1522666354.744066000	0.81735	74	1
1522666354.744300000	0.817584	1294	0
1522666354.744587000	0.817871	1294	0
1522666354.744600000	0.817884	74	1
1522666354.744745000	0.818029	112	1
1522666354.744824000	0.818108	1294	0
1522666354.744890000	0.818174	1294	0
1522666354.744903000	0.818187	74	1
1522666354.745000000	0.818284	1294	0
1522666354.745486000	0.81877	1294	0
1522666354.745499000	0.818783	74	1
1522666354.745556000	0.81884	1294	0
1522666354.745639000	0.818923	1294	0
1522666354.745648000	0.818932	74	1
1522666354.745761000	0.819045	1294	0
1522666354.746039000	0.819323	1294	0
1522666354.746051000	0.819335	74	1
1522666354.746314000	0.819598	1294	0
1522666354.746386000	0.81967	1294	0
1522666354.746399000	0.819683	74	1
1522666354.746703000	0.819987	1294	0
1522666354.747003000	0.820287	1294	0
1522666354.747018000	0.820302	74	1
1522666354.747269000	0.820553	1294	0
1522666354.748357000	0.821641	1294	0
1522666354.748378000	0.821662	74	1
1522666354.748629000	0.821913	1294	0
1522666354.749825000	0.823109	1294	0
1522666354.749854000	0.823138	74	1
1522666354.750113000	0.823397	1294	0
1522666354.750389000	0.823673	1294	0
1522666354.750406000	0.82369	74	1
1522666354.750675000	0.823959	1294	0
1522666354.751836000	0.82512	1294	0
1522666354.751868000	0.825152	74	1
1522666354.752114000	0.825398	1294	0
1522666354.754010000	0.827294	1294	0
1522666354.754048000	0.827332	74	1
1522666354.754256000	0.82754	1294	0
1522666354.754553000	0.827837	1294	0
1522666354.754571000	0.827855	74	1
1522666354.754841000	0.828125	1294	0
1522666354.755928000	0.829212	1294	0
1522666354.755952000	0.829236	74	1
1522666354.756223000	0.829507	1294	0
1522666354.760012000	0.833296	1294	0
1522666354.760057000	0.833341	74	1
1522666354.760253000	0.833537	1294	0
1522666354.771151000	0.844435	1294	0
1522666354.771208000	0.844492	74	1
1522666354.771427000	0.844711	1294	0
1522666354.772240000	0.845524	1294	0
1522666354.772258000	0.845542	74	1
1522666354.772517000	0.845801	1294	0
1522666354.773575000	0.846859	1294	0
1522666354.773605000	0.846889	74	1
1522666354.773864000	0.847148	1294	0
1522666354.774204000	0.847488	1294	0
1522666354.774207000	0.847491	1294	0
1522666354.774225000	0.847509	74	1
1522666354.774467000	0.847751	1294	0
1522666354.774745000	0.848029	1294	0
1522666354.774759000	0.848043	74	1
1522666354.775025000	0.848309	1294	0
1522666354.775352000	0.848636	1294	0
1522666354.775367000	0.848651	74	1
1522666354.775642000	0.848926	1294	0
1522666354.775921000	0.849205	1294	0
1522666354.775935000	0.849219	74	1
1522666354.776076000	0.84936	1294	0
1522666354.776390000	0.849674	1294	0
1522666354.776403000	0.849687	74	1
1522666354.776667000	0.849951	1294	0
1522666354.776944000	0.850228	1294	0
1522666354.776959000	0.850243	74	1
1522666354.777223000	0.850507	1294	0
1522666354.777508000	0.850792	1294	0
1522666354.777523000	0.850807	74	1
1522666354.778288000	0.851572	1294	0
1522666354.778587000	0.851871	1294	0
1522666354.778602000	0.851886	74	1
1522666354.778704000	0.851988	1294	0
1522666354.779194000	0.852478	1294	0
1522666354.779213000	0.852497	74	1
1522666354.779479000	0.852763	1294	0
1522666354.779553000	0.852837	1294	0
1522666354.779564000	0.852848	74	1
1522666354.779757000	0.853041	1294	0
1522666354.779825000	0.853109	1294	0
1522666354.779837000	0.853121	74	1
1522666354.780049000	0.853333	1294	0
1522666354.780471000	0.853755	1294	0
1522666354.780487000	0.853771	74	1
1522666354.780811000	0.854095	1294	0
1522666354.781199000	0.854483	1294	0
1522666354.781221000	0.854505	74	1
1522666354.781473000	0.854757	1294	0
1522666354.781784000	0.855068	1294	0
1522666354.781799000	0.855083	74	1
1522666354.781928000	0.855212	1294	0
1522666354.782061000	0.855345	1294	0
1522666354.782072000	0.855356	74	1
1522666354.782206000	0.85549	1294	0
1522666354.782485000	0.855769	1294	0
1522666354.782496000	0.85578	74	1
1522666354.782645000	0.855929	1294	0
1522666354.782940000	0.856224	1294	0
1522666354.782954000	0.856238	74	1
1522666354.783168000	0.856452	1294	0
1522666354.783236000	0.85652	1294	0
1522666354.783247000	0.856531	74	1
1522666354.783461000	0.856745	1294	0
1522666354.784174000	0.857458	1294	0
1522666354.784189000	0.857473	74	1
1522666354.784408000	0.857692	1294	0
1522666354.784687000	0.857971	1294	0
1522666354.784701000	0.857985	74	1
1522666354.785019000	0.858303	1294	0
1522666354.785119000	0.858403	1294	0
1522666354.785131000	0.858415	74	1
1522666354.785984000	0.859268	1294	0
1522666354.786255000	0.859539	1294	0
1522666354.786271000	0.859555	74	1
1522666354.786556000	0.85984	1294	0
1522666354.791511000	0.864795	1294	0
1522666354.791558000	0.864842	74	1
1522666354.791776000	0.86506	1294	0
1522666354.791845000	0.865129	1294	0
1522666354.791861000	0.865145	74	1
1522666354.792054000	0.865338	1294	0
1522666354.792374000	0.865658	1294	0
1522666354.792388000	0.865672	74	1
1522666354.792992000	0.866276	1294	0
1522666354.793286000	0.86657	1294	0
1522666354.793302000	0.866586	74	1
1522666354.793561000	0.866845	1294	0
1522666354.797754000	0.871038	1294	0
1522666354.797794000	0.871078	74	1
1522666354.797973000	0.871257	1294	0
1522666354.798053000	0.871337	1294	0
1522666354.798065000	0.871349	74	1
1522666354.798249000	0.871533	1294	0
1522666354.798318000	0.871602	1294	0
1522666354.798332000	0.871616	74	1
1522666354.798525000	0.871809	1294	0
1522666354.798594000	0.871878	1294	0
1522666354.798604000	0.871888	74	1
1522666354.798802000	0.872086	1294	0
1522666354.798871000	0.872155	1294	0
1522666354.798883000	0.872167	74	1
1522666354.799113000	0.872397	1294	0
1522666354.799180000	0.872464	1294	0
1522666354.799192000	0.872476	74	1
1522666354.799392000	0.872676	1294	0
1522666354.799460000	0.872744	1294	0
1522666354.799471000	0.872755	74	1
1522666354.799741000	0.873025	1294	0
1522666354.800017000	0.873301	1294	0
1522666354.800029000	0.873313	74	1
1522666354.800397000	0.873681	1294	0
1522666354.800606000	0.87389	1294	0
1522666354.800622000	0.873906	74	1
1522666354.800884000	0.874168	1294	0
1522666354.800969000	0.874253	1294	0
1522666354.800980000	0.874264	74	1
1522666354.801037000	0.874321	1294	0
1522666354.801247000	0.874531	1294	0
1522666354.801258000	0.874542	74	1
1522666354.801457000	0.874741	1294	0
1522666354.801893000	0.875177	1294	0
1522666354.801907000	0.875191	74	1
1522666354.802065000	0.875349	1294	0
1522666354.803476000	0.87676	1294	0
1522666354.803492000	0.876776	74	1
1522666354.803787000	0.877071	1294	0
1522666354.804061000	0.877345	1294	0
1522666354.804075000	0.877359	74	1
1522666354.804374000	0.877658	1294	0
1522666354.804517000	0.877801	818	0
1522666354.804531000	0.877815	74	1
1522666354.915870000	0.989154	317	1
1522666354.947513000	1.0208	203	0
1522666354.947850000	1.02113	1294	0
1522666354.947879000	1.02116	74	1
1522666354.948194000	1.02148	1294	0
1522666354.948488000	1.02177	1294	0
1522666354.948506000	1.02179	74	1
1522666354.948727000	1.02201	1294	0
1522666354.948796000	1.02208	1294	0
1522666354.948810000	1.02209	74	1
1522666354.949022000	1.02231	1294	0
1522666354.949193000	1.02248	1294	0
1522666354.949207000	1.02249	74	1
1522666354.949315000	1.0226	1294	0
1522666354.949382000	1.02267	1294	0
1522666354.949392000	1.02268	74	1
1522666354.949451000	1.02273	1294	0
1522666354.949591000	1.02287	1294	0
1522666354.949603000	1.02289	74	1
1522666354.949662000	1.02295	1294	0
1522666354.949872000	1.02316	1294	0
1522666354.949885000	1.02317	74	1
1522666354.949947000	1.02323	1294	0
1522666354.950156000	1.02344	1294	0
1522666354.950169000	1.02345	74	1
1522666354.950337000	1.02362	1294	0
1522666354.950399000	1.02368	1294	0
1522666354.950412000	1.0237	74	1
1522666354.950536000	1.02382	1294	0
1522666354.950682000	1.02397	1294	0
1522666354.950685000	1.02397	1294	0
1522666354.950700000	1.02398	74	1
1522666354.950816000	1.0241	1294	0
1522666354.950880000	1.02416	1294	0
1522666354.950891000	1.02417	74	1
1522666354.950951000	1.02424	1294	0
1522666354.951125000	1.02441	1294	0
1522666354.951139000	1.02442	74	1
1522666354.951345000	1.02463	1294	0
1522666354.951451000	1.02473	1294	0
1522666354.951463000	1.02475	74	1
1522666354.951759000	1.02504	1294	0
1522666354.951849000	1.02513	1294	0
1522666354.951861000	1.02514	74	1
1522666354.952018000	1.0253	1294	0
1522666354.952021000	1.0253	822	0
1522666354.952036000	1.02532	74	1
1522666354.952246000	1.02553	112	1
1522666354.979961000	1.05324	145	1
1522666355.004797000	1.07808	74	0
1522666355.005858000	1.07914	201	0
1522666355.005941000	1.07922	362	0
1522666355.005944000	1.07923	112	0
1522666355.005960000	1.07924	74	1
1522666355.006332000	1.07962	112	1
1522666355.078159000	1.15144	74	0
1522666355.250298000	1.32358	157	1
1522666355.255488000	1.32877	378	1
1522666355.260498000	1.33378	158	1
1522666355.274357000	1.34764	74	0
1522666355.281938000	1.35522	74	0
1522666355.285365000	1.35865	74	0
1522666355.301328000	1.37461	194	0
1522666355.301669000	1.37495	1294	0
1522666355.301690000	1.37497	74	1
1522666355.301920000	1.3752	1294	0
1522666355.302005000	1.37529	1294	0
1522666355.302019000	1.3753	74	1
1522666355.302188000	1.37547	1294	0
1522666355.302256000	1.37554	1294	0
1522666355.302258000	1.37554	1294	0
1522666355.302270000	1.37555	74	1
1522666355.302527000	1.37581	1294	0
1522666355.302529000	1.37581	1294	0
1522666355.302541000	1.37582	74	1
1522666355.302602000	1.37589	1294	0
1522666355.302605000	1.37589	1294	0
1522666355.302617000	1.3759	74	1
1522666355.302783000	1.37607	1294	0
1522666355.302850000	1.37613	1294	0
1522666355.302863000	1.37615	74	1
1522666355.303061000	1.37634	1294	0
1522666355.303364000	1.37665	1294	0
1522666355.303366000	1.37665	113	0
1522666355.303368000	1.37665	104	0
1522666355.303370000	1.37665	112	0
1522666355.303384000	1.37667	74	1
1522666355.303829000	1.37711	112	1
1522666355.309919000	1.3832	140	0
1522666355.309921000	1.3832	104	0
1522666355.309953000	1.38324	74	1
1522666355.311184000	1.38447	159	0
1522666355.311518000	1.3848	1294	0
1522666355.311529000	1.38481	74	1
1522666355.311653000	1.38494	767	0
1522666355.361353000	1.43464	187	1
1522666355.377458000	1.45074	74	0
1522666355.390683000	1.46397	74	0
1522666355.439132000	1.51242	211	0
1522666355.439202000	1.51249	328	0
1522666355.439204000	1.51249	112	0
1522666355.439215000	1.5125	74	1
1522666355.439573000	1.51286	112	1
1522666355.472384000	1.54567	346	1
1522666355.475116000	1.5484	74	0
1522666355.498183000	1.57147	74	0
1522666355.524974000	1.59826	140	0
1522666355.524976000	1.59826	104	0
1522666355.525020000	1.5983	74	1
1522666355.525099000	1.59838	112	0
1522666355.526239000	1.59952	112	1
1522666355.590059000	1.66334	74	0
1522666355.671575000	1.74486	188	1
1522666355.701294000	1.77458	74	0
1522666355.748601000	1.82188	148	0
1522666355.748689000	1.82197	321	0
1522666355.748691000	1.82197	112	0
1522666355.748713000	1.822	74	1
1522666355.749042000	1.82233	112	1
1522666355.776501000	1.84978	74	0
1522666355.886178000	1.95946	189	1
1522666355.910067000	1.98335	74	0
1522666355.950852000	2.02414	147	0
1522666355.950951000	2.02424	365	0
1522666355.950972000	2.02426	74	1
1522666355.951225000	2.02451	112	0
1522666355.951430000	2.02471	112	1
1522666355.976160000	2.04944	74	0
1522666356.067886000	2.14117	191	1
1522666356.091894000	2.16518	74	0
1522666356.134088000	2.20737	170	0
1522666356.134206000	2.20749	331	0
1522666356.134228000	2.20751	74	1
1522666356.134552000	2.20784	104	0
1522666356.135258000	2.20854	112	0
1522666356.135273000	2.20856	74	1
1522666356.135705000	2.20899	112	1
1522666356.160075000	2.23336	74	0
1522666356.170084000	2.24337	192	1
1522666356.194395000	2.26768	74	0
1522666356.236974000	2.31026	147	0
1522666356.237077000	2.31036	349	0
1522666356.237080000	2.31036	112	0
1522666356.237107000	2.31039	74	1
1522666356.237505000	2.31079	112	1
1522666356.301199000	2.37448	74	0
1522666356.804472000	2.87776	195	1
1522666356.828321000	2.9016	74	0
1522666356.868054000	2.94134	147	0
1522666356.868152000	2.94144	339	0
1522666356.868154000	2.94144	112	0
1522666356.868177000	2.94146	74	1
1522666356.868605000	2.94189	112	1
1522666356.892563000	2.96585	74	0
1522666357.033783000	3.10707	196	1
1522666357.058198000	3.13148	74	0
1522666357.061613000	3.1349	317	1
1522666357.085179000	3.15846	74	0
1522666357.097378000	3.17066	171	0
1522666357.097479000	3.17076	327	0
1522666357.097481000	3.17076	112	0
1522666357.097503000	3.17079	74	1
1522666357.097859000	3.17114	112	1
1522666357.112548000	3.18583	140	0
1522666357.112550000	3.18583	104	0
1522666357.112596000	3.18588	74	1
1522666357.161469000	3.23475	74	0
1522666357.592985000	3.66627	201	1
1522666357.616923000	3.69021	74	0
1522666357.654823000	3.72811	148	0
1522666357.654930000	3.72821	333	0
1522666357.654932000	3.72822	112	0
1522666357.654953000	3.72824	74	1
1522666357.655348000	3.72863	112	1
1522666357.722275000	3.79556	74	0
1522666357.894469000	3.96775	201	1
1522666357.918335000	3.99162	74	0
1522666357.958936000	4.03222	148	0
1522666357.958938000	4.03222	318	0
1522666357.958996000	4.03228	74	1
1522666357.959627000	4.03291	112	0
1522666357.960280000	4.03356	112	1
1522666357.984383000	4.05767	74	0
1522666358.114983000	4.18827	203	1
1522666358.144497000	4.21778	74	0
1522666358.183593000	4.25688	167	0
1522666358.183686000	4.25697	291	0
1522666358.183687000	4.25697	104	0
1522666358.183709000	4.25699	74	1
1522666358.183779000	4.25706	112	0
1522666358.184139000	4.25742	112	1
1522666358.247220000	4.3205	74	0
1522666358.426152000	4.49944	204	1
1522666358.449301000	4.52258	74	0
1522666358.487730000	4.56101	148	0
1522666358.487843000	4.56113	322	0
1522666358.487844000	4.56113	112	0
1522666358.487865000	4.56115	74	1
1522666358.488314000	4.5616	112	1
1522666358.519852000	4.59314	205	1
1522666358.542863000	4.61615	74	0
1522666358.582152000	4.65544	148	0
1522666358.582253000	4.65554	317	0
1522666358.582255000	4.65554	112	0
1522666358.582274000	4.65556	74	1
1522666358.582607000	4.65589	112	1
1522666358.620108000	4.69339	206	1
1522666358.643592000	4.71688	74	0
1522666358.682568000	4.75585	147	0
1522666358.682654000	4.75594	315	0
1522666358.682656000	4.75594	112	0
1522666358.682678000	4.75596	74	1
1522666358.682987000	4.75627	112	1
1522666358.747246000	4.82053	74	0
1522666359.594722000	5.66801	211	1
1522666359.619854000	5.69314	74	0
1522666359.661131000	5.73441	171	0
1522666359.661133000	5.73442	320	0
1522666359.661185000	5.73447	74	1
1522666359.661267000	5.73455	112	0
1522666359.661674000	5.73496	112	1
1522666359.688153000	5.76144	74	0
1522666359.753165000	5.82645	212	1
1522666359.778253000	5.85154	74	0
1522666359.817820000	5.8911	148	0
1522666359.817823000	5.89111	319	0
1522666359.817881000	5.89117	74	1
1522666359.817959000	5.89124	112	0
1522666359.818385000	5.89167	112	1
1522666359.883228000	5.95651	74	0
1522666360.830147000	6.90343	195	1
1522666360.859721000	6.933	74	0
1522666360.942296000	7.01558	216	0
1522666360.942571000	7.01585	1294	0
1522666360.942589000	7.01587	74	1
1522666360.942873000	7.01616	1294	0
1522666360.944420000	7.0177	1294	0
1522666360.944447000	7.01773	74	1
1522666360.944692000	7.01798	1294	0
1522666360.945262000	7.01855	1294	0
1522666360.945275000	7.01856	74	1
1522666360.945534000	7.01882	1294	0
1522666360.946892000	7.02018	1294	0
1522666360.946922000	7.02021	74	1
1522666360.947119000	7.0204	1109	0
1522666360.947122000	7.02041	135	0
1522666360.947140000	7.02042	74	1
1522666360.969812000	7.0431	1294	0
1522666360.970070000	7.04335	1294	0
1522666360.970091000	7.04338	74	1
1522666360.970515000	7.0438	1294	0
1522666360.970797000	7.04408	1294	0
1522666360.970810000	7.04409	74	1
1522666360.971719000	7.045	1294	0
1522666360.971788000	7.04507	1294	0
1522666360.971802000	7.04509	74	1
1522666360.972058000	7.04534	1294	0
1522666360.972331000	7.04561	1294	0
1522666360.972345000	7.04563	74	1
1522666360.972538000	7.04582	1294	0
1522666360.972811000	7.04609	1294	0
1522666360.972825000	7.04611	74	1
1522666360.973701000	7.04698	1294	0
1522666360.974015000	7.0473	1294	0
1522666360.974032000	7.04732	74	1
1522666360.974283000	7.04757	1219	0
1522666360.974567000	7.04785	1294	0
1522666360.974581000	7.04786	74	1
1522666360.975312000	7.0486	1294	0
1522666360.975590000	7.04887	1294	0
1522666360.975603000	7.04889	74	1
1522666360.975782000	7.04907	1294	0
1522666360.975862000	7.04915	1294	0
1522666360.975876000	7.04916	74	1
1522666360.976171000	7.04945	1294	0
1522666360.976642000	7.04993	463	0
1522666360.976654000	7.04994	74	1
1522666361.320040000	7.39332	1294	0
1522666361.320309000	7.39359	1294	0
1522666361.320325000	7.39361	74	1
1522666361.320388000	7.39367	1294	0
1522666361.320676000	7.39396	1294	0
1522666361.320679000	7.39396	1294	0
1522666361.320699000	7.39398	74	1
1522666361.320776000	7.39406	1294	0
1522666361.320894000	7.39418	1294	0
1522666361.320906000	7.39419	74	1
1522666361.320966000	7.39425	1294	0
1522666361.321034000	7.39432	1294	0
1522666361.321050000	7.39433	74	1
1522666361.321155000	7.39444	1294	0
1522666361.321301000	7.39458	1294	0
1522666361.321303000	7.39459	1294	0
1522666361.321314000	7.3946	74	1
1522666361.321630000	7.39491	1256	0
1522666361.335418000	7.4087	1294	0
1522666361.335453000	7.40874	74	1
1522666361.335658000	7.40894	1294	0
1522666361.335727000	7.40901	1294	0
1522666361.335751000	7.40903	74	1
1522666361.335808000	7.40909	1294	0
1522666361.335965000	7.40925	1294	0
1522666361.335980000	7.40926	74	1
1522666361.336047000	7.40933	1294	0
1522666361.336050000	7.40933	1294	0
1522666361.336061000	7.40934	74	1
1522666361.336120000	7.4094	1294	0
1522666361.336254000	7.40954	1294	0
1522666361.336268000	7.40955	74	1
1522666361.336326000	7.40961	1294	0
1522666361.336549000	7.40983	1294	0
1522666361.336562000	7.40985	74	1
1522666361.336620000	7.4099	1294	0
1522666361.336867000	7.41015	1294	0
1522666361.336869000	7.41015	719	0
1522666361.336883000	7.41017	74	1
1522666361.339953000	7.41324	1294	0
1522666361.340056000	7.41334	1294	0
1522666361.340070000	7.41335	74	1
1522666361.340231000	7.41351	1294	0
1522666361.340336000	7.41362	1294	0
1522666361.340350000	7.41363	74	1
1522666361.340501000	7.41378	1294	0
1522666361.340981000	7.41426	1294	0
1522666361.341002000	7.41429	74	1
1522666361.341185000	7.41447	1033	0
1522666361.342796000	7.41608	1294	0
1522666361.342811000	7.4161	74	1
1522666361.343091000	7.41637	1294	0
1522666361.343565000	7.41685	1294	0
1522666361.343579000	7.41686	74	1
1522666361.343856000	7.41714	1294	0
1522666361.344479000	7.41776	1294	0
1522666361.344495000	7.41778	74	1
1522666361.344558000	7.41784	1294	0
1522666361.344690000	7.41797	1294	0
1522666361.344701000	7.41798	74	1
1522666361.344763000	7.41805	1294	0
1522666361.344970000	7.41825	1294	0
1522666361.344984000	7.41827	74	1
1522666361.345169000	7.41845	1294	0
1522666361.345266000	7.41855	1294	0
1522666361.345276000	7.41856	74	1
1522666361.345560000	7.41884	1294	0
1522666361.345800000	7.41908	1294	0
1522666361.345802000	7.41909	187	0
1522666361.345829000	7.41911	74	1
1522666361.347122000	7.42041	1294	0
1522666361.347397000	7.42068	1294	0
1522666361.347409000	7.42069	74	1
1522666361.348474000	7.42176	1294	0
1522666361.348751000	7.42203	1294	0
1522666361.348767000	7.42205	74	1
1522666361.348991000	7.42227	1294	0
1522666361.349292000	7.42258	1294	0
1522666361.349307000	7.42259	74	1
1522666361.350069000	7.42335	1294	0
1522666361.350351000	7.42364	1294	0
1522666361.350366000	7.42365	74	1
1522666361.351142000	7.42443	363	0
1522666361.351638000	7.42492	1294	0
1522666361.351652000	7.42494	74	1
1522666361.351749000	7.42503	1294	0
1522666361.352029000	7.42531	1294	0
1522666361.352044000	7.42533	74	1
1522666361.352247000	7.42553	1294	0
1522666361.352533000	7.42582	1294	0
1522666361.352536000	7.42582	642	0
1522666361.352549000	7.42583	74	1
1522666361.352746000	7.42603	1294	0
1522666361.353417000	7.4267	1294	0
1522666361.353431000	7.42671	74	1
1522666361.353572000	7.42686	1294	0
1522666361.353574000	7.42686	292	0
1522666361.353576000	7.42686	112	0
1522666361.353590000	7.42687	74	1
1522666361.353777000	7.42706	112	1
1522666361.387046000	7.46033	74	0
1522666361.482926000	7.55621	198	1
1522666361.507205000	7.58049	74	0
1522666361.533828000	7.60711	140	0
1522666361.533929000	7.60721	104	0
1522666361.533931000	7.60721	112	0
1522666361.533954000	7.60724	74	1
1522666361.534850000	7.60813	112	1
1522666361.612037000	7.68532	74	0
1522666361.679361000	7.75265	349	1
1522666361.703189000	7.77647	74	0
1522666361.703279000	7.77656	180	0
1522666361.703587000	7.77687	1294	0
1522666361.703609000	7.77689	74	1
1522666361.703800000	7.77708	1294	0
1522666361.704078000	7.77736	1294	0
1522666361.704094000	7.77738	74	1
1522666361.704371000	7.77765	1294	0
1522666361.704461000	7.77775	1294	0
1522666361.704474000	7.77776	74	1
1522666361.704663000	7.77795	1294	0
1522666361.704860000	7.77814	1294	0
1522666361.704874000	7.77816	74	1
1522666361.704937000	7.77822	1294	0
1522666361.705235000	7.77852	1294	0
1522666361.705249000	7.77853	74	1
1522666361.705348000	7.77863	1294	0
1522666361.705488000	7.77877	1294	0
1522666361.705504000	7.77879	74	1
1522666361.705623000	7.77891	1294	0
1522666361.705902000	7.77919	1294	0
1522666361.705917000	7.7792	74	1
1522666361.706196000	7.77948	1294	0
1522666361.706407000	7.77969	1294	0
1522666361.706429000	7.77971	74	1
1522666361.706495000	7.77978	1294	0
1522666361.706797000	7.78008	1294	0
1522666361.706799000	7.78008	1294	0
1522666361.706818000	7.7801	74	1
1522666361.706931000	7.78022	1294	0
1522666361.707049000	7.78033	1294	0
1522666361.707062000	7.78035	74	1
1522666361.707123000	7.78041	1294	0
1522666361.707210000	7.78049	1294	0
1522666361.707222000	7.78051	74	1
1522666361.707347000	7.78063	1294	0
1522666361.707349000	7.78063	1294	0
1522666361.707414000	7.7807	74	1
1522666361.707471000	7.78075	1294	0
1522666361.707534000	7.78082	1294	0
1522666361.707546000	7.78083	74	1
1522666361.707620000	7.7809	1294	0
1522666361.707684000	7.78097	1294	0
1522666361.707694000	7.78098	74	1
1522666361.707780000	7.78106	1294	0
1522666361.707920000	7.7812	1294	0
1522666361.707923000	7.78121	1294	0
1522666361.707937000	7.78122	74	1
1522666361.708188000	7.78147	1294	0
1522666361.708463000	7.78175	1294	0
1522666361.708479000	7.78176	74	1
1522666361.708540000	7.78182	1294	0
1522666361.708760000	7.78204	1294	0
1522666361.708771000	7.78205	74	1
1522666361.708831000	7.78211	1294	0
1522666361.709402000	7.78269	1294	0
1522666361.709420000	7.7827	74	1
1522666361.709605000	7.78289	1294	0
1522666361.709673000	7.78296	1294	0
1522666361.709685000	7.78297	74	1
1522666361.709917000	7.7832	1294	0
1522666361.709987000	7.78327	1294	0
1522666361.709998000	7.78328	74	1
1522666361.710213000	7.7835	1294	0
1522666361.710496000	7.78378	1294	0
1522666361.710509000	7.78379	74	1
1522666361.710591000	7.78387	1294	0
1522666361.710680000	7.78396	1294	0
1522666361.710692000	7.78398	74	1
1522666361.710751000	7.78403	1294	0
1522666361.710983000	7.78427	1294	0
1522666361.710998000	7.78428	74	1
1522666361.711058000	7.78434	1294	0
1522666361.711260000	7.78454	1294	0
1522666361.711274000	7.78456	74	1
1522666361.711352000	7.78464	1294	0
1522666361.711582000	7.78487	1294	0
1522666361.711585000	7.78487	1294	0
1522666361.711603000	7.78489	74	1
1522666361.711666000	7.78495	1294	0
1522666361.711730000	7.78501	792	0
1522666361.711745000	7.78503	74	1
1522666361.712255000	7.78554	112	1
1522666361.725056000	7.79834	174	1
1522666361.750347000	7.82363	74	0
1522666361.779785000	7.85307	214	0
1522666361.779788000	7.85307	104	0
1522666361.779789000	7.85307	112	0
1522666361.779827000	7.85311	74	1
1522666361.780184000	7.85347	112	1
1522666361.844051000	7.91733	74	0
1522666361.920095000	7.99338	403	1
1522666361.942996000	8.01628	74	0
1522666361.970301000	8.04358	140	0
1522666361.970303000	8.04359	104	0
1522666361.970328000	8.04361	74	1
1522666361.970607000	8.04389	112	0
1522666361.971002000	8.04429	112	1
1522666362.037814000	8.1111	74	0
1522666363.879885000	9.95317	310	1
1522666363.904022000	9.97731	74	0
1522666363.930606000	10.0039	140	0
1522666363.930608000	10.0039	104	0
1522666363.930610000	10.0039	112	0
1522666363.930646000	10.0039	74	1
1522666363.931008000	10.0043	112	1
1522666363.997340000	10.0706	74	0
1522666365.132404000	11.2057	347	1
1522666365.159022000	11.2323	74	0
1522666365.185832000	11.2591	140	0
1522666365.185834000	11.2591	104	0
1522666365.185836000	11.2591	112	0
1522666365.185871000	11.2592	74	1
1522666365.186716000	11.26	112	1
1522666365.251260000	11.3245	74	0
