1522659944.023114000	0	316	1
1522659944.039404000	0.0162899	344	0
1522659944.044454000	0.0213401	159	1
1522659944.044879000	0.021765	475	1
1522659944.061556000	0.0384421	135	0
1522659944.061559000	0.038445	104	0
1522659944.061596000	0.038482	74	1
1522659944.061762000	0.0386481	104	1
1522659944.077428000	0.0543141	74	0
1522659944.136445000	0.113331	665	0
1522659944.136587000	0.113473	1294	0
1522659944.136616000	0.113502	74	1
1522659944.136715000	0.113601	1294	0
1522659944.136907000	0.113793	1294	0
1522659944.136919000	0.113805	74	1
1522659944.136988000	0.113874	1294	0
1522659944.137194000	0.11408	1294	0
1522659944.137206000	0.114092	74	1
1522659944.137289000	0.114175	1294	0
1522659944.137534000	0.11442	1294	0
1522659944.137546000	0.114432	74	1
1522659944.137644000	0.11453	738	0
1522659944.143202000	0.120088	1294	0
1522659944.143239000	0.120125	74	1
1522659944.143472000	0.120358	1294	0
1522659944.143475000	0.120361	1294	0
1522659944.143503000	0.120389	74	1
1522659944.143720000	0.120606	1294	0
1522659944.143786000	0.120672	1294	0
1522659944.143798000	0.120684	74	1
1522659944.144026000	0.120912	1294	0
1522659944.144092000	0.120978	1294	0
1522659944.144104000	0.12099	74	1
1522659944.152899000	0.129785	1294	0
1522659944.153029000	0.129915	1294	0
1522659944.153055000	0.129941	74	1
1522659944.153182000	0.130068	1294	0
1522659944.153304000	0.13019	1294	0
1522659944.153316000	0.130202	74	1
1522659944.153473000	0.130359	1294	0
1522659944.153595000	0.130481	1294	0
1522659944.153604000	0.13049	74	1
1522659944.153712000	0.130598	739	0
1522659944.155073000	0.131959	1294	0
1522659944.155095000	0.131981	74	1
1522659944.157242000	0.134128	1294	0
1522659944.157518000	0.134404	1294	0
1522659944.157535000	0.134421	74	1
1522659944.157854000	0.13474	1294	0
1522659944.158951000	0.135837	1294	0
1522659944.158977000	0.135863	74	1
1522659944.159219000	0.136105	1294	0
1522659944.159532000	0.136418	1294	0
1522659944.159547000	0.136433	74	1
1522659944.160074000	0.13696	1294	0
1522659944.160149000	0.137035	1294	0
1522659944.160163000	0.137049	74	1
1522659944.160348000	0.137234	1294	0
1522659944.160412000	0.137298	1294	0
1522659944.160424000	0.13731	74	1
1522659944.160659000	0.137545	1294	0
1522659944.160732000	0.137618	1294	0
1522659944.160745000	0.137631	74	1
1522659944.160924000	0.13781	1294	0
1522659944.160998000	0.137884	1294	0
1522659944.161010000	0.137896	74	1
1522659944.161200000	0.138086	1294	0
1522659944.161513000	0.138399	1294	0
1522659944.161527000	0.138413	74	1
1522659944.161699000	0.138585	1294	0
1522659944.161998000	0.138884	1294	0
1522659944.162011000	0.138897	74	1
1522659944.162275000	0.139161	1294	0
1522659944.162587000	0.139473	1294	0
1522659944.162601000	0.139487	74	1
1522659944.163704000	0.14059	1294	0
1522659944.163991000	0.140877	1294	0
1522659944.164008000	0.140894	74	1
1522659944.169682000	0.146568	1294	0
1522659944.169967000	0.146853	1294	0
1522659944.169993000	0.146879	74	1
1522659944.170246000	0.147132	1294	0
1522659944.170523000	0.147409	1294	0
1522659944.170536000	0.147422	74	1
1522659944.170608000	0.147494	536	0
1522659944.172506000	0.149392	106	0
1522659944.172547000	0.149433	74	1
1522659944.172863000	0.149749	1294	0
1522659944.173139000	0.150025	1294	0
1522659944.173153000	0.150039	74	1
1522659944.173215000	0.150101	1294	0
1522659944.173485000	0.150371	1294	0
1522659944.173498000	0.150384	74	1
1522659944.173709000	0.150595	1294	0
1522659944.173775000	0.150661	1294	0
1522659944.173785000	0.150671	74	1
1522659944.173882000	0.150768	692	0
1522659944.173884000	0.15077	112	0
1522659944.173895000	0.150781	74	1
1522659944.179338000	0.156224	112	1
1522659944.236032000	0.212918	74	0
1522659944.277965000	0.254851	329	1
1522659944.278036000	0.254922	169	1
1522659944.294348000	0.271234	74	0
1522659944.294429000	0.271315	74	0
1522659944.313814000	0.2907	252	0
1522659944.314165000	0.291051	1294	0
1522659944.314184000	0.29107	74	1
1522659944.314691000	0.291577	1294	0
1522659944.314985000	0.291871	1294	0
1522659944.314999000	0.291885	74	1
1522659944.315233000	0.292119	1294	0
1522659944.315235000	0.292121	425	0
1522659944.315237000	0.292123	112	0
1522659944.315239000	0.292125	147	0
1522659944.315254000	0.29214	74	1
1522659944.315429000	0.292315	1294	0
1522659944.315519000	0.292405	1294	0
1522659944.315531000	0.292417	74	1
1522659944.315710000	0.292596	1294	0
1522659944.315986000	0.292872	112	1
1522659944.315993000	0.292879	1294	0
1522659944.316282000	0.293168	1294	0
1522659944.316285000	0.293171	87	0
1522659944.316299000	0.293185	74	1
1522659944.372529000	0.349415	74	0
1522659944.412207000	0.389093	247	1
1522659944.432413000	0.409299	250	1
1522659944.440031000	0.416917	74	0
1522659944.448916000	0.425802	74	0
1522659944.449494000	0.42638	262	0
1522659944.449845000	0.426731	1294	0
1522659944.449859000	0.426745	74	1
1522659944.450005000	0.426891	1294	0
1522659944.450134000	0.42702	1294	0
1522659944.450146000	0.427032	74	1
1522659944.450232000	0.427118	1294	0
1522659944.450299000	0.427185	1294	0
1522659944.450310000	0.427196	74	1
1522659944.450416000	0.427302	1294	0
1522659944.450514000	0.4274	1294	0
1522659944.450524000	0.42741	74	1
1522659944.450583000	0.427469	1294	0
1522659944.450690000	0.427576	1294	0
1522659944.450700000	0.427586	74	1
1522659944.450812000	0.427698	1294	0
1522659944.450877000	0.427763	1294	0
1522659944.450889000	0.427775	74	1
1522659944.450989000	0.427875	1294	0
1522659944.451090000	0.427976	1294	0
1522659944.451100000	0.427986	74	1
1522659944.451158000	0.428044	1294	0
1522659944.451238000	0.428124	74	1
1522659944.451383000	0.428269	1294	0
1522659944.451870000	0.428756	1294	0
1522659944.451882000	0.428768	74	1
1522659944.452001000	0.428887	1294	0
1522659944.452146000	0.429032	1294	0
1522659944.452158000	0.429044	74	1
1522659944.452282000	0.429168	1294	0
1522659944.452447000	0.429333	1294	0
1522659944.452459000	0.429345	74	1
1522659944.452584000	0.42947	1294	0
1522659944.452723000	0.429609	1294	0
1522659944.452736000	0.429622	74	1
1522659944.452797000	0.429683	1294	0
1522659944.453003000	0.429889	1294	0
1522659944.453013000	0.429899	74	1
1522659944.453075000	0.429961	1294	0
1522659944.453208000	0.430094	74	1
1522659944.453365000	0.430251	1294	0
1522659944.453654000	0.43054	1294	0
1522659944.453665000	0.430551	74	1
1522659944.453726000	0.430612	1294	0
1522659944.453927000	0.430813	1294	0
1522659944.453938000	0.430824	74	1
1522659944.454016000	0.430902	1294	0
1522659944.454223000	0.431109	1294	0
1522659944.454234000	0.43112	74	1
1522659944.454495000	0.431381	1294	0
1522659944.454794000	0.43168	1294	0
1522659944.454805000	0.431691	74	1
1522659944.454928000	0.431814	1294	0
1522659944.455072000	0.431958	1294	0
1522659944.455084000	0.43197	74	1
1522659944.455205000	0.432091	1294	0
1522659944.455249000	0.432135	74	1
1522659944.455349000	0.432235	1294	0
1522659944.455641000	0.432527	1294	0
1522659944.455655000	0.432541	74	1
1522659944.455776000	0.432662	1294	0
1522659944.455918000	0.432804	1294	0
1522659944.455931000	0.432817	74	1
1522659944.456072000	0.432958	1294	0
1522659944.456211000	0.433097	1294	0
1522659944.456224000	0.43311	74	1
1522659944.456361000	0.433247	1294	0
1522659944.456639000	0.433525	1294	0
1522659944.456653000	0.433539	74	1
1522659944.456931000	0.433817	1294	0
1522659944.457015000	0.433901	1294	0
1522659944.457026000	0.433912	74	1
1522659944.457205000	0.434091	1294	0
1522659944.457270000	0.434156	1294	0
1522659944.457282000	0.434168	74	1
1522659944.457485000	0.434371	1294	0
1522659944.457551000	0.434437	1294	0
1522659944.457563000	0.434449	74	1
1522659944.457762000	0.434648	1294	0
1522659944.457833000	0.434719	1294	0
1522659944.457846000	0.434732	74	1
1522659944.458112000	0.434998	1294	0
1522659944.458297000	0.435183	74	1
1522659944.458403000	0.435289	1294	0
1522659944.466555000	0.443441	1294	0
1522659944.466611000	0.443497	74	1
1522659944.466745000	0.443631	1294	0
1522659944.466828000	0.443714	1294	0
1522659944.466838000	0.443724	74	1
1522659944.467021000	0.443907	1294	0
1522659944.467106000	0.443992	1294	0
1522659944.467120000	0.444006	74	1
1522659944.467185000	0.444071	1294	0
1522659944.467187000	0.444073	834	0
1522659944.467214000	0.4441	86	1
1522659944.467382000	0.444268	1294	0
1522659944.467400000	0.444286	74	1
1522659944.467461000	0.444347	1294	0
1522659944.467527000	0.444413	1294	0
1522659944.467537000	0.444423	74	1
1522659944.467676000	0.444562	1294	0
1522659944.467743000	0.444629	1294	0
1522659944.467754000	0.44464	74	1
1522659944.467968000	0.444854	1294	0
1522659944.468242000	0.445128	1294	0
1522659944.468256000	0.445142	74	1
1522659944.468978000	0.445864	1294	0
1522659944.469273000	0.446159	1294	0
1522659944.469287000	0.446173	74	1
1522659944.469422000	0.446308	1294	0
1522659944.469549000	0.446435	1294	0
1522659944.469564000	0.44645	74	1
1522659944.469719000	0.446605	1294	0
1522659944.469787000	0.446673	1294	0
1522659944.469799000	0.446685	74	1
1522659944.469861000	0.446747	1294	0
1522659944.469864000	0.44675	534	0
1522659944.469876000	0.446762	74	1
1522659944.470116000	0.447002	1294	0
1522659944.470119000	0.447005	1294	0
1522659944.470134000	0.44702	74	1
1522659944.470275000	0.447161	1294	0
1522659944.470398000	0.447284	1294	0
1522659944.470411000	0.447297	74	1
1522659944.470469000	0.447355	1294	0
1522659944.470691000	0.447577	1294	0
1522659944.470694000	0.44758	1294	0
1522659944.470708000	0.447594	74	1
1522659944.470972000	0.447858	1294	0
1522659944.471039000	0.447925	1294	0
1522659944.471049000	0.447935	74	1
1522659944.471154000	0.44804	1294	0
1522659944.471263000	0.448149	1294	0
1522659944.471265000	0.448151	1294	0
1522659944.471280000	0.448166	74	1
1522659944.471538000	0.448424	1294	0
1522659944.471541000	0.448427	1294	0
1522659944.471563000	0.448449	74	1
1522659944.471844000	0.44873	1294	0
1522659944.471911000	0.448797	1294	0
1522659944.471922000	0.448808	74	1
1522659944.472009000	0.448895	1294	0
1522659944.472122000	0.449008	1294	0
1522659944.472135000	0.449021	74	1
1522659944.472196000	0.449082	1294	0
1522659944.472289000	0.449175	1294	0
1522659944.472299000	0.449185	74	1
1522659944.472421000	0.449307	1294	0
1522659944.472505000	0.449391	1294	0
1522659944.472507000	0.449393	1294	0
1522659944.472518000	0.449404	74	1
1522659944.472579000	0.449465	1294	0
1522659944.472824000	0.44971	1294	0
1522659944.472826000	0.449712	1294	0
1522659944.472841000	0.449727	74	1
1522659944.472902000	0.449788	1294	0
1522659944.473050000	0.449936	1294	0
1522659944.473052000	0.449938	1294	0
1522659944.473064000	0.44995	74	1
1522659944.473192000	0.450078	1294	0
1522659944.473258000	0.450144	1294	0
1522659944.473269000	0.450155	74	1
1522659944.473324000	0.45021	1294	0
1522659944.473327000	0.450213	834	0
1522659944.473338000	0.450224	74	1
1522659944.482843000	0.459729	1294	0
1522659944.483096000	0.459982	1294	0
1522659944.483124000	0.46001	74	1
1522659944.483189000	0.460075	1294	0
1522659944.483391000	0.460277	1294	0
1522659944.483394000	0.46028	1294	0
1522659944.483411000	0.460297	74	1
1522659944.483685000	0.460571	1294	0
1522659944.483688000	0.460574	1294	0
1522659944.483705000	0.460591	74	1
1522659944.483965000	0.460851	1294	0
1522659944.483967000	0.460853	1294	0
1522659944.483982000	0.460868	74	1
1522659944.484047000	0.460933	1294	0
1522659944.484241000	0.461127	1294	0
1522659944.484243000	0.461129	1294	0
1522659944.484261000	0.461147	74	1
1522659944.484341000	0.461227	1294	0
1522659944.484525000	0.461411	1294	0
1522659944.484539000	0.461425	74	1
1522659944.487699000	0.464585	1294	0
1522659944.487703000	0.464589	1294	0
1522659944.487734000	0.46462	74	1
1522659944.487972000	0.464858	1294	0
1522659944.488252000	0.465138	1294	0
1522659944.488266000	0.465152	74	1
1522659944.488877000	0.465763	1294	0
1522659944.488879000	0.465765	143	0
1522659944.488902000	0.465788	74	1
1522659944.490522000	0.467408	112	1
1522659944.548090000	0.524976	74	0
1522659944.639447000	0.616333	317	1
1522659944.656923000	0.633809	74	0
1522659944.657364000	0.63425	203	0
1522659944.657717000	0.634603	1294	0
1522659944.657737000	0.634623	74	1
1522659944.658012000	0.634898	1294	0
1522659944.658120000	0.635006	1294	0
1522659944.658134000	0.63502	74	1
1522659944.658196000	0.635082	1294	0
1522659944.658301000	0.635187	1294	0
1522659944.658312000	0.635198	74	1
1522659944.658398000	0.635284	1294	0
1522659944.658462000	0.635348	1294	0
1522659944.658473000	0.635359	74	1
1522659944.658531000	0.635417	1294	0
1522659944.658594000	0.63548	1294	0
1522659944.658608000	0.635494	74	1
1522659944.658636000	0.635522	74	1
1522659944.658671000	0.635557	1294	0
1522659944.658674000	0.63556	1294	0
1522659944.658689000	0.635575	74	1
1522659944.658749000	0.635635	1294	0
1522659944.658819000	0.635705	1294	0
1522659944.658836000	0.635722	74	1
1522659944.658898000	0.635784	1294	0
1522659944.658901000	0.635787	1294	0
1522659944.658912000	0.635798	74	1
1522659944.658974000	0.63586	1294	0
1522659944.658977000	0.635863	1294	0
1522659944.658989000	0.635875	74	1
1522659944.659101000	0.635987	1294	0
1522659944.659170000	0.636056	1294	0
1522659944.659173000	0.636059	1294	0
1522659944.659188000	0.636074	74	1
1522659944.659252000	0.636138	1294	0
1522659944.659255000	0.636141	1294	0
1522659944.659265000	0.636151	74	1
1522659944.659378000	0.636264	1294	0
1522659944.659445000	0.636331	1294	0
1522659944.659448000	0.636334	1294	0
1522659944.659459000	0.636345	74	1
1522659944.659520000	0.636406	1294	0
1522659944.659590000	0.636476	1294	0
1522659944.659603000	0.636489	74	1
1522659944.659657000	0.636543	1294	0
1522659944.659765000	0.636651	508	0
1522659944.659775000	0.636661	74	1
1522659944.660100000	0.636986	1294	0
1522659944.660166000	0.637052	350	0
1522659944.660168000	0.637054	112	0
1522659944.660179000	0.637065	74	1
1522659944.660355000	0.637241	112	1
1522659944.703016000	0.679902	145	1
1522659944.726337000	0.703223	74	0
1522659944.726339000	0.703225	200	0
1522659944.726443000	0.703329	362	0
1522659944.726457000	0.703343	74	1
1522659944.727107000	0.703993	112	0
1522659944.727942000	0.704828	112	1
1522659944.784521000	0.761407	74	0
1522659944.947541000	0.924427	360	1
1522659944.966007000	0.942893	74	0
1522659944.987685000	0.964571	140	0
1522659944.987758000	0.964644	104	0
1522659944.987759000	0.964645	112	0
1522659944.987770000	0.964656	74	1
1522659944.988469000	0.965355	112	1
1522659945.042396000	1.01928	144	1
1522659945.046194000	1.02308	74	0
1522659945.049388000	1.02627	377	1
1522659945.056806000	1.03369	159	1
1522659945.060211000	1.0371	74	0
1522659945.066504000	1.04339	74	0
1522659945.072893000	1.04978	74	0
1522659945.078550000	1.05544	171	0
1522659945.078897000	1.05578	1294	0
1522659945.078921000	1.05581	74	1
1522659945.079175000	1.05606	1294	0
1522659945.079407000	1.05629	1294	0
1522659945.079421000	1.05631	74	1
1522659945.079482000	1.05637	1294	0
1522659945.079711000	1.0566	1294	0
1522659945.079713000	1.0566	1294	0
1522659945.079725000	1.05661	74	1
1522659945.079787000	1.05667	1294	0
1522659945.079962000	1.05685	1294	0
1522659945.079971000	1.05686	74	1
1522659945.080033000	1.05692	1294	0
1522659945.080035000	1.05692	1294	0
1522659945.080048000	1.05693	74	1
1522659945.080239000	1.05713	1294	0
1522659945.080535000	1.05742	1294	0
1522659945.080546000	1.05743	74	1
1522659945.080606000	1.05749	1294	0
1522659945.080884000	1.05777	1294	0
1522659945.080887000	1.05777	143	0
1522659945.080888000	1.05777	112	0
1522659945.080902000	1.05779	74	1
1522659945.081076000	1.05796	74	1
1522659945.081447000	1.05833	112	1
1522659945.086816000	1.0637	140	0
1522659945.087419000	1.06431	104	0
1522659945.087432000	1.06432	74	1
1522659945.093077000	1.06996	159	0
1522659945.093429000	1.07032	1294	0
1522659945.093447000	1.07033	74	1
1522659945.093569000	1.07046	802	0
1522659945.139820000	1.11671	74	0
1522659945.160538000	1.13742	188	1
1522659945.176669000	1.15355	74	0
1522659945.222117000	1.199	211	0
1522659945.222119000	1.19901	319	0
1522659945.222150000	1.19904	74	1
1522659945.222223000	1.19911	112	0
1522659945.222523000	1.19941	112	1
1522659945.240463000	1.21735	74	0
1522659945.370526000	1.34741	189	1
1522659945.386648000	1.36353	74	0
1522659945.432516000	1.4094	170	0
1522659945.432633000	1.40952	317	0
1522659945.432635000	1.40952	104	0
1522659945.432637000	1.40952	112	0
1522659945.432662000	1.40955	74	1
1522659945.433055000	1.40994	112	1
1522659945.449185000	1.42607	74	0
1522659945.606308000	1.58319	189	1
1522659945.622827000	1.59971	74	0
1522659945.662008000	1.63889	148	0
1522659945.662010000	1.6389	333	0
1522659945.662047000	1.63893	74	1
1522659945.662127000	1.63901	112	0
1522659945.662491000	1.63938	112	1
1522659945.678366000	1.65525	74	0
1522659945.799242000	1.77613	190	1
1522659945.816433000	1.79332	74	0
1522659945.851641000	1.82853	147	0
1522659945.851643000	1.82853	306	0
1522659945.851684000	1.82857	74	1
1522659945.851754000	1.82864	104	0
1522659945.851756000	1.82864	112	0
1522659945.851778000	1.82866	74	1
1522659945.852176000	1.82906	112	1
1522659945.916643000	1.89353	74	0
1522659946.018104000	1.99499	192	1
1522659946.034117000	2.011	74	0
1522659946.069638000	2.04652	147	0
1522659946.069729000	2.04662	339	0
1522659946.069731000	2.04662	112	0
1522659946.069750000	2.04664	74	1
1522659946.070126000	2.04701	112	1
1522659946.126550000	2.10344	74	0
1522659946.303397000	2.28028	193	1
1522659946.320096000	2.29698	74	0
1522659946.356057000	2.33294	167	0
1522659946.356060000	2.33295	333	0
1522659946.356103000	2.33299	74	1
1522659946.356170000	2.33306	112	0
1522659946.356579000	2.33347	112	1
1522659946.413094000	2.38998	74	0
1522659946.585234000	2.56212	196	1
1522659946.602075000	2.57896	74	0
1522659946.634811000	2.6117	147	0
1522659946.635274000	2.61216	338	0
1522659946.635276000	2.61216	112	0
1522659946.635305000	2.61219	74	1
1522659946.636100000	2.61299	112	1
1522659946.692330000	2.66922	74	0
1522659946.811171000	2.78806	315	1
1522659946.822631000	2.79952	198	1
1522659946.827426000	2.80431	74	0
1522659946.838927000	2.81581	74	0
1522659946.847810000	2.8247	140	0
1522659946.848233000	2.82512	104	0
1522659946.848252000	2.82514	74	1
1522659946.848316000	2.8252	112	0
1522659946.848470000	2.82536	112	1
1522659946.873306000	2.85019	148	0
1522659946.873308000	2.85019	292	0
1522659946.873310000	2.8502	104	0
1522659946.873348000	2.85023	74	1
1522659946.873422000	2.85031	112	0
1522659946.873736000	2.85062	112	1
1522659946.931153000	2.90804	74	0
1522659947.030770000	3.00766	200	1
1522659947.046802000	3.02369	74	0
1522659947.082289000	3.05918	148	0
1522659947.082291000	3.05918	317	0
1522659947.082331000	3.05922	74	1
1522659947.082412000	3.0593	112	0
1522659947.082791000	3.05968	112	1
1522659947.139863000	3.11675	74	0
1522659947.149140000	3.12603	200	1
1522659947.167813000	3.1447	74	0
1522659947.200949000	3.17783	147	0
1522659947.200951000	3.17784	285	0
1522659947.200988000	3.17787	74	1
1522659947.201960000	3.17885	104	0
1522659947.202029000	3.17892	112	0
1522659947.202055000	3.17894	74	1
1522659947.202427000	3.17931	112	1
1522659947.250318000	3.2272	201	1
1522659947.266925000	3.24381	74	0
1522659947.302963000	3.27985	167	0
1522659947.302965000	3.27985	289	0
1522659947.302967000	3.27985	104	0
1522659947.303011000	3.2799	74	1
1522659947.303199000	3.28009	112	0
1522659947.303494000	3.28038	112	1
1522659947.355728000	3.33261	202	1
1522659947.359822000	3.33671	74	0
1522659947.371425000	3.34831	74	0
1522659947.409157000	3.38604	144	0
1522659947.409251000	3.38614	322	0
1522659947.409253000	3.38614	112	0
1522659947.409276000	3.38616	74	1
1522659947.409660000	3.38655	112	1
1522659947.465339000	3.44222	74	0
1522659947.688611000	3.6655	202	1
1522659947.704473000	3.68136	74	0
1522659947.742639000	3.71953	147	0
1522659947.742726000	3.71961	311	0
1522659947.742745000	3.71963	74	1
1522659947.743777000	3.72066	104	0
1522659947.743849000	3.72074	112	0
1522659947.743866000	3.72075	74	1
1522659947.744221000	3.72111	112	1
1522659947.801026000	3.77791	74	0
1522659947.915592000	3.89248	203	1
1522659947.932156000	3.90904	74	0
1522659947.969057000	3.94594	147	0
1522659947.969059000	3.94595	335	0
1522659947.969097000	3.94598	74	1
1522659947.969170000	3.94606	112	0
1522659947.969542000	3.94643	112	1
1522659948.025897000	4.00278	74	0
1522659948.170260000	4.14715	204	1
1522659948.186332000	4.16322	74	0
1522659948.221124000	4.19801	148	0
1522659948.221216000	4.1981	300	0
1522659948.221218000	4.1981	104	0
1522659948.221220000	4.19811	112	0
1522659948.221242000	4.19813	74	1
1522659948.221592000	4.19848	112	1
1522659948.277374000	4.25426	74	0
1522659948.507336000	4.48422	186	1
1522659948.523525000	4.50041	74	0
1522659948.607437000	4.58432	216	0
1522659948.607711000	4.5846	1294	0
1522659948.607730000	4.58462	74	1
1522659948.608001000	4.58489	1294	0
1522659948.608232000	4.58512	1294	0
1522659948.608248000	4.58513	74	1
1522659948.608322000	4.58521	1294	0
1522659948.608532000	4.58542	1294	0
1522659948.608544000	4.58543	74	1
1522659948.608606000	4.58549	1294	0
1522659948.608811000	4.5857	1294	0
1522659948.608825000	4.58571	74	1
1522659948.609064000	4.58595	1182	0
1522659948.626099000	4.60299	1294	0
1522659948.626156000	4.60304	74	1
1522659948.626362000	4.60325	1294	0
1522659948.626550000	4.60344	1294	0
1522659948.626562000	4.60345	74	1
1522659948.626650000	4.60354	1294	0
1522659948.626826000	4.60371	1294	0
1522659948.626837000	4.60372	74	1
1522659948.626917000	4.6038	1294	0
1522659948.626982000	4.60387	1294	0
1522659948.626994000	4.60388	74	1
1522659948.627099000	4.60399	1294	0
1522659948.627210000	4.6041	1294	0
1522659948.627220000	4.60411	74	1
1522659948.627280000	4.60417	1294	0
1522659948.627469000	4.60436	1294	0
1522659948.627480000	4.60437	74	1
1522659948.627747000	4.60463	1294	0
1522659948.628031000	4.60492	1257	0
1522659948.628041000	4.60493	74	1
1522659948.629055000	4.60594	1294	0
1522659948.629285000	4.60617	1294	0
1522659948.629296000	4.60618	74	1
1522659948.629355000	4.60624	1294	0
1522659948.629388000	4.60627	74	1
1522659948.629561000	4.60645	1294	0
1522659948.629626000	4.60651	1294	0
1522659948.629629000	4.60651	418	0
1522659948.629650000	4.60654	86	1
1522659948.629951000	4.60684	1294	0
1522659948.629976000	4.60686	74	1
1522659949.070430000	5.04732	1294	0
1522659949.070583000	5.04747	1294	0
1522659949.070610000	5.0475	74	1
1522659949.070692000	5.04758	1294	0
1522659949.070868000	5.04775	1294	0
1522659949.070879000	5.04777	74	1
1522659949.070955000	5.04784	1294	0
1522659949.071164000	5.04805	1294	0
1522659949.071167000	5.04805	1294	0
1522659949.071186000	5.04807	74	1
1522659949.071251000	5.04814	1294	0
1522659949.071425000	5.04831	1294	0
1522659949.071428000	5.04831	1294	0
1522659949.071452000	5.04834	74	1
1522659949.071528000	5.04841	1294	0
1522659949.071730000	5.04862	1294	0
1522659949.071733000	5.04862	809	0
1522659949.071761000	5.04865	86	1
1522659949.071821000	5.04871	1294	0
1522659949.071837000	5.04872	74	1
1522659949.071897000	5.04878	1294	0
1522659949.071989000	5.04888	1294	0
1522659949.072001000	5.04889	74	1
1522659949.072121000	5.04901	1294	0
1522659949.072184000	5.04907	1294	0
1522659949.072194000	5.04908	74	1
1522659949.072267000	5.04915	1169	0
1522659949.072280000	5.04917	86	1
1522659949.072396000	5.04928	1294	0
1522659949.072409000	5.04929	74	1
1522659949.081302000	5.05819	1294	0
1522659949.081304000	5.05819	1294	0
1522659949.081347000	5.05823	74	1
1522659949.081414000	5.0583	1294	0
1522659949.081548000	5.05843	1294	0
1522659949.081551000	5.05844	1294	0
1522659949.081566000	5.05845	74	1
1522659949.081702000	5.05859	1294	0
1522659949.081823000	5.05871	1294	0
1522659949.081837000	5.05872	74	1
1522659949.081981000	5.05887	1294	0
1522659949.082146000	5.05903	1294	0
1522659949.082149000	5.05904	1294	0
1522659949.082164000	5.05905	74	1
1522659949.082252000	5.05914	1294	0
1522659949.082457000	5.05934	1294	0
1522659949.082470000	5.05936	74	1
1522659949.082548000	5.05943	1294	0
1522659949.082550000	5.05944	160	0
1522659949.082563000	5.05945	74	1
1522659949.084127000	5.06101	1294	0
1522659949.084329000	5.06121	1294	0
1522659949.084343000	5.06123	74	1
1522659949.084405000	5.06129	1294	0
1522659949.084603000	5.06149	1294	0
1522659949.084615000	5.0615	74	1
1522659949.084673000	5.06156	1294	0
1522659949.084903000	5.06179	1294	0
1522659949.084916000	5.0618	74	1
1522659949.084975000	5.06186	1294	0
1522659949.085044000	5.06193	1294	0
1522659949.085055000	5.06194	74	1
1522659949.085175000	5.06206	1294	0
1522659949.085249000	5.06213	1294	0
1522659949.085251000	5.06214	244	0
1522659949.085271000	5.06216	86	1
1522659949.085332000	5.06222	1294	0
1522659949.085346000	5.06223	74	1
1522659949.095107000	5.07199	1294	0
1522659949.095363000	5.07225	1294	0
1522659949.095385000	5.07227	74	1
1522659949.095834000	5.07272	1294	0
1522659949.095913000	5.0728	1294	0
1522659949.095925000	5.07281	74	1
1522659949.095989000	5.07288	1294	0
1522659949.096126000	5.07301	1294	0
1522659949.096128000	5.07301	1294	0
1522659949.096143000	5.07303	74	1
1522659949.096239000	5.07313	1294	0
1522659949.096401000	5.07329	1294	0
1522659949.096415000	5.0733	74	1
1522659949.096516000	5.0734	1294	0
1522659949.096826000	5.07371	1294	0
1522659949.096840000	5.07373	74	1
1522659949.096995000	5.07388	1294	0
1522659949.096997000	5.07388	187	0
1522659949.097020000	5.07391	86	1
1522659949.097080000	5.07397	1294	0
1522659949.097095000	5.07398	74	1
1522659949.099976000	5.07686	1294	0
1522659949.100249000	5.07714	1294	0
1522659949.100266000	5.07715	74	1
1522659949.100325000	5.07721	1294	0
1522659949.100542000	5.07743	1294	0
1522659949.100553000	5.07744	74	1
1522659949.100633000	5.07752	1294	0
1522659949.100709000	5.07759	1294	0
1522659949.100718000	5.0776	74	1
1522659949.100843000	5.07773	1294	0
1522659949.100964000	5.07785	1294	0
1522659949.100976000	5.07786	74	1
1522659949.101039000	5.07792	1294	0
1522659949.101122000	5.07801	1294	0
1522659949.101132000	5.07802	74	1
1522659949.101244000	5.07813	1294	0
1522659949.101304000	5.07819	1294	0
1522659949.101315000	5.0782	74	1
1522659949.101375000	5.07826	1294	0
1522659949.101439000	5.07833	1294	0
1522659949.101450000	5.07834	74	1
1522659949.101520000	5.07841	1294	0
1522659949.101584000	5.07847	1294	0
1522659949.101594000	5.07848	74	1
1522659949.101653000	5.07854	1262	0
1522659949.101656000	5.07854	112	0
1522659949.101667000	5.07855	74	1
1522659949.102094000	5.07898	112	1
1522659949.121460000	5.09835	74	0
1522659949.242676000	5.21956	144	1
1522659949.258910000	5.2358	74	0
1522659949.278177000	5.25506	203	0
1522659949.278509000	5.25539	1294	0
1522659949.278533000	5.25542	74	1
1522659949.278598000	5.25548	1294	0
1522659949.278768000	5.25565	1294	0
1522659949.278782000	5.25567	74	1
1522659949.278841000	5.25573	1294	0
1522659949.278844000	5.25573	1294	0
1522659949.278857000	5.25574	74	1
1522659949.279047000	5.25593	1294	0
1522659949.279114000	5.256	1294	0
1522659949.279124000	5.25601	74	1
1522659949.279324000	5.25621	1294	0
1522659949.279391000	5.25628	1294	0
1522659949.279402000	5.25629	74	1
1522659949.279680000	5.25657	1294	0
1522659949.279684000	5.25657	530	0
1522659949.279686000	5.25657	112	0
1522659949.279701000	5.25659	74	1
1522659949.279817000	5.2567	112	1
1522659949.293627000	5.27051	197	1
1522659949.310559000	5.28745	74	0
1522659949.331155000	5.30804	140	0
1522659949.331158000	5.30804	104	0
1522659949.331213000	5.3081	74	1
1522659949.331279000	5.30817	112	0
1522659949.332042000	5.30893	112	1
1522659949.387665000	5.36455	74	0
1522659949.554163000	5.53105	381	1
1522659949.571018000	5.5479	74	0
1522659949.573013000	5.5499	180	0
1522659949.574020000	5.55091	1294	0
1522659949.574023000	5.55091	1294	0
1522659949.574025000	5.55091	1294	0
1522659949.574027000	5.55091	1294	0
1522659949.574029000	5.55092	1294	0
1522659949.574031000	5.55092	1294	0
1522659949.574034000	5.55092	1294	0
1522659949.574038000	5.55092	1294	0
1522659949.574078000	5.55096	74	1
1522659949.574421000	5.55131	1294	0
1522659949.574423000	5.55131	1294	0
1522659949.574426000	5.55131	1294	0
1522659949.574428000	5.55131	1294	0
1522659949.574430000	5.55132	1294	0
1522659949.574433000	5.55132	1294	0
1522659949.574435000	5.55132	1294	0
1522659949.574438000	5.55132	1294	0
1522659949.574467000	5.55135	74	1
1522659949.574517000	5.5514	74	1
1522659949.575015000	5.5519	1294	0
1522659949.575018000	5.5519	1294	0
1522659949.575020000	5.55191	1294	0
1522659949.575023000	5.55191	1294	0
1522659949.575025000	5.55191	1294	0
1522659949.575027000	5.55191	1294	0
1522659949.575030000	5.55192	1294	0
1522659949.575051000	5.55194	74	1
1522659949.575235000	5.55212	1294	0
1522659949.576014000	5.5529	1294	0
1522659949.576017000	5.5529	1294	0
1522659949.576019000	5.55291	1294	0
1522659949.576021000	5.55291	1294	0
1522659949.576024000	5.55291	1294	0
1522659949.576044000	5.55293	74	1
1522659949.577016000	5.5539	1294	0
1522659949.577019000	5.55391	1294	0
1522659949.577022000	5.55391	1294	0
1522659949.577024000	5.55391	1294	0
1522659949.577026000	5.55391	1294	0
1522659949.577029000	5.55392	1294	0
1522659949.577050000	5.55394	74	1
1522659949.578019000	5.5549	1294	0
1522659949.578022000	5.55491	1294	0
1522659949.578024000	5.55491	1294	0
1522659949.578026000	5.55491	1294	0
1522659949.578028000	5.55491	1294	0
1522659949.578031000	5.55492	1294	0
1522659949.578033000	5.55492	1294	0
1522659949.578036000	5.55492	1294	0
1522659949.578038000	5.55492	1294	0
1522659949.578040000	5.55493	1294	0
1522659949.578077000	5.55496	74	1
1522659949.578477000	5.55536	74	1
1522659949.579020000	5.55591	1294	0
1522659949.579023000	5.55591	1294	0
1522659949.579025000	5.55591	1294	0
1522659949.579028000	5.55591	1294	0
1522659949.579030000	5.55592	1294	0
1522659949.579033000	5.55592	1294	0
1522659949.579035000	5.55592	1294	0
1522659949.579039000	5.55593	1294	0
1522659949.579041000	5.55593	1294	0
1522659949.579044000	5.55593	1294	0
1522659949.579072000	5.55596	74	1
1522659949.579122000	5.55601	74	1
1522659949.580016000	5.5569	1294	0
1522659949.580018000	5.5569	1294	0
1522659949.580021000	5.55691	1294	0
1522659949.580023000	5.55691	1294	0
1522659949.580025000	5.55691	1294	0
1522659949.580027000	5.55691	1294	0
1522659949.580049000	5.55694	74	1
1522659949.581017000	5.5579	1294	0
1522659949.581020000	5.55791	1294	0
1522659949.581022000	5.55791	1294	0
1522659949.581024000	5.55791	1294	0
1522659949.581026000	5.55791	1294	0
1522659949.581029000	5.55791	1294	0
1522659949.581031000	5.55792	1294	0
1522659949.581034000	5.55792	1294	0
1522659949.581060000	5.55795	74	1
1522659949.582018000	5.5589	1294	0
1522659949.582020000	5.55891	1294	0
1522659949.582023000	5.55891	1294	0
1522659949.582025000	5.55891	1294	0
1522659949.582028000	5.55891	1294	0
1522659949.582030000	5.55892	1294	0
1522659949.582032000	5.55892	1294	0
1522659949.582035000	5.55892	1294	0
1522659949.582037000	5.55892	1294	0
1522659949.582040000	5.55893	1294	0
1522659949.582069000	5.55895	74	1
1522659949.582121000	5.55901	74	1
1522659949.583013000	5.5599	627	0
1522659949.583781000	5.56067	112	1
1522659949.598605000	5.57549	174	1
1522659949.615025000	5.59191	74	0
1522659949.637994000	5.61488	214	0
1522659949.638117000	5.615	104	0
1522659949.638119000	5.61501	112	0
1522659949.638141000	5.61503	74	1
1522659949.638496000	5.61538	112	1
1522659949.694255000	5.67114	74	0
1522659949.781317000	5.7582	167	1
1522659949.799037000	5.77592	74	0
1522659949.800025000	5.77691	152	0
1522659949.800499000	5.77738	112	1
1522659949.846404000	5.82329	392	1
1522659949.857035000	5.83392	74	0
1522659949.876042000	5.85293	74	0
1522659949.897033000	5.87392	140	0
1522659949.897035000	5.87392	104	0
1522659949.897036000	5.87392	112	0
1522659949.897061000	5.87395	74	1
1522659949.897763000	5.87465	112	1
1522659949.965107000	5.94199	74	0
1522659951.718438000	7.69532	462	1
1522659951.734907000	7.71179	74	0
1522659951.755142000	7.73203	140	0
1522659951.755143000	7.73203	104	0
1522659951.755172000	7.73206	74	1
1522659951.755439000	7.73233	112	0
1522659951.755595000	7.73248	112	1
1522659951.811425000	7.78831	74	0
1522659954.894996000	10.8719	347	1
1522659954.913439000	10.8903	74	0
1522659954.934104000	10.911	140	0
1522659954.934106000	10.911	104	0
1522659954.934126000	10.911	74	1
1522659954.934696000	10.9116	112	0
1522659954.934946000	10.9118	112	1
1522659954.991716000	10.9686	74	0
