1522726553.871222000	0	315	1
1522726553.884418000	0.013196	74	0
1522726553.905711000	0.0344889	140	0
1522726553.905717000	0.0344949	104	0
1522726553.905719000	0.034497	112	0
1522726553.905774000	0.0345521	74	1
1522726553.906141000	0.034919	112	1
1522726553.964342000	0.0931201	74	0
1522726556.164905000	2.29368	188	1
1522726556.189148000	2.31793	74	0
1522726556.234140000	2.36292	233	0
1522726556.234242000	2.36302	305	0
1522726556.234244000	2.36302	104	0
1522726556.234246000	2.36302	112	0
1522726556.234270000	2.36305	74	1
1522726556.234653000	2.36343	112	1
1522726556.257136000	2.38591	74	0
1522726556.402854000	2.53163	189	1
1522726556.416722000	2.5455	74	0
1522726556.455018000	2.5838	167	0
1522726556.455020000	2.5838	335	0
1522726556.455055000	2.58383	74	1
1522726556.455135000	2.58391	112	0
1522726556.455498000	2.58428	112	1
1522726556.506708000	2.63549	74	0
1522726556.702540000	2.83132	189	1
1522726556.715359000	2.84414	74	0
1522726556.752659000	2.88144	148	0
1522726556.752745000	2.88152	321	0
1522726556.752747000	2.88153	112	0
1522726556.752764000	2.88154	74	1
1522726556.753085000	2.88186	112	1
1522726556.828804000	2.95758	74	0
1522726556.968166000	3.09694	190	1
1522726556.980856000	3.10963	74	0
1522726557.013330000	3.14211	147	0
1522726557.013424000	3.1422	336	0
1522726557.013426000	3.1422	112	0
1522726557.013451000	3.14223	74	1
1522726557.013827000	3.14261	112	1
1522726557.068246000	3.19702	74	0
1522726557.330115000	3.45889	192	1
1522726557.342409000	3.47119	74	0
1522726557.376096000	3.50487	148	0
1522726557.376202000	3.50498	333	0
1522726557.376204000	3.50498	112	0
1522726557.376224000	3.505	74	1
1522726557.376556000	3.50533	112	1
1522726557.419336000	3.54811	193	1
1522726557.429021000	3.5578	74	0
1522726557.434010000	3.56279	74	0
1522726557.471704000	3.60048	171	0
1522726557.471798000	3.60058	322	0
1522726557.471800000	3.60058	112	0
1522726557.471819000	3.6006	74	1
1522726557.472240000	3.60102	112	1
1522726557.523690000	3.65247	74	0
1522726557.725563000	3.85434	193	1
1522726557.752816000	3.88159	74	0
1522726557.790607000	3.91938	148	0
1522726557.790702000	3.91948	323	0
1522726557.790704000	3.91948	112	0
1522726557.790722000	3.9195	74	1
1522726557.791093000	3.91987	112	1
1522726557.846245000	3.97502	74	0
1522726557.872139000	4.00092	194	1
1522726557.884548000	4.01333	74	0
1522726557.918371000	4.04715	148	0
1522726557.918373000	4.04715	318	0
1522726557.918412000	4.04719	74	1
1522726557.918482000	4.04726	112	0
1522726557.918880000	4.04766	112	1
1522726557.973073000	4.10185	74	0
1522726558.196529000	4.32531	195	1
1522726558.217518000	4.3463	74	0
1522726558.252312000	4.38109	147	0
1522726558.252411000	4.38119	316	0
1522726558.252413000	4.38119	112	0
1522726558.252432000	4.38121	74	1
1522726558.252715000	4.38149	112	1
1522726558.288353000	4.41713	198	1
1522726558.305864000	4.43464	74	0
1522726558.307914000	4.43669	74	0
1522726558.341233000	4.47001	148	0
1522726558.341236000	4.47001	287	0
1522726558.341238000	4.47002	104	0
1522726558.341281000	4.47006	74	1
1522726558.341620000	4.4704	112	0
1522726558.341736000	4.47051	112	1
1522726558.395475000	4.52425	74	0
1522726558.564820000	4.6936	198	1
1522726558.577770000	4.70655	74	0
1522726558.608954000	4.73773	170	0
1522726558.608956000	4.73773	275	0
1522726558.608958000	4.73774	104	0
1522726558.609010000	4.73779	74	1
1522726558.609094000	4.73787	112	0
1522726558.609462000	4.73824	112	1
1522726558.662329000	4.79111	74	0
1522726558.829827000	4.95861	199	1
1522726558.844682000	4.97346	74	0
1522726558.877847000	5.00662	148	0
1522726558.877940000	5.00672	271	0
1522726558.877942000	5.00672	104	0
1522726558.877944000	5.00672	112	0
1522726558.877964000	5.00674	74	1
1522726558.878358000	5.00714	112	1
1522726558.930669000	5.05945	74	0
1522726558.942400000	5.07118	200	1
1522726558.955309000	5.08409	74	0
1522726558.993230000	5.12201	148	0
1522726558.993694000	5.12247	319	0
1522726558.993709000	5.12249	74	1
1522726558.994427000	5.1232	112	0
1522726558.994608000	5.12339	112	1
1522726559.052683000	5.18146	74	0
1522726559.109183000	5.23796	202	1
1522726559.123564000	5.25234	74	0
1522726559.160914000	5.28969	147	0
1522726559.160917000	5.2897	326	0
1522726559.160958000	5.28974	74	1
1522726559.161040000	5.28982	112	0
1522726559.161381000	5.29016	112	1
1522726559.183112000	5.31189	202	1
1522726559.195457000	5.32423	74	0
1522726559.231033000	5.35981	147	0
1522726559.231036000	5.35981	295	0
1522726559.231038000	5.35982	104	0
1522726559.231090000	5.35987	74	1
1522726559.231160000	5.35994	112	0
1522726559.231606000	5.36038	112	1
1522726559.283109000	5.41189	203	1
1522726559.284221000	5.413	74	0
1522726559.297672000	5.42645	74	0
1522726559.335708000	5.46449	144	0
1522726559.335801000	5.46458	325	0
1522726559.335804000	5.46458	112	0
1522726559.335824000	5.4646	74	1
1522726559.336211000	5.46499	112	1
1522726559.392838000	5.52162	204	1
1522726559.393745000	5.52252	74	0
1522726559.416740000	5.54552	74	0
1522726559.452964000	5.58174	167	0
1522726559.452966000	5.58174	325	0
1522726559.453008000	5.58179	74	1
1522726559.453092000	5.58187	112	0
1522726559.453444000	5.58222	112	1
1522726559.505982000	5.63476	74	0
1522726559.605179000	5.73396	205	1
1522726559.617636000	5.74641	74	0
1522726559.652641000	5.78142	144	0
1522726559.652643000	5.78142	296	0
1522726559.652645000	5.78142	104	0
1522726559.652691000	5.78147	74	1
1522726559.652772000	5.78155	112	0
1522726559.653131000	5.78191	112	1
1522726559.705077000	5.83385	74	0
1522726559.925499000	6.05428	186	1
1522726559.937990000	6.06677	74	0
1522726560.022180000	6.15096	216	0
1522726560.022473000	6.15125	1294	0
1522726560.022496000	6.15127	74	1
1522726560.022759000	6.15154	1294	0
1522726560.022846000	6.15162	1294	0
1522726560.022865000	6.15164	74	1
1522726560.023024000	6.1518	1294	0
1522726560.023108000	6.15189	1294	0
1522726560.023118000	6.1519	74	1
1522726560.023314000	6.15209	1294	0
1522726560.023606000	6.15238	1294	0
1522726560.023620000	6.1524	74	1
1522726560.023843000	6.15262	1192	0
1522726560.024970000	6.15375	1294	0
1522726560.024999000	6.15378	74	1
1522726560.025252000	6.15403	1294	0
1522726560.025319000	6.1541	1294	0
1522726560.025329000	6.15411	74	1
1522726560.025389000	6.15417	1294	0
1522726560.025541000	6.15432	1294	0
1522726560.025558000	6.15434	74	1
1522726560.025574000	6.15435	1294	0
1522726560.025640000	6.15442	1294	0
1522726560.025650000	6.15443	74	1
1522726560.025804000	6.15458	1294	0
1522726560.025870000	6.15465	1294	0
1522726560.025882000	6.15466	74	1
1522726560.025941000	6.15472	1294	0
1522726560.026110000	6.15489	1294	0
1522726560.026124000	6.1549	74	1
1522726560.026181000	6.15496	1294	0
1522726560.026248000	6.15503	1294	0
1522726560.026259000	6.15504	74	1
1522726560.026317000	6.15509	895	0
1522726560.026512000	6.15529	1294	0
1522726560.026525000	6.1553	74	1
1522726560.026584000	6.15536	1294	0
1522726560.026587000	6.15536	1294	0
1522726560.026600000	6.15538	74	1
1522726560.026827000	6.15561	1294	0
1522726560.026895000	6.15567	1294	0
1522726560.026907000	6.15568	74	1
1522726560.026969000	6.15575	773	0
1522726560.231812000	6.36059	74	1
1522726560.241153000	6.36993	86	1
1522726560.292574000	6.42135	1294	0
1522726560.292768000	6.42155	1294	0
1522726560.292793000	6.42157	74	1
1522726560.292871000	6.42165	1294	0
1522726560.293036000	6.42181	1294	0
1522726560.293047000	6.42182	74	1
1522726560.293128000	6.42191	1294	0
1522726560.293130000	6.42191	1294	0
1522726560.293152000	6.42193	74	1
1522726560.293211000	6.42199	1294	0
1522726560.293320000	6.4221	1294	0
1522726560.293336000	6.42211	74	1
1522726560.293412000	6.42219	1294	0
1522726560.293415000	6.42219	1294	0
1522726560.293425000	6.4222	74	1
1522726560.293615000	6.42239	1294	0
1522726560.293683000	6.42246	1294	0
1522726560.293694000	6.42247	74	1
1522726560.293756000	6.42253	1294	0
1522726560.293758000	6.42254	337	0
1522726560.293777000	6.42255	74	1
1522726560.300640000	6.42942	1294	0
1522726560.300894000	6.42967	1294	0
1522726560.300916000	6.42969	74	1
1522726560.301011000	6.42979	1294	0
1522726560.301199000	6.42998	1294	0
1522726560.301219000	6.43	74	1
1522726560.301286000	6.43006	1294	0
1522726560.301462000	6.43024	1294	0
1522726560.301473000	6.43025	74	1
1522726560.301575000	6.43035	1294	0
1522726560.301584000	6.43036	1294	0
1522726560.301599000	6.43038	74	1
1522726560.301754000	6.43053	1294	0
1522726560.302036000	6.43081	1294	0
1522726560.302050000	6.43083	74	1
1522726560.302122000	6.4309	585	0
1522726560.318181000	6.44696	1294	0
1522726560.318220000	6.447	74	1
1522726560.318433000	6.44721	1294	0
1522726560.318558000	6.44734	1294	0
1522726560.318570000	6.44735	74	1
1522726560.318727000	6.4475	1294	0
1522726560.318839000	6.44762	1294	0
1522726560.318850000	6.44763	74	1
1522726560.318977000	6.44776	1294	0
1522726560.319042000	6.44782	1294	0
1522726560.319054000	6.44783	74	1
1522726560.319132000	6.44791	1294	0
1522726560.319262000	6.44804	1294	0
1522726560.319277000	6.44806	74	1
1522726560.319345000	6.44812	1294	0
1522726560.319411000	6.44819	1294	0
1522726560.319421000	6.4482	74	1
1522726560.319530000	6.44831	1294	0
1522726560.319596000	6.44837	1294	0
1522726560.319599000	6.44838	187	0
1522726560.319610000	6.44839	74	1
1522726560.321193000	6.44997	1294	0
1522726560.321484000	6.45026	1294	0
1522726560.321496000	6.45027	74	1
1522726560.321575000	6.45035	1294	0
1522726560.321759000	6.45054	1294	0
1522726560.321770000	6.45055	74	1
1522726560.321855000	6.45063	1294	0
1522726560.322038000	6.45082	1294	0
1522726560.322049000	6.45083	74	1
1522726560.322147000	6.45092	1294	0
1522726560.322328000	6.45111	1294	0
1522726560.322339000	6.45112	74	1
1522726560.322424000	6.4512	1294	0
1522726560.322631000	6.45141	1294	0
1522726560.322647000	6.45143	74	1
1522726560.322714000	6.45149	1294	0
1522726560.322716000	6.45149	1294	0
1522726560.322728000	6.45151	74	1
1522726560.322921000	6.4517	1294	0
1522726560.322930000	6.45171	901	0
1522726560.322949000	6.45173	74	1
1522726560.323009000	6.45179	1294	0
1522726560.323185000	6.45196	1294	0
1522726560.323197000	6.45197	74	1
1522726560.323274000	6.45205	1294	0
1522726560.323277000	6.45205	149	0
1522726560.323278000	6.45206	142	0
1522726560.323289000	6.45207	74	1
1522726560.323393000	6.45217	112	1
1522726560.337944000	6.46672	74	0
1522726560.457285000	6.58606	144	1
1522726560.470324000	6.5991	74	0
1522726560.489399000	6.61818	203	0
1522726560.489734000	6.61851	1294	0
1522726560.489762000	6.61854	74	1
1522726560.489903000	6.61868	1294	0
1522726560.490006000	6.61878	1294	0
1522726560.490018000	6.6188	74	1
1522726560.490180000	6.61896	1294	0
1522726560.490288000	6.61907	1294	0
1522726560.490299000	6.61908	74	1
1522726560.490358000	6.61914	1294	0
1522726560.490490000	6.61927	1294	0
1522726560.490502000	6.61928	74	1
1522726560.490581000	6.61936	1294	0
1522726560.490647000	6.61943	1294	0
1522726560.490660000	6.61944	74	1
1522726560.490886000	6.61966	1294	0
1522726560.490949000	6.61973	500	0
1522726560.490960000	6.61974	74	1
1522726560.506584000	6.63536	104	0
1522726560.506688000	6.63547	112	0
1522726560.506707000	6.63548	74	1
1522726560.514476000	6.64325	198	1
1522726560.515043000	6.64382	112	1
1522726560.528051000	6.65683	74	0
1522726560.600727000	6.72951	140	0
1522726560.601928000	6.73071	104	0
1522726560.601956000	6.73073	74	1
1522726560.602021000	6.7308	112	0
1522726560.602302000	6.73108	112	1
1522726560.654603000	6.78338	74	0
1522726560.701304000	6.83008	353	1
1522726560.714107000	6.84289	74	0
1522726560.714796000	6.84357	201	0
1522726560.715797000	6.84457	1294	0
1522726560.715799000	6.84458	1294	0
1522726560.715801000	6.84458	1294	0
1522726560.715803000	6.84458	1294	0
1522726560.715805000	6.84458	1294	0
1522726560.715807000	6.84458	1294	0
1522726560.715838000	6.84462	74	1
1522726560.716190000	6.84497	1294	0
1522726560.716192000	6.84497	1294	0
1522726560.716195000	6.84497	1294	0
1522726560.716196000	6.84497	1294	0
1522726560.716198000	6.84498	1294	0
1522726560.716200000	6.84498	1294	0
1522726560.716222000	6.845	74	1
1522726560.716798000	6.84558	1294	0
1522726560.716800000	6.84558	1294	0
1522726560.716802000	6.84558	1294	0
1522726560.716804000	6.84558	1294	0
1522726560.716807000	6.84558	1294	0
1522726560.716809000	6.84559	1294	0
1522726560.716811000	6.84559	1294	0
1522726560.716814000	6.84559	1294	0
1522726560.716816000	6.84559	1294	0
1522726560.716819000	6.8456	1294	0
1522726560.716846000	6.84562	74	1
1522726560.716910000	6.84569	74	1
1522726560.717799000	6.84658	1294	0
1522726560.717801000	6.84658	1294	0
1522726560.717803000	6.84658	1294	0
1522726560.717806000	6.84658	1294	0
1522726560.717808000	6.84659	1294	0
1522726560.717810000	6.84659	1294	0
1522726560.717813000	6.84659	1294	0
1522726560.717815000	6.84659	1294	0
1522726560.717818000	6.8466	1294	0
1522726560.717820000	6.8466	1294	0
1522726560.717844000	6.84662	74	1
1522726560.717889000	6.84667	74	1
1522726560.718799000	6.84758	508	0
1522726560.718801000	6.84758	1294	0
1522726560.718803000	6.84758	1294	0
1522726560.718805000	6.84758	1294	0
1522726560.718808000	6.84759	1294	0
1522726560.718810000	6.84759	1294	0
1522726560.718812000	6.84759	1294	0
1522726560.718816000	6.84759	1294	0
1522726560.718818000	6.8476	1294	0
1522726560.718820000	6.8476	1294	0
1522726560.718845000	6.84762	74	1
1522726560.718888000	6.84767	74	1
1522726560.719799000	6.84858	1294	0
1522726560.719801000	6.84858	1294	0
1522726560.719803000	6.84858	1294	0
1522726560.719806000	6.84858	1294	0
1522726560.719808000	6.84859	1294	0
1522726560.719810000	6.84859	1294	0
1522726560.719813000	6.84859	1294	0
1522726560.719815000	6.84859	1294	0
1522726560.719818000	6.8486	1294	0
1522726560.719820000	6.8486	1294	0
1522726560.719850000	6.84863	74	1
1522726560.719904000	6.84868	74	1
1522726560.720799000	6.84958	1294	0
1522726560.720801000	6.84958	1294	0
1522726560.720804000	6.84958	1294	0
1522726560.720806000	6.84958	1294	0
1522726560.720809000	6.84959	1294	0
1522726560.720811000	6.84959	1294	0
1522726560.720814000	6.84959	1294	0
1522726560.720816000	6.84959	1294	0
1522726560.720819000	6.8496	508	0
1522726560.720821000	6.8496	1294	0
1522726560.720847000	6.84962	74	1
1522726560.720899000	6.84968	74	1
1522726560.721799000	6.85058	1294	0
1522726560.721801000	6.85058	1294	0
1522726560.721804000	6.85058	1294	0
1522726560.721806000	6.85058	1294	0
1522726560.721808000	6.85059	1294	0
1522726560.721811000	6.85059	1294	0
1522726560.721813000	6.85059	1294	0
1522726560.721816000	6.85059	1294	0
1522726560.721818000	6.8506	1294	0
1522726560.721821000	6.8506	776	0
1522726560.721845000	6.85062	74	1
1522726560.721890000	6.85067	74	1
1522726560.722065000	6.85084	112	1
1522726560.746272000	6.87505	175	1
1522726560.758566000	6.88734	74	0
1522726560.784807000	6.91358	216	0
1522726560.784809000	6.91359	104	0
1522726560.784811000	6.91359	112	0
1522726560.784858000	6.91364	74	1
1522726560.785223000	6.914	112	1
1522726560.840801000	6.96958	74	0
1522726560.921371000	7.05015	166	1
1522726560.934807000	7.06359	74	0
1522726560.934809000	7.06359	152	0
1522726560.935204000	7.06398	112	1
1522726560.982432000	7.11121	369	1
1522726560.992508000	7.12129	74	0
1522726560.996114000	7.12489	74	0
1522726561.017248000	7.14603	142	0
1522726561.017250000	7.14603	104	0
1522726561.017273000	7.14605	74	1
1522726561.017810000	7.14659	112	0
1522726561.017944000	7.14672	112	1
1522726561.079740000	7.20852	74	0
1522726561.922721000	8.0515	347	1
1522726561.935409000	8.06419	74	0
1522726561.955899000	8.08468	142	0
1522726561.955901000	8.08468	104	0
1522726561.955926000	8.0847	74	1
1522726561.956726000	8.0855	112	0
1522726561.956840000	8.08562	112	1
1522726562.014255000	8.14303	74	0
1522726562.881300000	9.01008	360	1
1522726562.893875000	9.02265	74	0
1522726562.915251000	9.04403	142	0
1522726562.915253000	9.04403	104	0
1522726562.915277000	9.04405	74	1
1522726562.915533000	9.04431	112	0
1522726562.915679000	9.04446	112	1
1522726562.970181000	9.09896	74	0
