1522716511.686891000	0	321	1
1522716511.700169000	0.013278	74	0
1522716511.720687000	0.0337958	140	0
1522716511.721054000	0.034163	104	0
1522716511.721069000	0.034178	74	1
1522716511.721138000	0.0342469	112	0
1522716511.721785000	0.034894	112	1
1522716511.774107000	0.0872159	74	0
1522716514.022780000	2.33589	188	1
1522716514.035384000	2.34849	74	0
1522716514.075219000	2.38833	233	0
1522716514.075384000	2.38849	337	0
1522716514.075391000	2.3885	112	0
1522716514.075421000	2.38853	74	1
1522716514.075740000	2.38885	112	1
1522716514.088164000	2.40127	74	0
1522716514.128509000	2.44162	189	1
1522716514.140828000	2.45394	74	0
1522716514.179228000	2.49234	148	0
1522716514.179335000	2.49244	547	0
1522716514.179338000	2.49245	112	0
1522716514.179362000	2.49247	74	1
1522716514.179789000	2.4929	112	1
1522716514.231999000	2.54511	74	0
1522716514.464335000	2.77744	189	1
1522716514.478336000	2.79145	74	0
1522716514.514482000	2.82759	148	0
1522716514.514484000	2.82759	332	0
1522716514.514525000	2.82763	74	1
1522716514.514610000	2.82772	112	0
1522716514.514947000	2.82806	112	1
1522716514.567045000	2.88015	74	0
1522716514.637429000	2.95054	190	1
1522716514.650982000	2.96409	74	0
1522716514.686468000	2.99958	170	0
1522716514.686885000	2.99999	344	0
1522716514.686887000	3	112	0
1522716514.686903000	3.00001	74	1
1522716514.687689000	3.0008	112	1
1522716514.740987000	3.0541	74	0
1522716514.908410000	3.22152	192	1
1522716514.921291000	3.2344	74	0
1522716514.957983000	3.27109	147	0
1522716514.958085000	3.27119	341	0
1522716514.958086000	3.27119	112	0
1522716514.958104000	3.27121	74	1
1522716514.958386000	3.27149	112	1
1522716515.003977000	3.31709	193	1
1522716515.011176000	3.32429	74	0
1522716515.016971000	3.33008	74	0
1522716515.053164000	3.36627	148	0
1522716515.053167000	3.36628	327	0
1522716515.053207000	3.36632	74	1
1522716515.053273000	3.36638	112	0
1522716515.053657000	3.36677	112	1
1522716515.105994000	3.4191	74	0
1522716515.309221000	3.62233	193	1
1522716515.321774000	3.63488	74	0
1522716515.356317000	3.66943	148	0
1522716515.356738000	3.66985	298	0
1522716515.356740000	3.66985	104	0
1522716515.356763000	3.66987	74	1
1522716515.356827000	3.66994	112	0
1522716515.357037000	3.67015	112	1
1522716515.408869000	3.72198	74	0
1522716515.412240000	3.72535	195	1
1522716515.424741000	3.73785	74	0
1522716515.458473000	3.77158	144	0
1522716515.458475000	3.77158	328	0
1522716515.458525000	3.77163	74	1
1522716515.458612000	3.77172	112	0
1522716515.458995000	3.7721	112	1
1522716515.511806000	3.82491	74	0
1522716515.522817000	3.83593	196	1
1522716515.535566000	3.84868	74	0
1522716515.567563000	3.88067	144	0
1522716515.567665000	3.88077	302	0
1522716515.567667000	3.88078	104	0
1522716515.567669000	3.88078	112	0
1522716515.567694000	3.8808	74	1
1522716515.568052000	3.88116	112	1
1522716515.620057000	3.93317	74	0
1522716515.745785000	4.05889	198	1
1522716515.761450000	4.07456	74	0
1522716515.795002000	4.10811	170	0
1522716515.795119000	4.10823	312	0
1522716515.795121000	4.10823	104	0
1522716515.795146000	4.10825	74	1
1522716515.795449000	4.10856	112	0
1522716515.795671000	4.10878	112	1
1522716515.841306000	4.15441	198	1
1522716515.848245000	4.16135	74	0
1522716515.853535000	4.16664	74	0
1522716515.888426000	4.20153	148	0
1522716515.888428000	4.20154	313	0
1522716515.888465000	4.20157	74	1
1522716515.888536000	4.20164	112	0
1522716515.888883000	4.20199	112	1
1522716515.941195000	4.2543	74	0
1522716516.092892000	4.406	199	1
1522716516.106522000	4.41963	74	0
1522716516.142784000	4.45589	148	0
1522716516.142786000	4.45589	310	0
1522716516.142839000	4.45595	74	1
1522716516.142921000	4.45603	112	0
1522716516.143300000	4.45641	112	1
1522716516.195501000	4.50861	74	0
1522716516.328236000	4.64135	201	1
1522716516.341022000	4.65413	74	0
1522716516.375783000	4.68889	148	0
1522716516.375890000	4.689	311	0
1522716516.375892000	4.689	112	0
1522716516.375915000	4.68902	74	1
1522716516.376315000	4.68942	112	1
1522716516.428277000	4.74139	74	0
1522716516.488592000	4.8017	202	1
1522716516.501188000	4.8143	74	0
1522716516.536317000	4.84943	147	0
1522716516.536419000	4.84953	286	0
1522716516.536420000	4.84953	104	0
1522716516.536422000	4.84953	112	0
1522716516.536440000	4.84955	74	1
1522716516.536815000	4.84992	112	1
1522716516.589395000	4.9025	74	0
1522716516.635568000	4.94868	202	1
1522716516.648484000	4.96159	74	0
1522716516.687457000	5.00057	167	0
1522716516.687544000	5.00065	328	0
1522716516.687546000	5.00065	112	0
1522716516.687569000	5.00068	74	1
1522716516.687911000	5.00102	112	1
1522716516.730774000	5.04388	203	1
1522716516.741007000	5.05412	74	0
1522716516.743564000	5.05667	74	0
1522716516.784518000	5.09763	144	0
1522716516.784521000	5.09763	332	0
1522716516.784572000	5.09768	74	1
1522716516.784654000	5.09776	112	0
1522716516.784987000	5.0981	112	1
1522716516.797999000	5.11111	74	0
1522716517.009771000	5.32288	204	1
1522716517.022115000	5.33522	74	0
1522716517.065443000	5.37855	148	0
1522716517.065445000	5.37855	301	0
1522716517.065493000	5.3786	74	1
1522716517.066256000	5.37936	104	0
1522716517.066702000	5.37981	112	0
1522716517.066715000	5.37982	74	1
1522716517.066964000	5.38007	112	1
1522716517.079732000	5.39284	74	0
1522716517.133229000	5.44634	186	1
1522716517.145787000	5.4589	74	0
1522716517.232258000	5.54537	216	0
1522716517.232559000	5.54567	1294	0
1522716517.232579000	5.54569	74	1
1522716517.232643000	5.54575	1294	0
1522716517.232840000	5.54595	1294	0
1522716517.232854000	5.54596	74	1
1522716517.232931000	5.54604	1294	0
1522716517.233134000	5.54624	1294	0
1522716517.233150000	5.54626	74	1
1522716517.233210000	5.54632	1294	0
1522716517.233402000	5.54651	1294	0
1522716517.233415000	5.54652	74	1
1522716517.233626000	5.54673	1040	0
1522716517.251664000	5.56477	1294	0
1522716517.251723000	5.56483	74	1
1522716517.251877000	5.56499	1294	0
1522716517.251945000	5.56505	1294	0
1522716517.251956000	5.56506	74	1
1522716517.252164000	5.56527	1294	0
1522716517.252249000	5.56536	1294	0
1522716517.252261000	5.56537	74	1
1522716517.252320000	5.56543	1294	0
1522716517.252439000	5.56555	1294	0
1522716517.252449000	5.56556	74	1
1522716517.252527000	5.56564	1294	0
1522716517.252591000	5.5657	1294	0
1522716517.252602000	5.56571	74	1
1522716517.252734000	5.56584	1294	0
1522716517.252829000	5.56594	1294	0
1522716517.252842000	5.56595	74	1
1522716517.253012000	5.56612	1294	0
1522716517.253014000	5.56612	230	0
1522716517.253038000	5.56615	86	1
1522716517.253159000	5.56627	1294	0
1522716517.253174000	5.56628	74	1
1522716517.253642000	5.56675	1294	0
1522716517.253915000	5.56702	1294	0
1522716517.253935000	5.56704	74	1
1522716517.254029000	5.56714	1294	0
1522716517.254322000	5.56743	1294	0
1522716517.254341000	5.56745	74	1
1522716517.254529000	5.56764	1294	0
1522716517.254594000	5.5677	1294	0
1522716517.254597000	5.56771	345	0
1522716517.254608000	5.56772	74	1
1522716517.702762000	6.01587	1294	0
1522716517.702766000	6.01587	1294	0
1522716517.702832000	6.01594	74	1
1522716517.702992000	6.0161	1294	0
1522716517.703023000	6.01613	1294	0
1522716517.703040000	6.01615	74	1
1522716517.703288000	6.0164	1294	0
1522716517.703290000	6.0164	1294	0
1522716517.703303000	6.01641	74	1
1522716517.703386000	6.01649	1294	0
1522716517.703634000	6.01674	1294	0
1522716517.703637000	6.01675	1294	0
1522716517.703641000	6.01675	1294	0
1522716517.703665000	6.01677	74	1
1522716517.703843000	6.01695	1294	0
1522716517.703845000	6.01695	1294	0
1522716517.703862000	6.01697	74	1
1522716517.703926000	6.01704	1294	0
1522716517.703928000	6.01704	525	0
1522716517.703947000	6.01706	74	1
1522716517.705067000	6.01818	1294	0
1522716517.705290000	6.0184	1294	0
1522716517.705309000	6.01842	74	1
1522716517.705378000	6.01849	1294	0
1522716517.705678000	6.01879	1294	0
1522716517.705702000	6.01881	74	1
1522716517.705830000	6.01894	917	0
1522716517.717506000	6.03061	1294	0
1522716517.717552000	6.03066	74	1
1522716517.717734000	6.03084	1294	0
1522716517.717805000	6.03091	1294	0
1522716517.717818000	6.03093	74	1
1522716517.718034000	6.03114	1294	0
1522716517.718102000	6.03121	1294	0
1522716517.718113000	6.03122	74	1
1522716517.718362000	6.03147	1294	0
1522716517.718365000	6.03147	1294	0
1522716517.718380000	6.03149	74	1
1522716517.718440000	6.03155	1294	0
1522716517.718510000	6.03162	1294	0
1522716517.718519000	6.03163	74	1
1522716517.718606000	6.03171	1294	0
1522716517.718673000	6.03178	1294	0
1522716517.718684000	6.03179	74	1
1522716517.718745000	6.03185	1294	0
1522716517.718748000	6.03186	306	0
1522716517.718767000	6.03188	86	1
1522716517.718893000	6.032	1294	0
1522716517.718896000	6.032	1294	0
1522716517.718912000	6.03202	74	1
1522716517.718972000	6.03208	1294	0
1522716517.718981000	6.03209	74	1
1522716517.719040000	6.03215	1294	0
1522716517.719042000	6.03215	237	0
1522716517.719053000	6.03216	86	1
1522716517.719228000	6.03234	1294	0
1522716517.719242000	6.03235	74	1
1522716517.731368000	6.04448	86	1
1522716517.732007000	6.04512	1294	0
1522716517.732108000	6.04522	1294	0
1522716517.732122000	6.04523	74	1
1522716517.732340000	6.04545	1294	0
1522716517.732348000	6.04546	1294	0
1522716517.732368000	6.04548	74	1
1522716517.732429000	6.04554	1294	0
1522716517.732604000	6.04571	1294	0
1522716517.732606000	6.04571	1294	0
1522716517.732623000	6.04573	74	1
1522716517.732680000	6.04579	1294	0
1522716517.732881000	6.04599	1294	0
1522716517.732883000	6.04599	1294	0
1522716517.732897000	6.04601	74	1
1522716517.732957000	6.04607	1294	0
1522716517.733123000	6.04623	1294	0
1522716517.733138000	6.04625	74	1
1522716517.733197000	6.04631	1294	0
1522716517.733199000	6.04631	187	0
1522716517.733223000	6.04633	74	1
1522716517.738332000	6.05144	1294	0
1522716517.738432000	6.05154	1294	0
1522716517.738448000	6.05156	74	1
1522716517.738614000	6.05172	1294	0
1522716517.738686000	6.0518	1294	0
1522716517.738708000	6.05182	74	1
1522716517.738904000	6.05201	1294	0
1522716517.738972000	6.05208	1294	0
1522716517.738985000	6.05209	74	1
1522716517.739047000	6.05216	1294	0
1522716517.739180000	6.05229	1294	0
1522716517.739194000	6.0523	74	1
1522716517.739259000	6.05237	1294	0
1522716517.739324000	6.05243	1294	0
1522716517.739334000	6.05244	74	1
1522716517.739546000	6.05265	1294	0
1522716517.739549000	6.05266	1294	0
1522716517.739564000	6.05267	74	1
1522716517.739624000	6.05273	1294	0
1522716517.739820000	6.05293	1294	0
1522716517.739833000	6.05294	74	1
1522716517.740108000	6.05322	1294	0
1522716517.740253000	6.05336	1172	0
1522716517.740273000	6.05338	86	1
1522716517.740543000	6.05365	1294	0
1522716517.740545000	6.05365	142	0
1522716517.740561000	6.05367	74	1
1522716517.740726000	6.05383	112	1
1522716517.755014000	6.06812	74	0
1522716517.880592000	6.1937	197	1
1522716517.893621000	6.20673	74	0
1522716517.914869000	6.22798	140	0
1522716517.914872000	6.22798	104	0
1522716517.914927000	6.22804	74	1
1522716517.914994000	6.2281	112	0
1522716517.915955000	6.22906	112	1
1522716517.968186000	6.28129	74	0
1522716518.076786000	6.38989	372	1
1522716518.090172000	6.40328	74	0
1522716518.092182000	6.40529	203	0
1522716518.092537000	6.40565	1294	0
1522716518.092557000	6.40567	74	1
1522716518.092710000	6.40582	1294	0
1522716518.092814000	6.40592	1294	0
1522716518.092827000	6.40594	74	1
1522716518.092982000	6.40609	1294	0
1522716518.093116000	6.40622	1294	0
1522716518.093119000	6.40623	1294	0
1522716518.093132000	6.40624	74	1
1522716518.093279000	6.40639	1294	0
1522716518.093372000	6.40648	1294	0
1522716518.093383000	6.40649	74	1
1522716518.093443000	6.40655	1294	0
1522716518.093516000	6.40663	1294	0
1522716518.093527000	6.40664	74	1
1522716518.093585000	6.40669	1294	0
1522716518.093659000	6.40677	1294	0
1522716518.093671000	6.40678	74	1
1522716518.093730000	6.40684	1294	0
1522716518.093791000	6.4069	1294	0
1522716518.093802000	6.40691	74	1
1522716518.093863000	6.40697	1294	0
1522716518.093949000	6.40706	1294	0
1522716518.093959000	6.40707	74	1
1522716518.094019000	6.40713	1294	0
1522716518.094080000	6.40719	1294	0
1522716518.094092000	6.4072	74	1
1522716518.094152000	6.40726	1294	0
1522716518.094214000	6.40732	1294	0
1522716518.094225000	6.40733	74	1
1522716518.094285000	6.40739	1294	0
1522716518.094357000	6.40747	1294	0
1522716518.094359000	6.40747	1294	0
1522716518.094376000	6.40749	74	1
1522716518.094435000	6.40754	1294	0
1522716518.094505000	6.40761	1294	0
1522716518.094516000	6.40762	74	1
1522716518.094584000	6.40769	1294	0
1522716518.094652000	6.40776	1294	0
1522716518.094662000	6.40777	74	1
1522716518.094721000	6.40783	1294	0
1522716518.094784000	6.40789	1294	0
1522716518.094794000	6.4079	74	1
1522716518.094855000	6.40796	1294	0
1522716518.094858000	6.40797	508	0
1522716518.094869000	6.40798	74	1
1522716518.094981000	6.40809	1294	0
1522716518.095047000	6.40816	1294	0
1522716518.095056000	6.40816	74	1
1522716518.095111000	6.40822	1294	0
1522716518.095113000	6.40822	1294	0
1522716518.095123000	6.40823	74	1
1522716518.095247000	6.40836	1294	0
1522716518.095315000	6.40842	1294	0
1522716518.095318000	6.40843	1294	0
1522716518.095331000	6.40844	74	1
1522716518.095386000	6.40849	1294	0
1522716518.095452000	6.40856	1294	0
1522716518.095463000	6.40857	74	1
1522716518.095582000	6.40869	1294	0
1522716518.095584000	6.40869	1294	0
1522716518.095597000	6.40871	74	1
1522716518.095658000	6.40877	1294	0
1522716518.095726000	6.40883	1294	0
1522716518.095738000	6.40885	74	1
1522716518.095822000	6.40893	1294	0
1522716518.095887000	6.409	1294	0
1522716518.095897000	6.40901	74	1
1522716518.095952000	6.40906	1294	0
1522716518.096021000	6.40913	1294	0
1522716518.096034000	6.40914	74	1
1522716518.096154000	6.40926	1294	0
1522716518.096157000	6.40927	1294	0
1522716518.096167000	6.40928	74	1
1522716518.096224000	6.40933	1294	0
1522716518.096416000	6.40952	1294	0
1522716518.096426000	6.40953	74	1
1522716518.096487000	6.4096	1294	0
1522716518.096554000	6.40966	1294	0
1522716518.096565000	6.40967	74	1
1522716518.096643000	6.40975	1294	0
1522716518.096722000	6.40983	1294	0
1522716518.096731000	6.40984	74	1
1522716518.096792000	6.4099	1294	0
1522716518.096794000	6.4099	1294	0
1522716518.096807000	6.40992	74	1
1522716518.096866000	6.40997	1294	0
1522716518.096930000	6.41004	1294	0
1522716518.096941000	6.41005	74	1
1522716518.096970000	6.41008	74	1
1522716518.097000000	6.41011	1294	0
1522716518.097518000	6.41063	1294	0
1522716518.097529000	6.41064	74	1
1522716518.097792000	6.4109	1294	0
1522716518.098086000	6.4112	1280	0
1522716518.098100000	6.41121	74	1
1522716518.098381000	6.41149	112	1
1522716518.151426000	6.46453	74	0
1522716518.177633000	6.49074	174	1
1522716518.190765000	6.50387	74	0
1522716518.215579000	6.52869	214	0
1522716518.215581000	6.52869	104	0
1522716518.215584000	6.52869	112	0
1522716518.215645000	6.52875	74	1
1522716518.216758000	6.52987	112	1
1522716518.269225000	6.58233	74	0
1522716518.374165000	6.68727	425	1
1522716518.386462000	6.69957	74	0
1522716518.407455000	6.72056	140	0
1522716518.407457000	6.72057	104	0
1522716518.407553000	6.72066	74	1
1522716518.407635000	6.72074	112	0
1522716518.409187000	6.7223	112	1
1522716518.462149000	6.77526	74	0
1522716519.758259000	8.07137	347	1
1522716519.772742000	8.08585	74	0
1522716519.792823000	8.10593	140	0
1522716519.792826000	8.10593	104	0
1522716519.792827000	8.10594	112	0
1522716519.792861000	8.10597	74	1
1522716519.793674000	8.10678	112	1
1522716519.845946000	8.15905	74	0
1522716520.276758000	8.58987	309	1
1522716520.289646000	8.60275	74	0
1522716520.310467000	8.62358	140	0
1522716520.310469000	8.62358	104	0
1522716520.310508000	8.62362	74	1
1522716520.310822000	8.62393	112	0
1522716520.310981000	8.62409	112	1
1522716520.363118000	8.67623	74	0
