1522644782.118970000	0	316	1
1522644782.141095000	0.022125	159	1
1522644782.141509000	0.0225391	474	1
1522644782.179504000	0.060534	344	0
1522644782.200084000	0.0811141	135	0
1522644782.200149000	0.0811791	74	1
1522644782.200382000	0.0814121	104	1
1522644782.201151000	0.082181	104	0
1522644782.272620000	0.15365	651	0
1522644782.272673000	0.153703	74	1
1522644782.272922000	0.153952	1294	0
1522644782.272924000	0.153954	1294	0
1522644782.272937000	0.153967	74	1
1522644782.273131000	0.154161	1294	0
1522644782.273221000	0.154251	1294	0
1522644782.273237000	0.154267	74	1
1522644782.273543000	0.154573	1294	0
1522644782.273546000	0.154576	1294	0
1522644782.273558000	0.154588	74	1
1522644782.273760000	0.15479	1294	0
1522644782.273763000	0.154793	828	0
1522644782.273781000	0.154811	74	1
1522644782.292417000	0.173447	1294	0
1522644782.292512000	0.173542	1294	0
1522644782.292529000	0.173559	74	1
1522644782.292686000	0.173716	1294	0
1522644782.292755000	0.173785	1294	0
1522644782.292767000	0.173797	74	1
1522644782.293036000	0.174066	1294	0
1522644782.331175000	0.212205	1294	0
1522644782.331225000	0.212255	74	1
1522644782.331342000	0.212372	1294	0
1522644782.331465000	0.212495	1294	0
1522644782.331477000	0.212507	74	1
1522644782.331687000	0.212717	1294	0
1522644782.331691000	0.212721	1294	0
1522644782.331700000	0.21273	74	1
1522644782.331772000	0.212802	1294	0
1522644782.331907000	0.212937	1294	0
1522644782.331920000	0.21295	74	1
1522644782.331978000	0.213008	1294	0
1522644782.332075000	0.213105	1294	0
1522644782.332085000	0.213115	74	1
1522644782.332205000	0.213235	1294	0
1522644782.332271000	0.213301	1294	0
1522644782.332281000	0.213311	74	1
1522644782.332369000	0.213399	1294	0
1522644782.332480000	0.21351	1294	0
1522644782.332493000	0.213523	74	1
1522644782.332549000	0.213579	1294	0
1522644782.332664000	0.213694	1294	0
1522644782.332677000	0.213707	74	1
1522644782.332775000	0.213805	1294	0
1522644782.339219000	0.220249	1294	0
1522644782.339258000	0.220288	74	1
1522644782.339500000	0.22053	1294	0
1522644782.340776000	0.221806	1294	0
1522644782.340790000	0.22182	74	1
1522644782.341396000	0.222426	1294	0
1522644782.350769000	0.231799	1294	0
1522644782.350826000	0.231856	74	1
1522644782.351044000	0.232074	1294	0
1522644782.354621000	0.235651	1294	0
1522644782.354662000	0.235692	74	1
1522644782.354893000	0.235923	1294	0
1522644782.389969000	0.270999	1294	0
1522644782.390026000	0.271056	74	1
1522644782.390233000	0.271263	1294	0
1522644782.391753000	0.272783	1294	0
1522644782.391776000	0.272806	74	1
1522644782.392047000	0.273077	1294	0
1522644782.392323000	0.273353	1294	0
1522644782.392337000	0.273367	74	1
1522644782.396146000	0.277176	1294	0
1522644782.396433000	0.277463	1294	0
1522644782.396459000	0.277489	74	1
1522644782.396710000	0.27774	1294	0
1522644782.397011000	0.278041	1294	0
1522644782.397026000	0.278056	74	1
1522644782.399519000	0.280549	1294	0
1522644782.399792000	0.280822	1294	0
1522644782.399816000	0.280846	74	1
1522644782.403458000	0.284488	1294	0
1522644782.403815000	0.284845	1294	0
1522644782.403831000	0.284861	74	1
1522644782.404777000	0.285807	1294	0
1522644782.405309000	0.286339	1294	0
1522644782.405323000	0.286353	74	1
1522644782.406865000	0.287895	1294	0
1522644782.407137000	0.288167	1294	0
1522644782.407156000	0.288186	74	1
1522644782.410414000	0.291444	1294	0
1522644782.410505000	0.291535	626	0
1522644782.410521000	0.291551	74	1
1522644782.410753000	0.291783	112	1
1522644782.419354000	0.300384	328	1
1522644782.419601000	0.300631	169	1
1522644782.478456000	0.359486	74	0
1522644782.497728000	0.378758	252	0
1522644782.498070000	0.3791	1294	0
1522644782.498092000	0.379122	74	1
1522644782.498309000	0.379339	1294	0
1522644782.498378000	0.379408	1294	0
1522644782.498391000	0.379421	74	1
1522644782.498614000	0.379644	1294	0
1522644782.498616000	0.379646	395	0
1522644782.498623000	0.379653	104	0
1522644782.498625000	0.379655	112	0
1522644782.498626000	0.379656	147	0
1522644782.498644000	0.379674	74	1
1522644782.498702000	0.379732	1294	0
1522644782.498937000	0.379967	1294	0
1522644782.498939000	0.379969	1294	0
1522644782.498952000	0.379982	74	1
1522644782.499012000	0.380042	1294	0
1522644782.499169000	0.380199	1294	0
1522644782.499171000	0.380201	87	0
1522644782.499182000	0.380212	74	1
1522644782.499373000	0.380403	112	1
1522644782.553956000	0.434986	247	1
1522644782.567739000	0.448769	250	1
1522644782.600726000	0.481756	74	0
1522644782.614647000	0.495677	74	0
1522644782.631136000	0.512166	74	0
1522644782.631211000	0.512241	262	0
1522644782.631542000	0.512572	1294	0
1522644782.631561000	0.512591	74	1
1522644782.631663000	0.512693	1294	0
1522644782.631665000	0.512695	1294	0
1522644782.631676000	0.512706	74	1
1522644782.631927000	0.512957	1294	0
1522644782.632006000	0.513036	1294	0
1522644782.632019000	0.513049	74	1
1522644782.632095000	0.513125	1294	0
1522644782.632217000	0.513247	1294	0
1522644782.632230000	0.51326	74	1
1522644782.632290000	0.51332	1294	0
1522644782.632375000	0.513405	1294	0
1522644782.632387000	0.513417	74	1
1522644782.632446000	0.513476	1294	0
1522644782.632519000	0.513549	1294	0
1522644782.632529000	0.513559	74	1
1522644782.632591000	0.513621	1294	0
1522644782.632770000	0.5138	1294	0
1522644782.632781000	0.513811	74	1
1522644782.632843000	0.513873	1294	0
1522644782.632995000	0.514025	1294	0
1522644782.633006000	0.514036	74	1
1522644782.633067000	0.514097	1294	0
1522644782.633129000	0.514159	1294	0
1522644782.633152000	0.514182	74	1
1522644782.634251000	0.515281	1294	0
1522644782.634529000	0.515559	1294	0
1522644782.634542000	0.515572	74	1
1522644782.636716000	0.517746	1294	0
1522644782.636784000	0.517814	1294	0
1522644782.636796000	0.517826	74	1
1522644782.636994000	0.518024	1294	0
1522644782.637303000	0.518333	1294	0
1522644782.637328000	0.518358	74	1
1522644782.639327000	0.520357	1294	0
1522644782.639621000	0.520651	1294	0
1522644782.639635000	0.520665	74	1
1522644782.642198000	0.523228	1294	0
1522644782.642474000	0.523504	1294	0
1522644782.642490000	0.52352	74	1
1522644782.642768000	0.523798	1294	0
1522644782.643061000	0.524091	1294	0
1522644782.643080000	0.52411	74	1
1522644782.644819000	0.525849	1294	0
1522644782.645046000	0.526076	1294	0
1522644782.645057000	0.526087	74	1
1522644782.645118000	0.526148	1294	0
1522644782.645398000	0.526428	1294	0
1522644782.645408000	0.526438	74	1
1522644782.647313000	0.528343	1294	0
1522644782.647603000	0.528633	1294	0
1522644782.647620000	0.52865	74	1
1522644782.649919000	0.530949	1294	0
1522644782.650219000	0.531249	1294	0
1522644782.650233000	0.531263	74	1
1522644782.650491000	0.531521	1294	0
1522644782.650785000	0.531815	1294	0
1522644782.650799000	0.531829	74	1
1522644782.652594000	0.533624	1294	0
1522644782.652866000	0.533896	1294	0
1522644782.652880000	0.53391	74	1
1522644782.655191000	0.536221	1294	0
1522644782.655484000	0.536514	1294	0
1522644782.655499000	0.536529	74	1
1522644782.655762000	0.536792	1294	0
1522644782.658138000	0.539168	1294	0
1522644782.658152000	0.539182	74	1
1522644782.658413000	0.539443	1294	0
1522644782.658712000	0.539742	1294	0
1522644782.658724000	0.539754	74	1
1522644782.659007000	0.540037	1294	0
1522644782.660552000	0.541582	1294	0
1522644782.660564000	0.541594	74	1
1522644782.660817000	0.541847	1294	0
1522644782.663455000	0.544485	1294	0
1522644782.663468000	0.544498	74	1
1522644782.663714000	0.544744	1294	0
1522644782.664005000	0.545035	1294	0
1522644782.664017000	0.545047	74	1
1522644782.664302000	0.545332	1294	0
1522644782.690448000	0.571478	1294	0
1522644782.690504000	0.571534	74	1
1522644782.690670000	0.5717	1294	0
1522644782.690967000	0.571997	1294	0
1522644782.690981000	0.572011	74	1
1522644782.691043000	0.572073	1294	0
1522644782.691257000	0.572287	1294	0
1522644782.691259000	0.572289	1294	0
1522644782.691279000	0.572309	74	1
1522644782.691538000	0.572568	1294	0
1522644782.691603000	0.572633	1294	0
1522644782.691615000	0.572645	74	1
1522644782.692110000	0.57314	1294	0
1522644782.692435000	0.573465	1294	0
1522644782.692447000	0.573477	74	1
1522644782.694143000	0.575173	1294	0
1522644782.694257000	0.575287	1294	0
1522644782.694267000	0.575297	74	1
1522644782.694419000	0.575449	1294	0
1522644782.694715000	0.575745	1294	0
1522644782.694730000	0.57576	74	1
1522644782.697241000	0.578271	1294	0
1522644782.697519000	0.578549	1294	0
1522644782.697531000	0.578561	74	1
1522644782.697654000	0.578684	1294	0
1522644782.698950000	0.57998	1294	0
1522644782.698967000	0.579997	74	1
1522644782.699228000	0.580258	1294	0
1522644782.700191000	0.581221	1294	0
1522644782.700208000	0.581238	74	1
1522644782.700467000	0.581497	1294	0
1522644782.701421000	0.582451	1294	0
1522644782.701444000	0.582474	74	1
1522644782.701701000	0.582731	1294	0
1522644782.703600000	0.58463	1294	0
1522644782.703631000	0.584661	74	1
1522644782.703871000	0.584901	1294	0
1522644782.704144000	0.585174	1294	0
1522644782.704155000	0.585185	74	1
1522644782.704446000	0.585476	1294	0
1522644782.706077000	0.587107	1294	0
1522644782.706096000	0.587126	74	1
1522644782.706355000	0.587385	1294	0
1522644782.707864000	0.588894	1294	0
1522644782.707882000	0.588912	74	1
1522644782.708133000	0.589163	1294	0
1522644782.708816000	0.589846	1294	0
1522644782.708831000	0.589861	74	1
1522644782.709108000	0.590138	1294	0
1522644782.710803000	0.591833	1294	0
1522644782.710835000	0.591865	74	1
1522644782.711077000	0.592107	1294	0
1522644782.712025000	0.593055	1294	0
1522644782.712049000	0.593079	74	1
1522644782.712367000	0.593397	1294	0
1522644782.712662000	0.593692	1294	0
1522644782.712679000	0.593709	74	1
1522644782.712940000	0.59397	1294	0
1522644782.714021000	0.595051	1294	0
1522644782.714044000	0.595074	74	1
1522644782.714295000	0.595325	1294	0
1522644782.715825000	0.596855	1294	0
1522644782.715853000	0.596883	74	1
1522644782.716100000	0.59713	1294	0
1522644782.716397000	0.597427	1294	0
1522644782.716411000	0.597441	74	1
1522644782.716674000	0.597704	1294	0
1522644782.716950000	0.59798	1294	0
1522644782.716964000	0.597994	74	1
1522644782.717248000	0.598278	1294	0
1522644782.717547000	0.598577	1294	0
1522644782.717562000	0.598592	74	1
1522644782.722024000	0.603054	1294	0
1522644782.722305000	0.603335	1294	0
1522644782.722331000	0.603361	74	1
1522644782.722597000	0.603627	1294	0
1522644782.722882000	0.603912	1294	0
1522644782.722902000	0.603932	74	1
1522644782.749501000	0.630531	1294	0
1522644782.749795000	0.630825	1294	0
1522644782.749814000	0.630844	74	1
1522644782.750019000	0.631049	1294	0
1522644782.750085000	0.631115	1294	0
1522644782.750097000	0.631127	74	1
1522644782.750350000	0.63138	1294	0
1522644782.750640000	0.63167	1294	0
1522644782.750655000	0.631685	74	1
1522644782.751334000	0.632364	1294	0
1522644782.751620000	0.63265	1294	0
1522644782.751634000	0.632664	74	1
1522644782.752942000	0.633972	1294	0
1522644782.753238000	0.634268	1294	0
1522644782.753256000	0.634286	74	1
1522644782.753529000	0.634559	1294	0
1522644782.753821000	0.634851	1294	0
1522644782.753836000	0.634866	74	1
1522644782.754109000	0.635139	1294	0
1522644782.754111000	0.635141	1294	0
1522644782.754130000	0.63516	74	1
1522644782.754363000	0.635393	1294	0
1522644782.754649000	0.635679	1294	0
1522644782.754663000	0.635693	74	1
1522644782.756415000	0.637445	1294	0
1522644782.757354000	0.638384	1294	0
1522644782.757367000	0.638397	74	1
1522644782.758297000	0.639327	1294	0
1522644782.758592000	0.639622	1294	0
1522644782.758605000	0.639635	74	1
1522644782.760019000	0.641049	903	0
1522644782.760906000	0.641936	112	1
1522644782.859883000	0.740913	74	0
1522644782.862162000	0.743192	317	1
1522644782.905864000	0.786894	145	1
1522644782.921607000	0.802637	74	0
1522644782.921696000	0.802726	203	0
1522644782.922008000	0.803038	1294	0
1522644782.922031000	0.803061	74	1
1522644782.922188000	0.803218	1294	0
1522644782.922306000	0.803336	1294	0
1522644782.922319000	0.803349	74	1
1522644782.922381000	0.803411	1294	0
1522644782.922589000	0.803619	1294	0
1522644782.922591000	0.803621	1294	0
1522644782.922605000	0.803635	74	1
1522644782.922783000	0.803813	1294	0
1522644782.922852000	0.803882	1294	0
1522644782.922864000	0.803894	74	1
1522644782.922923000	0.803953	1294	0
1522644782.922925000	0.803955	1294	0
1522644782.922939000	0.803969	74	1
1522644782.923038000	0.804068	74	1
1522644782.923068000	0.804098	1294	0
1522644782.923133000	0.804163	1294	0
1522644782.923142000	0.804172	74	1
1522644782.923199000	0.804229	1294	0
1522644782.923201000	0.804231	1294	0
1522644782.923212000	0.804242	74	1
1522644782.923351000	0.804381	1294	0
1522644782.923431000	0.804461	1294	0
1522644782.923439000	0.804469	74	1
1522644782.923499000	0.804529	1294	0
1522644782.923727000	0.804757	1294	0
1522644782.923738000	0.804768	74	1
1522644782.923799000	0.804829	1294	0
1522644782.924506000	0.805536	1294	0
1522644782.924519000	0.805549	74	1
1522644782.924788000	0.805818	1294	0
1522644782.926422000	0.807452	1294	0
1522644782.926447000	0.807477	74	1
1522644782.926696000	0.807726	1294	0
1522644782.927319000	0.808349	1294	0
1522644782.927336000	0.808366	74	1
1522644782.927468000	0.808498	1294	0
1522644782.927737000	0.808767	1294	0
1522644782.927753000	0.808783	74	1
1522644782.928282000	0.809312	1294	0
1522644782.929300000	0.81033	1294	0
1522644782.929325000	0.810355	74	1
1522644782.929903000	0.810933	1294	0
1522644782.930060000	0.81109	822	0
1522644782.930074000	0.811104	74	1
1522644782.930246000	0.811276	112	1
1522644782.965263000	0.846293	200	0
1522644782.965368000	0.846398	362	0
1522644782.965389000	0.846419	74	1
1522644783.025726000	0.906756	74	0
1522644783.308969000	1.19	360	1
1522644783.389839000	1.27087	140	0
1522644783.389841000	1.27087	104	0
1522644783.389862000	1.27089	74	1
1522644783.389923000	1.27095	112	0
1522644783.390676000	1.27171	112	1
1522644783.478680000	1.35971	144	1
1522644783.484751000	1.36578	378	1
1522644783.491278000	1.37231	159	1
1522644783.497848000	1.37888	74	0
1522644783.537500000	1.41853	74	0
1522644783.549980000	1.43101	74	0
1522644783.568093000	1.44912	74	0
1522644783.570150000	1.45118	140	0
1522644783.570224000	1.45125	104	0
1522644783.570242000	1.45127	74	1
1522644783.570593000	1.45162	112	0
1522644783.571088000	1.45212	112	1
1522644783.575907000	1.45694	194	0
1522644783.576258000	1.45729	1294	0
1522644783.576285000	1.45731	74	1
1522644783.576505000	1.45754	1294	0
1522644783.576570000	1.4576	1294	0
1522644783.576583000	1.45761	74	1
1522644783.576803000	1.45783	1294	0
1522644783.576873000	1.4579	1294	0
1522644783.576883000	1.45791	74	1
1522644783.577016000	1.45805	1294	0
1522644783.577086000	1.45812	1294	0
1522644783.577098000	1.45813	74	1
1522644783.577159000	1.45819	1294	0
1522644783.577307000	1.45834	1294	0
1522644783.577320000	1.45835	74	1
1522644783.577399000	1.45843	1294	0
1522644783.577466000	1.4585	1294	0
1522644783.577477000	1.45851	74	1
1522644783.577585000	1.45862	1294	0
1522644783.577678000	1.45871	1294	0
1522644783.577690000	1.45872	74	1
1522644783.577750000	1.45878	1294	0
1522644783.577752000	1.45878	143	0
1522644783.577762000	1.45879	74	1
1522644783.588030000	1.46906	159	0
1522644783.588369000	1.4694	1294	0
1522644783.588397000	1.46943	74	1
1522644783.588464000	1.46949	436	0
1522644783.588466000	1.4695	115	0
1522644783.588477000	1.46951	74	1
1522644783.617065000	1.4981	188	1
1522644783.675197000	1.55623	74	0
1522644783.718862000	1.59989	211	0
1522644783.718865000	1.5999	331	0
1522644783.718898000	1.59993	74	1
1522644783.718975000	1.60001	112	0
1522644783.719283000	1.60031	112	1
1522644783.782191000	1.66322	188	1
1522644783.835922000	1.71695	74	0
1522644783.840430000	1.72146	74	0
1522644783.877404000	1.75843	171	0
1522644783.877502000	1.75853	319	0
1522644783.877504000	1.75853	112	0
1522644783.877528000	1.75856	74	1
1522644783.877945000	1.75898	112	1
1522644783.976258000	1.85729	74	0
1522644784.107374000	1.9884	189	1
1522644784.165818000	2.04685	74	0
1522644784.200007000	2.08104	147	0
1522644784.200099000	2.08113	365	0
1522644784.200101000	2.08113	112	0
1522644784.200120000	2.08115	74	1
1522644784.200516000	2.08155	112	1
1522644784.298884000	2.17991	74	0
1522644784.449862000	2.33089	191	1
1522644784.509067000	2.3901	74	0
1522644784.544187000	2.42522	147	0
1522644784.544278000	2.42531	330	0
1522644784.544281000	2.42531	104	0
1522644784.544282000	2.42531	112	0
1522644784.544308000	2.42534	74	1
1522644784.544719000	2.42575	112	1
1522644784.615810000	2.49684	192	1
1522644784.643780000	2.52481	74	0
1522644784.675224000	2.55625	74	0
1522644784.708832000	2.58986	147	0
1522644784.708936000	2.58997	363	0
1522644784.708938000	2.58997	112	0
1522644784.708958000	2.58999	74	1
1522644784.709347000	2.59038	112	1
1522644784.807723000	2.68875	74	0
1522644785.048702000	2.92973	318	1
1522644785.106989000	2.98802	74	0
1522644785.127916000	3.00895	140	0
1522644785.127919000	3.00895	104	0
1522644785.127986000	3.00902	74	1
1522644785.128281000	3.00931	112	0
1522644785.128493000	3.00952	112	1
1522644785.228084000	3.10911	74	0
1522644785.481530000	3.36256	196	1
1522644785.551231000	3.43226	74	0
1522644785.586123000	3.46715	170	0
1522644785.586224000	3.46725	351	0
1522644785.586227000	3.46726	112	0
1522644785.586253000	3.46728	74	1
1522644785.586669000	3.4677	112	1
1522644785.686802000	3.56783	74	0
1522644786.149439000	4.03047	200	1
1522644786.208226000	4.08926	74	0
1522644786.242754000	4.12378	171	0
1522644786.242757000	4.12379	333	0
1522644786.242796000	4.12383	74	1
1522644786.242878000	4.12391	112	0
1522644786.243252000	4.12428	112	1
1522644786.252868000	4.1339	201	1
1522644786.310662000	4.19169	74	0
1522644786.345141000	4.22617	148	0
1522644786.345237000	4.22627	298	0
1522644786.345255000	4.22628	74	1
1522644786.345515000	4.22655	104	0
1522644786.345583000	4.22661	112	0
1522644786.345597000	4.22663	74	1
1522644786.345663000	4.22669	112	1
1522644786.363189000	4.24422	202	1
1522644786.422615000	4.30365	74	0
1522644786.458954000	4.33998	148	0
1522644786.459035000	4.34007	291	0
1522644786.459036000	4.34007	104	0
1522644786.459038000	4.34007	112	0
1522644786.459054000	4.34008	74	1
1522644786.459415000	4.34045	112	1
1522644786.547947000	4.42898	203	1
1522644786.568867000	4.4499	74	0
1522644786.606602000	4.48763	74	0
1522644786.644165000	4.5252	147	0
1522644786.644167000	4.5252	316	0
1522644786.644204000	4.52523	74	1
1522644786.644273000	4.5253	112	0
1522644786.644679000	4.52571	112	1
1522644786.743651000	4.62468	74	0
1522644786.943934000	4.82496	206	1
1522644787.003085000	4.88411	74	0
1522644787.037037000	4.91807	170	0
1522644787.037039000	4.91807	315	0
1522644787.037100000	4.91813	74	1
1522644787.037179000	4.91821	112	0
1522644787.037606000	4.91864	112	1
1522644787.135690000	5.01672	74	0
1522644787.140424000	5.02145	207	1
1522644787.199099000	5.08013	74	0
1522644787.231978000	5.11301	148	0
1522644787.231980000	5.11301	330	0
1522644787.232020000	5.11305	74	1
1522644787.232098000	5.11313	112	0
1522644787.232506000	5.11354	112	1
1522644787.331387000	5.21242	74	0
1522644787.482768000	5.3638	208	1
1522644787.550568000	5.4316	74	0
1522644787.584507000	5.46554	108	1
1522644787.584962000	5.46599	208	1
1522644787.587408000	5.46844	147	0
1522644787.587526000	5.46856	334	0
1522644787.587529000	5.46856	112	0
1522644787.587552000	5.46858	74	1
1522644787.587879000	5.46891	112	1
1522644787.648177000	5.52921	74	0
1522644787.683402000	5.56443	144	0
1522644787.683494000	5.56452	334	0
1522644787.683496000	5.56453	112	0
1522644787.683513000	5.56454	74	1
1522644787.683801000	5.56483	112	1
1522644787.792558000	5.67359	74	0
1522644788.141314000	6.02234	191	1
1522644788.201245000	6.08228	74	0
1522644788.293440000	6.17447	216	0
1522644788.293788000	6.17482	1294	0
1522644788.293811000	6.17484	74	1
1522644788.294702000	6.17573	1294	0
1522644788.294770000	6.1758	1294	0
1522644788.294781000	6.17581	74	1
1522644788.295078000	6.17611	1294	0
1522644788.295354000	6.17638	1294	0
1522644788.295370000	6.1764	74	1
1522644788.295649000	6.17668	1294	0
1522644788.295977000	6.17701	1294	0
1522644788.295992000	6.17702	74	1
1522644788.296562000	6.17759	1294	0
1522644788.296565000	6.1776	174	0
1522644788.296585000	6.17762	74	1
1522644788.313878000	6.19491	1294	0
1522644788.313985000	6.19502	1294	0
1522644788.314004000	6.19503	74	1
1522644788.314142000	6.19517	1294	0
1522644788.314266000	6.1953	1294	0
1522644788.314278000	6.19531	74	1
1522644788.314430000	6.19546	1294	0
1522644788.314727000	6.19576	1294	0
1522644788.314737000	6.19577	74	1
1522644788.315208000	6.19624	1294	0
1522644788.315505000	6.19654	1294	0
1522644788.315519000	6.19655	74	1
1522644788.315664000	6.19669	1294	0
1522644788.315781000	6.19681	1294	0
1522644788.315791000	6.19682	74	1
1522644788.315942000	6.19697	1294	0
1522644788.316055000	6.19709	1294	0
1522644788.316065000	6.1971	74	1
1522644788.316232000	6.19726	1294	0
1522644788.316234000	6.19726	895	0
1522644788.316247000	6.19728	74	1
1522644788.316515000	6.19755	1294	0
1522644788.316577000	6.19761	1294	0
1522644788.316589000	6.19762	74	1
1522644788.316806000	6.19784	1294	0
1522644788.316881000	6.19791	1294	0
1522644788.317114000	6.19814	1294	0
1522644788.317116000	6.19815	584	0
1522644788.317129000	6.19816	74	1
1522644788.859745000	6.74078	1294	0
1522644788.859949000	6.74098	1294	0
1522644788.859976000	6.74101	74	1
1522644788.860303000	6.74133	1294	0
1522644788.860538000	6.74157	1294	0
1522644788.860540000	6.74157	1294	0
1522644788.860561000	6.74159	74	1
1522644788.860879000	6.74191	1294	0
1522644788.860881000	6.74191	1294	0
1522644788.860899000	6.74193	74	1
1522644788.861078000	6.74211	1294	0
1522644788.861695000	6.74273	1294	0
1522644788.861710000	6.74274	74	1
1522644788.862013000	6.74304	1294	0
1522644788.862745000	6.74378	1294	0
1522644788.862764000	6.74379	74	1
1522644788.863648000	6.74468	1294	0
1522644788.864263000	6.74529	1294	0
1522644788.864265000	6.7453	440	0
1522644788.864284000	6.74531	74	1
1522644788.864622000	6.74565	1294	0
1522644788.865265000	6.74629	1294	0
1522644788.865285000	6.74632	74	1
1522644788.865355000	6.74639	1294	0
1522644788.865503000	6.74653	1294	0
1522644788.865522000	6.74655	74	1
1522644788.865842000	6.74687	1294	0
1522644788.866069000	6.7471	1294	0
1522644788.866089000	6.74712	74	1
1522644788.866804000	6.74783	1294	0
1522644788.866892000	6.74792	648	0
1522644788.866907000	6.74794	74	1
1522644788.873341000	6.75437	1294	0
1522644788.873604000	6.75463	1294	0
1522644788.873625000	6.75466	74	1
1522644788.873902000	6.75493	1294	0
1522644788.874198000	6.75523	1294	0
1522644788.874212000	6.75524	74	1
1522644788.874471000	6.7555	1294	0
1522644788.875170000	6.7562	1294	0
1522644788.875197000	6.75623	74	1
1522644788.875447000	6.75648	1294	0
1522644788.876070000	6.7571	1294	0
1522644788.876087000	6.75712	74	1
1522644788.876359000	6.75739	1294	0
1522644788.876858000	6.75789	1294	0
1522644788.876871000	6.7579	74	1
1522644788.877106000	6.75814	1294	0
1522644788.878685000	6.75972	1294	0
1522644788.878700000	6.75973	74	1
1522644788.878997000	6.76003	1284	0
1522644788.879152000	6.76018	1294	0
1522644788.879168000	6.7602	74	1
1522644788.879272000	6.7603	1294	0
1522644788.879441000	6.76047	1294	0
1522644788.879454000	6.76048	74	1
1522644788.879548000	6.76058	1294	0
1522644788.879844000	6.76087	1294	0
1522644788.879864000	6.76089	74	1
1522644788.880743000	6.76177	1294	0
1522644788.881718000	6.76275	1294	0
1522644788.881732000	6.76276	74	1
1522644788.881795000	6.76283	1294	0
1522644788.883604000	6.76463	1294	0
1522644788.883623000	6.76465	74	1
1522644788.883897000	6.76493	1294	0
1522644788.884030000	6.76506	1294	0
1522644788.884043000	6.76507	74	1
1522644788.884175000	6.76521	1294	0
1522644788.884308000	6.76534	1294	0
1522644788.884322000	6.76535	74	1
1522644788.884596000	6.76563	1294	0
1522644788.884661000	6.76569	411	0
1522644788.884672000	6.7657	74	1
1522644788.891300000	6.77233	1294	0
1522644788.891556000	6.77259	1294	0
1522644788.891572000	6.7726	74	1
1522644788.892188000	6.77322	1294	0
1522644788.892488000	6.77352	1294	0
1522644788.892491000	6.77352	1294	0
1522644788.892505000	6.77354	74	1
1522644788.892563000	6.77359	1294	0
1522644788.892715000	6.77375	1294	0
1522644788.892728000	6.77376	74	1
1522644788.892806000	6.77384	1294	0
1522644788.892995000	6.77403	1294	0
1522644788.893013000	6.77404	74	1
1522644788.893083000	6.77411	1294	0
1522644788.893324000	6.77435	1294	0
1522644788.893346000	6.77438	74	1
1522644788.893402000	6.77443	1294	0
1522644788.893469000	6.7745	1294	0
1522644788.893471000	6.7745	187	0
1522644788.893482000	6.77451	74	1
1522644788.895095000	6.77613	1294	0
1522644788.895098000	6.77613	1294	0
1522644788.895126000	6.77616	74	1
1522644788.895361000	6.77639	1294	0
1522644788.895433000	6.77646	1294	0
1522644788.895435000	6.77647	1294	0
1522644788.895448000	6.77648	74	1
1522644788.895666000	6.7767	1294	0
1522644788.895669000	6.7767	1294	0
1522644788.895681000	6.77671	74	1
1522644788.895739000	6.77677	1294	0
1522644788.895930000	6.77696	1294	0
1522644788.895939000	6.77697	74	1
1522644788.896000000	6.77703	1294	0
1522644788.896002000	6.77703	1294	0
1522644788.896015000	6.77705	74	1
1522644788.896208000	6.77724	74	1
1522644788.896247000	6.77728	1294	0
1522644788.896249000	6.77728	1294	0
1522644788.896251000	6.77728	901	0
1522644788.896263000	6.77729	74	1
1522644788.896458000	6.77749	1294	0
1522644788.896526000	6.77756	1294	0
1522644788.896538000	6.77757	74	1
1522644788.896734000	6.77776	1294	0
1522644788.896837000	6.77787	662	0
1522644788.896839000	6.77787	112	0
1522644788.896852000	6.77788	74	1
1522644788.896983000	6.77801	112	1
1522644788.964572000	6.8456	74	0
1522644789.065679000	6.94671	197	1
1522644789.125410000	7.00644	74	0
1522644789.146324000	7.02735	140	0
1522644789.146327000	7.02736	104	0
1522644789.146378000	7.02741	74	1
1522644789.146447000	7.02748	112	0
1522644789.152771000	7.0338	112	1
1522644789.259688000	7.14072	74	0
1522644789.312646000	7.19368	364	1
1522644789.319411000	7.20044	174	1
1522644789.371495000	7.25253	74	0
1522644789.373321000	7.25435	179	0
1522644789.373680000	7.25471	1294	0
1522644789.373704000	7.25473	74	1
1522644789.373957000	7.25499	1294	0
1522644789.374276000	7.25531	1294	0
1522644789.374279000	7.25531	1294	0
1522644789.374294000	7.25532	74	1
1522644789.374522000	7.25555	1294	0
1522644789.374591000	7.25562	1294	0
1522644789.374604000	7.25563	74	1
1522644789.374803000	7.25583	1294	0
1522644789.375752000	7.25678	1294	0
1522644789.375767000	7.2568	74	1
1522644789.376368000	7.2574	1294	0
1522644789.376683000	7.25771	1294	0
1522644789.376698000	7.25773	74	1
1522644789.376959000	7.25799	1294	0
1522644789.377238000	7.25827	1294	0
1522644789.377253000	7.25828	74	1
1522644789.377514000	7.25854	1294	0
1522644789.378116000	7.25915	1294	0
1522644789.378132000	7.25916	74	1
1522644789.378401000	7.25943	1294	0
1522644789.379033000	7.26006	1294	0
1522644789.379048000	7.26008	74	1
1522644789.379315000	7.26034	1294	0
1522644789.379931000	7.26096	1294	0
1522644789.379947000	7.26098	74	1
1522644789.380232000	7.26126	1294	0
1522644789.380434000	7.26146	1294	0
1522644789.380450000	7.26148	74	1
1522644789.380863000	7.26189	1294	0
1522644789.381138000	7.26217	1294	0
1522644789.381151000	7.26218	74	1
1522644789.381766000	7.2628	1294	0
1522644789.382367000	7.2634	1294	0
1522644789.382382000	7.26341	74	1
1522644789.383325000	7.26436	1294	0
1522644789.383515000	7.26454	1294	0
1522644789.383528000	7.26456	74	1
1522644789.383605000	7.26464	1294	0
1522644789.383876000	7.26491	1294	0
1522644789.383893000	7.26492	74	1
1522644789.384156000	7.26519	1294	0
1522644789.384366000	7.2654	1294	0
1522644789.384378000	7.26541	74	1
1522644789.384437000	7.26547	1294	0
1522644789.384643000	7.26567	1294	0
1522644789.384656000	7.26569	74	1
1522644789.384714000	7.26574	1294	0
1522644789.385198000	7.26623	1294	0
1522644789.385212000	7.26624	74	1
1522644789.385499000	7.26653	1294	0
1522644789.387347000	7.26838	1294	0
1522644789.387364000	7.26839	74	1
1522644789.387587000	7.26862	1294	0
1522644789.388569000	7.2696	1294	0
1522644789.388589000	7.26962	74	1
1522644789.388859000	7.26989	1294	0
1522644789.389440000	7.27047	1294	0
1522644789.389456000	7.27049	74	1
1522644789.389717000	7.27075	1294	0
1522644789.389788000	7.27082	1294	0
1522644789.389799000	7.27083	74	1
1522644789.390071000	7.2711	1294	0
1522644789.390352000	7.27138	1294	0
1522644789.390368000	7.2714	74	1
1522644789.390659000	7.27169	1294	0
1522644789.390953000	7.27198	1294	0
1522644789.390970000	7.272	74	1
1522644789.391274000	7.2723	1294	0
1522644789.391550000	7.27258	1294	0
1522644789.391565000	7.2726	74	1
1522644789.391845000	7.27288	1294	0
1522644789.392126000	7.27316	1294	0
1522644789.392141000	7.27317	74	1
1522644789.392417000	7.27345	1294	0
1522644789.393079000	7.27411	1294	0
1522644789.393094000	7.27412	74	1
1522644789.393372000	7.2744	1294	0
1522644789.393649000	7.27468	1294	0
1522644789.393662000	7.27469	74	1
1522644789.393927000	7.27496	1294	0
1522644789.394237000	7.27527	1294	0
1522644789.394251000	7.27528	74	1
1522644789.394513000	7.27554	1294	0
1522644789.395637000	7.27667	1294	0
1522644789.395654000	7.27668	74	1
1522644789.395905000	7.27694	1294	0
1522644789.395975000	7.27701	537	0
1522644789.395984000	7.27701	74	1
1522644789.396134000	7.27716	112	1
1522644789.401978000	7.28301	214	0
1522644789.401981000	7.28301	104	0
1522644789.402026000	7.28306	74	1
1522644789.499046000	7.38008	74	0
1522644789.548892000	7.42992	403	1
1522644789.615330000	7.49636	74	0
1522644789.636336000	7.51737	140	0
1522644789.636411000	7.51744	104	0
1522644789.636413000	7.51744	112	0
1522644789.636425000	7.51746	74	1
1522644789.637182000	7.51821	112	1
1522644789.737001000	7.61803	74	0
1522644791.513939000	9.39497	309	1
1522644791.573286000	9.45432	74	0
1522644791.594042000	9.47507	140	0
1522644791.594355000	9.47539	104	0
1522644791.594369000	9.4754	74	1
1522644791.594433000	9.47546	112	0
1522644791.594595000	9.47563	112	1
1522644791.693494000	9.57452	74	0
1522644793.152781000	11.0338	347	1
1522644793.220442000	11.1015	74	0
1522644793.247332000	11.1284	140	0
1522644793.248286000	11.1293	104	0
1522644793.248308000	11.1293	74	1
1522644793.248382000	11.1294	112	0
1522644793.248670000	11.1297	112	1
1522644793.347136000	11.2282	74	0
