1522655230.262603000	0	1294	1
1522655230.262767000	0.000164032	1294	1
1522655230.262790000	0.00018692	74	0
1522655230.262857000	0.000253916	1294	1
1522655230.263039000	0.000436068	1294	1
1522655230.263052000	0.000448942	74	0
1522655230.263137000	0.000534058	1294	1
1522655230.263200000	0.000597	1294	1
1522655230.263212000	0.000608921	74	0
1522655230.263333000	0.000730038	1294	1
1522655230.263441000	0.000838041	1294	1
1522655230.263443000	0.000839949	1294	1
1522655230.263456000	0.000853062	74	0
1522655230.263523000	0.000920057	1294	1
1522655230.263605000	0.00100207	1294	1
1522655230.263615000	0.00101185	74	0
1522655230.263727000	0.00112391	1294	1
1522655230.263729000	0.00112605	1294	1
1522655230.263740000	0.00113702	74	0
1522655230.263799000	0.00119591	1294	1
1522655230.264018000	0.00141501	1294	1
1522655230.264020000	0.00141692	1294	1
1522655230.264037000	0.00143385	74	0
1522655230.265097000	0.00249386	1294	1
1522655230.265369000	0.00276589	1294	1
1522655230.265387000	0.00278401	74	0
1522655230.265645000	0.00304198	1294	1
1522655230.265942000	0.00333905	1294	1
1522655230.265955000	0.00335193	74	0
1522655230.267107000	0.00450397	1294	1
1522655230.279275000	0.0166719	1294	1
1522655230.279330000	0.016727	74	0
1522655230.279533000	0.0169299	1294	1
1522655230.279810000	0.0172069	1294	1
1522655230.279828000	0.017225	74	0
1522655230.280102000	0.017499	1294	1
1522655230.281219000	0.018616	1294	1
1522655230.281254000	0.018651	74	0
1522655230.281518000	0.0189149	1294	1
1522655230.281796000	0.0191929	1294	1
1522655230.281810000	0.019207	74	0
1522655230.282071000	0.0194681	1294	1
1522655230.282296000	0.0196929	1294	1
1522655230.282311000	0.0197079	74	0
1522655230.282372000	0.019769	1294	1
1522655230.282643000	0.02004	1294	1
1522655230.282655000	0.020052	74	0
1522655230.282923000	0.0203199	1294	1
1522655230.283213000	0.0206099	1294	1
1522655230.283225000	0.020622	74	0
1522655230.283490000	0.0208869	1294	1
1522655230.284598000	0.0219951	1294	1
1522655230.284627000	0.0220239	74	0
1522655230.284873000	0.02227	1294	1
1522655230.285152000	0.0225489	1294	1
1522655230.285167000	0.0225639	74	0
1522655230.285430000	0.0228269	1294	1
1522655230.285771000	0.0231678	1294	1
1522655230.285783000	0.02318	74	0
1522655230.286048000	0.0234449	1294	1
1522655230.286754000	0.0241508	1294	1
1522655230.286775000	0.0241721	74	0
1522655230.286865000	0.024262	725	1
1522655230.287112000	0.024509	112	0
1522655230.307135000	0.0445321	74	1
1522655230.490872000	0.228269	328	0
1522655230.491178000	0.228575	169	0
1522655230.511920000	0.249317	74	1
1522655230.511923000	0.24932	74	1
1522655230.531401000	0.268798	252	1
1522655230.531752000	0.269149	1294	1
1522655230.531772000	0.269169	74	0
1522655230.531983000	0.26938	1294	1
1522655230.532049000	0.269446	1294	1
1522655230.532062000	0.269459	74	0
1522655230.532156000	0.269553	1294	1
1522655230.532158000	0.269555	425	1
1522655230.532160000	0.269557	112	1
1522655230.532161000	0.269558	147	1
1522655230.532175000	0.269572	74	0
1522655230.532325000	0.269722	1294	1
1522655230.532429000	0.269826	1294	1
1522655230.532431000	0.269828	1294	1
1522655230.532442000	0.269839	74	0
1522655230.532480000	0.269877	112	0
1522655230.532601000	0.269998	1294	1
1522655230.532900000	0.270297	1294	1
1522655230.532902000	0.270299	87	1
1522655230.532917000	0.270314	74	0
1522655230.538170000	0.275567	255	0
1522655230.543746000	0.281143	243	0
1522655230.554335000	0.291732	74	1
1522655230.556584000	0.293981	263	1
1522655230.556930000	0.294327	1294	1
1522655230.556946000	0.294343	74	0
1522655230.557138000	0.294535	1294	1
1522655230.557209000	0.294606	1294	1
1522655230.557222000	0.294619	74	0
1522655230.557415000	0.294812	1294	1
1522655230.557522000	0.294919	1294	1
1522655230.557534000	0.294931	74	0
1522655230.557597000	0.294994	1294	1
1522655230.557722000	0.295119	1294	1
1522655230.557725000	0.295122	1294	1
1522655230.557740000	0.295137	74	0
1522655230.557800000	0.295197	1294	1
1522655230.557877000	0.295274	1294	1
1522655230.557886000	0.295283	74	0
1522655230.557990000	0.295387	1294	1
1522655230.558058000	0.295455	1294	1
1522655230.558060000	0.295457	1294	1
1522655230.558070000	0.295467	74	0
1522655230.558148000	0.295545	1294	1
1522655230.558265000	0.295662	1294	1
1522655230.558276000	0.295673	74	0
1522655230.558337000	0.295734	1294	1
1522655230.558410000	0.295807	1294	1
1522655230.558422000	0.295819	74	0
1522655230.558582000	0.295979	1294	1
1522655230.558650000	0.296047	1294	1
1522655230.558660000	0.296057	74	0
1522655230.558852000	0.296249	1294	1
1522655230.558925000	0.296322	1294	1
1522655230.558936000	0.296333	74	0
1522655230.559181000	0.296578	1294	1
1522655230.560033000	0.29743	1294	1
1522655230.560049000	0.297446	74	0
1522655230.560315000	0.297712	1294	1
1522655230.560591000	0.297988	1294	1
1522655230.560603000	0.298	74	0
1522655230.561264000	0.298661	1294	1
1522655230.561582000	0.298979	1294	1
1522655230.561594000	0.298991	74	0
1522655230.561859000	0.299256	1294	1
1522655230.562365000	0.299762	1294	1
1522655230.562378000	0.299775	74	0
1522655230.562558000	0.299955	1294	1
1522655230.562636000	0.300033	1294	1
1522655230.562646000	0.300043	74	0
1522655230.562835000	0.300232	1294	1
1522655230.563152000	0.300549	1294	1
1522655230.563155000	0.300552	1294	1
1522655230.563168000	0.300565	74	0
1522655230.563378000	0.300775	1294	1
1522655230.563444000	0.300841	1294	1
1522655230.563456000	0.300853	74	0
1522655230.563684000	0.301081	1294	1
1522655230.564383000	0.30178	1294	1
1522655230.564400000	0.301797	74	0
1522655230.564658000	0.302055	1294	1
1522655230.564950000	0.302347	1294	1
1522655230.564962000	0.302359	74	0
1522655230.565227000	0.302624	1294	1
1522655230.565519000	0.302916	1294	1
1522655230.565531000	0.302928	74	0
1522655230.565796000	0.303193	1294	1
1522655230.566436000	0.303833	1294	1
1522655230.566449000	0.303846	74	0
1522655230.566729000	0.304126	1294	1
1522655230.567005000	0.304402	1294	1
1522655230.567020000	0.304417	74	0
1522655230.567302000	0.304699	1294	1
1522655230.567580000	0.304977	1294	1
1522655230.567594000	0.304991	74	0
1522655230.569109000	0.306506	1294	1
1522655230.569380000	0.306777	1294	1
1522655230.569395000	0.306792	74	0
1522655230.569454000	0.306851	1294	1
1522655230.569686000	0.307083	1294	1
1522655230.569709000	0.307106	74	0
1522655230.569770000	0.307167	1294	1
1522655230.569997000	0.307394	1294	1
1522655230.570011000	0.307408	74	0
1522655230.570314000	0.307711	1294	1
1522655230.570316000	0.307713	1294	1
1522655230.570334000	0.307731	74	0
1522655230.570566000	0.307963	1294	1
1522655230.570848000	0.308245	1294	1
1522655230.570919000	0.308316	74	0
1522655230.571157000	0.308554	1294	1
1522655230.571228000	0.308625	1294	1
1522655230.571238000	0.308635	74	0
1522655230.571431000	0.308828	1294	1
1522655230.571734000	0.309131	1294	1
1522655230.571758000	0.309155	74	0
1522655230.571906000	0.309303	1294	1
1522655230.572043000	0.30944	1294	1
1522655230.572054000	0.309451	74	0
1522655230.572182000	0.309579	1294	1
1522655230.572465000	0.309862	1294	1
1522655230.572478000	0.309875	74	0
1522655230.572703000	0.3101	1294	1
1522655230.572773000	0.31017	1294	1
1522655230.572785000	0.310182	74	0
1522655230.572979000	0.310376	1294	1
1522655230.573047000	0.310444	1294	1
1522655230.573058000	0.310455	74	0
1522655230.573257000	0.310654	1294	1
1522655230.573324000	0.310721	1294	1
1522655230.573334000	0.310731	74	0
1522655230.573550000	0.310947	1294	1
1522655230.573619000	0.311016	1294	1
1522655230.573630000	0.311027	74	0
1522655230.575121000	0.312518	1294	1
1522655230.575400000	0.312797	1294	1
1522655230.575414000	0.312811	74	0
1522655230.575672000	0.313069	1294	1
1522655230.575741000	0.313138	1294	1
1522655230.575753000	0.31315	74	0
1522655230.575970000	0.313367	1294	1
1522655230.576039000	0.313436	1294	1
1522655230.576050000	0.313447	74	0
1522655230.576242000	0.313639	1294	1
1522655230.576310000	0.313707	1294	1
1522655230.576322000	0.313719	74	0
1522655230.576541000	0.313938	1294	1
1522655230.576609000	0.314006	1294	1
1522655230.576620000	0.314017	74	0
1522655230.576708000	0.314105	1294	1
1522655230.577282000	0.314679	1294	1
1522655230.577301000	0.314698	74	0
1522655230.577472000	0.314869	1294	1
1522655230.577534000	0.314931	1294	1
1522655230.577537000	0.314934	1294	1
1522655230.577539000	0.314936	1294	1
1522655230.577552000	0.314949	74	0
1522655230.577613000	0.31501	834	1
1522655230.582371000	0.319768	1294	1
1522655230.582389000	0.319786	74	0
1522655230.582449000	0.319846	1294	1
1522655230.582515000	0.319912	1294	1
1522655230.582526000	0.319923	74	0
1522655230.582647000	0.320044	1294	1
1522655230.582718000	0.320115	1294	1
1522655230.582729000	0.320126	74	0
1522655230.582816000	0.320213	1294	1
1522655230.584608000	0.322005	1294	1
1522655230.584638000	0.322035	74	0
1522655230.584762000	0.322159	1294	1
1522655230.584882000	0.322279	1294	1
1522655230.584894000	0.322291	74	0
1522655230.585038000	0.322435	1294	1
1522655230.585162000	0.322559	1294	1
1522655230.585175000	0.322572	74	0
1522655230.585316000	0.322713	1294	1
1522655230.585437000	0.322834	1294	1
1522655230.585448000	0.322845	74	0
1522655230.585617000	0.323014	1294	1
1522655230.585855000	0.323252	1294	1
1522655230.585857000	0.323254	534	1
1522655230.585872000	0.323269	74	0
1522655230.587860000	0.325257	1294	1
1522655230.587995000	0.325392	1294	1
1522655230.588009000	0.325406	74	0
1522655230.588125000	0.325522	1294	1
1522655230.588200000	0.325597	1294	1
1522655230.588213000	0.32561	74	0
1522655230.588275000	0.325672	1294	1
1522655230.588392000	0.325789	1294	1
1522655230.588402000	0.325799	74	0
1522655230.588464000	0.325861	1294	1
1522655230.588634000	0.326031	1294	1
1522655230.588646000	0.326043	74	0
1522655230.588706000	0.326103	1294	1
1522655230.588770000	0.326167	1294	1
1522655230.588772000	0.326169	1294	1
1522655230.588783000	0.32618	74	0
1522655230.588921000	0.326318	1294	1
1522655230.588989000	0.326386	1294	1
1522655230.588991000	0.326388	1294	1
1522655230.589002000	0.326399	74	0
1522655230.589061000	0.326458	1294	1
1522655230.589205000	0.326602	1294	1
1522655230.589218000	0.326615	74	0
1522655230.589275000	0.326672	1294	1
1522655230.589340000	0.326737	1294	1
1522655230.589353000	0.32675	74	0
1522655230.589549000	0.326946	1294	1
1522655230.589826000	0.327223	1294	1
1522655230.589859000	0.327256	74	0
1522655230.589986000	0.327383	859	1
1522655230.590427000	0.327824	112	0
1522655230.590966000	0.328363	142	1
1522655230.590972000	0.328369	104	1
1522655230.590993000	0.32839	74	0
1522655230.648111000	0.385508	74	1
1522655230.854758000	0.592155	318	0
1522655230.872838000	0.610235	74	1
1522655230.874165000	0.611562	203	1
1522655230.874513000	0.61191	1294	1
1522655230.874540000	0.611937	74	0
1522655230.874792000	0.612189	1294	1
1522655230.874892000	0.612289	1294	1
1522655230.874908000	0.612305	74	0
1522655230.875110000	0.612507	1294	1
1522655230.875113000	0.61251	1294	1
1522655230.875132000	0.612529	74	0
1522655230.875198000	0.612595	1294	1
1522655230.875367000	0.612764	1294	1
1522655230.875381000	0.612778	74	0
1522655230.875445000	0.612842	1294	1
1522655230.875447000	0.612844	1294	1
1522655230.875449000	0.612846	1294	1
1522655230.875462000	0.612859	74	0
1522655230.875654000	0.613051	1294	1
1522655230.875657000	0.613054	1294	1
1522655230.875672000	0.613069	74	0
1522655230.875731000	0.613128	1294	1
1522655230.875795000	0.613192	1294	1
1522655230.875797000	0.613194	1294	1
1522655230.875809000	0.613206	74	0
1522655230.875939000	0.613336	1294	1
1522655230.876005000	0.613402	1294	1
1522655230.876008000	0.613405	1294	1
1522655230.876010000	0.613407	1294	1
1522655230.876012000	0.613409	1294	1
1522655230.876025000	0.613422	74	0
1522655230.876206000	0.613603	1294	1
1522655230.876277000	0.613674	1294	1
1522655230.876279000	0.613676	1294	1
1522655230.876282000	0.613679	1294	1
1522655230.876296000	0.613693	74	0
1522655230.876356000	0.613753	1294	1
1522655230.876509000	0.613906	1294	1
1522655230.876523000	0.61392	74	0
1522655230.876588000	0.613985	1294	1
1522655230.876591000	0.613988	1294	1
1522655230.876597000	0.613994	1294	1
1522655230.876609000	0.614006	74	0
1522655230.876671000	0.614068	822	1
1522655230.877435000	0.614832	112	0
1522655230.928300000	0.665697	145	0
1522655230.934646000	0.672043	74	1
1522655230.955496000	0.692893	74	1
1522655230.955960000	0.693357	200	1
1522655230.956050000	0.693447	362	1
1522655230.956052000	0.693449	112	1
1522655230.956064000	0.693461	74	0
1522655230.956322000	0.693719	112	0
1522655231.011875000	0.749272	74	1
1522655231.110637000	0.848034	157	0
1522655231.117051000	0.854448	375	0
1522655231.126175000	0.863572	158	0
1522655231.132264000	0.869661	74	1
1522655231.133692000	0.871089	74	1
1522655231.142702000	0.880099	74	1
1522655231.151107000	0.888504	171	1
1522655231.151446000	0.888843	1294	1
1522655231.151479000	0.888876	74	0
1522655231.151627000	0.889024	1294	1
1522655231.151751000	0.889148	1294	1
1522655231.151764000	0.889161	74	0
1522655231.151904000	0.889301	1294	1
1522655231.152027000	0.889424	1294	1
1522655231.152041000	0.889438	74	0
1522655231.152137000	0.889534	1294	1
1522655231.152204000	0.889601	1294	1
1522655231.152216000	0.889613	74	0
1522655231.152418000	0.889815	1294	1
1522655231.152495000	0.889892	1294	1
1522655231.152499000	0.889896	1294	1
1522655231.152514000	0.889911	74	0
1522655231.152696000	0.890093	1294	1
1522655231.152765000	0.890162	1294	1
1522655231.152776000	0.890173	74	0
1522655231.153017000	0.890414	1294	1
1522655231.153094000	0.890491	270	1
1522655231.153107000	0.890504	74	0
1522655231.153363000	0.89076	1205	1
1522655231.153365000	0.890762	140	1
1522655231.153367000	0.890764	104	1
1522655231.153383000	0.89078	74	0
1522655231.154734000	0.892131	112	0
1522655231.161710000	0.899107	159	1
1522655231.162059000	0.899456	1294	1
1522655231.162080000	0.899477	74	0
1522655231.162149000	0.899546	455	1
1522655231.162150000	0.899547	250	1
1522655231.162167000	0.899564	74	0
1522655231.210577000	0.947974	74	1
1522655231.239781000	0.977178	187	0
1522655231.257172000	0.994569	74	1
1522655231.267892000	1.00529	346	0
1522655231.284124000	1.02152	74	1
1522655231.295407000	1.0328	211	1
1522655231.295493000	1.03289	301	1
1522655231.295496000	1.03289	104	1
1522655231.295517000	1.03291	74	0
1522655231.295581000	1.03298	112	1
1522655231.295970000	1.03337	112	0
1522655231.352011000	1.08941	74	1
1522655231.363093000	1.10049	140	1
1522655231.366732000	1.10413	104	1
1522655231.366734000	1.10413	112	1
1522655231.366759000	1.10416	74	0
1522655231.367107000	1.1045	112	0
1522655231.394527000	1.13192	74	1
1522655231.535328000	1.27272	188	0
1522655231.552232000	1.28963	74	1
1522655231.591691000	1.32909	171	1
1522655231.591693000	1.32909	293	1
1522655231.591753000	1.32915	74	0
1522655231.594225000	1.33162	104	1
1522655231.594646000	1.33204	112	1
1522655231.594661000	1.33206	74	0
1522655231.594830000	1.33223	112	0
1522655231.651985000	1.38938	74	1
1522655231.669512000	1.40691	189	0
1522655231.685639000	1.42304	74	1
1522655231.726762000	1.46416	148	1
1522655231.726857000	1.46425	340	1
1522655231.726874000	1.46427	74	0
1522655231.728934000	1.46633	104	1
1522655231.728936000	1.46633	112	1
1522655231.728963000	1.46636	74	0
1522655231.729454000	1.46685	112	0
1522655231.757319000	1.49472	74	1
1522655231.959748000	1.69714	191	0
1522655231.975895000	1.71329	74	1
1522655232.011000000	1.7484	147	1
1522655232.011100000	1.7485	335	1
1522655232.011118000	1.74851	74	0
1522655232.011352000	1.74875	104	1
1522655232.011436000	1.74883	112	1
1522655232.011449000	1.74885	74	0
1522655232.011579000	1.74898	112	0
1522655232.067732000	1.80513	74	1
1522655232.216932000	1.95433	192	0
1522655232.232582000	1.96998	74	1
1522655232.268739000	2.00614	147	1
1522655232.269193000	2.00659	343	1
1522655232.269195000	2.00659	112	1
1522655232.269215000	2.00661	74	0
1522655232.269737000	2.00713	112	0
1522655232.324747000	2.06214	74	1
1522655232.616328000	2.35372	195	0
1522655232.633842000	2.37124	74	1
1522655232.666691000	2.40409	170	1
1522655232.666693000	2.40409	307	1
1522655232.666730000	2.40413	74	0
1522655232.667942000	2.40534	104	1
1522655232.667944000	2.40534	112	1
1522655232.667962000	2.40536	74	0
1522655232.668376000	2.40577	112	0
1522655232.723945000	2.46134	74	1
1522655232.829182000	2.56658	196	0
1522655232.857596000	2.59499	74	1
1522655232.895697000	2.63309	148	1
1522655232.895700000	2.6331	302	1
1522655232.895736000	2.63313	74	0
1522655232.896150000	2.63355	104	1
1522655232.896600000	2.634	112	1
1522655232.896614000	2.63401	74	0
1522655232.897161000	2.63456	112	0
1522655232.952777000	2.69017	74	1
1522655233.041936000	2.77933	321	0
1522655233.058513000	2.79591	74	1
1522655233.079496000	2.81689	140	1
1522655233.079498000	2.8169	104	1
1522655233.079500000	2.8169	112	1
1522655233.079539000	2.81694	74	0
1522655233.079911000	2.81731	112	0
1522655233.135712000	2.87311	74	1
1522655233.266583000	3.00398	200	0
1522655233.282218000	3.01961	74	1
1522655233.319017000	3.05641	147	1
1522655233.319126000	3.05652	295	1
1522655233.319127000	3.05652	104	1
1522655233.319129000	3.05653	112	1
1522655233.319153000	3.05655	74	0
1522655233.319547000	3.05694	112	0
1522655233.375791000	3.11319	74	1
1522655233.431872000	3.16927	202	0
1522655233.448225000	3.18562	74	1
1522655233.484829000	3.22223	170	1
1522655233.484920000	3.22232	324	1
1522655233.484923000	3.22232	112	1
1522655233.484948000	3.22234	74	0
1522655233.485363000	3.22276	112	0
1522655233.540647000	3.27804	74	1
1522655233.770931000	3.50833	203	0
1522655233.786591000	3.52399	74	1
1522655233.819938000	3.55733	147	1
1522655233.820041000	3.55744	306	1
1522655233.820043000	3.55744	104	1
1522655233.820044000	3.55744	112	1
1522655233.820065000	3.55746	74	0
1522655233.820413000	3.55781	112	0
1522655233.865058000	3.60245	204	0
1522655233.876788000	3.61418	74	1
1522655233.881759000	3.61916	74	1
1522655233.916222000	3.65362	147	1
1522655233.916324000	3.65372	345	1
1522655233.916327000	3.65372	112	1
1522655233.916348000	3.65374	74	0
1522655233.916734000	3.65413	112	0
1522655233.973227000	3.71062	74	1
1522655234.035959000	3.77336	205	0
1522655234.052546000	3.78994	74	1
1522655234.089646000	3.82704	144	1
1522655234.089734000	3.82713	324	1
1522655234.089737000	3.82713	112	1
1522655234.089758000	3.82715	74	0
1522655234.090122000	3.82752	112	0
1522655234.145782000	3.88318	74	1
1522655234.172632000	3.91003	206	0
1522655234.188896000	3.92629	74	1
1522655234.223334000	3.96073	144	1
1522655234.223424000	3.96082	293	1
1522655234.223443000	3.96084	74	0
1522655234.223838000	3.96124	104	1
1522655234.224496000	3.96189	112	1
1522655234.224512000	3.96191	74	0
1522655234.224796000	3.96219	112	0
1522655234.282136000	4.01953	74	1
1522655235.090323000	4.82772	190	0
1522655235.106653000	4.84405	74	1
1522655235.201134000	4.93853	216	1
1522655235.201419000	4.93882	1294	1
1522655235.201448000	4.93884	74	0
1522655235.201512000	4.93891	1294	1
1522655235.201709000	4.93911	1294	1
1522655235.201720000	4.93912	74	0
1522655235.201781000	4.93918	1294	1
1522655235.201989000	4.93939	1294	1
1522655235.202003000	4.9394	74	0
1522655235.202072000	4.93947	1294	1
1522655235.202299000	4.9397	1294	1
1522655235.202309000	4.93971	74	0
1522655235.202561000	4.93996	1190	1
1522655235.220876000	4.95827	1294	1
1522655235.220939000	4.95834	74	0
1522655235.221006000	4.9584	1294	1
1522655235.221133000	4.95853	1294	1
1522655235.221154000	4.95855	74	0
1522655235.221286000	4.95868	1294	1
1522655235.221408000	4.9588	1294	1
1522655235.221421000	4.95882	74	0
1522655235.221479000	4.95888	1294	1
1522655235.221579000	4.95898	1294	1
1522655235.221589000	4.95899	74	0
1522655235.221701000	4.9591	1294	1
1522655235.221771000	4.95917	1294	1
1522655235.221782000	4.95918	74	0
1522655235.221839000	4.95924	1294	1
1522655235.221908000	4.95931	74	0
1522655235.221977000	4.95937	1294	1
1522655235.222132000	4.95953	1294	1
1522655235.222142000	4.95954	74	0
1522655235.222236000	4.95963	1227	1
1522655235.223674000	4.96107	1294	1
1522655235.223700000	4.9611	74	0
1522655235.223796000	4.96119	1294	1
1522655235.223965000	4.96136	1294	1
1522655235.223977000	4.96137	74	0
1522655235.224081000	4.96148	1294	1
1522655235.224241000	4.96164	1294	1
1522655235.224253000	4.96165	74	0
1522655235.224363000	4.96176	1294	1
1522655235.224365000	4.96176	440	1
1522655235.224377000	4.96177	74	0
1522655235.575581000	5.31298	1294	1
1522655235.575722000	5.31312	1294	1
1522655235.575750000	5.31315	74	0
1522655235.575835000	5.31323	1294	1
1522655235.576016000	5.31341	1294	1
1522655235.576030000	5.31343	74	0
1522655235.576136000	5.31353	1294	1
1522655235.576292000	5.31369	1294	1
1522655235.576305000	5.3137	74	0
1522655235.576431000	5.31383	1294	1
1522655235.576585000	5.31398	1294	1
1522655235.576599000	5.314	74	0
1522655235.576707000	5.3141	1294	1
1522655235.576972000	5.31437	1237	1
1522655235.576988000	5.31438	74	0
1522655235.589472000	5.32687	1294	1
1522655235.589614000	5.32701	1294	1
1522655235.589639000	5.32704	74	0
1522655235.589754000	5.32715	1294	1
1522655235.589906000	5.3273	1294	1
1522655235.589921000	5.32732	74	0
1522655235.589987000	5.32738	1294	1
1522655235.590058000	5.32746	1294	1
1522655235.590068000	5.32747	74	0
1522655235.590258000	5.32765	1294	1
1522655235.590321000	5.32772	1294	1
1522655235.590333000	5.32773	74	0
1522655235.590557000	5.32795	1294	1
1522655235.590560000	5.32796	1294	1
1522655235.590575000	5.32797	74	0
1522655235.590645000	5.32804	1294	1
1522655235.590647000	5.32804	345	1
1522655235.590659000	5.32806	74	0
1522655235.603540000	5.34094	1294	1
1522655235.603801000	5.3412	1294	1
1522655235.603822000	5.34122	74	0
1522655235.604470000	5.34187	1294	1
1522655235.604647000	5.34204	1294	1
1522655235.604665000	5.34206	74	0
1522655235.604763000	5.34216	1294	1
1522655235.604995000	5.34239	1294	1
1522655235.605010000	5.34241	74	0
1522655235.605070000	5.34247	1294	1
1522655235.605231000	5.34263	1294	1
1522655235.605245000	5.34264	74	0
1522655235.605310000	5.34271	1294	1
1522655235.605381000	5.34278	1294	1
1522655235.605392000	5.34279	74	0
1522655235.605545000	5.34294	1294	1
1522655235.605618000	5.34301	1294	1
1522655235.605620000	5.34302	1294	1
1522655235.605623000	5.34302	187	1
1522655235.605634000	5.34303	74	0
1522655235.607731000	5.34513	1294	1
1522655235.609046000	5.34644	1294	1
1522655235.609064000	5.34646	74	0
1522655235.609344000	5.34674	1294	1
1522655235.609347000	5.34674	1294	1
1522655235.609363000	5.34676	74	0
1522655235.609639000	5.34704	1294	1
1522655235.609641000	5.34704	1294	1
1522655235.609656000	5.34705	74	0
1522655235.609918000	5.34732	1294	1
1522655235.609921000	5.34732	1294	1
1522655235.609937000	5.34733	74	0
1522655235.610214000	5.34761	1294	1
1522655235.610216000	5.34761	1294	1
1522655235.610231000	5.34763	74	0
1522655235.610374000	5.34777	1294	1
1522655235.610492000	5.34789	1294	1
1522655235.610494000	5.34789	1294	1
1522655235.610509000	5.34791	74	0
1522655235.610569000	5.34797	901	1
1522655235.610781000	5.34818	1294	1
1522655235.610799000	5.3482	74	0
1522655235.610890000	5.34829	1294	1
1522655235.610893000	5.34829	1294	1
1522655235.610895000	5.34829	98	1
1522655235.610897000	5.34829	104	1
1522655235.610899000	5.3483	112	1
1522655235.610912000	5.34831	74	0
1522655235.611089000	5.34849	112	0
1522655235.627787000	5.36518	74	1
1522655235.702825000	5.44022	144	0
1522655235.719832000	5.45723	74	1
1522655235.721355000	5.45875	198	0
1522655235.738928000	5.47633	203	1
1522655235.739261000	5.47666	1294	1
1522655235.739281000	5.47668	74	0
1522655235.739571000	5.47697	1294	1
1522655235.739643000	5.47704	1294	1
1522655235.739655000	5.47705	74	0
1522655235.739858000	5.47725	1294	1
1522655235.739924000	5.47732	1294	1
1522655235.739938000	5.47733	74	0
1522655235.740153000	5.47755	1294	1
1522655235.740220000	5.47762	1294	1
1522655235.740222000	5.47762	1294	1
1522655235.740234000	5.47763	74	0
1522655235.740434000	5.47783	1294	1
1522655235.740503000	5.4779	1294	1
1522655235.740514000	5.47791	74	0
1522655235.740574000	5.47797	530	1
1522655235.740576000	5.47797	112	1
1522655235.740589000	5.47799	74	0
1522655235.741033000	5.47843	112	0
1522655235.757214000	5.49461	74	1
1522655235.768920000	5.50632	140	1
1522655235.768923000	5.50632	104	1
1522655235.768982000	5.50638	74	0
1522655235.769050000	5.50645	112	1
1522655235.770122000	5.50752	112	0
1522655235.827139000	5.56454	74	1
1522655235.907943000	5.64534	340	0
1522655235.925164000	5.66256	74	1
1522655235.927185000	5.66458	180	1
1522655235.927544000	5.66494	1294	1
1522655235.927575000	5.66497	74	0
1522655235.927839000	5.66524	1294	1
1522655235.927919000	5.66532	1294	1
1522655235.927931000	5.66533	74	0
1522655235.928184000	5.66558	1294	1
1522655235.928480000	5.66588	1294	1
1522655235.928495000	5.66589	74	0
1522655235.928754000	5.66615	1294	1
1522655235.929107000	5.6665	1294	1
1522655235.929121000	5.66652	74	0
1522655235.929429000	5.66683	1294	1
1522655235.929431000	5.66683	1294	1
1522655235.929449000	5.66685	74	0
1522655235.929655000	5.66705	1294	1
1522655235.929944000	5.66734	1294	1
1522655235.929959000	5.66736	74	0
1522655235.930020000	5.66742	1294	1
1522655235.930119000	5.66752	1294	1
1522655235.930129000	5.66753	74	0
1522655235.930303000	5.6677	1294	1
1522655235.930400000	5.6678	1294	1
1522655235.930411000	5.66781	74	0
1522655235.930603000	5.668	1294	1
1522655235.930605000	5.668	1294	1
1522655235.930620000	5.66802	74	0
1522655235.930689000	5.66809	1294	1
1522655235.930857000	5.66825	1294	1
1522655235.930871000	5.66827	74	0
1522655235.930966000	5.66836	1294	1
1522655235.931039000	5.66844	1294	1
1522655235.931049000	5.66845	74	0
1522655235.931242000	5.66864	1294	1
1522655235.931486000	5.66888	1294	1
1522655235.931505000	5.6689	74	0
1522655235.931572000	5.66897	1294	1
1522655235.931638000	5.66903	1294	1
1522655235.931648000	5.66904	74	0
1522655235.931709000	5.66911	1294	1
1522655235.931828000	5.66922	1294	1
1522655235.931842000	5.66924	74	0
1522655235.931900000	5.6693	1294	1
1522655235.931962000	5.66936	1294	1
1522655235.931973000	5.66937	74	0
1522655235.932131000	5.66953	1294	1
1522655235.932199000	5.6696	1294	1
1522655235.932202000	5.6696	1294	1
1522655235.932204000	5.6696	1294	1
1522655235.932217000	5.66961	74	0
1522655235.932418000	5.66982	1294	1
1522655235.932487000	5.66988	1294	1
1522655235.932499000	5.6699	74	0
1522655235.932585000	5.66998	1294	1
1522655235.932732000	5.67013	1294	1
1522655235.932734000	5.67013	1294	1
1522655235.932750000	5.67015	74	0
1522655235.932997000	5.67039	1294	1
1522655235.933066000	5.67046	1294	1
1522655235.933077000	5.67047	74	0
1522655235.933187000	5.67058	1294	1
1522655235.933258000	5.67066	1294	1
1522655235.933269000	5.67067	74	0
1522655235.933329000	5.67073	1294	1
1522655235.933464000	5.67086	1294	1
1522655235.933474000	5.67087	74	0
1522655235.933552000	5.67095	1294	1
1522655235.933651000	5.67105	1294	1
1522655235.933653000	5.67105	1294	1
1522655235.933662000	5.67106	74	0
1522655235.933723000	5.67112	1294	1
1522655235.933916000	5.67131	1294	1
1522655235.933929000	5.67133	74	0
1522655235.934007000	5.6714	74	0
1522655235.934209000	5.67161	1294	1
1522655235.934485000	5.67188	1294	1
1522655235.934496000	5.67189	74	0
1522655235.934761000	5.67216	1072	1
1522655235.935392000	5.67279	112	0
1522655235.950311000	5.68771	175	0
1522655235.966389000	5.70379	74	1
1522655236.006501000	5.7439	214	1
1522655236.006504000	5.7439	104	1
1522655236.006561000	5.74396	74	0
1522655236.006916000	5.74431	112	1
1522655236.007747000	5.74514	112	0
1522655236.065013000	5.80241	74	1
1522655236.129935000	5.86733	401	0
1522655236.145782000	5.88318	74	1
1522655236.167108000	5.90451	140	1
1522655236.167189000	5.90459	104	1
1522655236.167196000	5.90459	112	1
1522655236.167220000	5.90462	74	0
1522655236.168067000	5.90546	112	0
1522655236.226892000	5.96429	74	1
1522655238.119510000	7.85691	310	0
1522655238.144852000	7.88225	74	1
1522655238.166801000	7.9042	140	1
1522655238.166803000	7.9042	104	1
1522655238.166805000	7.9042	112	1
1522655238.166843000	7.90424	74	0
1522655238.167229000	7.90463	112	0
1522655238.224289000	7.96169	74	1
1522655241.125310000	10.8627	347	0
1522655241.145311000	10.8827	74	1
1522655241.185472000	10.9229	140	1
1522655241.185474000	10.9229	104	1
1522655241.185476000	10.9229	112	1
1522655241.185508000	10.9229	74	0
1522655241.186271000	10.9237	112	0
1522655241.203292000	10.9407	74	1
