1522645709.410419000	0	1294	1
1522645709.410695000	0.000276089	1294	1
1522645709.410698000	0.00027895	198	1
1522645709.410718000	0.000298977	74	0
1522645709.653434000	0.243015	316	0
1522645709.675602000	0.265183	159	0
1522645709.676034000	0.265615	475	0
1522645709.713701000	0.303282	344	1
1522645709.735542000	0.325123	135	1
1522645709.735546000	0.325127	104	1
1522645709.735608000	0.325189	74	0
1522645709.735879000	0.32546	104	0
1522645709.775682000	0.365263	74	1
1522645709.794835000	0.384416	74	1
1522645709.808609000	0.39819	663	1
1522645709.808920000	0.398501	1294	1
1522645709.808936000	0.398517	74	0
1522645709.809210000	0.398791	1294	1
1522645709.809298000	0.398879	1294	1
1522645709.809310000	0.398891	74	0
1522645709.809492000	0.399073	1294	1
1522645709.809571000	0.399152	1294	1
1522645709.809580000	0.399161	74	0
1522645709.809777000	0.399358	1294	1
1522645709.809848000	0.399429	1294	1
1522645709.809860000	0.399441	74	0
1522645709.809922000	0.399503	740	1
1522645709.810479000	0.40006	1294	1
1522645709.810490000	0.400071	74	0
1522645709.810754000	0.400335	1294	1
1522645709.810886000	0.400467	1294	1
1522645709.810897000	0.400478	74	0
1522645709.810959000	0.40054	1294	1
1522645709.811029000	0.40061	1294	1
1522645709.811041000	0.400622	74	0
1522645709.811161000	0.400742	1294	1
1522645709.811453000	0.401034	1294	1
1522645709.811466000	0.401047	74	0
1522645709.867112000	0.456693	1294	1
1522645709.867390000	0.456971	1294	1
1522645709.867421000	0.457002	74	0
1522645709.867965000	0.457546	1294	1
1522645709.868178000	0.457759	1294	1
1522645709.868193000	0.457774	74	0
1522645709.868255000	0.457836	1294	1
1522645709.868453000	0.458034	1294	1
1522645709.868468000	0.458049	74	0
1522645709.868731000	0.458312	1294	1
1522645709.869044000	0.458625	1294	1
1522645709.869057000	0.458638	74	0
1522645709.869118000	0.458699	1294	1
1522645709.869374000	0.458955	1294	1
1522645709.869387000	0.458968	74	0
1522645709.869706000	0.459287	1294	1
1522645709.869867000	0.459448	1294	1
1522645709.869880000	0.459461	74	0
1522645709.869959000	0.45954	1294	1
1522645709.870240000	0.459821	1294	1
1522645709.870253000	0.459834	74	0
1522645709.870314000	0.459895	1294	1
1522645709.870489000	0.46007	1294	1
1522645709.870503000	0.460084	74	0
1522645709.875473000	0.465054	1294	1
1522645709.875732000	0.465313	1294	1
1522645709.875756000	0.465337	74	0
1522645709.877354000	0.466935	1294	1
1522645709.877652000	0.467233	1294	1
1522645709.877671000	0.467252	74	0
1522645709.879921000	0.469502	1294	1
1522645709.880214000	0.469795	1294	1
1522645709.880232000	0.469813	74	0
1522645709.883816000	0.473397	1294	1
1522645709.884131000	0.473712	1294	1
1522645709.884149000	0.47373	74	0
1522645709.885734000	0.475315	1294	1
1522645709.886009000	0.47559	1294	1
1522645709.886022000	0.475603	74	0
1522645709.889300000	0.478881	1294	1
1522645709.889576000	0.479157	1294	1
1522645709.889594000	0.479175	74	0
1522645709.889867000	0.479448	1294	1
1522645709.892574000	0.482155	1294	1
1522645709.892603000	0.482184	74	0
1522645709.892867000	0.482448	1294	1
1522645709.893819000	0.4834	1294	1
1522645709.893834000	0.483415	74	0
1522645709.925590000	0.515171	1294	1
1522645709.925870000	0.515451	1294	1
1522645709.925898000	0.515479	74	0
1522645709.926487000	0.516068	1294	1
1522645709.926762000	0.516343	1294	1
1522645709.926776000	0.516357	74	0
1522645709.928062000	0.517643	1294	1
1522645709.928333000	0.517914	1294	1
1522645709.928347000	0.517928	74	0
1522645709.932865000	0.522446	1294	1
1522645709.933139000	0.52272	1294	1
1522645709.933142000	0.522723	701	1
1522645709.933164000	0.522745	74	0
1522645709.934174000	0.523755	112	0
1522645709.960776000	0.550357	327	0
1522645709.961030000	0.550611	169	0
1522645710.019340000	0.608921	74	1
1522645710.039264000	0.628845	252	1
1522645710.039636000	0.629217	1294	1
1522645710.039657000	0.629238	74	0
1522645710.040485000	0.630066	1294	1
1522645710.040554000	0.630135	1294	1
1522645710.040557000	0.630138	425	1
1522645710.040578000	0.630159	86	0
1522645710.040869000	0.63045	1294	1
1522645710.040871000	0.630452	112	1
1522645710.040872000	0.630453	147	1
1522645710.040886000	0.630467	74	0
1522645710.040894000	0.630475	74	0
1522645710.040954000	0.630535	1294	1
1522645710.041145000	0.630726	1294	1
1522645710.041158000	0.630739	74	0
1522645710.041367000	0.630948	112	0
1522645710.041454000	0.631035	1294	1
1522645710.041730000	0.631311	1294	1
1522645710.041741000	0.631322	74	0
1522645710.042666000	0.632247	1294	1
1522645710.042668000	0.632249	87	1
1522645710.042685000	0.632266	74	0
1522645710.084051000	0.673632	254	0
1522645710.090391000	0.679972	243	0
1522645710.140990000	0.730571	74	1
1522645710.161095000	0.750676	74	1
1522645710.161168000	0.750749	74	1
1522645710.161235000	0.750816	262	1
1522645710.161542000	0.751123	1294	1
1522645710.161561000	0.751142	74	0
1522645710.162139000	0.75172	1294	1
1522645710.162437000	0.752018	1294	1
1522645710.162455000	0.752036	74	0
1522645710.163288000	0.752869	1294	1
1522645710.163562000	0.753143	1294	1
1522645710.163577000	0.753158	74	0
1522645710.163858000	0.753439	1294	1
1522645710.164153000	0.753734	1294	1
1522645710.164166000	0.753747	74	0
1522645710.165276000	0.754857	1294	1
1522645710.165552000	0.755133	1294	1
1522645710.165565000	0.755146	74	0
1522645710.165831000	0.755412	1294	1
1522645710.166125000	0.755706	1294	1
1522645710.166140000	0.755721	74	0
1522645710.167200000	0.756781	1294	1
1522645710.167501000	0.757082	1294	1
1522645710.167517000	0.757098	74	0
1522645710.169409000	0.75899	1294	1
1522645710.169703000	0.759284	1294	1
1522645710.169716000	0.759297	74	0
1522645710.169981000	0.759562	1294	1
1522645710.170274000	0.759855	1294	1
1522645710.170289000	0.75987	74	0
1522645710.171401000	0.760982	1294	1
1522645710.171742000	0.761323	1294	1
1522645710.171755000	0.761336	74	0
1522645710.173263000	0.762844	1294	1
1522645710.173536000	0.763117	1294	1
1522645710.173550000	0.763131	74	0
1522645710.173833000	0.763414	1294	1
1522645710.174108000	0.763689	1294	1
1522645710.174121000	0.763702	74	0
1522645710.175628000	0.765209	1294	1
1522645710.175902000	0.765483	1294	1
1522645710.175916000	0.765497	74	0
1522645710.177369000	0.76695	1294	1
1522645710.177647000	0.767228	1294	1
1522645710.177662000	0.767243	74	0
1522645710.177925000	0.767506	1294	1
1522645710.178218000	0.767799	1294	1
1522645710.178231000	0.767812	74	0
1522645710.180852000	0.770433	1294	1
1522645710.181138000	0.770719	1294	1
1522645710.181151000	0.770732	74	0
1522645710.181544000	0.771125	1294	1
1522645710.181844000	0.771425	1294	1
1522645710.181857000	0.771438	74	0
1522645710.182178000	0.771759	1294	1
1522645710.182456000	0.772037	1294	1
1522645710.182469000	0.77205	74	0
1522645710.183491000	0.773072	1294	1
1522645710.183765000	0.773346	1294	1
1522645710.183779000	0.77336	74	0
1522645710.184058000	0.773639	1294	1
1522645710.185623000	0.775204	1294	1
1522645710.185638000	0.775219	74	0
1522645710.185896000	0.775477	1294	1
1522645710.186175000	0.775756	1294	1
1522645710.186188000	0.775769	74	0
1522645710.186468000	0.776049	1294	1
1522645710.187582000	0.777163	1294	1
1522645710.187596000	0.777177	74	0
1522645710.187881000	0.777462	1294	1
1522645710.189537000	0.779118	1294	1
1522645710.189551000	0.779132	74	0
1522645710.189814000	0.779395	1294	1
1522645710.190106000	0.779687	1294	1
1522645710.190119000	0.7797	74	0
1522645710.190400000	0.779981	1294	1
1522645710.191475000	0.781056	1294	1
1522645710.191490000	0.781071	74	0
1522645710.191768000	0.781349	1294	1
1522645710.193760000	0.783341	1294	1
1522645710.193775000	0.783356	74	0
1522645710.194054000	0.783635	1294	1
1522645710.194332000	0.783913	1294	1
1522645710.194346000	0.783927	74	0
1522645710.194429000	0.78401	630	1
1522645710.219851000	0.809432	1294	1
1522645710.219898000	0.809479	74	0
1522645710.220035000	0.809616	1294	1
1522645710.220113000	0.809694	1294	1
1522645710.220124000	0.809705	74	0
1522645710.220322000	0.809903	1294	1
1522645710.220416000	0.809997	1294	1
1522645710.220426000	0.810007	74	0
1522645710.220483000	0.810064	1294	1
1522645710.220606000	0.810187	1294	1
1522645710.220616000	0.810197	74	0
1522645710.221080000	0.810661	1294	1
1522645710.221357000	0.810938	1294	1
1522645710.221369000	0.81095	74	0
1522645710.221487000	0.811068	738	1
1522645710.224708000	0.814289	1294	1
1522645710.224725000	0.814306	74	0
1522645710.224995000	0.814576	1294	1
1522645710.229874000	0.819455	1294	1
1522645710.229917000	0.819498	74	0
1522645710.230175000	0.819756	1294	1
1522645710.230989000	0.82057	1294	1
1522645710.231003000	0.820584	74	0
1522645710.231280000	0.820861	1294	1
1522645710.232865000	0.822446	1294	1
1522645710.232883000	0.822464	74	0
1522645710.233128000	0.822709	1294	1
1522645710.233414000	0.822995	1294	1
1522645710.233426000	0.823007	74	0
1522645710.233707000	0.823288	1294	1
1522645710.234830000	0.824411	1294	1
1522645710.234843000	0.824424	74	0
1522645710.235111000	0.824692	1294	1
1522645710.238069000	0.82765	1294	1
1522645710.238084000	0.827665	74	0
1522645710.238346000	0.827927	1294	1
1522645710.239274000	0.828855	1294	1
1522645710.239290000	0.828871	74	0
1522645710.239544000	0.829125	1294	1
1522645710.240137000	0.829718	1294	1
1522645710.240153000	0.829734	74	0
1522645710.240429000	0.83001	1294	1
1522645710.242347000	0.831928	1294	1
1522645710.242361000	0.831942	74	0
1522645710.242602000	0.832183	1294	1
1522645710.243234000	0.832815	1294	1
1522645710.243248000	0.832829	74	0
1522645710.243310000	0.832891	1294	1
1522645710.243511000	0.833092	1294	1
1522645710.243526000	0.833107	74	0
1522645710.243588000	0.833169	1294	1
1522645710.243836000	0.833417	1294	1
1522645710.243849000	0.83343	74	0
1522645710.244131000	0.833712	1294	1
1522645710.245234000	0.834815	1294	1
1522645710.245248000	0.834829	74	0
1522645710.245517000	0.835098	1294	1
1522645710.245789000	0.83537	1294	1
1522645710.245803000	0.835384	74	0
1522645710.247243000	0.836824	1294	1
1522645710.247534000	0.837115	1294	1
1522645710.247554000	0.837135	74	0
1522645710.249188000	0.838769	1294	1
1522645710.249536000	0.839117	1294	1
1522645710.249555000	0.839136	74	0
1522645710.250437000	0.840018	1294	1
1522645710.250720000	0.840301	1294	1
1522645710.250737000	0.840318	74	0
1522645710.251068000	0.840649	1294	1
1522645710.251290000	0.840871	1294	1
1522645710.251309000	0.84089	74	0
1522645710.252978000	0.842559	1294	1
1522645710.253185000	0.842766	1294	1
1522645710.253203000	0.842784	74	0
1522645710.254181000	0.843762	1294	1
1522645710.254439000	0.84402	1294	1
1522645710.254457000	0.844038	74	0
1522645710.255417000	0.844998	1294	1
1522645710.256359000	0.84594	1294	1
1522645710.256382000	0.845963	74	0
1522645710.278962000	0.868543	1294	1
1522645710.279224000	0.868805	1294	1
1522645710.279253000	0.868834	74	0
1522645710.279515000	0.869096	1294	1
1522645710.279582000	0.869163	1294	1
1522645710.279596000	0.869177	74	0
1522645710.279810000	0.869391	1294	1
1522645710.279877000	0.869458	1294	1
1522645710.279887000	0.869468	74	0
1522645710.280101000	0.869682	1294	1
1522645710.280364000	0.869945	1294	1
1522645710.280377000	0.869958	74	0
1522645710.280660000	0.870241	1294	1
1522645710.280935000	0.870516	1294	1
1522645710.280949000	0.87053	74	0
1522645710.282068000	0.871649	1294	1
1522645710.289747000	0.879328	1294	1
1522645710.289780000	0.879361	74	0
1522645710.289949000	0.87953	1294	1
1522645710.290622000	0.880203	1294	1
1522645710.290650000	0.880231	74	0
1522645710.290925000	0.880506	1294	1
1522645710.291190000	0.880771	1294	1
1522645710.291205000	0.880786	74	0
1522645710.291488000	0.881069	1294	1
1522645710.291785000	0.881366	1294	1
1522645710.291799000	0.88138	74	0
1522645710.292115000	0.881696	1294	1
1522645710.292840000	0.882421	1294	1
1522645710.292858000	0.882439	74	0
1522645710.292996000	0.882577	924	1
1522645710.293954000	0.883535	112	0
1522645710.391058000	0.980639	317	0
1522645710.402532000	0.992113	74	1
1522645710.449533000	1.03911	145	0
1522645710.453020000	1.0426	74	1
1522645710.453108000	1.04269	203	1
1522645710.453587000	1.04317	1294	1
1522645710.453609000	1.04319	74	0
1522645710.453928000	1.04351	1294	1
1522645710.453997000	1.04358	1294	1
1522645710.454008000	1.04359	74	0
1522645710.454099000	1.04368	1294	1
1522645710.454203000	1.04378	1294	1
1522645710.454213000	1.04379	74	0
1522645710.454272000	1.04385	1294	1
1522645710.454483000	1.04406	1294	1
1522645710.454496000	1.04408	74	0
1522645710.454553000	1.04413	1294	1
1522645710.454718000	1.0443	1294	1
1522645710.454732000	1.04431	74	0
1522645710.454788000	1.04437	1294	1
1522645710.454854000	1.04444	1294	1
1522645710.454866000	1.04445	74	0
1522645710.454994000	1.04457	1294	1
1522645710.455061000	1.04464	1294	1
1522645710.455072000	1.04465	74	0
1522645710.455130000	1.04471	1294	1
1522645710.455271000	1.04485	1294	1
1522645710.455284000	1.04487	74	0
1522645710.455348000	1.04493	1294	1
1522645710.455410000	1.04499	1294	1
1522645710.455420000	1.045	74	0
1522645710.455569000	1.04515	1294	1
1522645710.455636000	1.04522	1294	1
1522645710.455646000	1.04523	74	0
1522645710.455705000	1.04529	1294	1
1522645710.455973000	1.04555	1294	1
1522645710.455998000	1.04558	74	0
1522645710.456673000	1.04625	1294	1
1522645710.456949000	1.04653	1294	1
1522645710.456965000	1.04655	74	0
1522645710.458046000	1.04763	1294	1
1522645710.458345000	1.04793	1294	1
1522645710.458367000	1.04795	74	0
1522645710.458642000	1.04822	1294	1
1522645710.458918000	1.0485	1294	1
1522645710.458933000	1.04851	74	0
1522645710.459234000	1.04882	1294	1
1522645710.459530000	1.04911	1294	1
1522645710.459543000	1.04912	74	0
1522645710.460315000	1.0499	822	1
1522645710.460539000	1.05012	112	0
1522645710.513885000	1.10347	200	1
1522645710.513973000	1.10355	362	1
1522645710.513986000	1.10357	74	0
1522645710.560751000	1.15033	74	1
1522645710.862385000	1.45197	360	0
1522645710.942543000	1.53212	74	1
1522645710.964108000	1.55369	140	1
1522645710.964111000	1.55369	104	1
1522645710.964112000	1.55369	112	1
1522645710.964142000	1.55372	74	0
1522645710.965011000	1.55459	112	0
1522645711.012805000	1.60239	144	0
1522645711.019375000	1.60896	379	0
1522645711.025171000	1.61475	159	0
1522645711.072207000	1.66179	74	1
1522645711.091120000	1.6807	194	1
1522645711.091477000	1.68106	1294	1
1522645711.091494000	1.68108	74	0
1522645711.091752000	1.68133	1294	1
1522645711.092049000	1.68163	1294	1
1522645711.092064000	1.68164	74	0
1522645711.092343000	1.68192	1294	1
1522645711.092620000	1.6822	1294	1
1522645711.092635000	1.68222	74	0
1522645711.092897000	1.68248	1294	1
1522645711.093746000	1.68333	1294	1
1522645711.093761000	1.68334	74	0
1522645711.093986000	1.68357	1294	1
1522645711.094053000	1.68363	1294	1
1522645711.094067000	1.68365	74	0
1522645711.094281000	1.68386	1294	1
1522645711.094348000	1.68393	1294	1
1522645711.094360000	1.68394	74	0
1522645711.094557000	1.68414	1294	1
1522645711.094850000	1.68443	1294	1
1522645711.094865000	1.68445	74	0
1522645711.095737000	1.68532	181	1
1522645711.095739000	1.68532	74	1
1522645711.095764000	1.68534	86	0
1522645711.096114000	1.68569	1294	1
1522645711.096132000	1.68571	74	0
1522645711.096312000	1.68589	112	0
1522645711.115007000	1.70459	159	1
1522645711.115344000	1.70493	1294	1
1522645711.115373000	1.70495	74	0
1522645711.115527000	1.70511	890	1
1522645711.116444000	1.70603	140	1
1522645711.116462000	1.70604	74	0
1522645711.116524000	1.7061	104	1
1522645711.140268000	1.72985	188	0
1522645711.206179000	1.79576	74	1
1522645711.223404000	1.81298	74	1
1522645711.268461000	1.85804	210	1
1522645711.268542000	1.85812	337	1
1522645711.268544000	1.85812	112	1
1522645711.268560000	1.85814	74	0
1522645711.268877000	1.85846	112	0
1522645711.327494000	1.91707	74	1
1522645711.453584000	2.04316	189	0
1522645711.512745000	2.10233	74	1
1522645711.553635000	2.14322	147	1
1522645711.553728000	2.14331	349	1
1522645711.553731000	2.14331	112	1
1522645711.553757000	2.14334	74	0
1522645711.554184000	2.14376	112	0
1522645711.602021000	2.1916	189	0
1522645711.614814000	2.2044	74	1
1522645711.661634000	2.25121	74	1
1522645711.697468000	2.28705	147	1
1522645711.697550000	2.28713	350	1
1522645711.697551000	2.28713	112	1
1522645711.697572000	2.28715	74	0
1522645711.697948000	2.28753	112	0
1522645711.796438000	2.38602	74	1
1522645711.875700000	2.46528	190	0
1522645711.934921000	2.5245	74	1
1522645711.969182000	2.55876	170	1
1522645711.969268000	2.55885	343	1
1522645711.969270000	2.55885	112	1
1522645711.969296000	2.55888	74	0
1522645711.969709000	2.55929	112	0
1522645712.069495000	2.65908	74	1
1522645712.290774000	2.88036	193	0
1522645712.351403000	2.94098	74	1
1522645712.384139000	2.97372	147	1
1522645712.384142000	2.97372	306	1
1522645712.384189000	2.97377	74	0
1522645712.384800000	2.97438	104	1
1522645712.384868000	2.97445	112	1
1522645712.384881000	2.97446	74	0
1522645712.385441000	2.97502	112	0
1522645712.483614000	3.07319	74	1
1522645712.612290000	3.20187	322	0
1522645712.671744000	3.26133	74	1
1522645712.692197000	3.28178	140	1
1522645712.692199000	3.28178	104	1
1522645712.692239000	3.28182	74	0
1522645712.692306000	3.28189	112	1
1522645712.692624000	3.28221	112	0
1522645712.791184000	3.38076	74	1
1522645712.893590000	3.48317	196	0
1522645712.951523000	3.5411	74	1
1522645712.984738000	3.57432	170	1
1522645712.984832000	3.57441	354	1
1522645712.984834000	3.57441	112	1
1522645712.984861000	3.57444	74	0
1522645712.985319000	3.5749	112	0
1522645713.104295000	3.69388	74	1
1522645713.112485000	3.70207	198	0
1522645713.174026000	3.76361	74	1
1522645713.210464000	3.80005	147	1
1522645713.210467000	3.80005	314	1
1522645713.210504000	3.80009	74	0
1522645713.210573000	3.80015	104	1
1522645713.210575000	3.80016	112	1
1522645713.210594000	3.80017	74	0
1522645713.210967000	3.80055	112	0
1522645713.298855000	3.88844	199	0
1522645713.317703000	3.90728	74	1
1522645713.358409000	3.94799	74	1
1522645713.394373000	3.98395	148	1
1522645713.394471000	3.98405	327	1
1522645713.394473000	3.98405	112	1
1522645713.394499000	3.98408	74	0
1522645713.394925000	3.98451	112	0
1522645713.404087000	3.99367	199	0
1522645713.473811000	4.06339	74	1
1522645713.504723000	4.0943	108	0
1522645713.505096000	4.09468	200	0
1522645713.510237000	4.09982	148	1
1522645713.510332000	4.09991	282	1
1522645713.510334000	4.09992	104	1
1522645713.510354000	4.09994	74	0
1522645713.510657000	4.10024	112	1
1522645713.510816000	4.1004	112	0
1522645713.563281000	4.15286	74	1
1522645713.601292000	4.19087	147	1
1522645713.601390000	4.19097	315	1
1522645713.601392000	4.19097	112	1
1522645713.601417000	4.191	74	0
1522645713.601819000	4.1914	112	0
1522645713.612575000	4.20216	201	0
1522645713.670972000	4.26055	74	1
1522645713.705902000	4.29548	144	1
1522645713.705905000	4.29549	315	1
1522645713.705951000	4.29553	74	0
1522645713.706021000	4.2956	112	1
1522645713.706458000	4.29604	112	0
1522645713.804478000	4.39406	74	1
1522645714.456276000	5.04586	204	0
1522645714.518239000	5.10782	74	1
1522645714.552951000	5.14253	170	1
1522645714.552953000	5.14253	314	1
1522645714.552998000	5.14258	74	0
1522645714.553068000	5.14265	112	1
1522645714.553508000	5.14309	112	0
1522645714.663754000	5.25333	74	1
1522645714.666710000	5.25629	205	0
1522645714.725747000	5.31533	74	1
1522645714.752227000	5.34181	108	0
1522645714.752587000	5.34217	206	0
1522645714.762761000	5.35234	167	1
1522645714.762863000	5.35244	284	1
1522645714.762878000	5.35246	74	0
1522645714.763257000	5.35284	104	1
1522645714.763258000	5.35284	112	1
1522645714.763286000	5.35287	74	0
1522645714.763383000	5.35296	112	0
1522645714.811545000	5.40113	74	1
1522645714.875406000	5.46499	74	1
1522645714.964048000	5.55363	144	1
1522645714.964121000	5.5537	285	1
1522645714.964123000	5.5537	104	1
1522645714.964137000	5.55372	74	0
1522645714.964201000	5.55378	112	1
1522645714.964496000	5.55408	112	0
1522645715.023546000	5.61313	74	1
1522645715.593441000	6.18302	209	0
1522645715.652046000	6.24163	74	1
1522645715.658192000	6.24777	191	0
1522645715.689197000	6.27878	144	1
1522645715.689318000	6.2789	314	1
1522645715.689321000	6.2789	112	1
1522645715.689344000	6.27892	74	0
1522645715.689832000	6.27941	112	0
1522645715.748063000	6.33764	74	1
1522645715.798595000	6.38818	74	1
1522645715.804942000	6.39452	216	1
1522645715.805248000	6.39483	1294	1
1522645715.805268000	6.39485	74	0
1522645715.805519000	6.3951	1294	1
1522645715.805626000	6.39521	1294	1
1522645715.805638000	6.39522	74	0
1522645715.805910000	6.39549	1294	1
1522645715.806144000	6.39573	1294	1
1522645715.806158000	6.39574	74	0
1522645715.806236000	6.39582	1294	1
1522645715.806521000	6.3961	1294	1
1522645715.806536000	6.39612	74	0
1522645715.806762000	6.39634	1167	1
1522645715.825417000	6.415	1294	1
1522645715.825466000	6.41505	74	0
1522645715.825646000	6.41523	1294	1
1522645715.825721000	6.4153	1294	1
1522645715.825736000	6.41532	74	0
1522645715.825794000	6.41537	1294	1
1522645715.825922000	6.4155	1294	1
1522645715.825935000	6.41552	74	0
1522645715.825997000	6.41558	1294	1
1522645715.826062000	6.41564	1294	1
1522645715.826072000	6.41565	74	0
1522645715.826197000	6.41578	1294	1
1522645715.826316000	6.4159	1294	1
1522645715.826330000	6.41591	74	0
1522645715.826494000	6.41607	1294	1
1522645715.826609000	6.41619	1294	1
1522645715.826623000	6.4162	74	0
1522645715.826927000	6.41651	1294	1
1522645715.827204000	6.41679	1294	1
1522645715.827218000	6.4168	74	0
1522645715.827387000	6.41697	895	1
1522645715.828124000	6.41771	1294	1
1522645715.828139000	6.41772	74	0
1522645715.829222000	6.4188	1294	1
1522645715.829515000	6.4191	1294	1
1522645715.829538000	6.41912	74	0
1522645715.829805000	6.41939	1294	1
1522645715.830080000	6.41966	1294	1
1522645715.830094000	6.41968	74	0
1522645715.830542000	6.42012	784	1
1522645716.035735000	6.62532	74	0
1522645716.091977000	6.68156	86	0
1522645716.293049000	6.88263	1294	1
1522645716.293285000	6.88287	1294	1
1522645716.293312000	6.88289	74	0
1522645716.293609000	6.88319	1294	1
1522645716.293843000	6.88342	1294	1
1522645716.293861000	6.88344	74	0
1522645716.293925000	6.88351	1294	1
1522645716.294129000	6.88371	1294	1
1522645716.294139000	6.88372	74	0
1522645716.294205000	6.88379	1294	1
1522645716.294467000	6.88405	1294	1
1522645716.294485000	6.88407	74	0
1522645716.295113000	6.88469	1294	1
1522645716.295399000	6.88498	1294	1
1522645716.295419000	6.885	74	0
1522645716.296217000	6.8858	1294	1
1522645716.296490000	6.88607	1294	1
1522645716.296504000	6.88609	74	0
1522645716.296781000	6.88636	1294	1
1522645716.296950000	6.88653	918	1
1522645716.296970000	6.88655	74	0
1522645716.306080000	6.89566	1294	1
1522645716.306168000	6.89575	1294	1
1522645716.306183000	6.89576	74	0
1522645716.306355000	6.89594	1294	1
1522645716.306435000	6.89602	1294	1
1522645716.306446000	6.89603	74	0
1522645716.306645000	6.89623	1294	1
1522645716.306724000	6.89631	1294	1
1522645716.306736000	6.89632	74	0
1522645716.306929000	6.89651	1294	1
1522645716.308023000	6.8976	1294	1
1522645716.308045000	6.89763	74	0
1522645716.308321000	6.8979	1294	1
1522645716.308613000	6.89819	1294	1
1522645716.308627000	6.89821	74	0
1522645716.308891000	6.89847	1294	1
1522645716.309180000	6.89876	1294	1
1522645716.309195000	6.89878	74	0
1522645716.309478000	6.89906	1294	1
1522645716.310592000	6.90017	1294	1
1522645716.310606000	6.90019	74	0
1522645716.310886000	6.90047	1294	1
1522645716.311144000	6.90073	1294	1
1522645716.311159000	6.90074	74	0
1522645716.311352000	6.90093	1046	1
1522645716.329403000	6.91898	1294	1
1522645716.329445000	6.91903	74	0
1522645716.329666000	6.91925	1294	1
1522645716.329942000	6.91952	1294	1
1522645716.329958000	6.91954	74	0
1522645716.330204000	6.91979	1294	1
1522645716.330268000	6.91985	1294	1
1522645716.330282000	6.91986	74	0
1522645716.330460000	6.92004	1294	1
1522645716.330737000	6.92032	1294	1
1522645716.330751000	6.92033	74	0
1522645716.331424000	6.92101	1294	1
1522645716.331698000	6.92128	1294	1
1522645716.331722000	6.9213	74	0
1522645716.332605000	6.92219	1294	1
1522645716.332865000	6.92245	1294	1
1522645716.332878000	6.92246	74	0
1522645716.333158000	6.92274	1294	1
1522645716.333457000	6.92304	1294	1
1522645716.333460000	6.92304	187	1
1522645716.333472000	6.92305	74	0
1522645716.335399000	6.92498	1294	1
1522645716.335716000	6.9253	1294	1
1522645716.335731000	6.92531	74	0
1522645716.335973000	6.92555	1294	1
1522645716.336268000	6.92585	1294	1
1522645716.336282000	6.92586	74	0
1522645716.336554000	6.92614	1294	1
1522645716.337248000	6.92683	1294	1
1522645716.337262000	6.92684	74	0
1522645716.337507000	6.92709	1294	1
1522645716.337800000	6.92738	1294	1
1522645716.337814000	6.9274	74	0
1522645716.338106000	6.92769	1294	1
1522645716.338379000	6.92796	1294	1
1522645716.338392000	6.92797	74	0
1522645716.338677000	6.92826	1294	1
1522645716.339793000	6.92937	1294	1
1522645716.339808000	6.92939	74	0
1522645716.340072000	6.92965	1294	1
1522645716.340379000	6.92996	1294	1
1522645716.340391000	6.92997	74	0
1522645716.340672000	6.93025	1294	1
1522645716.341243000	6.93082	1294	1
1522645716.341263000	6.93084	74	0
1522645716.341455000	6.93104	1089	1
1522645716.341638000	6.93122	112	0
1522645716.411390000	7.00097	74	1
1522645716.446271000	7.03585	197	0
1522645716.504476000	7.09406	74	1
1522645716.526987000	7.11657	140	1
1522645716.526989000	7.11657	104	1
1522645716.527052000	7.11663	74	0
1522645716.527119000	7.1167	112	1
1522645716.527910000	7.11749	112	0
1522645716.626797000	7.21638	74	1
1522645716.663064000	7.25265	352	0
1522645716.682156000	7.27174	174	0
1522645716.722593000	7.31217	74	1
1522645716.726252000	7.31583	202	1
1522645716.726590000	7.31617	1294	1
1522645716.726621000	7.3162	74	0
1522645716.726787000	7.31637	1294	1
1522645716.726857000	7.31644	1294	1
1522645716.726872000	7.31645	74	0
1522645716.727084000	7.31666	1294	1
1522645716.727146000	7.31673	1294	1
1522645716.727158000	7.31674	74	0
1522645716.727361000	7.31694	1294	1
1522645716.727441000	7.31702	1294	1
1522645716.727452000	7.31703	74	0
1522645716.727709000	7.31729	1294	1
1522645716.727712000	7.31729	1294	1
1522645716.727726000	7.31731	74	0
1522645716.727787000	7.31737	1294	1
1522645716.727936000	7.31752	1294	1
1522645716.727948000	7.31753	74	0
1522645716.728214000	7.3178	1294	1
1522645716.728394000	7.31798	1294	1
1522645716.728409000	7.31799	74	0
1522645716.728537000	7.31812	1294	1
1522645716.728695000	7.31828	1294	1
1522645716.728709000	7.31829	74	0
1522645716.728813000	7.31839	1294	1
1522645716.729086000	7.31867	1294	1
1522645716.729100000	7.31868	74	0
1522645716.730381000	7.31996	1294	1
1522645716.730660000	7.32024	1294	1
1522645716.730676000	7.32026	74	0
1522645716.731060000	7.32064	1294	1
1522645716.731365000	7.32095	1294	1
1522645716.731379000	7.32096	74	0
1522645716.731641000	7.32122	1294	1
1522645716.731934000	7.32152	1294	1
1522645716.731948000	7.32153	74	0
1522645716.732211000	7.32179	1294	1
1522645716.732502000	7.32208	1294	1
1522645716.732516000	7.3221	74	0
1522645716.733506000	7.32309	1294	1
1522645716.733791000	7.32337	1294	1
1522645716.733809000	7.32339	74	0
1522645716.734058000	7.32364	1294	1
1522645716.734350000	7.32393	1294	1
1522645716.734364000	7.32395	74	0
1522645716.734630000	7.32421	1294	1
1522645716.734927000	7.32451	1294	1
1522645716.734943000	7.32452	74	0
1522645716.735204000	7.32478	1294	1
1522645716.735502000	7.32508	1294	1
1522645716.735516000	7.3251	74	0
1522645716.735793000	7.32537	1294	1
1522645716.736070000	7.32565	1294	1
1522645716.736085000	7.32567	74	0
1522645716.737172000	7.32675	1294	1
1522645716.737466000	7.32705	1294	1
1522645716.737478000	7.32706	74	0
1522645716.737743000	7.32732	1294	1
1522645716.738041000	7.32762	1294	1
1522645716.738056000	7.32764	74	0
1522645716.738311000	7.32789	1294	1
1522645716.738589000	7.32817	1294	1
1522645716.738609000	7.32819	74	0
1522645716.739977000	7.32956	1294	1
1522645716.740267000	7.32985	1294	1
1522645716.740287000	7.32987	74	0
1522645716.740879000	7.33046	1294	1
1522645716.741159000	7.33074	1294	1
1522645716.741172000	7.33075	74	0
1522645716.741448000	7.33103	1294	1
1522645716.741732000	7.33131	1294	1
1522645716.741747000	7.33133	74	0
1522645716.742004000	7.33158	1294	1
1522645716.742297000	7.33188	1294	1
1522645716.742312000	7.33189	74	0
1522645716.742574000	7.33215	1294	1
1522645716.742885000	7.33247	1294	1
1522645716.742899000	7.33248	74	0
1522645716.743457000	7.33304	1294	1
1522645716.743733000	7.33331	1294	1
1522645716.743748000	7.33333	74	0
1522645716.744031000	7.33361	1294	1
1522645716.744305000	7.33389	1294	1
1522645716.744319000	7.3339	74	0
1522645716.744600000	7.33418	1294	1
1522645716.744876000	7.33446	1294	1
1522645716.744892000	7.33447	74	0
1522645716.745591000	7.33517	1294	1
1522645716.745868000	7.33545	1294	1
1522645716.745883000	7.33546	74	0
1522645716.746145000	7.33573	1294	1
1522645716.746438000	7.33602	1294	1
1522645716.746452000	7.33603	74	0
1522645716.747041000	7.33662	1294	1
1522645716.747323000	7.3369	1294	1
1522645716.747337000	7.33692	74	0
1522645716.748332000	7.33791	1294	1
1522645716.748605000	7.33819	1294	1
1522645716.748619000	7.3382	74	0
1522645716.748906000	7.33849	1294	1
1522645716.749186000	7.33877	1294	1
1522645716.749201000	7.33878	74	0
1522645716.749372000	7.33895	906	1
1522645716.749554000	7.33913	112	0
1522645716.764792000	7.35437	214	1
1522645716.764795000	7.35438	104	1
1522645716.764840000	7.35442	74	0
1522645716.848431000	7.43801	74	1
1522645716.909316000	7.4989	399	0
1522645716.967547000	7.55713	74	1
1522645716.988198000	7.57778	140	1
1522645716.988300000	7.57788	104	1
1522645716.988301000	7.57788	112	1
1522645716.988320000	7.5779	74	0
1522645716.989299000	7.57888	112	0
1522645717.089570000	7.67915	74	1
1522645718.863494000	9.45307	309	0
1522645718.922374000	9.51196	74	1
1522645718.942591000	9.53217	140	1
1522645718.942593000	9.53217	104	1
1522645718.942594000	9.53218	112	1
1522645718.942632000	9.53221	74	0
1522645718.942986000	9.53257	112	0
1522645719.043490000	9.63307	74	1
1522645720.720017000	11.3096	346	0
1522645720.781862000	11.3714	74	1
1522645720.802386000	11.392	140	1
1522645720.802387000	11.392	104	1
1522645720.802389000	11.392	112	1
1522645720.802419000	11.392	74	0
1522645720.803240000	11.3928	112	0
1522645720.901950000	11.4915	74	1
