1522745737.680050000	0	319	1
1522745737.743174000	0.0631242	74	0
1522745737.820914000	0.140864	140	0
1522745737.821284000	0.141234	104	0
1522745737.821286000	0.141236	112	0
1522745737.821306000	0.141256	74	1
1522745737.821448000	0.141398	112	1
1522745737.848279000	0.168229	74	0
1522745740.018927000	2.33888	188	1
1522745740.031954000	2.3519	74	0
1522745740.116890000	2.43684	233	0
1522745740.116892000	2.43684	343	0
1522745740.116928000	2.43688	74	1
1522745740.117008000	2.43696	112	0
1522745740.117426000	2.43738	112	1
1522745740.131487000	2.45144	74	0
1522745740.243464000	2.56341	189	1
1522745740.256496000	2.57645	74	0
1522745740.337731000	2.65768	147	0
1522745740.337834000	2.65778	514	0
1522745740.337837000	2.65779	104	0
1522745740.337839000	2.65779	112	0
1522745740.337863000	2.65781	74	1
1522745740.338287000	2.65824	112	1
1522745740.350651000	2.6706	74	0
1522745740.574709000	2.89466	189	1
1522745740.588966000	2.90892	74	0
1522745740.667010000	2.98696	147	0
1522745740.667012000	2.98696	335	0
1522745740.667050000	2.987	74	1
1522745740.667131000	2.98708	112	0
1522745740.667515000	2.98747	112	1
1522745740.690026000	3.00998	74	0
1522745740.811665000	3.13162	190	1
1522745740.824287000	3.14424	74	0
1522745740.901160000	3.22111	147	0
1522745740.901636000	3.22159	346	0
1522745740.901638000	3.22159	112	0
1522745740.901659000	3.22161	74	1
1522745740.902157000	3.22211	112	1
1522745740.923115000	3.24307	74	0
1522745740.936904000	3.25685	192	1
1522745740.949530000	3.26948	74	0
1522745741.028715000	3.34866	170	0
1522745741.028718000	3.34867	317	0
1522745741.028767000	3.34872	74	1
1522745741.028838000	3.34879	104	0
1522745741.028841000	3.34879	112	0
1522745741.028862000	3.34881	74	1
1522745741.029275000	3.34923	112	1
1522745741.067171000	3.38712	86	1
1522745741.092832000	3.41278	74	0
1522745741.257585000	3.57754	193	1
1522745741.270798000	3.59075	74	0
1522745741.346274000	3.66622	147	0
1522745741.346276000	3.66623	306	0
1522745741.346340000	3.66629	74	1
1522745741.346412000	3.66636	104	0
1522745741.346694000	3.66664	112	0
1522745741.346711000	3.66666	74	1
1522745741.346900000	3.66685	112	1
1522745741.361593000	3.68154	74	0
1522745741.541741000	3.86169	193	1
1522745741.582608000	3.90256	74	0
1522745741.635160000	3.95511	108	1
1522745741.635531000	3.95548	194	1
1522745741.656790000	3.97674	147	0
1522745741.656793000	3.97674	334	0
1522745741.656836000	3.97679	74	1
1522745741.656903000	3.97685	112	0
1522745741.657265000	3.97722	112	1
1522745741.662322000	3.98227	74	0
1522745741.670381000	3.99033	74	0
1522745741.670383000	3.99033	74	0
1522745741.748550000	4.0685	147	0
1522745741.748648000	4.0686	324	0
1522745741.748650000	4.0686	112	0
1522745741.748668000	4.06862	74	1
1522745741.749032000	4.06898	112	1
1522745741.783960000	4.10391	86	1
1522745741.786472000	4.10642	74	0
1522745741.794497000	4.11445	195	1
1522745741.807057000	4.12701	74	0
1522745741.885844000	4.20579	198	1
1522745741.886525000	4.20648	108	1
1522745741.912059000	4.23201	170	0
1522745741.912062000	4.23201	326	0
1522745741.912112000	4.23206	74	1
1522745741.912189000	4.23214	112	0
1522745741.912449000	4.2324	74	0
1522745741.912538000	4.23249	112	1
1522745741.926530000	4.24648	74	0
1522745741.988538000	4.30849	144	0
1522745741.988630000	4.30858	296	0
1522745741.988633000	4.30858	104	0
1522745741.988635000	4.30859	112	0
1522745741.988656000	4.30861	74	1
1522745741.988972000	4.30892	112	1
1522745741.999809000	4.31976	198	1
1522745742.002629000	4.32258	74	0
1522745742.013062000	4.33301	74	0
1522745742.088775000	4.40873	148	0
1522745742.088865000	4.40882	268	0
1522745742.088881000	4.40883	74	1
1522745742.089540000	4.40949	104	0
1522745742.089612000	4.40956	112	0
1522745742.089623000	4.40957	74	1
1522745742.089782000	4.40973	112	1
1522745742.123501000	4.44345	86	1
1522745742.137538000	4.45749	74	0
1522745742.154515000	4.47447	199	1
1522745742.194879000	4.51483	74	0
1522745742.270041000	4.58999	148	0
1522745742.270043000	4.58999	282	0
1522745742.270045000	4.59	104	0
1522745742.270088000	4.59004	74	1
1522745742.270162000	4.59011	112	0
1522745742.270493000	4.59044	112	1
1522745742.298215000	4.61817	74	0
1522745742.431934000	4.75188	200	1
1522745742.450558000	4.77051	74	0
1522745742.528169000	4.84812	144	0
1522745742.528275000	4.84823	335	0
1522745742.528277000	4.84823	112	0
1522745742.528298000	4.84825	74	1
1522745742.528676000	4.84863	112	1
1522745742.560585000	4.88054	74	0
1522745742.590656000	4.91061	201	1
1522745742.604214000	4.92416	74	0
1522745742.681962000	5.00191	147	0
1522745742.681964000	5.00191	325	0
1522745742.682004000	5.00195	74	1
1522745742.682071000	5.00202	112	0
1522745742.682501000	5.00245	112	1
1522745742.707030000	5.02698	74	0
1522745742.854015000	5.17397	201	1
1522745742.874353000	5.1943	74	0
1522745742.953388000	5.27334	167	0
1522745742.953490000	5.27344	334	0
1522745742.953509000	5.27346	74	1
1522745742.953774000	5.27372	112	0
1522745742.953877000	5.27383	112	1
1522745742.955779000	5.27573	202	1
1522745742.989671000	5.30962	74	0
1522745743.073069000	5.39302	144	0
1522745743.073177000	5.39313	304	0
1522745743.073193000	5.39314	74	1
1522745743.073486000	5.39344	104	0
1522745743.073488000	5.39344	112	0
1522745743.073506000	5.39346	74	1
1522745743.073640000	5.39359	112	1
1522745743.099387000	5.41934	74	0
1522745743.158971000	5.47892	204	1
1522745743.207063000	5.52701	74	0
1522745743.305406000	5.62536	144	0
1522745743.305513000	5.62546	334	0
1522745743.305516000	5.62547	112	0
1522745743.305573000	5.62552	74	1
1522745743.306046000	5.626	112	1
1522745743.342508000	5.66246	74	0
1522745743.359839000	5.67979	205	1
1522745743.404062000	5.72401	74	0
1522745743.478649000	5.7986	147	0
1522745743.478752000	5.7987	338	0
1522745743.478769000	5.79872	74	1
1522745743.479337000	5.79929	112	0
1522745743.479888000	5.79984	112	1
1522745743.528449000	5.8484	74	0
1522745743.560186000	5.88014	205	1
1522745743.608460000	5.92841	74	0
1522745743.686784000	6.00673	147	0
1522745743.686786000	6.00674	337	0
1522745743.686789000	6.00674	112	0
1522745743.686852000	6.0068	74	1
1522745743.687283000	6.00723	112	1
1522745743.729494000	6.04944	74	0
1522745743.760698000	6.08065	206	1
1522745743.788934000	6.10888	74	0
1522745743.865118000	6.18507	144	0
1522745743.865213000	6.18516	338	0
1522745743.865215000	6.18517	112	0
1522745743.865230000	6.18518	74	1
1522745743.865552000	6.1855	112	1
1522745743.889328000	6.20928	74	0
1522745744.028638000	6.34859	208	1
1522745744.051644000	6.37159	74	0
1522745744.127115000	6.44707	167	0
1522745744.127212000	6.44716	308	0
1522745744.127227000	6.44718	74	1
1522745744.130305000	6.45026	104	0
1522745744.130307000	6.45026	112	0
1522745744.130332000	6.45028	74	1
1522745744.130830000	6.45078	112	1
1522745744.145396000	6.46535	74	0
1522745744.204393000	6.52434	209	1
1522745744.219098000	6.53905	74	0
1522745744.292065000	6.61202	147	0
1522745744.292068000	6.61202	344	0
1522745744.292070000	6.61202	112	0
1522745744.292108000	6.61206	74	1
1522745744.292517000	6.61247	112	1
1522745744.305753000	6.6257	74	0
1522745744.538539000	6.85849	210	1
1522745744.551946000	6.8719	74	0
1522745744.629410000	6.94936	144	0
1522745744.629413000	6.94936	308	0
1522745744.629478000	6.94943	74	1
1522745744.630114000	6.95006	104	0
1522745744.630183000	6.95013	112	0
1522745744.630198000	6.95015	74	1
1522745744.630857000	6.95081	112	1
1522745744.640029000	6.95998	210	1
1522745744.645062000	6.96501	74	0
1522745744.652122000	6.97207	74	0
1522745744.727509000	7.04746	144	0
1522745744.727612000	7.04756	308	0
1522745744.727630000	7.04758	74	1
1522745744.728629000	7.04858	104	0
1522745744.728697000	7.04865	112	0
1522745744.728712000	7.04866	74	1
1522745744.729045000	7.049	112	1
1522745744.737555000	7.05751	211	1
1522745744.744671000	7.06462	74	0
1522745744.754330000	7.07428	74	0
1522745744.827839000	7.14779	144	0
1522745744.827842000	7.14779	307	0
1522745744.827889000	7.14784	74	1
1522745744.829254000	7.1492	104	0
1522745744.829256000	7.14921	112	0
1522745744.829282000	7.14923	74	1
1522745744.829794000	7.14974	112	1
1522745744.843495000	7.16344	74	0
1522745744.848799000	7.16875	213	1
1522745744.861733000	7.18168	74	0
1522745744.934299000	7.25425	167	0
1522745744.934301000	7.25425	338	0
1522745744.934339000	7.25429	74	1
1522745744.934419000	7.25437	112	0
1522745744.934798000	7.25475	112	1
1522745744.948369000	7.26832	74	0
1522745745.174018000	7.49397	214	1
1522745745.187324000	7.50727	74	0
1522745745.259987000	7.57994	144	0
1522745745.260080000	7.58003	337	0
1522745745.260083000	7.58003	112	0
1522745745.260106000	7.58006	74	1
1522745745.260486000	7.58044	112	1
1522745745.276004000	7.59595	74	0
1522745745.426261000	7.74621	215	1
1522745745.439232000	7.75918	74	0
1522745745.554231000	7.87418	215	1
1522745745.554471000	7.87442	108	1
1522745745.565025000	7.88498	144	0
1522745745.565028000	7.88498	307	0
1522745745.565080000	7.88503	74	1
1522745745.565530000	7.88548	104	0
1522745745.565532000	7.88548	112	0
1522745745.565555000	7.88551	74	1
1522745745.565797000	7.88575	112	1
1522745745.567118000	7.88707	74	0
1522745745.567121000	7.88707	74	0
1522745745.579063000	7.89901	74	0
1522745745.644288000	7.96424	144	0
1522745745.644378000	7.96433	336	0
1522745745.644380000	7.96433	112	0
1522745745.644399000	7.96435	74	1
1522745745.644680000	7.96463	112	1
1522745745.658016000	7.97797	74	0
1522745745.679574000	7.99952	216	1
1522745745.695487000	8.01544	74	0
1522745745.771153000	8.0911	144	0
1522745745.771270000	8.09122	336	0
1522745745.771272000	8.09122	112	0
1522745745.771291000	8.09124	74	1
1522745745.771655000	8.09161	112	1
1522745745.786023000	8.10597	74	0
1522745745.876513000	8.19646	196	1
1522745745.891923000	8.21187	74	0
1522745746.029290000	8.34924	217	0
1522745746.029563000	8.34951	1294	0
1522745746.029590000	8.34954	74	1
1522745746.029864000	8.34981	1294	0
1522745746.030032000	8.34998	1294	0
1522745746.030046000	8.35	74	1
1522745746.030153000	8.3501	1294	0
1522745746.030319000	8.35027	1294	0
1522745746.030332000	8.35028	74	1
1522745746.030452000	8.3504	1294	0
1522745746.030596000	8.35055	1294	0
1522745746.030610000	8.35056	74	1
1522745746.030825000	8.35078	1063	0
1522745746.030828000	8.35078	135	0
1522745746.030843000	8.35079	74	1
1522745746.035421000	8.35537	1294	0
1522745746.035690000	8.35564	1294	0
1522745746.035716000	8.35567	74	1
1522745746.035826000	8.35578	1294	0
1522745746.036002000	8.35595	1294	0
1522745746.036004000	8.35595	1294	0
1522745746.036020000	8.35597	74	1
1522745746.036115000	8.35607	1294	0
1522745746.036275000	8.35623	1294	0
1522745746.036278000	8.35623	1294	0
1522745746.036297000	8.35625	74	1
1522745746.036388000	8.35634	1294	0
1522745746.036553000	8.3565	1294	0
1522745746.036555000	8.35651	1294	0
1522745746.036571000	8.35652	74	1
1522745746.036670000	8.35662	1294	0
1522745746.036788000	8.35674	1129	0
1522745746.036800000	8.35675	74	1
1522745746.038889000	8.35884	1294	0
1522745746.039183000	8.35913	1294	0
1522745746.039198000	8.35915	74	1
1522745746.039268000	8.35922	1294	0
1522745746.039494000	8.35944	1294	0
1522745746.039516000	8.35947	74	1
1522745746.039597000	8.35955	1294	0
1522745746.039896000	8.35985	1294	0
1522745746.039912000	8.35986	74	1
1522745746.039975000	8.35993	651	0
1522745746.238954000	8.5589	74	1
1522745746.257813000	8.57776	86	1
1522745746.543314000	8.86326	1294	0
1522745746.543473000	8.86342	1294	0
1522745746.543501000	8.86345	74	1
1522745746.543582000	8.86353	1294	0
1522745746.543759000	8.86371	1294	0
1522745746.543773000	8.86372	74	1
1522745746.543859000	8.86381	1294	0
1522745746.543956000	8.86391	1294	0
1522745746.543966000	8.86392	74	1
1522745746.544043000	8.86399	1294	0
1522745746.544108000	8.86406	1294	0
1522745746.544117000	8.86407	74	1
1522745746.544228000	8.86418	1294	0
1522745746.544311000	8.86426	1294	0
1522745746.544320000	8.86427	74	1
1522745746.544381000	8.86433	1294	0
1522745746.544589000	8.86454	1294	0
1522745746.544610000	8.86456	74	1
1522745746.544674000	8.86462	1294	0
1522745746.544677000	8.86463	601	0
1522745746.544694000	8.86464	74	1
1522745746.544818000	8.86477	881	0
1522745746.583492000	8.90344	1294	0
1522745746.583502000	8.90345	1294	0
1522745746.583555000	8.90351	74	1
1522745746.583701000	8.90365	1294	0
1522745746.583772000	8.90372	1294	0
1522745746.583787000	8.90374	74	1
1522745746.584067000	8.90402	1294	0
1522745746.584069000	8.90402	1294	0
1522745746.584072000	8.90402	1294	0
1522745746.584090000	8.90404	74	1
1522745746.584177000	8.90413	1294	0
1522745746.584255000	8.90421	1294	0
1522745746.584267000	8.90422	74	1
1522745746.584326000	8.90428	1294	0
1522745746.584329000	8.90428	1294	0
1522745746.584339000	8.90429	74	1
1522745746.584476000	8.90443	1294	0
1522745746.584571000	8.90452	1294	0
1522745746.584580000	8.90453	339	0
1522745746.584594000	8.90454	74	1
1522745746.591176000	8.91113	1294	0
1522745746.591444000	8.91139	1294	0
1522745746.591460000	8.91141	74	1
1522745746.591529000	8.91148	1294	0
1522745746.591763000	8.91171	1294	0
1522745746.591777000	8.91173	74	1
1522745746.591836000	8.91179	1294	0
1522745746.592017000	8.91197	1294	0
1522745746.592030000	8.91198	74	1
1522745746.592091000	8.91204	1294	0
1522745746.592180000	8.91213	1294	0
1522745746.592191000	8.91214	74	1
1522745746.592307000	8.91226	1294	0
1522745746.592379000	8.91233	1294	0
1522745746.592397000	8.91235	74	1
1522745746.592469000	8.91242	1294	0
1522745746.592645000	8.9126	1294	0
1522745746.592658000	8.91261	74	1
1522745746.592761000	8.91271	1294	0
1522745746.592975000	8.91293	1294	0
1522745746.592988000	8.91294	74	1
1522745746.593219000	8.91317	1294	0
1522745746.593356000	8.91331	809	0
1522745746.593369000	8.91332	74	1
1522745746.599989000	8.91994	1294	0
1522745746.600277000	8.92023	1294	0
1522745746.600292000	8.92024	74	1
1522745746.600569000	8.92052	1294	0
1522745746.600634000	8.92058	1294	0
1522745746.600647000	8.9206	74	1
1522745746.600705000	8.92066	1294	0
1522745746.600841000	8.92079	1294	0
1522745746.600854000	8.9208	74	1
1522745746.600925000	8.92088	1294	0
1522745746.601002000	8.92095	1294	0
1522745746.601013000	8.92096	74	1
1522745746.601104000	8.92105	1294	0
1522745746.601168000	8.92112	1294	0
1522745746.601178000	8.92113	74	1
1522745746.601293000	8.92124	1294	0
1522745746.601295000	8.92125	934	0
1522745746.601308000	8.92126	74	1
1522745746.601598000	8.92155	1294	0
1522745746.601668000	8.92162	556	0
1522745746.601677000	8.92163	74	1
1522745746.609172000	8.92912	1294	0
1522745746.609330000	8.92928	1294	0
1522745746.609346000	8.9293	74	1
1522745746.609441000	8.92939	1294	0
1522745746.609627000	8.92958	1294	0
1522745746.609643000	8.92959	74	1
1522745746.609712000	8.92966	1294	0
1522745746.609776000	8.92973	1294	0
1522745746.609785000	8.92974	74	1
1522745746.609917000	8.92987	1294	0
1522745746.609983000	8.92993	1294	0
1522745746.609985000	8.92994	1294	0
1522745746.609997000	8.92995	74	1
1522745746.610058000	8.93001	1294	0
1522745746.610195000	8.93015	1294	0
1522745746.610207000	8.93016	74	1
1522745746.610266000	8.93022	1294	0
1522745746.610269000	8.93022	1294	0
1522745746.610280000	8.93023	74	1
1522745746.610338000	8.93029	1294	0
1522745746.610470000	8.93042	1294	0
1522745746.610483000	8.93043	74	1
1522745746.610544000	8.93049	1294	0
1522745746.610546000	8.9305	1253	0
1522745746.610548000	8.9305	112	0
1522745746.610561000	8.93051	74	1
1522745746.610672000	8.93062	112	1
1522745746.623363000	8.94331	74	0
1522745746.665411000	8.98536	144	1
1522745746.686328000	9.00628	74	0
1522745746.688969000	9.00892	197	1
1522745746.705510000	9.02546	74	0
1522745746.706661000	9.02661	203	0
1522745746.707025000	9.02698	1294	0
1522745746.707044000	9.02699	74	1
1522745746.707275000	9.02723	1294	0
1522745746.707347000	9.0273	1294	0
1522745746.707365000	9.02732	74	1
1522745746.707603000	9.02755	1294	0
1522745746.707606000	9.02756	1294	0
1522745746.707617000	9.02757	74	1
1522745746.707675000	9.02763	1294	0
1522745746.707853000	9.0278	1294	0
1522745746.707865000	9.02782	74	1
1522745746.707926000	9.02788	1294	0
1522745746.707928000	9.02788	1294	0
1522745746.707946000	9.0279	74	1
1522745746.708185000	9.02814	1294	0
1522745746.708187000	9.02814	530	0
1522745746.708205000	9.02816	74	1
1522745746.708423000	9.02837	112	0
1522745746.710556000	9.03051	74	1
1522745746.710776000	9.03073	112	1
1522745746.746483000	9.06643	86	1
1522745746.767868000	9.08782	141	0
1522745746.767871000	9.08782	104	0
1522745746.767924000	9.08787	74	1
1522745746.816589000	9.13654	74	0
1522745746.878537000	9.19849	357	1
1522745746.897994000	9.21794	74	0
1522745746.900631000	9.22058	179	0
1522745746.900987000	9.22094	1294	0
1522745746.901007000	9.22096	74	1
1522745746.901264000	9.22121	1294	0
1522745746.901334000	9.22128	1294	0
1522745746.901346000	9.2213	74	1
1522745746.901558000	9.22151	1294	0
1522745746.901621000	9.22157	1294	0
1522745746.901631000	9.22158	74	1
1522745746.901923000	9.22187	1294	0
1522745746.901925000	9.22188	1294	0
1522745746.901942000	9.22189	74	1
1522745746.902131000	9.22208	1294	0
1522745746.902199000	9.22215	1294	0
1522745746.902211000	9.22216	74	1
1522745746.902408000	9.22236	1294	0
1522745746.902478000	9.22243	1294	0
1522745746.902489000	9.22244	74	1
1522745746.902701000	9.22265	1294	0
1522745746.902770000	9.22272	1294	0
1522745746.902780000	9.22273	74	1
1522745746.902839000	9.22279	1294	0
1522745746.902993000	9.22294	1294	0
1522745746.903007000	9.22296	74	1
1522745746.903068000	9.22302	1294	0
1522745746.903132000	9.22308	1294	0
1522745746.903143000	9.22309	74	1
1522745746.903224000	9.22317	1294	0
1522745746.903307000	9.22326	1294	0
1522745746.903310000	9.22326	1294	0
1522745746.903324000	9.22327	74	1
1522745746.903384000	9.22333	1294	0
1522745746.903508000	9.22346	1294	0
1522745746.903523000	9.22347	74	1
1522745746.903585000	9.22354	1294	0
1522745746.903587000	9.22354	1294	0
1522745746.903598000	9.22355	74	1
1522745746.903660000	9.22361	1294	0
1522745746.903800000	9.22375	1294	0
1522745746.903812000	9.22376	74	1
1522745746.903873000	9.22382	1294	0
1522745746.904020000	9.22397	1294	0
1522745746.904031000	9.22398	74	1
1522745746.904092000	9.22404	1294	0
1522745746.904239000	9.22419	1294	0
1522745746.904252000	9.2242	74	1
1522745746.904371000	9.22432	1294	0
1522745746.904438000	9.22439	1294	0
1522745746.904449000	9.2244	74	1
1522745746.904528000	9.22448	1294	0
1522745746.904649000	9.2246	1294	0
1522745746.904663000	9.22461	74	1
1522745746.904722000	9.22467	1294	0
1522745746.904942000	9.22489	1294	0
1522745746.904956000	9.22491	74	1
1522745746.905017000	9.22497	1294	0
1522745746.905162000	9.22511	1294	0
1522745746.905176000	9.22513	74	1
1522745746.905298000	9.22525	1294	0
1522745746.905439000	9.22539	1294	0
1522745746.905450000	9.2254	74	1
1522745746.905509000	9.22546	1294	0
1522745746.905574000	9.22552	1294	0
1522745746.905586000	9.22554	74	1
1522745746.905716000	9.22567	1294	0
1522745746.905782000	9.22573	1294	0
1522745746.905792000	9.22574	74	1
1522745746.905853000	9.2258	1294	0
1522745746.905989000	9.22594	1294	0
1522745746.906000000	9.22595	74	1
1522745746.906061000	9.22601	1294	0
1522745746.906360000	9.22631	1294	0
1522745746.906371000	9.22632	74	1
1522745746.906432000	9.22638	1294	0
1522745746.906611000	9.22656	1294	0
1522745746.906625000	9.22658	74	1
1522745746.906684000	9.22663	1294	0
1522745746.906750000	9.2267	1294	0
1522745746.906762000	9.22671	74	1
1522745746.906905000	9.22686	1294	0
1522745746.906972000	9.22692	1294	0
1522745746.906974000	9.22692	694	0
1522745746.906986000	9.22694	74	1
1522745746.907208000	9.22716	112	1
1522745746.927010000	9.24696	174	1
1522745746.954249000	9.2742	74	0
1522745747.075013000	9.39496	217	0
1522745747.075118000	9.39507	104	0
1522745747.075120000	9.39507	112	0
1522745747.075142000	9.39509	74	1
1522745747.075476000	9.39543	112	1
1522745747.142701000	9.46265	74	0
1522745747.150135000	9.47009	399	1
1522745747.172717000	9.49267	347	1
1522745747.177872000	9.49782	74	0
1522745747.187368000	9.50732	74	0
1522745747.239453000	9.5594	142	0
1522745747.239547000	9.5595	104	0
1522745747.239549000	9.5595	112	0
1522745747.239567000	9.55952	74	1
1522745747.240444000	9.56039	112	1
1522745747.248453000	9.5684	142	0
1522745747.248455000	9.56841	104	0
1522745747.248482000	9.56843	74	1
1522745747.256228000	9.57618	74	0
