1522640236.234822000	0	74	1
1522640236.252870000	0.018048	1294	1
1522640236.253163000	0.0183411	1294	1
1522640236.253166000	0.0183439	198	1
1522640236.253182000	0.0183599	74	0
1522640236.691539000	0.456717	316	0
1522640236.712824000	0.478002	159	0
1522640236.713278000	0.478456	475	0
1522640236.750134000	0.515312	344	1
1522640236.772094000	0.537272	135	1
1522640236.772100000	0.537278	104	1
1522640236.772157000	0.537335	74	0
1522640236.772388000	0.537566	104	0
1522640236.813151000	0.578329	74	1
1522640236.840684000	0.605862	74	1
1522640236.858653000	0.623831	650	1
1522640236.858927000	0.624105	1294	1
1522640236.858940000	0.624118	74	0
1522640236.859047000	0.624225	1294	1
1522640236.859204000	0.624382	1294	1
1522640236.859216000	0.624394	74	0
1522640236.859342000	0.62452	1294	1
1522640236.859480000	0.624658	1294	1
1522640236.859491000	0.624669	74	0
1522640236.859621000	0.624799	1294	1
1522640236.859901000	0.625079	1294	1
1522640236.859911000	0.625089	74	0
1522640236.860395000	0.625573	796	1
1522640236.861119000	0.626297	1294	1
1522640236.861133000	0.626311	74	0
1522640236.861426000	0.626604	1294	1
1522640236.861428000	0.626606	1294	1
1522640236.861442000	0.62662	74	0
1522640236.861673000	0.626851	1294	1
1522640236.861740000	0.626918	1294	1
1522640236.861750000	0.626928	74	0
1522640236.861986000	0.627164	1294	1
1522640236.862265000	0.627443	1294	1
1522640236.862276000	0.627454	74	0
1522640236.917908000	0.683086	1294	1
1522640236.918177000	0.683355	1294	1
1522640236.918179000	0.683357	1294	1
1522640236.918206000	0.683384	74	0
1522640236.918511000	0.683689	1294	1
1522640236.918514000	0.683692	1294	1
1522640236.918516000	0.683694	1294	1
1522640236.918529000	0.683707	74	0
1522640236.918816000	0.683994	1294	1
1522640236.918819000	0.683997	1294	1
1522640236.918836000	0.684014	74	0
1522640236.918898000	0.684076	1294	1
1522640236.919046000	0.684224	1294	1
1522640236.919061000	0.684239	74	0
1522640236.919272000	0.68445	1294	1
1522640236.919345000	0.684523	1294	1
1522640236.919355000	0.684533	74	0
1522640236.919560000	0.684738	1294	1
1522640236.919635000	0.684813	1294	1
1522640236.919645000	0.684823	74	0
1522640236.919913000	0.685091	1294	1
1522640236.920165000	0.685343	1294	1
1522640236.920180000	0.685358	74	0
1522640236.924720000	0.689898	1294	1
1522640236.924972000	0.69015	1294	1
1522640236.924994000	0.690172	74	0
1522640236.925265000	0.690443	1294	1
1522640236.925594000	0.690772	1294	1
1522640236.925607000	0.690785	74	0
1522640236.929181000	0.694359	1294	1
1522640236.929446000	0.694624	1294	1
1522640236.929461000	0.694639	74	0
1522640236.933633000	0.698811	1294	1
1522640236.933929000	0.699107	1294	1
1522640236.933949000	0.699127	74	0
1522640236.934205000	0.699383	1294	1
1522640236.934502000	0.69968	1294	1
1522640236.934518000	0.699696	74	0
1522640236.937951000	0.703129	1294	1
1522640236.938218000	0.703396	1294	1
1522640236.938238000	0.703416	74	0
1522640236.938843000	0.704021	1294	1
1522640236.942534000	0.707712	1294	1
1522640236.942579000	0.707757	74	0
1522640236.942803000	0.707981	1294	1
1522640236.943090000	0.708268	1294	1
1522640236.943108000	0.708286	74	0
1522640236.977081000	0.742259	1294	1
1522640236.977663000	0.742841	1294	1
1522640236.977690000	0.742868	74	0
1522640236.977958000	0.743136	1294	1
1522640236.978250000	0.743428	1294	1
1522640236.978272000	0.74345	74	0
1522640236.978600000	0.743778	1294	1
1522640236.978891000	0.744069	1294	1
1522640236.978905000	0.744083	74	0
1522640236.982073000	0.747251	1294	1
1522640236.982336000	0.747514	1294	1
1522640236.982359000	0.747537	74	0
1522640236.982484000	0.747662	74	0
1522640236.982801000	0.747979	710	1
1522640236.986991000	0.752169	112	0
1522640237.011583000	0.776761	327	0
1522640237.011707000	0.776885	169	0
1522640237.071699000	0.836877	74	1
1522640237.090290000	0.855468	252	1
1522640237.090941000	0.856119	1294	1
1522640237.090971000	0.856149	74	0
1522640237.091186000	0.856364	1294	1
1522640237.091251000	0.856429	1294	1
1522640237.091264000	0.856442	74	0
1522640237.091496000	0.856674	1294	1
1522640237.091564000	0.856742	425	1
1522640237.091566000	0.856744	112	1
1522640237.091575000	0.856753	74	0
1522640237.092064000	0.857242	112	0
1522640237.095342000	0.86052	147	1
1522640237.095692000	0.86087	1294	1
1522640237.095718000	0.860896	74	0
1522640237.095780000	0.860958	1294	1
1522640237.095974000	0.861152	1294	1
1522640237.095987000	0.861165	74	0
1522640237.096047000	0.861225	1294	1
1522640237.096050000	0.861228	87	1
1522640237.096072000	0.86125	86	0
1522640237.096250000	0.861428	1294	1
1522640237.096266000	0.861444	74	0
1522640237.144615000	0.909793	254	0
1522640237.146562000	0.91174	243	0
1522640237.196886000	0.962064	74	1
1522640237.203540000	0.968718	74	1
1522640237.203957000	0.969135	262	1
1522640237.204324000	0.969502	1294	1
1522640237.204328000	0.969506	1294	1
1522640237.204353000	0.969531	74	0
1522640237.204518000	0.969696	1294	1
1522640237.204618000	0.969796	1294	1
1522640237.204621000	0.969799	1294	1
1522640237.204633000	0.969811	74	0
1522640237.204816000	0.969994	1294	1
1522640237.204891000	0.970069	1294	1
1522640237.204901000	0.970079	74	0
1522640237.204963000	0.970141	1294	1
1522640237.205115000	0.970293	1294	1
1522640237.205134000	0.970312	74	0
1522640237.205197000	0.970375	1294	1
1522640237.205199000	0.970377	1294	1
1522640237.205214000	0.970392	74	0
1522640237.205390000	0.970568	1294	1
1522640237.205482000	0.97066	1294	1
1522640237.205496000	0.970674	74	0
1522640237.205556000	0.970734	1294	1
1522640237.205698000	0.970876	1294	1
1522640237.205710000	0.970888	74	0
1522640237.205774000	0.970952	1294	1
1522640237.206034000	0.971212	1294	1
1522640237.206046000	0.971224	74	0
1522640237.206727000	0.971905	1294	1
1522640237.207000000	0.972178	1294	1
1522640237.207015000	0.972193	74	0
1522640237.208953000	0.974131	1294	1
1522640237.209226000	0.974404	1294	1
1522640237.209242000	0.97442	74	0
1522640237.209525000	0.974703	1294	1
1522640237.209802000	0.97498	1294	1
1522640237.209815000	0.974993	74	0
1522640237.211314000	0.976492	1294	1
1522640237.211591000	0.976769	1294	1
1522640237.211604000	0.976782	74	0
1522640237.213526000	0.978704	1294	1
1522640237.213802000	0.97898	1294	1
1522640237.213816000	0.978994	74	0
1522640237.214079000	0.979257	1294	1
1522640237.214404000	0.979582	1294	1
1522640237.214417000	0.979595	74	0
1522640237.215534000	0.980712	1294	1
1522640237.215801000	0.980979	1294	1
1522640237.215821000	0.980999	74	0
1522640237.216094000	0.981272	1294	1
1522640237.216371000	0.981549	1294	1
1522640237.216387000	0.981565	74	0
1522640237.217926000	0.983104	1294	1
1522640237.218203000	0.983381	1294	1
1522640237.218229000	0.983407	74	0
1522640237.220145000	0.985323	1294	1
1522640237.220424000	0.985602	1294	1
1522640237.220439000	0.985617	74	0
1522640237.220719000	0.985897	1294	1
1522640237.221001000	0.986179	1294	1
1522640237.221031000	0.986209	74	0
1522640237.222885000	0.988063	1294	1
1522640237.223008000	0.988186	1294	1
1522640237.223019000	0.988197	74	0
1522640237.224647000	0.989825	1294	1
1522640237.224943000	0.990121	1294	1
1522640237.224960000	0.990138	74	0
1522640237.225219000	0.990397	1294	1
1522640237.226768000	0.991946	1294	1
1522640237.226783000	0.991961	74	0
1522640237.227044000	0.992222	1294	1
1522640237.227337000	0.992515	1294	1
1522640237.227350000	0.992528	74	0
1522640237.227613000	0.992791	1294	1
1522640237.229142000	0.99432	1294	1
1522640237.229156000	0.994334	74	0
1522640237.229418000	0.994596	1294	1
1522640237.231763000	0.996941	1294	1
1522640237.231787000	0.996965	74	0
1522640237.232052000	0.99723	1294	1
1522640237.232672000	0.99785	1294	1
1522640237.232686000	0.997864	74	0
1522640237.232948000	0.998126	1294	1
1522640237.264841000	1.03002	1294	1
1522640237.264886000	1.03006	74	0
1522640237.265134000	1.03031	1294	1
1522640237.265411000	1.03059	1294	1
1522640237.265424000	1.0306	74	0
1522640237.265709000	1.03089	1294	1
1522640237.265785000	1.03096	1294	1
1522640237.265796000	1.03097	74	0
1522640237.265986000	1.03116	1294	1
1522640237.266277000	1.03146	1294	1
1522640237.266290000	1.03147	74	0
1522640237.266565000	1.03174	1294	1
1522640237.268162000	1.03334	1294	1
1522640237.268182000	1.03336	74	0
1522640237.268438000	1.03362	1294	1
1522640237.270370000	1.03555	1294	1
1522640237.270389000	1.03557	74	0
1522640237.270651000	1.03583	1294	1
1522640237.270927000	1.0361	1294	1
1522640237.270941000	1.03612	74	0
1522640237.271221000	1.0364	1294	1
1522640237.272344000	1.03752	1294	1
1522640237.272358000	1.03754	74	0
1522640237.272621000	1.0378	1294	1
1522640237.274972000	1.04015	1294	1
1522640237.274991000	1.04017	74	0
1522640237.275267000	1.04044	1294	1
1522640237.275541000	1.04072	1294	1
1522640237.275558000	1.04074	74	0
1522640237.277119000	1.0423	1294	1
1522640237.277389000	1.04257	1294	1
1522640237.277403000	1.04258	74	0
1522640237.277680000	1.04286	1294	1
1522640237.277961000	1.04314	1294	1
1522640237.277977000	1.04315	74	0
1522640237.279092000	1.04427	1294	1
1522640237.279367000	1.04454	1294	1
1522640237.279384000	1.04456	74	0
1522640237.279660000	1.04484	1294	1
1522640237.279952000	1.04513	1294	1
1522640237.279967000	1.04515	74	0
1522640237.282355000	1.04753	1294	1
1522640237.282428000	1.04761	1294	1
1522640237.282438000	1.04762	74	0
1522640237.282635000	1.04781	1294	1
1522640237.282909000	1.04809	1294	1
1522640237.282923000	1.0481	74	0
1522640237.283277000	1.04845	1294	1
1522640237.283554000	1.04873	1294	1
1522640237.283566000	1.04874	74	0
1522640237.284680000	1.04986	1294	1
1522640237.284970000	1.05015	1294	1
1522640237.284984000	1.05016	74	0
1522640237.287115000	1.05229	1294	1
1522640237.287385000	1.05256	1294	1
1522640237.287402000	1.05258	74	0
1522640237.287661000	1.05284	1294	1
1522640237.287956000	1.05313	1294	1
1522640237.287970000	1.05315	74	0
1522640237.288233000	1.05341	1294	1
1522640237.288509000	1.05369	1294	1
1522640237.288522000	1.0537	74	0
1522640237.290083000	1.05526	1294	1
1522640237.290376000	1.05555	1294	1
1522640237.290396000	1.05557	74	0
1522640237.290651000	1.05583	1294	1
1522640237.291793000	1.05697	1294	1
1522640237.291819000	1.057	74	0
1522640237.292082000	1.05726	1294	1
1522640237.292362000	1.05754	1294	1
1522640237.292376000	1.05755	74	0
1522640237.292653000	1.05783	1294	1
1522640237.293526000	1.0587	1294	1
1522640237.293542000	1.05872	74	0
1522640237.293805000	1.05898	1294	1
1522640237.294155000	1.05933	1294	1
1522640237.294169000	1.05935	74	0
1522640237.294448000	1.05963	1294	1
1522640237.324264000	1.08944	1294	1
1522640237.324304000	1.08948	74	0
1522640237.324542000	1.08972	1294	1
1522640237.324769000	1.08995	1294	1
1522640237.324785000	1.08996	74	0
1522640237.324846000	1.09002	1294	1
1522640237.325044000	1.09022	1294	1
1522640237.325055000	1.09023	74	0
1522640237.325337000	1.09051	1294	1
1522640237.325783000	1.09096	112	0
1522640237.326038000	1.09122	1294	1
1522640237.326332000	1.09151	1294	1
1522640237.326349000	1.09153	74	0
1522640237.327009000	1.09219	1294	1
1522640237.327299000	1.09248	1294	1
1522640237.327316000	1.09249	74	0
1522640237.327596000	1.09277	1294	1
1522640237.327884000	1.09306	1294	1
1522640237.327896000	1.09307	74	0
1522640237.329373000	1.09455	1294	1
1522640237.329663000	1.09484	1294	1
1522640237.329678000	1.09486	74	0
1522640237.329941000	1.09512	1294	1
1522640237.330233000	1.09541	1294	1
1522640237.330247000	1.09542	74	0
1522640237.330527000	1.09571	1294	1
1522640237.330802000	1.09598	1294	1
1522640237.330816000	1.09599	74	0
1522640237.330967000	1.09614	903	1
1522640237.330987000	1.09616	86	0
1522640237.331292000	1.09647	1294	1
1522640237.331306000	1.09648	86	0
1522640237.331570000	1.09675	1294	1
1522640237.331598000	1.09678	74	0
1522640237.432747000	1.19792	74	1
1522640237.445181000	1.21036	317	0
1522640237.489073000	1.25425	145	0
1522640237.505190000	1.27037	74	1
1522640237.505283000	1.27046	203	1
1522640237.505587000	1.27077	1294	1
1522640237.505612000	1.27079	74	0
1522640237.505884000	1.27106	1294	1
1522640237.505952000	1.27113	1294	1
1522640237.505967000	1.27114	74	0
1522640237.506028000	1.27121	1294	1
1522640237.506209000	1.27139	1294	1
1522640237.506212000	1.27139	1294	1
1522640237.506226000	1.2714	74	0
1522640237.506285000	1.27146	1294	1
1522640237.506385000	1.27156	1294	1
1522640237.506396000	1.27157	74	0
1522640237.506502000	1.27168	1294	1
1522640237.506504000	1.27168	1294	1
1522640237.506521000	1.2717	74	0
1522640237.506580000	1.27176	1294	1
1522640237.506678000	1.27186	1294	1
1522640237.506692000	1.27187	74	0
1522640237.506750000	1.27193	1294	1
1522640237.506819000	1.272	1294	1
1522640237.506821000	1.272	1294	1
1522640237.506833000	1.27201	74	0
1522640237.506958000	1.27214	1294	1
1522640237.507023000	1.2722	1294	1
1522640237.507034000	1.27221	74	0
1522640237.507088000	1.27227	1294	1
1522640237.507396000	1.27257	1294	1
1522640237.507409000	1.27259	74	0
1522640237.508188000	1.27337	1294	1
1522640237.508463000	1.27364	1294	1
1522640237.508479000	1.27366	74	0
1522640237.508739000	1.27392	1294	1
1522640237.509033000	1.27421	1294	1
1522640237.509049000	1.27423	74	0
1522640237.509310000	1.27449	1294	1
1522640237.509587000	1.27477	1294	1
1522640237.509603000	1.27478	74	0
1522640237.510493000	1.27567	1294	1
1522640237.510770000	1.27595	1294	1
1522640237.510789000	1.27597	74	0
1522640237.511045000	1.27622	1294	1
1522640237.511337000	1.27652	1294	1
1522640237.511352000	1.27653	74	0
1522640237.511529000	1.27671	822	1
1522640237.511792000	1.27697	112	0
1522640237.550753000	1.31593	200	1
1522640237.550755000	1.31593	362	1
1522640237.550782000	1.31596	74	0
1522640237.610493000	1.37567	74	1
1522640237.858857000	1.62403	361	0
1522640237.957607000	1.72278	140	1
1522640237.957609000	1.72279	104	1
1522640237.957611000	1.72279	112	1
1522640237.957669000	1.72285	74	0
1522640237.958609000	1.72379	112	0
1522640238.055643000	1.82082	144	0
1522640238.060825000	1.826	74	1
1522640238.061565000	1.82674	379	0
1522640238.065940000	1.83112	159	0
1522640238.114656000	1.87983	74	1
1522640238.121590000	1.88677	74	1
1522640238.125260000	1.89044	74	1
1522640238.133931000	1.89911	194	1
1522640238.134259000	1.89944	1294	1
1522640238.134281000	1.89946	74	0
1522640238.134818000	1.9	1294	1
1522640238.135183000	1.90036	1294	1
1522640238.135186000	1.90036	1294	1
1522640238.135203000	1.90038	74	0
1522640238.135264000	1.90044	1294	1
1522640238.135436000	1.90061	1294	1
1522640238.135438000	1.90062	1294	1
1522640238.135452000	1.90063	74	0
1522640238.135510000	1.90069	1294	1
1522640238.135720000	1.9009	1294	1
1522640238.135724000	1.9009	1294	1
1522640238.135741000	1.90092	74	0
1522640238.135800000	1.90098	1294	1
1522640238.135991000	1.90117	1294	1
1522640238.136001000	1.90118	74	0
1522640238.136058000	1.90124	1294	1
1522640238.136123000	1.9013	113	1
1522640238.136138000	1.90132	86	0
1522640238.136407000	1.90158	1294	1
1522640238.136415000	1.90159	104	1
1522640238.136417000	1.90159	112	1
1522640238.136439000	1.90162	74	0
1522640238.136447000	1.90162	74	0
1522640238.136602000	1.90178	112	0
1522640238.142765000	1.90794	140	1
1522640238.143169000	1.90835	104	1
1522640238.143188000	1.90837	74	0
1522640238.144053000	1.90923	159	1
1522640238.144393000	1.90957	1294	1
1522640238.144409000	1.90959	74	0
1522640238.145358000	1.91054	769	1
1522640238.171637000	1.93682	188	0
1522640238.229360000	1.99454	74	1
1522640238.282935000	2.04811	211	1
1522640238.283298000	2.04848	299	1
1522640238.283299000	2.04848	104	1
1522640238.283313000	2.04849	74	0
1522640238.283381000	2.04856	112	1
1522640238.283580000	2.04876	112	0
1522640238.388404000	2.15358	74	1
1522640238.464380000	2.22956	188	0
1522640238.523432000	2.28861	74	1
1522640238.559662000	2.32484	148	1
1522640238.559751000	2.32493	297	1
1522640238.559776000	2.32495	74	0
1522640238.560580000	2.32576	104	1
1522640238.560650000	2.32583	112	1
1522640238.560663000	2.32584	74	0
1522640238.560770000	2.32595	112	0
1522640238.599773000	2.36495	189	0
1522640238.661093000	2.42627	74	1
1522640238.668067000	2.43324	74	1
1522640238.707575000	2.47275	147	1
1522640238.707659000	2.47284	363	1
1522640238.707661000	2.47284	112	1
1522640238.707679000	2.47286	74	0
1522640238.708033000	2.47321	112	0
1522640238.783533000	2.54871	191	0
1522640238.806022000	2.5712	74	1
1522640238.843131000	2.60831	74	1
1522640238.877498000	2.64268	147	1
1522640238.877579000	2.64276	357	1
1522640238.877580000	2.64276	112	1
1522640238.877594000	2.64277	74	0
1522640238.877926000	2.6431	112	0
1522640238.981762000	2.74694	192	0
1522640238.985866000	2.75104	74	1
1522640239.040219000	2.8054	74	1
1522640239.073396000	2.83857	170	1
1522640239.073488000	2.83867	345	1
1522640239.073491000	2.83867	112	1
1522640239.073512000	2.83869	74	0
1522640239.073908000	2.83909	112	0
1522640239.183076000	2.94825	74	1
1522640239.534040000	3.29922	195	0
1522640239.593643000	3.35882	74	1
1522640239.600394000	3.36557	318	0
1522640239.630299000	3.39548	147	1
1522640239.630404000	3.39558	326	1
1522640239.630424000	3.3956	74	0
1522640239.631657000	3.39683	104	1
1522640239.631659000	3.39684	112	1
1522640239.631685000	3.39686	74	0
1522640239.632164000	3.39734	112	0
1522640239.681279000	3.44646	140	1
1522640239.682533000	3.44771	104	1
1522640239.682563000	3.44774	74	0
1522640239.744995000	3.51017	74	1
1522640239.887754000	3.65293	196	0
1522640239.945615000	3.71079	74	1
1522640239.979735000	3.74491	167	1
1522640239.979834000	3.74501	327	1
1522640239.979837000	3.74501	104	1
1522640239.979838000	3.74502	112	1
1522640239.979860000	3.74504	74	0
1522640239.980271000	3.74545	112	0
1522640240.078874000	3.84405	74	1
1522640240.128194000	3.89337	198	0
1522640240.187168000	3.95235	74	1
1522640240.227104000	3.99228	147	1
1522640240.227194000	3.99237	364	1
1522640240.227197000	3.99237	112	1
1522640240.227215000	3.99239	74	0
1522640240.227534000	3.99271	112	0
1522640240.232988000	3.99817	198	0
1522640240.291429000	4.05661	74	1
1522640240.326686000	4.09186	147	1
1522640240.326810000	4.09199	335	1
1522640240.326831000	4.09201	74	0
1522640240.327335000	4.09251	104	1
1522640240.327406000	4.09258	112	1
1522640240.327417000	4.09259	74	0
1522640240.328102000	4.09328	112	0
1522640240.426031000	4.19121	74	1
1522640240.786112000	4.55129	201	0
1522640240.843954000	4.60913	74	1
1522640240.878271000	4.64345	144	1
1522640240.878371000	4.64355	335	1
1522640240.878373000	4.64355	104	1
1522640240.878375000	4.64355	112	1
1522640240.878395000	4.64357	74	0
1522640240.878698000	4.64388	112	0
1522640240.917222000	4.6824	202	0
1522640240.975629000	4.74081	74	1
1522640240.991953000	4.75713	205	0
1522640240.993885000	4.75906	108	0
1522640241.022651000	4.78783	170	1
1522640241.022746000	4.78792	366	1
1522640241.022748000	4.78793	112	1
1522640241.022766000	4.78794	74	0
1522640241.023079000	4.78826	112	0
1522640241.051947000	4.81713	74	1
1522640241.082682000	4.84786	147	1
1522640241.082775000	4.84795	348	1
1522640241.082778000	4.84796	112	1
1522640241.082800000	4.84798	74	0
1522640241.083151000	4.84833	112	0
1522640241.093623000	4.8588	207	0
1522640241.151690000	4.91687	74	1
1522640241.184684000	4.94986	147	1
1522640241.184797000	4.94998	338	1
1522640241.184800000	4.94998	112	1
1522640241.184821000	4.95	74	0
1522640241.185231000	4.95041	112	0
1522640241.195392000	4.96057	207	0
1522640241.255473000	5.02065	74	1
1522640241.296807000	5.06199	147	1
1522640241.296904000	5.06208	358	1
1522640241.296907000	5.06208	112	1
1522640241.296929000	5.06211	74	0
1522640241.297356000	5.06253	112	0
1522640241.363637000	5.12881	208	0
1522640241.394877000	5.16005	74	1
1522640241.423043000	5.18822	74	1
1522640241.456247000	5.22143	147	1
1522640241.456330000	5.22151	323	1
1522640241.456348000	5.22153	74	0
1522640241.457194000	5.22237	104	1
1522640241.457268000	5.22245	112	1
1522640241.457279000	5.22246	74	0
1522640241.457639000	5.22282	112	0
1522640241.565726000	5.3309	74	1
1522640242.100222000	5.8654	212	0
1522640242.158799000	5.92398	74	1
1522640242.196107000	5.96128	167	1
1522640242.196109000	5.96129	318	1
1522640242.196150000	5.96133	74	0
1522640242.196617000	5.96179	104	1
1522640242.196692000	5.96187	112	1
1522640242.196704000	5.96188	74	0
1522640242.197468000	5.96265	112	0
1522640242.253584000	6.01876	213	0
1522640242.296195000	6.06137	74	1
1522640242.312229000	6.07741	74	1
1522640242.346260000	6.11144	147	1
1522640242.346353000	6.11153	350	1
1522640242.346355000	6.11153	112	1
1522640242.346376000	6.11155	74	0
1522640242.346753000	6.11193	112	0
1522640242.445879000	6.21106	74	1
1522640243.593744000	7.35892	199	0
1522640243.653763000	7.41894	74	1
1522640243.756213000	7.52139	216	1
1522640243.756488000	7.52167	1294	1
1522640243.756508000	7.52169	74	0
1522640243.756765000	7.52194	1294	1
1522640243.757041000	7.52222	1294	1
1522640243.757055000	7.52223	74	0
1522640243.757147000	7.52233	1294	1
1522640243.757317000	7.5225	1294	1
1522640243.757334000	7.52251	74	0
1522640243.757615000	7.52279	1294	1
1522640243.757908000	7.52309	1294	1
1522640243.757922000	7.5231	74	0
1522640243.758356000	7.52353	1243	1
1522640243.776303000	7.54148	1294	1
1522640243.776306000	7.54148	1294	1
1522640243.776366000	7.54154	74	0
1522640243.776562000	7.54174	1294	1
1522640243.776634000	7.54181	1294	1
1522640243.776645000	7.54182	74	0
1522640243.776831000	7.54201	1294	1
1522640243.776898000	7.54208	1294	1
1522640243.776911000	7.54209	74	0
1522640243.777183000	7.54236	1294	1
1522640243.777186000	7.54236	1294	1
1522640243.777201000	7.54238	74	0
1522640243.777261000	7.54244	1294	1
1522640243.777398000	7.54258	1294	1
1522640243.777411000	7.54259	74	0
1522640243.777471000	7.54265	1294	1
1522640243.777645000	7.54282	1132	1
1522640243.777666000	7.54284	86	0
1522640243.777947000	7.54312	1294	1
1522640243.777964000	7.54314	74	0
1522640243.778226000	7.5434	1294	1
1522640243.778504000	7.54368	1294	1
1522640243.778516000	7.54369	74	0
1522640243.778781000	7.54396	1294	1
1522640243.779059000	7.54424	1294	1
1522640243.779075000	7.54425	74	0
1522640243.779352000	7.54453	1294	1
1522640243.779771000	7.54495	501	1
1522640243.779786000	7.54496	86	0
1522640243.780120000	7.5453	1294	1
1522640243.780139000	7.54532	74	0
1522640244.079464000	7.84464	1294	1
1522640244.079733000	7.84491	1294	1
1522640244.079735000	7.84491	1294	1
1522640244.079757000	7.84493	74	0
1522640244.079989000	7.84517	1294	1
1522640244.080071000	7.84525	1294	1
1522640244.080086000	7.84526	74	0
1522640244.080287000	7.84546	1294	1
1522640244.080565000	7.84574	1294	1
1522640244.080580000	7.84576	74	0
1522640244.080859000	7.84604	1294	1
1522640244.081136000	7.84631	1294	1
1522640244.081152000	7.84633	74	0
1522640244.081412000	7.84659	1294	1
1522640244.082033000	7.84721	1294	1
1522640244.082048000	7.84723	74	0
1522640244.082347000	7.84752	1294	1
1522640244.082789000	7.84797	711	1
1522640244.082802000	7.84798	74	0
1522640244.092616000	7.85779	1294	1
1522640244.092894000	7.85807	1294	1
1522640244.092914000	7.85809	74	0
1522640244.093167000	7.85835	1294	1
1522640244.093449000	7.85863	1294	1
1522640244.093466000	7.85864	74	0
1522640244.093749000	7.85893	1294	1
1522640244.094033000	7.85921	1294	1
1522640244.094048000	7.85923	74	0
1522640244.094322000	7.8595	1294	1
1522640244.094620000	7.8598	1294	1
1522640244.094642000	7.85982	74	0
1522640244.094905000	7.86008	1294	1
1522640244.095192000	7.86037	1294	1
1522640244.095204000	7.86038	74	0
1522640244.095483000	7.86066	1294	1
1522640244.095766000	7.86094	1294	1
1522640244.095768000	7.86095	329	1
1522640244.095787000	7.86097	74	0
1522640244.108752000	7.87393	1294	1
1522640244.109038000	7.87422	1294	1
1522640244.109072000	7.87425	74	0
1522640244.109158000	7.87434	1294	1
1522640244.109314000	7.87449	1294	1
1522640244.109329000	7.87451	74	0
1522640244.109450000	7.87463	1294	1
1522640244.109452000	7.87463	1294	1
1522640244.109465000	7.87464	74	0
1522640244.109579000	7.87476	1294	1
1522640244.109732000	7.87491	1294	1
1522640244.109745000	7.87492	74	0
1522640244.109805000	7.87498	1294	1
1522640244.109872000	7.87505	1294	1
1522640244.109883000	7.87506	74	0
1522640244.110005000	7.87518	1294	1
1522640244.110148000	7.87533	1294	1
1522640244.110161000	7.87534	74	0
1522640244.110467000	7.87564	1294	1
1522640244.110469000	7.87565	187	1
1522640244.110483000	7.87566	74	0
1522640244.113681000	7.87886	1294	1
1522640244.113954000	7.87913	1294	1
1522640244.113978000	7.87916	74	0
1522640244.114231000	7.87941	1294	1
1522640244.114528000	7.87971	1294	1
1522640244.114542000	7.87972	74	0
1522640244.114806000	7.87998	1294	1
1522640244.115083000	7.88026	1294	1
1522640244.115098000	7.88028	74	0
1522640244.115287000	7.88047	1294	1
1522640244.116474000	7.88165	1294	1
1522640244.116495000	7.88167	74	0
1522640244.116757000	7.88193	1294	1
1522640244.117045000	7.88222	1294	1
1522640244.117058000	7.88224	74	0
1522640244.117324000	7.8825	1294	1
1522640244.117601000	7.88278	1294	1
1522640244.117615000	7.88279	74	0
1522640244.117894000	7.88307	1294	1
1522640244.119107000	7.88428	1294	1
1522640244.119131000	7.88431	74	0
1522640244.119403000	7.88458	1294	1
1522640244.119697000	7.88488	1294	1
1522640244.119716000	7.88489	74	0
1522640244.119885000	7.88506	1053	1
1522640244.120050000	7.88523	112	0
1522640244.180657000	7.94583	74	1
1522640244.275105000	8.04028	198	0
1522640244.333735000	8.09891	74	1
1522640244.355102000	8.12028	140	1
1522640244.355104000	8.12028	104	1
1522640244.355164000	8.12034	74	0
1522640244.355231000	8.12041	112	1
1522640244.356017000	8.1212	112	0
1522640244.443833000	8.20901	346	0
1522640244.453961000	8.21914	74	1
1522640244.486124000	8.2513	175	0
1522640244.502338000	8.26752	74	1
1522640244.503177000	8.26835	180	1
1522640244.503920000	8.2691	1294	1
1522640244.503951000	8.26913	74	0
1522640244.504037000	8.26921	1294	1
1522640244.504195000	8.26937	1294	1
1522640244.504209000	8.26939	74	0
1522640244.504311000	8.26949	1294	1
1522640244.504472000	8.26965	1294	1
1522640244.504489000	8.26967	74	0
1522640244.504592000	8.26977	1294	1
1522640244.504653000	8.26983	1294	1
1522640244.504663000	8.26984	74	0
1522640244.504724000	8.2699	1294	1
1522640244.504790000	8.26997	1294	1
1522640244.504800000	8.26998	74	0
1522640244.504860000	8.27004	1294	1
1522640244.504923000	8.2701	1294	1
1522640244.504933000	8.27011	74	0
1522640244.504992000	8.27017	1294	1
1522640244.505062000	8.27024	1294	1
1522640244.505072000	8.27025	74	0
1522640244.505132000	8.27031	1294	1
1522640244.505198000	8.27038	1294	1
1522640244.505209000	8.27039	74	0
1522640244.505268000	8.27045	1294	1
1522640244.505436000	8.27061	1294	1
1522640244.505449000	8.27063	74	0
1522640244.505509000	8.27069	1294	1
1522640244.505730000	8.27091	1294	1
1522640244.505744000	8.27092	74	0
1522640244.506437000	8.27162	1294	1
1522640244.506714000	8.27189	1294	1
1522640244.506731000	8.27191	74	0
1522640244.507008000	8.27219	1294	1
1522640244.507285000	8.27246	1294	1
1522640244.507300000	8.27248	74	0
1522640244.507562000	8.27274	1294	1
1522640244.507856000	8.27303	1294	1
1522640244.507869000	8.27305	74	0
1522640244.508997000	8.27417	1294	1
1522640244.509292000	8.27447	1294	1
1522640244.509306000	8.27448	74	0
1522640244.509568000	8.27475	1294	1
1522640244.509845000	8.27502	1294	1
1522640244.509859000	8.27504	74	0
1522640244.510138000	8.27532	1294	1
1522640244.510415000	8.27559	1294	1
1522640244.510428000	8.27561	74	0
1522640244.511283000	8.27646	1294	1
1522640244.511542000	8.27672	1294	1
1522640244.511557000	8.27674	74	0
1522640244.511842000	8.27702	1294	1
1522640244.512164000	8.27734	1294	1
1522640244.512177000	8.27735	74	0
1522640244.512559000	8.27774	1294	1
1522640244.512853000	8.27803	1294	1
1522640244.512867000	8.27804	74	0
1522640244.513130000	8.27831	1294	1
1522640244.513427000	8.2786	1294	1
1522640244.513440000	8.27862	74	0
1522640244.514327000	8.27951	1294	1
1522640244.514606000	8.27978	1294	1
1522640244.514621000	8.2798	74	0
1522640244.515265000	8.28044	1294	1
1522640244.515559000	8.28074	1294	1
1522640244.515572000	8.28075	74	0
1522640244.515850000	8.28103	1294	1
1522640244.516128000	8.28131	1294	1
1522640244.516140000	8.28132	74	0
1522640244.516404000	8.28158	1294	1
1522640244.516701000	8.28188	1294	1
1522640244.516715000	8.28189	74	0
1522640244.517405000	8.28258	1294	1
1522640244.517697000	8.28288	1294	1
1522640244.517709000	8.28289	74	0
1522640244.517974000	8.28315	1294	1
1522640244.518268000	8.28345	1294	1
1522640244.518270000	8.28345	339	1
1522640244.518292000	8.28347	86	0
1522640244.518620000	8.2838	1294	1
1522640244.518636000	8.28381	74	0
1522640244.518890000	8.28407	112	0
1522640244.569768000	8.33495	214	1
1522640244.570154000	8.33533	104	1
1522640244.570179000	8.33536	74	0
1522640244.629146000	8.39432	74	1
1522640244.686462000	8.45164	401	0
1522640244.767763000	8.53294	140	1
1522640244.767891000	8.53307	104	1
1522640244.767894000	8.53307	112	1
1522640244.767913000	8.53309	74	0
1522640244.769108000	8.53429	112	0
1522640244.868851000	8.63403	74	1
1522640246.583428000	10.3486	309	0
1522640246.642200000	10.4074	74	1
1522640246.663849000	10.429	140	1
1522640246.664196000	10.4294	104	1
1522640246.664209000	10.4294	74	0
1522640246.664270000	10.4294	112	1
1522640246.664382000	10.4296	112	0
1522640246.761591000	10.5268	74	1
1522640247.718430000	11.4836	347	0
1522640247.779194000	11.5444	74	1
1522640247.800258000	11.5654	140	1
1522640247.800260000	11.5654	104	1
1522640247.800291000	11.5655	74	0
1522640247.800607000	11.5658	112	1
1522640247.801093000	11.5663	112	0
1522640247.898876000	11.6641	74	1
