1522727371.104288000	0	316	1
1522727371.117991000	0.0137029	74	0
1522727371.139196000	0.0349078	140	0
1522727371.139199000	0.0349109	104	0
1522727371.139207000	0.0349188	112	0
1522727371.139253000	0.0349648	74	1
1522727371.139606000	0.0353179	112	1
1522727371.194838000	0.0905499	74	0
1522727373.409024000	2.30474	188	1
1522727373.421837000	2.31755	74	0
1522727373.469194000	2.36491	234	0
1522727373.469286000	2.365	332	0
1522727373.469288000	2.365	112	0
1522727373.469305000	2.36502	74	1
1522727373.469666000	2.36538	112	1
1522727373.482854000	2.37857	74	0
1522727373.684162000	2.57987	188	1
1522727373.719151000	2.61486	74	0
1522727373.759687000	2.6554	148	0
1522727373.759792000	2.6555	319	0
1522727373.759794000	2.65551	112	0
1522727373.759822000	2.65553	74	1
1522727373.760232000	2.65594	112	1
1522727373.773171000	2.66888	74	0
1522727374.025001000	2.92071	189	1
1522727374.047266000	2.94298	74	0
1522727374.084721000	2.98043	148	0
1522727374.084819000	2.98053	368	0
1522727374.084822000	2.98053	112	0
1522727374.084843000	2.98055	74	1
1522727374.085196000	2.98091	112	1
1522727374.138684000	3.0344	74	0
1522727374.187523000	3.08323	191	1
1522727374.200925000	3.09664	74	0
1522727374.237862000	3.13357	147	0
1522727374.237982000	3.13369	362	0
1522727374.237984000	3.1337	112	0
1522727374.238001000	3.13371	74	1
1522727374.238375000	3.13409	112	1
1522727374.281140000	3.17685	192	1
1522727374.290534000	3.18625	74	0
1522727374.294276000	3.18999	74	0
1522727374.330356000	3.22607	147	0
1522727374.330358000	3.22607	317	0
1522727374.330398000	3.22611	74	1
1522727374.330794000	3.22651	104	0
1522727374.330861000	3.22657	112	0
1522727374.330874000	3.22659	74	1
1522727374.331311000	3.22702	112	1
1522727374.403539000	3.29925	74	0
1522727375.437171000	4.33288	198	1
1522727375.449480000	4.34519	74	0
1522727375.487280000	4.38299	170	0
1522727375.487384000	4.3831	361	0
1522727375.487386000	4.3831	112	0
1522727375.487411000	4.38312	74	1
1522727375.487829000	4.38354	112	1
1522727375.540945000	4.43666	74	0
1522727375.777698000	4.67341	199	1
1522727375.791157000	4.68687	74	0
1522727375.829934000	4.72565	147	0
1522727375.830035000	4.72575	334	0
1522727375.830036000	4.72575	112	0
1522727375.830057000	4.72577	74	1
1522727375.830460000	4.72617	112	1
1522727375.887307000	4.78302	74	0
1522727376.141168000	5.03688	199	1
1522727376.153725000	5.04944	74	0
1522727376.186272000	5.08198	147	0
1522727376.186368000	5.08208	341	0
1522727376.186371000	5.08208	112	0
1522727376.186387000	5.0821	74	1
1522727376.186779000	5.08249	112	1
1522727376.233968000	5.12968	200	1
1522727376.239699000	5.13541	74	0
1522727376.247557000	5.14327	74	0
1522727376.280236000	5.17595	144	0
1522727376.280330000	5.17604	341	0
1522727376.280332000	5.17604	112	0
1522727376.280346000	5.17606	74	1
1522727376.280692000	5.1764	112	1
1522727376.333515000	5.22923	74	0
1522727377.508893000	6.4046	205	1
1522727377.521901000	6.41761	74	0
1522727377.556477000	6.45219	170	0
1522727377.556568000	6.45228	352	0
1522727377.556570000	6.45228	112	0
1522727377.556589000	6.4523	74	1
1522727377.556953000	6.45266	112	1
1522727377.612507000	6.50822	74	0
1522727379.028097000	7.92381	212	1
1522727379.041375000	7.93709	74	0
1522727379.076116000	7.97183	170	0
1522727379.076221000	7.97193	346	0
1522727379.076223000	7.97193	112	0
1522727379.076244000	7.97196	74	1
1522727379.076622000	7.97233	112	1
1522727379.132222000	8.02793	74	0
1522727379.166571000	8.06228	214	1
1522727379.185265000	8.08098	74	0
1522727379.224183000	8.11989	147	0
1522727379.224278000	8.11999	354	0
1522727379.224301000	8.12001	74	1
1522727379.224579000	8.12029	112	0
1522727379.224733000	8.12045	112	1
1522727379.278431000	8.17414	74	0
1522727379.466192000	8.3619	218	1
1522727379.479892000	8.3756	74	0
1522727379.514695000	8.41041	170	0
1522727379.514802000	8.41051	355	0
1522727379.514805000	8.41052	112	0
1522727379.514827000	8.41054	74	1
1522727379.515215000	8.41093	112	1
1522727379.567505000	8.46322	74	0
1522727379.795615000	8.69133	218	1
1522727379.815026000	8.71074	74	0
1522727379.853333000	8.74904	147	0
1522727379.853424000	8.74914	321	0
1522727379.853441000	8.74915	74	1
1522727379.853511000	8.74922	104	0
1522727379.853903000	8.74961	112	0
1522727379.853915000	8.74963	74	1
1522727379.854444000	8.75016	112	1
1522727379.890122000	8.78583	220	1
1522727379.907540000	8.80325	74	0
1522727379.908386000	8.8041	74	0
1522727379.946522000	8.84223	147	0
1522727379.946620000	8.84233	348	0
1522727379.946640000	8.84235	74	1
1522727379.946782000	8.84249	112	0
1522727379.947036000	8.84275	112	1
1522727379.999598000	8.89531	74	0
1522727380.039856000	8.93557	221	1
1522727380.058222000	8.95393	74	0
1522727380.089513000	8.98522	147	0
1522727380.089602000	8.98531	350	0
1522727380.089604000	8.98532	112	0
1522727380.089628000	8.98534	74	1
1522727380.089986000	8.9857	112	1
1522727380.144217000	9.03993	74	0
1522727380.741046000	9.63676	200	1
1522727380.759486000	9.6552	74	0
1522727380.860474000	9.75619	216	0
1522727380.860581000	9.75629	1294	0
1522727380.860599000	9.75631	74	1
1522727380.860770000	9.75648	1294	0
1522727380.860837000	9.75655	1294	0
1522727380.860849000	9.75656	74	1
1522727380.860995000	9.75671	1294	0
1522727380.861105000	9.75682	1294	0
1522727380.861116000	9.75683	74	1
1522727380.861272000	9.75698	1294	0
1522727380.861548000	9.75726	1294	0
1522727380.861558000	9.75727	74	1
1522727380.861655000	9.75737	1106	0
1522727380.863933000	9.75964	1294	0
1522727380.863969000	9.75968	74	1
1522727380.864216000	9.75993	1294	0
1522727380.864508000	9.76022	1294	0
1522727380.864521000	9.76023	74	1
1522727380.864786000	9.7605	1294	0
1522727380.865077000	9.76079	1294	0
1522727380.865090000	9.7608	74	1
1522727380.865355000	9.76107	1294	0
1522727380.865632000	9.76134	1294	0
1522727380.865644000	9.76136	74	1
1522727380.865921000	9.76163	1294	0
1522727380.866199000	9.76191	1294	0
1522727380.866213000	9.76192	74	1
1522727380.866476000	9.76219	1294	0
1522727380.866763000	9.76248	1294	0
1522727380.866776000	9.76249	74	1
1522727380.867057000	9.76277	1294	0
1522727380.867350000	9.76306	1294	0
1522727380.867365000	9.76308	74	1
1522727380.867513000	9.76322	895	0
1522727380.867817000	9.76353	1294	0
1522727380.867832000	9.76354	74	1
1522727380.868097000	9.76381	1294	0
1522727380.868387000	9.7641	1294	0
1522727380.868402000	9.76411	74	1
1522727380.868668000	9.76438	1294	0
1522727380.868959000	9.76467	1294	0
1522727380.868974000	9.76469	74	1
1522727380.869126000	9.76484	897	0
1522727381.067799000	9.96351	74	1
1522727381.079908000	9.97562	86	1
1522727381.241889000	10.1376	1294	0
1522727381.242037000	10.1377	1294	0
1522727381.242070000	10.1378	74	1
1522727381.242176000	10.1379	1294	0
1522727381.242178000	10.1379	1294	0
1522727381.242196000	10.1379	74	1
1522727381.242347000	10.1381	1294	0
1522727381.242458000	10.1382	1294	0
1522727381.242460000	10.1382	1294	0
1522727381.242473000	10.1382	74	1
1522727381.242634000	10.1383	1294	0
1522727381.242727000	10.1384	1294	0
1522727381.242737000	10.1384	74	1
1522727381.242799000	10.1385	1294	0
1522727381.242918000	10.1386	1294	0
1522727381.242930000	10.1386	74	1
1522727381.243020000	10.1387	1294	0
1522727381.243289000	10.139	1294	0
1522727381.243303000	10.139	74	1
1522727381.243364000	10.1391	491	0
1522727381.243512000	10.1392	720	0
1522727381.243525000	10.1392	74	1
1522727381.256325000	10.152	1294	0
1522727381.256414000	10.1521	1294	0
1522727381.256417000	10.1521	1294	0
1522727381.256442000	10.1522	74	1
1522727381.256517000	10.1522	1294	0
1522727381.256520000	10.1522	1294	0
1522727381.256536000	10.1522	74	1
1522727381.256645000	10.1524	1294	0
1522727381.256648000	10.1524	1294	0
1522727381.256660000	10.1524	74	1
1522727381.256736000	10.1524	1294	0
1522727381.256801000	10.1525	1294	0
1522727381.256812000	10.1525	74	1
1522727381.256914000	10.1526	1294	0
1522727381.256917000	10.1526	1289	0
1522727381.256931000	10.1526	74	1
1522727381.269363000	10.1651	1294	0
1522727381.269457000	10.1652	1294	0
1522727381.269473000	10.1652	74	1
1522727381.269647000	10.1654	1294	0
1522727381.269717000	10.1654	1294	0
1522727381.269730000	10.1654	74	1
1522727381.269792000	10.1655	1294	0
1522727381.269924000	10.1656	1294	0
1522727381.269938000	10.1656	74	1
1522727381.270003000	10.1657	1294	0
1522727381.270005000	10.1657	1294	0
1522727381.270018000	10.1657	74	1
1522727381.270218000	10.1659	1294	0
1522727381.270300000	10.166	1294	0
1522727381.270303000	10.166	1294	0
1522727381.270316000	10.166	74	1
1522727381.270482000	10.1662	1294	0
1522727381.270565000	10.1663	1294	0
1522727381.270567000	10.1663	187	0
1522727381.270577000	10.1663	74	1
1522727381.273795000	10.1695	1294	0
1522727381.274049000	10.1698	1294	0
1522727381.274065000	10.1698	74	1
1522727381.274134000	10.1698	1294	0
1522727381.274339000	10.1701	1294	0
1522727381.274359000	10.1701	74	1
1522727381.274429000	10.1701	1294	0
1522727381.274496000	10.1702	1294	0
1522727381.274507000	10.1702	74	1
1522727381.274612000	10.1703	1294	0
1522727381.274678000	10.1704	1294	0
1522727381.274689000	10.1704	74	1
1522727381.274750000	10.1705	1294	0
1522727381.274838000	10.1705	1294	0
1522727381.274848000	10.1706	74	1
1522727381.274909000	10.1706	1294	0
1522727381.274972000	10.1707	1294	0
1522727381.274981000	10.1707	74	1
1522727381.275041000	10.1708	1294	0
1522727381.275044000	10.1708	901	0
1522727381.275055000	10.1708	74	1
1522727381.275184000	10.1709	1294	0
1522727381.275249000	10.171	1294	0
1522727381.275259000	10.171	74	1
1522727381.275321000	10.171	1294	0
1522727381.275324000	10.171	232	0
1522727381.275325000	10.171	112	0
1522727381.275337000	10.171	74	1
1522727381.275469000	10.1712	112	1
1522727381.288757000	10.1845	74	0
1522727381.393089000	10.2888	198	1
1522727381.419009000	10.3147	74	0
1522727381.438410000	10.3341	140	0
1522727381.438412000	10.3341	104	0
1522727381.438449000	10.3342	74	1
1522727381.438517000	10.3342	112	0
1522727381.439336000	10.335	112	1
1522727381.514102000	10.4098	74	0
1522727381.580823000	10.4765	351	1
1522727381.594889000	10.4906	74	0
1522727381.595827000	10.4915	180	0
1522727381.596187000	10.4919	1294	0
1522727381.596206000	10.4919	74	1
1522727381.596463000	10.4922	1294	0
1522727381.596740000	10.4925	1294	0
1522727381.596754000	10.4925	74	1
1522727381.597018000	10.4927	1294	0
1522727381.597311000	10.493	1294	0
1522727381.597324000	10.493	74	1
1522727381.597605000	10.4933	1294	0
1522727381.597884000	10.4936	1294	0
1522727381.597900000	10.4936	74	1
1522727381.598173000	10.4939	1294	0
1522727381.598491000	10.4942	1294	0
1522727381.598507000	10.4942	74	1
1522727381.598770000	10.4945	1294	0
1522727381.599035000	10.4947	1294	0
1522727381.599069000	10.4948	74	1
1522727381.599314000	10.495	1294	0
1522727381.599608000	10.4953	1294	0
1522727381.599621000	10.4953	74	1
1522727381.599906000	10.4956	1294	0
1522727381.600198000	10.4959	1294	0
1522727381.600211000	10.4959	74	1
1522727381.600476000	10.4962	1294	0
1522727381.600792000	10.4965	1294	0
1522727381.600806000	10.4965	74	1
1522727381.601136000	10.4968	1294	0
1522727381.601410000	10.4971	1294	0
1522727381.601424000	10.4971	74	1
1522727381.601689000	10.4974	1294	0
1522727381.601965000	10.4977	1294	0
1522727381.601979000	10.4977	74	1
1522727381.602261000	10.498	1294	0
1522727381.602550000	10.4983	1294	0
1522727381.602563000	10.4983	74	1
1522727381.602824000	10.4985	1294	0
1522727381.603132000	10.4988	1294	0
1522727381.603146000	10.4989	74	1
1522727381.603410000	10.4991	1294	0
1522727381.603686000	10.4994	1294	0
1522727381.603701000	10.4994	74	1
1522727381.603963000	10.4997	1294	0
1522727381.604236000	10.4999	1294	0
1522727381.604251000	10.5	74	1
1522727381.604312000	10.5	508	0
1522727381.604798000	10.5005	1294	0
1522727381.604814000	10.5005	74	1
1522727381.605077000	10.5008	1294	0
1522727381.605365000	10.5011	1294	0
1522727381.605380000	10.5011	74	1
1522727381.605656000	10.5014	1294	0
1522727381.605935000	10.5016	1294	0
1522727381.605951000	10.5017	74	1
1522727381.606210000	10.5019	1294	0
1522727381.606488000	10.5022	1294	0
1522727381.606500000	10.5022	74	1
1522727381.606557000	10.5023	1294	0
1522727381.606763000	10.5025	1294	0
1522727381.606774000	10.5025	74	1
1522727381.606837000	10.5025	1294	0
1522727381.607059000	10.5028	1294	0
1522727381.607072000	10.5028	74	1
1522727381.607130000	10.5028	1294	0
1522727381.607353000	10.5031	1294	0
1522727381.607367000	10.5031	74	1
1522727381.607425000	10.5031	1294	0
1522727381.607676000	10.5034	1294	0
1522727381.607690000	10.5034	74	1
1522727381.607749000	10.5035	1294	0
1522727381.607963000	10.5037	1294	0
1522727381.607977000	10.5037	74	1
1522727381.608034000	10.5037	1294	0
1522727381.608237000	10.5039	1294	0
1522727381.608251000	10.504	74	1
1522727381.608310000	10.504	1294	0
1522727381.608517000	10.5042	1294	0
1522727381.608536000	10.5042	74	1
1522727381.608606000	10.5043	1294	0
1522727381.608814000	10.5045	1294	0
1522727381.608834000	10.5045	74	1
1522727381.609089000	10.5048	1294	0
1522727381.609158000	10.5049	422	0
1522727381.609169000	10.5049	74	1
1522727381.609297000	10.505	112	1
1522727381.631116000	10.5268	174	1
1522727381.646302000	10.542	74	0
1522727381.670650000	10.5664	214	0
1522727381.670652000	10.5664	104	0
1522727381.670686000	10.5664	74	1
1522727381.670753000	10.5665	112	0
1522727381.671033000	10.5667	112	1
1522727381.731043000	10.6268	74	0
1522727381.850085000	10.7458	401	1
1522727381.862943000	10.7587	74	0
1522727381.870203000	10.7659	347	1
1522727381.884168000	10.7799	140	0
1522727381.884240000	10.78	104	0
1522727381.884242000	10.78	112	0
1522727381.884254000	10.78	74	1
1522727381.884855000	10.7806	112	1
1522727381.901604000	10.7973	74	0
1522727381.905010000	10.8007	140	0
1522727381.905079000	10.8008	104	0
1522727381.905081000	10.8008	112	0
1522727381.905107000	10.8008	74	1
1522727381.905621000	10.8013	112	1
1522727381.980020000	10.8757	74	0
