1522734469.180464000	0	318	1
1522734469.193337000	0.0128729	74	0
1522734469.213903000	0.0334389	140	0
1522734469.214251000	0.033787	104	0
1522734469.214269000	0.0338049	74	1
1522734469.214345000	0.0338809	112	0
1522734469.214515000	0.0340509	112	1
1522734469.267154000	0.0866899	74	0
1522734471.596959000	2.4165	188	1
1522734471.610747000	2.43028	74	0
1522734471.653735000	2.47327	233	0
1522734471.653809000	2.47335	335	0
1522734471.653827000	2.47336	74	1
1522734471.653906000	2.47344	112	0
1522734471.654210000	2.47375	112	1
1522734471.666459000	2.486	74	0
1522734471.800283000	2.61982	188	1
1522734471.813283000	2.63282	74	0
1522734471.852348000	2.67188	148	0
1522734471.852463000	2.672	317	0
1522734471.852465000	2.672	112	0
1522734471.852493000	2.67203	74	1
1522734471.852881000	2.67242	112	1
1522734471.907245000	2.72678	74	0
1522734472.156469000	2.97601	189	1
1522734472.168986000	2.98852	74	0
1522734472.204831000	3.02437	147	0
1522734472.204930000	3.02447	366	0
1522734472.204933000	3.02447	112	0
1522734472.204953000	3.02449	74	1
1522734472.205342000	3.02488	112	1
1522734472.257138000	3.07667	74	0
1522734472.443308000	3.26284	191	1
1522734472.456738000	3.27627	74	0
1522734472.493520000	3.31306	170	0
1522734472.493629000	3.31316	325	0
1522734472.493631000	3.31317	104	0
1522734472.493633000	3.31317	112	0
1522734472.493648000	3.31318	74	1
1522734472.493998000	3.31353	112	1
1522734472.547937000	3.36747	74	0
1522734472.770186000	3.58972	192	1
1522734472.783705000	3.60324	74	0
1522734472.817569000	3.6371	147	0
1522734472.817667000	3.6372	324	0
1522734472.817670000	3.63721	112	0
1522734472.817696000	3.63723	74	1
1522734472.818084000	3.63762	112	1
1522734472.862994000	3.68253	193	1
1522734472.870696000	3.69023	74	0
1522734472.876057000	3.69559	74	0
1522734472.909341000	3.72888	148	0
1522734472.909441000	3.72898	323	0
1522734472.909443000	3.72898	112	0
1522734472.909463000	3.729	74	1
1522734472.909837000	3.72937	112	1
1522734472.962887000	3.78242	74	0
1522734473.173835000	3.99337	195	1
1522734473.196738000	4.01627	74	0
1522734473.230305000	4.04984	167	0
1522734473.230307000	4.04984	323	0
1522734473.230342000	4.04988	74	1
1522734473.230411000	4.04995	112	0
1522734473.230815000	4.05035	112	1
1522734473.294131000	4.11367	74	0
1522734473.300318000	4.11985	195	1
1522734473.312668000	4.1322	74	0
1522734473.348342000	4.16788	147	0
1522734473.348439000	4.16797	346	0
1522734473.348441000	4.16798	112	0
1522734473.348463000	4.168	74	1
1522734473.348860000	4.1684	112	1
1522734473.401982000	4.22152	74	0
1522734473.628174000	4.44771	196	1
1522734473.640820000	4.46036	74	0
1522734473.682562000	4.5021	147	0
1522734473.682657000	4.50219	343	0
1522734473.682659000	4.50219	112	0
1522734473.682681000	4.50222	74	1
1522734473.683094000	4.50263	112	1
1522734473.695864000	4.5154	74	0
1522734473.785696000	4.60523	198	1
1522734473.798963000	4.6185	74	0
1522734473.835329000	4.65487	147	0
1522734473.835331000	4.65487	314	0
1522734473.835366000	4.6549	74	1
1522734473.836443000	4.65598	104	0
1522734473.836512000	4.65605	112	0
1522734473.836526000	4.65606	74	1
1522734473.836892000	4.65643	112	1
1522734473.883366000	4.7029	200	1
1522734473.889203000	4.70874	74	0
1522734473.896482000	4.71602	74	0
1522734473.930815000	4.75035	147	0
1522734473.930817000	4.75035	322	0
1522734473.930852000	4.75039	74	1
1522734473.931371000	4.75091	104	0
1522734473.931460000	4.751	112	0
1522734473.931470000	4.75101	74	1
1522734473.931841000	4.75138	112	1
1522734473.983834000	4.80337	74	0
1522734473.984045000	4.80358	200	1
1522734473.996802000	4.81634	74	0
1522734474.031514000	4.85105	147	0
1522734474.031612000	4.85115	315	0
1522734474.031614000	4.85115	112	0
1522734474.031631000	4.85117	74	1
1522734474.031986000	4.85152	112	1
1522734474.084047000	4.90358	74	0
1522734474.291186000	5.11072	201	1
1522734474.305311000	5.12485	74	0
1522734474.338135000	5.15767	167	0
1522734474.338137000	5.15767	315	0
1522734474.338176000	5.15771	74	1
1522734474.338243000	5.15778	112	0
1522734474.338629000	5.15816	112	1
1522734474.392235000	5.21177	74	0
1522734474.465189000	5.28472	202	1
1522734474.487270000	5.30681	74	0
1522734474.524123000	5.34366	144	0
1522734474.524126000	5.34366	285	0
1522734474.524175000	5.34371	74	1
1522734474.525400000	5.34494	104	0
1522734474.525402000	5.34494	112	0
1522734474.525425000	5.34496	74	1
1522734474.525823000	5.34536	112	1
1522734474.588882000	5.40842	74	0
1522734474.811394000	5.63093	204	1
1522734474.824456000	5.64399	74	0
1522734474.872723000	5.69226	147	0
1522734474.873215000	5.69275	284	0
1522734474.873235000	5.69277	74	1
1522734474.874079000	5.69361	104	0
1522734474.874081000	5.69362	112	0
1522734474.874103000	5.69364	74	1
1522734474.874310000	5.69385	112	1
1522734474.887066000	5.7066	74	0
1522734475.029991000	5.84953	205	1
1522734475.042490000	5.86203	74	0
1522734475.077762000	5.8973	144	0
1522734475.077858000	5.89739	285	0
1522734475.077872000	5.89741	74	1
1522734475.078651000	5.89819	104	0
1522734475.078725000	5.89826	112	0
1522734475.078735000	5.89827	74	1
1522734475.079131000	5.89867	112	1
1522734475.131172000	5.95071	74	0
1522734475.247156000	6.06669	205	1
1522734475.260336000	6.07987	74	0
1522734475.296186000	6.11572	167	0
1522734475.296280000	6.11582	285	0
1522734475.296294000	6.11583	74	1
1522734475.297152000	6.11669	104	0
1522734475.297220000	6.11676	112	0
1522734475.297232000	6.11677	74	1
1522734475.297685000	6.11722	112	1
1522734475.350131000	6.16967	74	0
1522734475.365493000	6.18503	207	1
1522734475.378376000	6.19791	74	0
1522734475.415657000	6.23519	147	0
1522734475.415748000	6.23528	316	0
1522734475.415750000	6.23529	112	0
1522734475.415769000	6.23531	74	1
1522734475.416146000	6.23568	112	1
1522734475.478287000	6.29782	74	0
1522734475.610456000	6.42999	208	1
1522734475.624039000	6.44357	74	0
1522734475.665856000	6.48539	147	0
1522734475.665858000	6.48539	306	0
1522734475.665864000	6.4854	112	0
1522734475.665906000	6.48544	74	1
1522734475.666274000	6.48581	112	1
1522734475.718794000	6.53833	74	0
1522734475.852127000	6.67166	210	1
1522734475.865444000	6.68498	74	0
1522734475.903411000	6.72295	148	0
1522734475.903507000	6.72304	292	0
1522734475.903524000	6.72306	74	1
1522734475.904305000	6.72384	104	0
1522734475.904670000	6.72421	112	0
1522734475.904684000	6.72422	74	1
1522734475.904867000	6.7244	112	1
1522734475.913553000	6.73309	210	1
1522734475.927152000	6.74669	74	0
1522734475.963782000	6.78332	144	0
1522734475.963785000	6.78332	284	0
1522734475.963788000	6.78332	104	0
1522734475.963842000	6.78338	74	1
1522734475.963926000	6.78346	112	0
1522734475.964332000	6.78387	112	1
1522734476.013150000	6.83269	211	1
1522734476.018215000	6.83775	74	0
1522734476.027099000	6.84663	74	0
1522734476.061993000	6.88153	148	0
1522734476.061995000	6.88153	289	0
1522734476.062034000	6.88157	74	1
1522734476.062865000	6.8824	104	0
1522734476.063270000	6.88281	112	0
1522734476.063287000	6.88282	74	1
1522734476.063481000	6.88302	112	1
1522734476.125964000	6.9455	74	0
1522734476.252357000	7.07189	212	1
1522734476.264592000	7.08413	74	0
1522734476.310774000	7.13031	171	0
1522734476.310776000	7.13031	290	0
1522734476.310819000	7.13035	74	1
1522734476.311652000	7.13119	104	0
1522734476.311722000	7.13126	112	0
1522734476.311734000	7.13127	74	1
1522734476.312234000	7.13177	112	1
1522734476.324647000	7.14418	74	0
1522734476.447263000	7.2668	213	1
1522734476.463000000	7.28254	74	0
1522734476.505059000	7.32459	144	0
1522734476.505060000	7.3246	316	0
1522734476.505062000	7.3246	112	0
1522734476.505110000	7.32465	74	1
1522734476.505543000	7.32508	112	1
1522734476.551034000	7.37057	74	0
1522734476.692722000	7.51226	215	1
1522734476.705162000	7.5247	74	0
1522734476.741800000	7.56134	148	0
1522734476.741903000	7.56144	332	0
1522734476.741905000	7.56144	112	0
1522734476.741929000	7.56147	74	1
1522734476.742318000	7.56185	112	1
1522734476.794277000	7.61381	74	0
1522734476.797086000	7.61662	216	1
1522734476.809854000	7.62939	74	0
1522734476.848568000	7.6681	148	0
1522734476.848571000	7.66811	303	0
1522734476.848614000	7.66815	74	1
1522734476.850414000	7.66995	104	0
1522734476.850416000	7.66995	112	0
1522734476.850444000	7.66998	74	1
1522734476.850905000	7.67044	112	1
1522734476.915117000	7.73465	74	0
1522734477.124264000	7.9438	217	1
1522734477.136774000	7.95631	74	0
1522734477.170907000	7.99044	145	0
1522734477.170993000	7.99053	332	0
1522734477.170996000	7.99053	112	0
1522734477.171019000	7.99056	74	1
1522734477.171374000	7.99091	112	1
1522734477.223799000	8.04333	74	0
1522734477.376631000	8.19617	217	1
1522734477.389843000	8.20938	74	0
1522734477.429492000	8.24903	168	0
1522734477.429588000	8.24912	302	0
1522734477.429610000	8.24915	74	1
1522734477.429761000	8.2493	104	0
1522734477.429837000	8.24937	112	0
1522734477.429846000	8.24938	74	1
1522734477.430089000	8.24962	112	1
1522734477.483015000	8.30255	74	0
1522734477.668508000	8.48804	197	1
1522734477.681437000	8.50097	74	0
1522734477.765260000	8.5848	220	0
1522734477.765556000	8.58509	1294	0
1522734477.765577000	8.58511	74	1
1522734477.765834000	8.58537	1294	0
1522734477.766110000	8.58565	1294	0
1522734477.766125000	8.58566	74	1
1522734477.766411000	8.58595	1294	0
1522734477.766719000	8.58626	1294	0
1522734477.766734000	8.58627	74	1
1522734477.766973000	8.58651	1294	0
1522734477.767267000	8.5868	1294	0
1522734477.767282000	8.58682	74	1
1522734477.767503000	8.58704	1157	0
1522734477.786251000	8.60579	1294	0
1522734477.786309000	8.60584	74	1
1522734477.786528000	8.60606	1294	0
1522734477.786802000	8.60634	1294	0
1522734477.786814000	8.60635	74	1
1522734477.787079000	8.60662	1294	0
1522734477.787372000	8.60691	1294	0
1522734477.787383000	8.60692	74	1
1522734477.787652000	8.60719	1294	0
1522734477.787946000	8.60748	1294	0
1522734477.787960000	8.6075	74	1
1522734477.788216000	8.60775	1294	0
1522734477.788512000	8.60805	1294	0
1522734477.788529000	8.60806	74	1
1522734477.788803000	8.60834	1294	0
1522734477.789080000	8.60862	1294	0
1522734477.789093000	8.60863	74	1
1522734477.789357000	8.60889	1294	0
1522734477.789670000	8.60921	1294	0
1522734477.789685000	8.60922	74	1
1522734477.789829000	8.60936	895	0
1522734477.790122000	8.60966	1294	0
1522734477.790144000	8.60968	74	1
1522734477.790409000	8.60995	1294	0
1522734477.790693000	8.61023	1294	0
1522734477.790707000	8.61024	74	1
1522734477.790982000	8.61052	1294	0
1522734477.791274000	8.61081	1294	0
1522734477.791286000	8.61082	74	1
1522734477.791416000	8.61095	827	0
1522734477.995310000	8.81485	74	1
1522734478.005156000	8.82469	86	1
1522734478.208587000	9.02812	1294	0
1522734478.208781000	9.02832	1294	0
1522734478.208803000	9.02834	74	1
1522734478.209131000	9.02867	1294	0
1522734478.209342000	9.02888	1294	0
1522734478.209366000	9.0289	74	1
1522734478.209630000	9.02917	1294	0
1522734478.209709000	9.02924	1294	0
1522734478.209727000	9.02926	74	1
1522734478.209904000	9.02944	1294	0
1522734478.209984000	9.02952	1294	0
1522734478.209993000	9.02953	74	1
1522734478.210277000	9.02981	1294	0
1522734478.210283000	9.02982	1294	0
1522734478.210286000	9.02982	1294	0
1522734478.210307000	9.02984	74	1
1522734478.210506000	9.03004	1294	0
1522734478.210583000	9.03012	1294	0
1522734478.210586000	9.03012	344	0
1522734478.210601000	9.03014	74	1
1522734478.211317000	9.03085	1294	0
1522734478.211320000	9.03086	1294	0
1522734478.211343000	9.03088	74	1
1522734478.211564000	9.0311	1294	0
1522734478.211644000	9.03118	1294	0
1522734478.211659000	9.03119	74	1
1522734478.211830000	9.03137	1294	0
1522734478.211906000	9.03144	1294	0
1522734478.211915000	9.03145	74	1
1522734478.212211000	9.03175	1294	0
1522734478.212307000	9.03184	906	0
1522734478.212320000	9.03186	74	1
1522734478.218552000	9.03809	1294	0
1522734478.218810000	9.03835	1294	0
1522734478.218827000	9.03836	74	1
1522734478.218892000	9.03843	1294	0
1522734478.218894000	9.03843	1294	0
1522734478.218910000	9.03845	74	1
1522734478.219084000	9.03862	1294	0
1522734478.219153000	9.03869	1294	0
1522734478.219165000	9.0387	74	1
1522734478.219226000	9.03876	1294	0
1522734478.219349000	9.03888	1294	0
1522734478.219360000	9.0389	74	1
1522734478.219415000	9.03895	1294	0
1522734478.219481000	9.03902	1294	0
1522734478.219492000	9.03903	74	1
1522734478.219628000	9.03916	1294	0
1522734478.219690000	9.03923	1294	0
1522734478.219701000	9.03924	74	1
1522734478.219924000	9.03946	1294	0
1522734478.219926000	9.03946	195	0
1522734478.219941000	9.03948	74	1
1522734478.223518000	9.04305	1294	0
1522734478.223750000	9.04329	1294	0
1522734478.223771000	9.04331	74	1
1522734478.223850000	9.04339	1294	0
1522734478.224028000	9.04356	1294	0
1522734478.224041000	9.04358	74	1
1522734478.224100000	9.04364	1294	0
1522734478.224103000	9.04364	1294	0
1522734478.224116000	9.04365	74	1
1522734478.224180000	9.04372	1294	0
1522734478.224304000	9.04384	1294	0
1522734478.224317000	9.04385	74	1
1522734478.224377000	9.04391	1294	0
1522734478.224380000	9.04392	1294	0
1522734478.224393000	9.04393	74	1
1522734478.224454000	9.04399	1294	0
1522734478.224594000	9.04413	1294	0
1522734478.224607000	9.04414	74	1
1522734478.224701000	9.04424	1294	0
1522734478.224775000	9.04431	895	0
1522734478.224786000	9.04432	74	1
1522734478.225107000	9.04464	1294	0
1522734478.225174000	9.04471	497	0
1522734478.225185000	9.04472	74	1
1522734478.225938000	9.04547	1294	0
1522734478.226233000	9.04577	1294	0
1522734478.226247000	9.04578	74	1
1522734478.226493000	9.04603	1294	0
1522734478.226609000	9.04614	695	0
1522734478.226621000	9.04616	74	1
1522734478.232186000	9.05172	1294	0
1522734478.232488000	9.05202	1294	0
1522734478.232504000	9.05204	74	1
1522734478.232565000	9.0521	1294	0
1522734478.232774000	9.05231	1294	0
1522734478.232794000	9.05233	74	1
1522734478.232854000	9.05239	1294	0
1522734478.233046000	9.05258	1294	0
1522734478.233059000	9.05259	74	1
1522734478.233118000	9.05265	1294	0
1522734478.233324000	9.05286	1294	0
1522734478.233343000	9.05288	74	1
1522734478.233411000	9.05295	1294	0
1522734478.233478000	9.05301	1294	0
1522734478.233489000	9.05303	74	1
1522734478.233599000	9.05313	1294	0
1522734478.233668000	9.0532	1294	0
1522734478.233679000	9.05322	74	1
1522734478.233740000	9.05328	1294	0
1522734478.233742000	9.05328	187	0
1522734478.233753000	9.05329	74	1
1522734478.235994000	9.05553	1294	0
1522734478.236275000	9.05581	1294	0
1522734478.236291000	9.05583	74	1
1522734478.236351000	9.05589	1294	0
1522734478.236564000	9.0561	1294	0
1522734478.236573000	9.05611	1294	0
1522734478.236591000	9.05613	74	1
1522734478.236651000	9.05619	1294	0
1522734478.236795000	9.05633	1294	0
1522734478.236808000	9.05634	74	1
1522734478.236874000	9.05641	1294	0
1522734478.236877000	9.05641	1294	0
1522734478.236893000	9.05643	74	1
1522734478.237087000	9.05662	1294	0
1522734478.237155000	9.05669	1294	0
1522734478.237158000	9.05669	1294	0
1522734478.237169000	9.0567	74	1
1522734478.237400000	9.05694	1294	0
1522734478.237594000	9.05713	901	0
1522734478.237608000	9.05714	74	1
1522734478.237809000	9.05734	1294	0
1522734478.237896000	9.05743	1294	0
1522734478.237910000	9.05745	74	1
1522734478.238090000	9.05763	1294	0
1522734478.238198000	9.05773	688	0
1522734478.238200000	9.05774	112	0
1522734478.238214000	9.05775	74	1
1522734478.238337000	9.05787	112	1
1522734478.251246000	9.07078	74	0
1522734478.469500000	9.28904	198	1
1522734478.482859000	9.30239	74	0
1522734478.504482000	9.32402	142	0
1522734478.504485000	9.32402	104	0
1522734478.504543000	9.32408	74	1
1522734478.504611000	9.32415	112	0
1522734478.505699000	9.32523	112	1
1522734478.557845000	9.37738	74	0
1522734478.629581000	9.44912	376	1
1522734478.658031000	9.47757	74	0
1522734478.659868000	9.4794	180	0
1522734478.660608000	9.48014	1294	0
1522734478.660640000	9.48018	74	1
1522734478.660711000	9.48025	1294	0
1522734478.660840000	9.48038	1294	0
1522734478.660857000	9.48039	74	1
1522734478.660919000	9.48045	1294	0
1522734478.660922000	9.48046	1294	0
1522734478.660934000	9.48047	74	1
1522734478.661123000	9.48066	1294	0
1522734478.661198000	9.48073	1294	0
1522734478.661202000	9.48074	1294	0
1522734478.661213000	9.48075	74	1
1522734478.661409000	9.48094	1294	0
1522734478.661479000	9.48101	1294	0
1522734478.661481000	9.48102	1294	0
1522734478.661496000	9.48103	74	1
1522734478.661642000	9.48118	1294	0
1522734478.661712000	9.48125	1294	0
1522734478.661724000	9.48126	74	1
1522734478.661787000	9.48132	1294	0
1522734478.661789000	9.48132	1294	0
1522734478.661791000	9.48133	1294	0
1522734478.661804000	9.48134	74	1
1522734478.661864000	9.4814	1294	0
1522734478.661981000	9.48152	1294	0
1522734478.661992000	9.48153	74	1
1522734478.662050000	9.48159	1294	0
1522734478.662115000	9.48165	1294	0
1522734478.662117000	9.48165	1294	0
1522734478.662120000	9.48166	1294	0
1522734478.662132000	9.48167	74	1
1522734478.662261000	9.4818	1294	0
1522734478.662327000	9.48186	1294	0
1522734478.662338000	9.48187	74	1
1522734478.662397000	9.48193	1294	0
1522734478.662399000	9.48194	1294	0
1522734478.662401000	9.48194	1294	0
1522734478.662415000	9.48195	74	1
1522734478.662548000	9.48208	1294	0
1522734478.662649000	9.48218	1294	0
1522734478.662651000	9.48219	1294	0
1522734478.662666000	9.4822	74	1
1522734478.662727000	9.48226	1294	0
1522734478.662730000	9.48227	1294	0
1522734478.662732000	9.48227	1294	0
1522734478.662744000	9.48228	74	1
1522734478.662823000	9.48236	1294	0
1522734478.662951000	9.48249	1294	0
1522734478.662954000	9.48249	1294	0
1522734478.662968000	9.4825	74	1
1522734478.663030000	9.48257	1294	0
1522734478.663032000	9.48257	1294	0
1522734478.663035000	9.48257	1294	0
1522734478.663048000	9.48258	74	1
1522734478.663111000	9.48265	1294	0
1522734478.663220000	9.48276	1294	0
1522734478.663230000	9.48277	74	1
1522734478.663290000	9.48283	1294	0
1522734478.663293000	9.48283	1294	0
1522734478.663295000	9.48283	1294	0
1522734478.663297000	9.48283	1294	0
1522734478.663317000	9.48285	74	1
1522734478.663498000	9.48303	1294	0
1522734478.663501000	9.48304	1294	0
1522734478.663512000	9.48305	74	1
1522734478.663575000	9.48311	1294	0
1522734478.663577000	9.48311	1294	0
1522734478.663579000	9.48311	1294	0
1522734478.663594000	9.48313	74	1
1522734478.663733000	9.48327	1294	0
1522734478.663802000	9.48334	1294	0
1522734478.663813000	9.48335	74	1
1522734478.663832000	9.48337	74	1
1522734478.663872000	9.48341	1294	0
1522734478.664014000	9.48355	1294	0
1522734478.664025000	9.48356	74	1
1522734478.664088000	9.48362	1294	0
1522734478.664091000	9.48363	1294	0
1522734478.664103000	9.48364	74	1
1522734478.664167000	9.4837	1294	0
1522734478.664170000	9.48371	1294	0
1522734478.664184000	9.48372	74	1
1522734478.664351000	9.48389	1294	0
1522734478.664354000	9.48389	1294	0
1522734478.664367000	9.4839	74	1
1522734478.664426000	9.48396	1294	0
1522734478.664623000	9.48416	1294	0
1522734478.664635000	9.48417	74	1
1522734478.664710000	9.48425	1294	0
1522734478.664780000	9.48432	1294	0
1522734478.664782000	9.48432	1294	0
1522734478.664785000	9.48432	1294	0
1522734478.664799000	9.48433	74	1
1522734478.664876000	9.48441	74	1
1522734478.664906000	9.48444	1294	0
1522734478.664975000	9.48451	1294	0
1522734478.664988000	9.48452	74	1
1522734478.665045000	9.48458	1294	0
1522734478.665112000	9.48465	1294	0
1522734478.665123000	9.48466	74	1
1522734478.665187000	9.48472	1294	0
1522734478.665254000	9.48479	1294	0
1522734478.665265000	9.4848	74	1
1522734478.665359000	9.48489	1294	0
1522734478.665361000	9.4849	1294	0
1522734478.665363000	9.4849	112	0
1522734478.665375000	9.48491	74	1
1522734478.665531000	9.48507	112	1
1522734478.678232000	9.49777	372	1
1522734478.682176000	9.50171	175	1
1522734478.691413000	9.51095	74	0
1522734478.713523000	9.53306	144	0
1522734478.713526000	9.53306	104	0
1522734478.713585000	9.53312	74	1
1522734478.713651000	9.53319	112	0
1522734478.714426000	9.53396	112	1
1522734478.720782000	9.54032	218	0
1522734478.720784000	9.54032	104	0
1522734478.720809000	9.54034	74	1
1522734478.766904000	9.58644	74	0
1522734478.870501000	9.69004	242	1
1522734478.872326000	9.69186	375	1
1522734478.883484000	9.70302	74	0
1522734478.885568000	9.7051	74	0
1522734478.886858000	9.70639	203	0
1522734478.887217000	9.70675	1294	0
1522734478.887231000	9.70677	74	1
1522734478.887343000	9.70688	1294	0
1522734478.887346000	9.70688	1294	0
1522734478.887363000	9.7069	74	1
1522734478.887425000	9.70696	1294	0
1522734478.887496000	9.70703	1294	0
1522734478.887508000	9.70704	74	1
1522734478.887627000	9.70716	1294	0
1522734478.887630000	9.70717	1294	0
1522734478.887645000	9.70718	74	1
1522734478.887705000	9.70724	1294	0
1522734478.887773000	9.70731	1294	0
1522734478.887783000	9.70732	74	1
1522734478.887924000	9.70746	1294	0
1522734478.887927000	9.70746	1294	0
1522734478.887939000	9.70747	74	1
1522734478.888063000	9.7076	1294	0
1522734478.888200000	9.70774	1294	0
1522734478.888203000	9.70774	914	0
1522734478.888205000	9.70774	112	0
1522734478.888222000	9.70776	74	1
1522734478.888387000	9.70792	74	1
1522734478.888573000	9.70811	112	1
1522734478.904371000	9.72391	146	0
1522734478.904377000	9.72391	104	0
1522734478.904424000	9.72396	74	1
1522734478.904489000	9.72403	112	0
1522734478.905240000	9.72478	112	1
1522734478.932199000	9.75173	348	1
1522734478.945801000	9.76534	74	0
1522734478.966994000	9.78653	146	0
1522734478.966997000	9.78653	104	0
1522734478.967039000	9.78658	74	1
1522734478.967115000	9.78665	112	0
1522734478.968054000	9.78759	112	1
1522734479.020004000	9.83954	74	0
