1522724012.962956000	0	319	1
1522724012.974133000	0.0111771	74	0
1522724012.995162000	0.0322061	140	0
1522724012.995165000	0.0322092	104	0
1522724012.995215000	0.032259	74	1
1522724012.995292000	0.032336	112	0
1522724012.995602000	0.0326459	112	1
1522724013.047226000	0.08427	74	0
1522724015.268822000	2.30587	188	1
1522724015.281541000	2.31859	74	0
1522724015.329711000	2.36676	233	0
1522724015.329799000	2.36684	343	0
1522724015.329801000	2.36685	112	0
1522724015.329819000	2.36686	74	1
1522724015.330167000	2.36721	112	1
1522724015.343341000	2.38039	74	0
1522724015.368466000	2.40551	189	1
1522724015.380825000	2.41787	74	0
1522724015.434970000	2.47201	147	0
1522724015.435064000	2.47211	544	0
1522724015.435067000	2.47211	112	0
1522724015.435090000	2.47213	74	1
1522724015.435497000	2.47254	112	1
1522724015.489252000	2.5263	74	0
1522724015.522427000	2.55947	189	1
1522724015.535106000	2.57215	74	0
1522724015.570025000	2.60707	170	0
1522724015.570027000	2.60707	307	0
1522724015.570062000	2.60711	74	1
1522724015.570149000	2.60719	104	0
1522724015.570151000	2.6072	112	0
1522724015.570171000	2.60722	74	1
1522724015.570497000	2.60754	112	1
1522724015.622518000	2.65956	74	0
1522724015.747748000	2.78479	190	1
1522724015.764043000	2.80109	74	0
1522724015.799200000	2.83624	147	0
1522724015.799292000	2.83634	340	0
1522724015.799294000	2.83634	112	0
1522724015.799310000	2.83635	74	1
1522724015.799635000	2.83668	112	1
1522724015.852815000	2.88986	74	0
1522724015.997169000	3.03421	193	1
1522724016.011803000	3.04885	74	0
1522724016.047535000	3.08458	148	0
1522724016.047634000	3.08468	320	0
1522724016.047637000	3.08468	112	0
1522724016.047662000	3.08471	74	1
1522724016.048052000	3.0851	112	1
1522724016.103162000	3.14021	74	0
1522724016.774574000	3.81162	198	1
1522724016.791136000	3.82818	74	0
1522724016.826083000	3.86313	171	0
1522724016.826176000	3.86322	328	0
1522724016.826179000	3.86322	112	0
1522724016.826197000	3.86324	74	1
1522724016.826561000	3.86361	112	1
1522724016.879420000	3.91646	74	0
1522724016.992446000	4.02949	199	1
1522724017.008652000	4.0457	74	0
1522724017.051108000	4.08815	147	0
1522724017.051111000	4.08816	326	0
1522724017.051155000	4.0882	74	1
1522724017.051224000	4.08827	112	0
1522724017.051635000	4.08868	112	1
1522724017.067609000	4.10465	74	0
1522724017.574547000	4.61159	202	1
1522724017.587415000	4.62446	74	0
1522724017.622632000	4.65968	167	0
1522724017.622710000	4.65975	296	0
1522724017.622712000	4.65976	104	0
1522724017.622714000	4.65976	112	0
1522724017.622734000	4.65978	74	1
1522724017.623002000	4.66005	112	1
1522724017.676454000	4.7135	74	0
1522724017.678305000	4.71535	184	1
1522724017.690728000	4.72777	74	0
1522724017.778821000	4.81587	216	0
1522724017.779117000	4.81616	1294	0
1522724017.779139000	4.81618	74	1
1522724017.779206000	4.81625	1294	0
1522724017.779410000	4.81645	1294	0
1522724017.779425000	4.81647	74	1
1522724017.779507000	4.81655	1294	0
1522724017.779671000	4.81672	1294	0
1522724017.779684000	4.81673	74	1
1522724017.779755000	4.8168	1294	0
1522724017.780039000	4.81708	1294	0
1522724017.780052000	4.8171	74	1
1522724017.780996000	4.81804	1294	0
1522724017.780999000	4.81804	85	0
1522724017.781019000	4.81806	74	1
1522724017.795441000	4.83248	1294	0
1522724017.795699000	4.83274	1294	0
1522724017.795724000	4.83277	74	1
1522724017.795790000	4.83283	1294	0
1522724017.795792000	4.83284	1294	0
1522724017.795807000	4.83285	74	1
1522724017.795970000	4.83301	1294	0
1522724017.796040000	4.83308	1294	0
1522724017.796043000	4.83309	1294	0
1522724017.796055000	4.8331	74	1
1522724017.796272000	4.83332	1294	0
1522724017.796342000	4.83339	1294	0
1522724017.796344000	4.83339	1294	0
1522724017.796355000	4.8334	74	1
1522724017.796572000	4.83362	1294	0
1522724017.796642000	4.83369	1294	0
1522724017.796644000	4.83369	1092	0
1522724017.796661000	4.8337	74	1
1522724017.798523000	4.83557	1294	0
1522724017.798797000	4.83584	1294	0
1522724017.798814000	4.83586	74	1
1522724017.799088000	4.83613	1294	0
1522724017.799175000	4.83622	1294	0
1522724017.799189000	4.83623	74	1
1522724017.799380000	4.83642	1294	0
1522724017.799656000	4.8367	1294	0
1522724017.799671000	4.83671	74	1
1522724017.799730000	4.83677	443	0
1522724018.001432000	5.03848	74	1
1522724018.012390000	5.04943	86	1
1522724018.082314000	5.11936	1294	0
1522724018.082600000	5.11964	1294	0
1522724018.082602000	5.11965	1294	0
1522724018.082621000	5.11967	74	1
1522724018.082718000	5.11976	1294	0
1522724018.082880000	5.11992	1294	0
1522724018.082882000	5.11993	1294	0
1522724018.082892000	5.11994	74	1
1522724018.082989000	5.12003	1294	0
1522724018.083130000	5.12017	1294	0
1522724018.083140000	5.12018	74	1
1522724018.083212000	5.12026	1294	0
1522724018.083499000	5.12054	1294	0
1522724018.083501000	5.12055	230	0
1522724018.083515000	5.12056	74	1
1522724018.096324000	5.13337	1294	0
1522724018.096584000	5.13363	1294	0
1522724018.096611000	5.13366	74	1
1522724018.096684000	5.13373	1294	0
1522724018.096873000	5.13392	1294	0
1522724018.096889000	5.13393	74	1
1522724018.096966000	5.13401	1294	0
1522724018.097170000	5.13421	1294	0
1522724018.097172000	5.13422	1294	0
1522724018.097187000	5.13423	74	1
1522724018.097247000	5.13429	1294	0
1522724018.097398000	5.13444	1294	0
1522724018.097412000	5.13446	74	1
1522724018.097482000	5.13453	1294	0
1522724018.097550000	5.13459	1294	0
1522724018.097561000	5.1346	74	1
1522724018.097684000	5.13473	1294	0
1522724018.097752000	5.1348	1294	0
1522724018.097754000	5.1348	396	0
1522724018.097777000	5.13482	74	1
1522724018.099124000	5.13617	1294	0
1522724018.099196000	5.13624	1294	0
1522724018.099208000	5.13625	74	1
1522724018.099404000	5.13645	1294	0
1522724018.099439000	5.13648	1294	0
1522724018.099450000	5.13649	74	1
1522724018.099681000	5.13672	1294	0
1522724018.099957000	5.137	1294	0
1522724018.099973000	5.13702	74	1
1522724018.100232000	5.13728	1222	0
1522724018.113808000	5.15085	1294	0
1522724018.113865000	5.15091	74	1
1522724018.113931000	5.15097	1294	0
1522724018.114075000	5.15112	1294	0
1522724018.114092000	5.15114	74	1
1522724018.114173000	5.15122	1294	0
1522724018.114359000	5.1514	1294	0
1522724018.114375000	5.15142	74	1
1522724018.114434000	5.15148	1294	0
1522724018.114502000	5.15155	1294	0
1522724018.114513000	5.15156	74	1
1522724018.114656000	5.1517	1294	0
1522724018.114726000	5.15177	1294	0
1522724018.114737000	5.15178	74	1
1522724018.114797000	5.15184	1294	0
1522724018.114917000	5.15196	1294	0
1522724018.114930000	5.15197	74	1
1522724018.115026000	5.15207	1294	0
1522724018.115324000	5.15237	1294	0
1522724018.115327000	5.15237	187	0
1522724018.115346000	5.15239	74	1
1522724018.118548000	5.15559	1294	0
1522724018.118805000	5.15585	1294	0
1522724018.118834000	5.15588	74	1
1522724018.118900000	5.15594	1294	0
1522724018.119012000	5.15606	1294	0
1522724018.119025000	5.15607	74	1
1522724018.119084000	5.15613	1294	0
1522724018.119146000	5.15619	1294	0
1522724018.119157000	5.1562	74	1
1522724018.119310000	5.15635	1294	0
1522724018.119384000	5.15643	1294	0
1522724018.119395000	5.15644	74	1
1522724018.119457000	5.1565	1294	0
1522724018.119586000	5.15663	1294	0
1522724018.119597000	5.15664	74	1
1522724018.119659000	5.1567	1294	0
1522724018.119726000	5.15677	1294	0
1522724018.119738000	5.15678	74	1
1522724018.119896000	5.15694	1294	0
1522724018.119898000	5.15694	901	0
1522724018.119913000	5.15696	74	1
1522724018.120023000	5.15707	1294	0
1522724018.120134000	5.15718	1294	0
1522724018.120145000	5.15719	74	1
1522724018.120414000	5.15746	1294	0
1522724018.120417000	5.15746	240	0
1522724018.120435000	5.15748	74	1
1522724018.120621000	5.15767	112	1
1522724018.133656000	5.1707	74	0
1522724018.225419000	5.26246	197	1
1522724018.226727000	5.26377	250	1
1522724018.237469000	5.27451	74	0
1522724018.240950000	5.27799	74	0
1522724018.241406000	5.27845	204	0
1522724018.241763000	5.27881	1294	0
1522724018.241783000	5.27883	74	1
1522724018.241848000	5.27889	1294	0
1522724018.242038000	5.27908	1294	0
1522724018.242049000	5.27909	74	1
1522724018.242110000	5.27915	1294	0
1522724018.242316000	5.27936	1294	0
1522724018.242330000	5.27937	74	1
1522724018.242398000	5.27944	1294	0
1522724018.242608000	5.27965	1294	0
1522724018.242624000	5.27967	74	1
1522724018.242685000	5.27973	1294	0
1522724018.242905000	5.27995	1294	0
1522724018.242917000	5.27996	74	1
1522724018.242979000	5.28002	1294	0
1522724018.242982000	5.28003	1294	0
1522724018.242994000	5.28004	74	1
1522724018.243055000	5.2801	1294	0
1522724018.243058000	5.2801	1294	0
1522724018.243069000	5.28011	74	1
1522724018.243128000	5.28017	1294	0
1522724018.243201000	5.28025	1294	0
1522724018.243212000	5.28026	74	1
1522724018.243273000	5.28032	1294	0
1522724018.243275000	5.28032	1294	0
1522724018.243286000	5.28033	74	1
1522724018.243345000	5.28039	1294	0
1522724018.243347000	5.28039	1294	0
1522724018.243359000	5.2804	74	1
1522724018.243417000	5.28046	1294	0
1522724018.243536000	5.28058	1294	0
1522724018.243538000	5.28058	1294	0
1522724018.243553000	5.2806	74	1
1522724018.243618000	5.28066	1294	0
1522724018.243620000	5.28066	1294	0
1522724018.243623000	5.28067	1294	0
1522724018.243635000	5.28068	74	1
1522724018.243692000	5.28074	1294	0
1522724018.243854000	5.2809	1294	0
1522724018.243856000	5.2809	508	0
1522724018.243869000	5.28091	74	1
1522724018.243928000	5.28097	1294	0
1522724018.243930000	5.28097	1294	0
1522724018.243932000	5.28098	1294	0
1522724018.243943000	5.28099	74	1
1522724018.244003000	5.28105	1294	0
1522724018.244005000	5.28105	1294	0
1522724018.244017000	5.28106	74	1
1522724018.244095000	5.28114	1294	0
1522724018.244159000	5.2812	1294	0
1522724018.244169000	5.28121	74	1
1522724018.244226000	5.28127	1294	0
1522724018.244227000	5.28127	1294	0
1522724018.244237000	5.28128	74	1
1522724018.244297000	5.28134	1294	0
1522724018.244397000	5.28144	1294	0
1522724018.244408000	5.28145	74	1
1522724018.244485000	5.28153	1294	0
1522724018.244487000	5.28153	1294	0
1522724018.244498000	5.28154	74	1
1522724018.244673000	5.28172	1294	0
1522724018.244754000	5.2818	1294	0
1522724018.244764000	5.28181	74	1
1522724018.244825000	5.28187	1294	0
1522724018.244971000	5.28202	1294	0
1522724018.244983000	5.28203	74	1
1522724018.245059000	5.2821	1294	0
1522724018.245062000	5.28211	1294	0
1522724018.245074000	5.28212	74	1
1522724018.245247000	5.28229	1294	0
1522724018.245382000	5.28243	1294	0
1522724018.245384000	5.28243	1294	0
1522724018.245397000	5.28244	74	1
1522724018.245552000	5.2826	1294	0
1522724018.245661000	5.28271	1294	0
1522724018.245663000	5.28271	1294	0
1522724018.245674000	5.28272	74	1
1522724018.245735000	5.28278	1294	0
1522724018.245838000	5.28288	1294	0
1522724018.245849000	5.28289	74	1
1522724018.245945000	5.28299	1294	0
1522724018.245948000	5.28299	1294	0
1522724018.245960000	5.283	74	1
1522724018.246134000	5.28318	74	1
1522724018.246212000	5.28326	1294	0
1522724018.246507000	5.28355	1294	0
1522724018.246519000	5.28356	74	1
1522724018.246677000	5.28372	1294	0
1522724018.246743000	5.28379	1294	0
1522724018.246754000	5.2838	74	1
1522724018.246815000	5.28386	1294	0
1522724018.246882000	5.28393	1294	0
1522724018.246894000	5.28394	74	1
1522724018.246954000	5.284	1294	0
1522724018.247024000	5.28407	1294	0
1522724018.247041000	5.28409	74	1
1522724018.247098000	5.28414	1294	0
1522724018.247163000	5.28421	1294	0
1522724018.247174000	5.28422	74	1
1522724018.247324000	5.28437	1294	0
1522724018.247454000	5.2845	1294	0
1522724018.247465000	5.28451	74	1
1522724018.247477000	5.28452	74	1
1522724018.247602000	5.28465	1294	0
1522724018.247749000	5.28479	1294	0
1522724018.247759000	5.2848	74	1
1522724018.247817000	5.28486	1294	0
1522724018.247898000	5.28494	1294	0
1522724018.247908000	5.28495	74	1
1522724018.247966000	5.28501	1294	0
1522724018.248031000	5.28507	1294	0
1522724018.248042000	5.28509	74	1
1522724018.248099000	5.28514	1294	0
1522724018.248183000	5.28523	1294	0
1522724018.248196000	5.28524	74	1
1522724018.248255000	5.2853	1294	0
1522724018.248464000	5.28551	1294	0
1522724018.248479000	5.28552	74	1
1522724018.248537000	5.28558	1294	0
1522724018.248740000	5.28578	1294	0
1522724018.248750000	5.28579	74	1
1522724018.248809000	5.28585	1294	0
1522724018.248927000	5.28597	1294	0
1522724018.248937000	5.28598	74	1
1522724018.249033000	5.28608	1294	0
1522724018.249101000	5.28614	1294	0
1522724018.249103000	5.28615	1294	0
1522724018.249114000	5.28616	74	1
1522724018.249199000	5.28624	1294	0
1522724018.249345000	5.28639	1294	0
1522724018.249357000	5.2864	74	1
1522724018.249621000	5.28666	1294	0
1522724018.254299000	5.29134	1294	0
1522724018.254339000	5.29138	74	1
1522724018.254543000	5.29159	1294	0
1522724018.254613000	5.29166	1294	0
1522724018.254625000	5.29167	74	1
1522724018.254776000	5.29182	1294	0
1522724018.254842000	5.29189	1294	0
1522724018.254852000	5.2919	74	1
1522724018.254913000	5.29196	1294	0
1522724018.255065000	5.29211	1294	0
1522724018.255077000	5.29212	74	1
1522724018.255138000	5.29218	1294	0
1522724018.255206000	5.29225	1294	0
1522724018.255218000	5.29226	74	1
1522724018.255253000	5.2923	74	1
1522724018.255361000	5.29241	1294	0
1522724018.255846000	5.29289	1294	0
1522724018.255863000	5.29291	74	1
1522724018.256001000	5.29305	1294	0
1522724018.256145000	5.29319	1294	0
1522724018.256161000	5.29321	74	1
1522724018.256300000	5.29334	1294	0
1522724018.256424000	5.29347	1294	0
1522724018.256437000	5.29348	74	1
1522724018.256497000	5.29354	1294	0
1522724018.256595000	5.29364	1294	0
1522724018.256607000	5.29365	74	1
1522724018.256738000	5.29378	1294	0
1522724018.256740000	5.29378	1294	0
1522724018.256754000	5.2938	74	1
1522724018.256813000	5.29386	1294	0
1522724018.256880000	5.29392	1294	0
1522724018.256892000	5.29394	74	1
1522724018.257040000	5.29408	1294	0
1522724018.257043000	5.29409	1294	0
1522724018.257054000	5.2941	74	1
1522724018.257096000	5.29414	1294	0
1522724018.257159000	5.2942	1294	0
1522724018.257169000	5.29421	74	1
1522724018.257274000	5.29432	1294	0
1522724018.257339000	5.29438	1294	0
1522724018.257350000	5.29439	74	1
1522724018.257411000	5.29446	1294	0
1522724018.257484000	5.29453	1294	0
1522724018.257494000	5.29454	74	1
1522724018.257553000	5.2946	1294	0
1522724018.257684000	5.29473	1294	0
1522724018.257698000	5.29474	74	1
1522724018.257755000	5.2948	1294	0
1522724018.260004000	5.29705	1294	0
1522724018.260031000	5.29708	74	1
1522724018.260289000	5.29733	1294	0
1522724018.260432000	5.29748	1294	0
1522724018.260449000	5.29749	74	1
1522724018.260568000	5.29761	1294	0
1522724018.260737000	5.29778	1294	0
1522724018.260751000	5.2978	74	1
1522724018.261023000	5.29807	1294	0
1522724018.261213000	5.29826	967	0
1522724018.261227000	5.29827	74	1
1522724018.261850000	5.29889	112	1
1522724018.262043000	5.29909	140	0
1522724018.262112000	5.29916	104	0
1522724018.262161000	5.29921	74	1
1522724018.315017000	5.35206	74	0
1522724018.436263000	5.47331	351	1
1522724018.452573000	5.48962	74	0
1522724018.453015000	5.49006	201	0
1522724018.453370000	5.49041	1294	0
1522724018.453390000	5.49043	74	1
1522724018.453661000	5.49071	1294	0
1522724018.453730000	5.49077	1294	0
1522724018.453742000	5.49079	74	1
1522724018.453883000	5.49093	1294	0
1522724018.453949000	5.49099	1294	0
1522724018.453960000	5.491	74	1
1522724018.454020000	5.49106	1294	0
1522724018.454156000	5.4912	1294	0
1522724018.454168000	5.49121	74	1
1522724018.454227000	5.49127	1294	0
1522724018.454292000	5.49134	1294	0
1522724018.454303000	5.49135	74	1
1522724018.454447000	5.49149	1294	0
1522724018.454516000	5.49156	1294	0
1522724018.454527000	5.49157	74	1
1522724018.454588000	5.49163	1294	0
1522724018.454590000	5.49163	1294	0
1522724018.454602000	5.49165	74	1
1522724018.454724000	5.49177	1294	0
1522724018.454794000	5.49184	1294	0
1522724018.454805000	5.49185	74	1
1522724018.454866000	5.49191	1294	0
1522724018.454869000	5.49191	1294	0
1522724018.454886000	5.49193	74	1
1522724018.454998000	5.49204	1294	0
1522724018.455087000	5.49213	1294	0
1522724018.455097000	5.49214	74	1
1522724018.455159000	5.4922	1294	0
1522724018.455161000	5.49221	1294	0
1522724018.455164000	5.49221	1294	0
1522724018.455177000	5.49222	74	1
1522724018.455295000	5.49234	1294	0
1522724018.455362000	5.49241	1294	0
1522724018.455372000	5.49242	74	1
1522724018.455437000	5.49248	1294	0
1522724018.455439000	5.49248	1294	0
1522724018.455442000	5.49249	1294	0
1522724018.455454000	5.4925	74	1
1522724018.455577000	5.49262	1294	0
1522724018.455642000	5.49269	1294	0
1522724018.455653000	5.4927	74	1
1522724018.455712000	5.49276	1294	0
1522724018.455714000	5.49276	1294	0
1522724018.455716000	5.49276	1294	0
1522724018.455719000	5.49276	1294	0
1522724018.455732000	5.49278	74	1
1522724018.455805000	5.49285	1294	0
1522724018.455878000	5.49292	1294	0
1522724018.455888000	5.49293	74	1
1522724018.455946000	5.49299	1294	0
1522724018.455949000	5.49299	1294	0
1522724018.455961000	5.49301	74	1
1522724018.456021000	5.49307	1294	0
1522724018.456023000	5.49307	1294	0
1522724018.456025000	5.49307	1294	0
1522724018.456038000	5.49308	74	1
1522724018.456125000	5.49317	1294	0
1522724018.456128000	5.49317	508	0
1522724018.456143000	5.49319	74	1
1522724018.456221000	5.49327	1294	0
1522724018.456321000	5.49337	1294	0
1522724018.456323000	5.49337	1294	0
1522724018.456335000	5.49338	74	1
1522724018.456392000	5.49344	1294	0
1522724018.456394000	5.49344	1294	0
1522724018.456396000	5.49344	1294	0
1522724018.456408000	5.49345	74	1
1522724018.456470000	5.49351	1294	0
1522724018.456544000	5.49359	1294	0
1522724018.456555000	5.4936	74	1
1522724018.456615000	5.49366	1294	0
1522724018.456617000	5.49366	1294	0
1522724018.456619000	5.49366	1294	0
1522724018.456621000	5.49366	932	0
1522724018.456634000	5.49368	74	1
1522724018.457395000	5.49444	112	1
1522724018.478828000	5.51587	174	1
1522724018.500362000	5.53741	74	0
1522724018.523731000	5.56078	214	0
1522724018.523734000	5.56078	104	0
1522724018.523793000	5.56084	74	1
1522724018.523861000	5.5609	112	0
1522724018.524226000	5.56127	112	1
1522724018.576705000	5.61375	74	0
1522724018.654283000	5.69133	400	1
1522724018.667244000	5.70429	74	0
1522724018.689032000	5.72608	140	0
1522724018.689112000	5.72616	104	0
1522724018.689127000	5.72617	74	1
1522724018.689258000	5.7263	112	0
1522724018.689719000	5.72676	112	1
1522724018.742023000	5.77907	74	0
1522724020.581840000	7.61888	308	1
1522724020.612857000	7.6499	74	0
1522724020.641775000	7.67882	140	0
1522724020.641778000	7.67882	104	0
1522724020.641780000	7.67882	112	0
1522724020.641823000	7.67887	74	1
1522724020.642179000	7.67922	112	1
1522724020.695592000	7.73264	74	0
1522724021.021625000	8.05867	346	1
1522724021.040128000	8.07717	74	0
1522724021.060519000	8.09756	140	0
1522724021.060521000	8.09756	104	0
1522724021.060523000	8.09757	112	0
1522724021.060559000	8.0976	74	1
1522724021.061458000	8.0985	112	1
1522724021.115169000	8.15221	74	0
