1529635633.081924000	0	86	1
1529635633.100135000	0.0182111	86	0
1529635633.100181000	0.0182571	74	1
1529635633.100492000	0.018568	591	1
1529635633.119284000	0.03736	74	0
1529635633.119804000	0.0378799	221	0
1529635633.119943000	0.0380189	125	1
1529635633.121325000	0.0394011	1221	1
1529635633.138287000	0.0563631	74	0
1529635633.139486000	0.0575621	1294	0
1529635633.140106000	0.058182	1294	0
1529635633.140121000	0.058197	74	1
1529635633.141099000	0.059175	1294	0
1529635633.141393000	0.059469	1294	0
1529635633.141406000	0.0594821	74	1
1529635633.142722000	0.0607979	1294	0
1529635633.143015000	0.0610909	1294	0
1529635633.143026000	0.0611022	74	1
1529635633.144251000	0.0623271	1294	0
1529635633.144541000	0.0626171	1294	0
1529635633.144553000	0.062629	74	1
1529635633.145621000	0.0636971	1294	0
1529635633.145910000	0.0639861	1294	0
1529635633.145922000	0.063998	74	1
1529635633.147042000	0.0651181	1294	0
1529635633.156557000	0.0746331	1294	0
1529635633.156571000	0.0746469	74	1
1529635633.156839000	0.0749149	1294	0
1529635633.157958000	0.0760341	1294	0
1529635633.157970000	0.076046	74	1
1529635633.158251000	0.0763271	1294	0
1529635633.159485000	0.0775611	1294	0
1529635633.159500000	0.0775759	74	1
1529635633.159775000	0.0778511	1294	0
1529635633.160929000	0.079005	1294	0
1529635633.160940000	0.079016	74	1
1529635633.161208000	0.079284	1294	0
1529635633.162360000	0.080436	1294	0
1529635633.162372000	0.0804482	74	1
1529635633.162651000	0.0807271	1294	0
1529635633.163786000	0.081862	1294	0
1529635633.163800000	0.081876	74	1
1529635633.164057000	0.0821331	1294	0
1529635633.165063000	0.0831389	1294	0
1529635633.165074000	0.0831501	74	1
1529635633.165393000	0.0834692	1294	0
1529635633.166522000	0.0845981	1294	0
1529635633.166533000	0.084609	74	1
1529635633.166794000	0.0848701	1294	0
1529635633.167967000	0.0860431	1294	0
1529635633.167980000	0.086056	74	1
1529635633.168278000	0.086354	1294	0
1529635633.169392000	0.0874681	1294	0
1529635633.169406000	0.087482	74	1
1529635633.169681000	0.0877571	1294	0
1529635633.173035000	0.0911109	1294	0
1529635633.173049000	0.091125	74	1
1529635633.173328000	0.091404	1294	0
1529635633.174128000	0.0922041	1294	0
1529635633.174141000	0.092217	74	1
1529635633.174420000	0.0924962	1294	0
1529635633.175182000	0.0932581	1294	0
1529635633.175194000	0.0932701	74	1
1529635633.175472000	0.0935481	1294	0
1529635633.176180000	0.0942559	1294	0
1529635633.176194000	0.09427	74	1
1529635633.176462000	0.094538	1294	0
1529635633.177501000	0.095577	1294	0
1529635633.177512000	0.095588	74	1
1529635633.177794000	0.09587	1294	0
1529635633.178493000	0.0965691	1294	0
1529635633.178504000	0.09658	74	1
1529635633.178774000	0.0968502	1294	0
1529635633.179475000	0.0975511	1294	0
1529635633.179488000	0.097564	74	1
1529635633.179771000	0.097847	1294	0
1529635633.180900000	0.0989761	1294	0
1529635633.180912000	0.0989881	74	1
1529635633.181178000	0.0992541	1294	0
1529635633.181880000	0.099956	1294	0
1529635633.181891000	0.099967	74	1
1529635633.182178000	0.100254	1294	0
1529635633.182469000	0.100545	1294	0
1529635633.182481000	0.100557	74	1
1529635633.182759000	0.100835	1294	0
1529635633.183455000	0.101531	1294	0
1529635633.183466000	0.101542	74	1
1529635633.183749000	0.101825	1294	0
1529635633.184310000	0.102386	1294	0
1529635633.184324000	0.1024	74	1
1529635633.184599000	0.102675	1294	0
1529635633.185351000	0.103427	1294	0
1529635633.185364000	0.10344	74	1
1529635633.185627000	0.103703	1294	0
1529635633.186327000	0.104403	1294	0
1529635633.186341000	0.104417	74	1
1529635633.186621000	0.104697	1294	0
1529635633.186922000	0.104998	1294	0
1529635633.186934000	0.10501	74	1
1529635633.187212000	0.105288	1294	0
1529635633.187912000	0.105988	1294	0
1529635633.187924000	0.106	74	1
1529635633.188204000	0.10628	1294	0
1529635633.188494000	0.10657	1294	0
1529635633.188505000	0.106581	74	1
1529635633.188749000	0.106825	1294	0
1529635633.189038000	0.107114	1294	0
1529635633.189051000	0.107127	74	1
1529635633.189759000	0.107835	1294	0
1529635633.190039000	0.108115	1294	0
1529635633.190050000	0.108126	74	1
1529635633.190313000	0.108389	1294	0
1529635633.190614000	0.10869	1294	0
1529635633.190628000	0.108704	74	1
1529635633.190910000	0.108986	1294	0
1529635633.191212000	0.109288	1294	0
1529635633.191224000	0.1093	74	1
1529635633.191511000	0.109587	1294	0
1529635633.191812000	0.109888	1294	0
1529635633.191823000	0.109899	74	1
1529635633.192118000	0.110194	1294	0
1529635633.192395000	0.110471	1294	0
1529635633.192406000	0.110482	74	1
1529635633.192552000	0.110628	1294	0
1529635633.192662000	0.110738	1294	0
1529635633.192676000	0.110752	74	1
1529635633.192967000	0.111043	1294	0
1529635633.193268000	0.111344	1294	0
1529635633.193282000	0.111358	74	1
1529635633.193562000	0.111638	1294	0
1529635633.193688000	0.111764	1294	0
1529635633.193697000	0.111773	74	1
1529635633.194040000	0.112116	1294	0
1529635633.194270000	0.112346	1294	0
1529635633.194290000	0.112366	74	1
1529635633.194512000	0.112588	1294	0
1529635633.194605000	0.112681	1294	0
1529635633.194615000	0.112691	74	1
1529635633.194838000	0.112914	1294	0
1529635633.195138000	0.113214	1294	0
1529635633.195150000	0.113226	74	1
1529635633.195609000	0.113685	1294	0
1529635633.196323000	0.114399	1294	0
1529635633.196334000	0.11441	74	1
1529635633.196606000	0.114682	1294	0
1529635633.196917000	0.114993	1294	0
1529635633.196930000	0.115006	74	1
1529635633.197196000	0.115272	1294	0
1529635633.197307000	0.115383	1294	0
1529635633.197315000	0.115391	74	1
1529635633.197479000	0.115555	1294	0
1529635633.197591000	0.115667	1294	0
1529635633.197600000	0.115676	74	1
1529635633.197896000	0.115972	1294	0
1529635633.198151000	0.116227	1294	0
1529635633.198170000	0.116246	74	1
1529635633.198197000	0.116273	1294	0
1529635633.198481000	0.116557	1294	0
1529635633.198494000	0.11657	74	1
1529635633.198767000	0.116843	1294	0
1529635633.198769000	0.116845	1294	0
1529635633.198782000	0.116858	74	1
1529635633.199064000	0.11714	1294	0
1529635633.199365000	0.117441	1294	0
1529635633.199377000	0.117453	74	1
1529635633.199655000	0.117731	1294	0
1529635633.201640000	0.119716	1294	0
1529635633.201655000	0.119731	74	1
1529635633.201880000	0.119956	1294	0
1529635633.201962000	0.120038	1294	0
1529635633.201979000	0.120055	74	1
1529635633.202189000	0.120265	1294	0
1529635633.202266000	0.120342	1294	0
1529635633.202276000	0.120352	74	1
1529635633.202530000	0.120606	1294	0
1529635633.202801000	0.120877	1294	0
1529635633.202814000	0.12089	74	1
1529635633.202907000	0.120983	1294	0
1529635633.203088000	0.121164	1294	0
1529635633.203102000	0.121178	74	1
1529635633.203394000	0.12147	1294	0
1529635633.203396000	0.121472	1294	0
1529635633.203408000	0.121484	74	1
1529635633.203682000	0.121758	1294	0
1529635633.203684000	0.12176	1294	0
1529635633.203697000	0.121773	74	1
1529635633.203978000	0.122054	1294	0
1529635633.203980000	0.122056	1294	0
1529635633.203992000	0.122068	74	1
1529635633.204250000	0.122326	1294	0
1529635633.204550000	0.122626	1294	0
1529635633.204562000	0.122638	74	1
1529635633.207014000	0.12509	1294	0
1529635633.207203000	0.125279	1294	0
1529635633.207213000	0.125289	74	1
1529635633.207313000	0.125389	1294	0
1529635633.207503000	0.125579	1294	0
1529635633.207516000	0.125592	74	1
1529635633.207613000	0.125689	1294	0
1529635633.207782000	0.125858	1294	0
1529635633.207795000	0.125871	74	1
1529635633.207855000	0.125931	1294	0
1529635633.207943000	0.126019	1294	0
1529635633.207956000	0.126032	74	1
1529635633.208078000	0.126154	1294	0
1529635633.208167000	0.126243	1294	0
1529635633.208175000	0.126251	74	1
1529635633.208248000	0.126324	1294	0
1529635633.208364000	0.12644	1294	0
1529635633.208381000	0.126457	74	1
1529635633.208445000	0.126521	1294	0
1529635633.208522000	0.126598	1294	0
1529635633.208530000	0.126606	74	1
1529635633.211980000	0.130056	1294	0
1529635633.212221000	0.130297	1294	0
1529635633.212234000	0.13031	74	1
1529635633.212328000	0.130404	1294	0
1529635633.212507000	0.130583	1294	0
1529635633.212520000	0.130596	74	1
1529635633.212639000	0.130715	1294	0
1529635633.212803000	0.130879	1294	0
1529635633.212805000	0.130881	242	0
1529635633.212817000	0.130893	74	1
1529635633.213286000	0.131362	1126	0
1529635633.213586000	0.131662	1294	0
1529635633.213597000	0.131673	74	1
1529635633.213680000	0.131756	1294	0
1529635633.213865000	0.131941	1294	0
1529635633.213878000	0.131954	74	1
1529635633.213987000	0.132063	1294	0
1529635633.214139000	0.132215	1294	0
1529635633.214151000	0.132227	74	1
1529635633.214317000	0.132393	1294	0
1529635633.214567000	0.132643	1294	0
1529635633.214592000	0.132668	74	1
1529635633.214835000	0.132911	1294	0
1529635633.218540000	0.136616	1294	0
1529635633.218553000	0.136629	74	1
1529635633.218774000	0.13685	1294	0
1529635633.218850000	0.136926	1294	0
1529635633.218861000	0.136937	74	1
1529635633.219059000	0.137135	1294	0
1529635633.219135000	0.137211	1294	0
1529635633.219144000	0.13722	74	1
1529635633.219344000	0.13742	1294	0
1529635633.219626000	0.137702	1294	0
1529635633.219638000	0.137714	74	1
1529635633.219743000	0.137819	1294	0
1529635633.219813000	0.137889	1294	0
1529635633.219821000	0.137897	74	1
1529635633.219902000	0.137978	1294	0
1529635633.219984000	0.13806	1294	0
1529635633.219993000	0.138069	74	1
1529635633.220089000	0.138165	1294	0
1529635633.220303000	0.138379	1294	0
1529635633.220305000	0.138381	1294	0
1529635633.220323000	0.138399	74	1
1529635633.220446000	0.138522	1294	0
1529635633.220533000	0.138609	1294	0
1529635633.220536000	0.138612	1294	0
1529635633.220548000	0.138624	74	1
1529635633.220810000	0.138886	1294	0
1529635633.221097000	0.139173	1294	0
1529635633.221109000	0.139185	74	1
1529635633.222960000	0.141036	1294	0
1529635633.223225000	0.141301	1294	0
1529635633.223236000	0.141312	74	1
1529635633.223330000	0.141406	1294	0
1529635633.223504000	0.14158	1294	0
1529635633.223516000	0.141592	74	1
1529635633.223616000	0.141692	1294	0
1529635633.223619000	0.141695	1294	0
1529635633.223637000	0.141713	74	1
1529635633.223837000	0.141913	1294	0
1529635633.223839000	0.141915	1294	0
1529635633.223857000	0.141933	74	1
1529635633.223977000	0.142053	1294	0
1529635633.224083000	0.142159	1294	0
1529635633.224096000	0.142172	74	1
1529635633.224185000	0.142261	1294	0
1529635633.224187000	0.142263	1294	0
1529635633.224198000	0.142274	74	1
1529635633.224357000	0.142433	1294	0
1529635633.224501000	0.142577	1294	0
1529635633.224503000	0.142579	1294	0
1529635633.224518000	0.142594	74	1
1529635633.224645000	0.142721	1294	0
1529635633.224971000	0.143047	1294	0
1529635633.224984000	0.14306	74	1
1529635633.225248000	0.143324	1294	0
1529635633.228561000	0.146637	1294	0
1529635633.228563000	0.146639	1294	0
1529635633.228576000	0.146652	74	1
1529635633.228882000	0.146958	1294	0
1529635633.228885000	0.146961	1294	0
1529635633.228899000	0.146975	74	1
1529635633.229133000	0.147209	1294	0
1529635633.229136000	0.147212	1294	0
1529635633.229150000	0.147226	74	1
1529635633.229424000	0.1475	1294	0
1529635633.229500000	0.147576	1294	0
1529635633.229510000	0.147586	74	1
1529635633.229760000	0.147836	1294	0
1529635633.234732000	0.152808	1294	0
1529635633.234746000	0.152822	74	1
1529635633.235053000	0.153129	1294	0
1529635633.235056000	0.153132	1294	0
1529635633.235070000	0.153146	74	1
1529635633.235354000	0.15343	1294	0
1529635633.235357000	0.153433	1294	0
1529635633.235371000	0.153447	74	1
1529635633.235600000	0.153676	1294	0
1529635633.235603000	0.153679	1294	0
1529635633.235615000	0.153691	74	1
1529635633.235927000	0.154003	1294	0
1529635633.235929000	0.154005	1294	0
1529635633.235942000	0.154018	74	1
1529635633.236210000	0.154286	1294	0
1529635633.236212000	0.154288	1294	0
1529635633.236225000	0.154301	74	1
1529635633.236505000	0.154581	1294	0
1529635633.236507000	0.154583	1294	0
1529635633.236519000	0.154595	74	1
1529635633.236796000	0.154872	1294	0
1529635633.236798000	0.154874	1294	0
1529635633.236811000	0.154887	74	1
1529635633.237078000	0.155154	1294	0
1529635633.237080000	0.155156	1294	0
1529635633.237093000	0.155169	74	1
1529635633.237298000	0.155374	1294	0
1529635633.237375000	0.155451	1294	0
1529635633.237377000	0.155453	1294	0
1529635633.237390000	0.155466	74	1
1529635633.237589000	0.155665	1294	0
1529635633.237718000	0.155794	1294	0
1529635633.237720000	0.155796	1294	0
1529635633.237735000	0.155811	74	1
1529635633.237872000	0.155948	1294	0
1529635633.237973000	0.156049	1294	0
1529635633.237976000	0.156052	1294	0
1529635633.237987000	0.156063	74	1
1529635633.238221000	0.156297	1294	0
1529635633.239504000	0.15758	1294	0
1529635633.239515000	0.157591	74	1
1529635633.239798000	0.157874	1294	0
1529635633.239801000	0.157877	242	0
1529635633.239812000	0.157888	74	1
1529635633.240163000	0.158239	1294	0
1529635633.240239000	0.158315	1294	0
1529635633.240249000	0.158325	74	1
1529635633.240315000	0.158391	1294	0
1529635633.240414000	0.15849	1294	0
1529635633.240424000	0.1585	74	1
1529635633.240479000	0.158555	1294	0
1529635633.240606000	0.158682	1294	0
1529635633.240616000	0.158692	74	1
1529635633.240772000	0.158848	1294	0
1529635633.241021000	0.159097	1294	0
1529635633.241034000	0.15911	74	1
1529635633.241315000	0.159391	1294	0
1529635633.250491000	0.168567	1294	0
1529635633.250495000	0.168571	1294	0
1529635633.250498000	0.168574	1294	0
1529635633.250500000	0.168576	1294	0
1529635633.250503000	0.168579	1294	0
1529635633.250506000	0.168582	1294	0
1529635633.250508000	0.168584	1294	0
1529635633.250512000	0.168588	1294	0
1529635633.250514000	0.16859	1294	0
1529635633.250591000	0.168667	74	1
1529635633.250709000	0.168785	74	1
1529635633.252549000	0.170625	1294	0
1529635633.252553000	0.170629	1294	0
1529635633.252556000	0.170632	1294	0
1529635633.252559000	0.170635	1294	0
1529635633.252561000	0.170637	1294	0
1529635633.252563000	0.170639	1294	0
1529635633.252566000	0.170642	1126	0
1529635633.252568000	0.170644	1294	0
1529635633.252617000	0.170693	74	1
1529635633.252673000	0.170749	74	1
1529635633.256907000	0.174983	1294	0
1529635633.256910000	0.174986	1294	0
1529635633.256912000	0.174988	1294	0
1529635633.256914000	0.17499	1294	0
1529635633.256916000	0.174992	1294	0
1529635633.256919000	0.174995	1294	0
1529635633.256921000	0.174997	1294	0
1529635633.256923000	0.174999	1294	0
1529635633.256926000	0.175002	1294	0
1529635633.256927000	0.175003	1294	0
1529635633.256991000	0.175067	74	1
1529635633.257017000	0.175093	1294	0
1529635633.257019000	0.175095	1294	0
1529635633.257022000	0.175098	1294	0
1529635633.257024000	0.1751	1294	0
1529635633.257026000	0.175102	1294	0
1529635633.257029000	0.175105	1294	0
1529635633.257031000	0.175107	1294	0
1529635633.257033000	0.175109	1294	0
1529635633.257036000	0.175112	1294	0
1529635633.257038000	0.175114	1294	0
1529635633.257061000	0.175137	74	1
1529635633.257068000	0.175144	74	1
1529635633.257078000	0.175154	1294	0
1529635633.257080000	0.175156	1294	0
1529635633.257083000	0.175159	1294	0
1529635633.257085000	0.175161	1294	0
1529635633.257088000	0.175164	1294	0
1529635633.257090000	0.175166	1294	0
1529635633.257093000	0.175169	1294	0
1529635633.257095000	0.175171	1294	0
1529635633.257097000	0.175173	1294	0
1529635633.257099000	0.175175	1294	0
1529635633.257121000	0.175197	74	1
1529635633.257175000	0.175251	1294	0
1529635633.257224000	0.1753	74	1
1529635633.257395000	0.175471	1294	0
1529635633.257397000	0.175473	1294	0
1529635633.257414000	0.17549	74	1
1529635633.257523000	0.175599	74	1
1529635633.257652000	0.175728	1294	0
1529635633.257654000	0.17573	1294	0
1529635633.257656000	0.175732	1294	0
1529635633.257674000	0.17575	74	1
1529635633.267207000	0.185283	1294	0
1529635633.267505000	0.185581	1294	0
1529635633.267521000	0.185597	74	1
1529635633.267786000	0.185862	1294	0
1529635633.268069000	0.186145	1294	0
1529635633.268081000	0.186157	74	1
1529635633.268358000	0.186434	1294	0
1529635633.268642000	0.186718	1294	0
1529635633.268654000	0.18673	74	1
1529635633.268933000	0.187009	1294	0
1529635633.269230000	0.187306	1294	0
1529635633.269242000	0.187318	74	1
1529635633.269525000	0.187601	1294	0
1529635633.269807000	0.187883	1294	0
1529635633.269826000	0.187902	74	1
1529635633.270111000	0.188187	1294	0
1529635633.270436000	0.188512	1294	0
1529635633.270451000	0.188527	74	1
1529635633.270694000	0.18877	1294	0
1529635633.271544000	0.18962	1294	0
1529635633.271547000	0.189623	1294	0
1529635633.271549000	0.189625	1294	0
1529635633.271571000	0.189647	74	1
1529635633.271930000	0.190006	1294	0
1529635633.272980000	0.191056	1294	0
1529635633.273025000	0.191101	74	1
1529635633.273264000	0.19134	1294	0
1529635633.273567000	0.191643	1294	0
1529635633.273583000	0.191659	74	1
1529635633.273940000	0.192016	1294	0
1529635633.274219000	0.192295	1294	0
1529635633.274232000	0.192308	74	1
1529635633.274522000	0.192598	1294	0
1529635633.274821000	0.192897	1294	0
1529635633.274834000	0.19291	74	1
1529635633.275080000	0.193156	1294	0
1529635633.275405000	0.193481	1294	0
1529635633.275426000	0.193502	74	1
1529635633.275715000	0.193791	1294	0
1529635633.276006000	0.194082	1294	0
1529635633.276019000	0.194095	74	1
1529635633.276283000	0.194359	1294	0
1529635633.276567000	0.194643	1294	0
1529635633.276578000	0.194654	74	1
1529635633.276857000	0.194933	1294	0
1529635633.277169000	0.195245	1294	0
1529635633.277180000	0.195256	74	1
1529635633.277448000	0.195524	1294	0
1529635633.277739000	0.195815	1294	0
1529635633.277751000	0.195827	74	1
1529635633.278021000	0.196097	1294	0
1529635633.278330000	0.196406	1294	0
1529635633.278341000	0.196417	74	1
1529635633.278606000	0.196682	1294	0
1529635633.278890000	0.196966	1294	0
1529635633.278903000	0.196979	74	1
1529635633.279185000	0.197261	1294	0
1529635633.279482000	0.197558	1294	0
1529635633.279495000	0.197571	74	1
1529635633.279767000	0.197843	1294	0
1529635633.280065000	0.198141	1294	0
1529635633.280076000	0.198152	74	1
1529635633.280356000	0.198432	1294	0
1529635633.280639000	0.198715	1294	0
1529635633.280650000	0.198726	74	1
1529635633.280930000	0.199006	1294	0
1529635633.281231000	0.199307	1294	0
1529635633.281243000	0.199319	74	1
1529635633.281525000	0.199601	1294	0
1529635633.281819000	0.199895	1294	0
1529635633.281830000	0.199906	74	1
1529635633.282113000	0.200189	1294	0
1529635633.282402000	0.200478	1294	0
1529635633.282413000	0.200489	74	1
1529635633.282694000	0.20077	1294	0
1529635633.282990000	0.201066	1294	0
1529635633.283003000	0.201079	74	1
1529635633.283276000	0.201352	1294	0
1529635633.283978000	0.202054	1294	0
1529635633.283990000	0.202066	74	1
1529635633.284268000	0.202344	1294	0
1529635633.284565000	0.202641	1294	0
1529635633.284580000	0.202656	74	1
1529635633.284850000	0.202926	1294	0
1529635633.285134000	0.20321	1294	0
1529635633.285146000	0.203222	74	1
1529635633.285436000	0.203512	1294	0
1529635633.285738000	0.203814	1294	0
1529635633.285750000	0.203826	74	1
1529635633.286024000	0.2041	1294	0
1529635633.286320000	0.204396	1294	0
1529635633.286331000	0.204407	74	1
1529635633.286660000	0.204736	1294	0
1529635633.286966000	0.205042	1294	0
1529635633.286988000	0.205064	74	1
1529635633.287255000	0.205331	1294	0
1529635633.287603000	0.205679	1294	0
1529635633.287616000	0.205692	74	1
1529635633.287915000	0.205991	1294	0
1529635633.288195000	0.206271	1294	0
1529635633.288206000	0.206282	74	1
1529635633.288489000	0.206565	1294	0
1529635633.288780000	0.206856	1294	0
1529635633.288793000	0.206869	74	1
1529635633.289067000	0.207143	1294	0
1529635633.289359000	0.207435	1294	0
1529635633.289370000	0.207446	74	1
1529635633.290534000	0.20861	1294	0
1529635633.290536000	0.208612	1294	0
1529635633.290538000	0.208614	1294	0
1529635633.290548000	0.208624	1294	0
1529635633.290565000	0.208641	74	1
1529635633.290896000	0.208972	1294	0
1529635633.291708000	0.209784	1294	0
1529635633.291709000	0.209785	1294	0
1529635633.291712000	0.209788	1294	0
1529635633.291725000	0.209801	74	1
1529635633.291990000	0.210066	1294	0
1529635633.292403000	0.210479	1294	0
1529635633.292414000	0.21049	74	1
1529635633.292707000	0.210783	1294	0
1529635633.292988000	0.211064	1294	0
1529635633.293001000	0.211077	74	1
1529635633.293276000	0.211352	1294	0
1529635633.293560000	0.211636	1294	0
1529635633.293571000	0.211647	74	1
1529635633.293849000	0.211925	1294	0
1529635633.294144000	0.21222	1294	0
1529635633.294155000	0.212231	74	1
1529635633.294433000	0.212509	1294	0
1529635633.294722000	0.212798	1294	0
1529635633.294734000	0.21281	74	1
1529635633.295031000	0.213107	1294	0
1529635633.295324000	0.2134	1294	0
1529635633.295338000	0.213414	74	1
1529635633.295434000	0.21351	1294	0
1529635633.295634000	0.21371	1294	0
1529635633.295648000	0.213724	74	1
1529635633.295900000	0.213976	1294	0
1529635633.296159000	0.214235	1294	0
1529635633.296172000	0.214248	74	1
1529635633.296449000	0.214525	1294	0
1529635633.296737000	0.214813	1294	0
1529635633.296748000	0.214824	74	1
1529635633.297016000	0.215092	1294	0
1529635633.297306000	0.215382	1294	0
1529635633.297317000	0.215393	74	1
1529635633.297609000	0.215685	1294	0
1529635633.297901000	0.215977	1294	0
1529635633.297912000	0.215988	74	1
1529635633.298177000	0.216253	1294	0
1529635633.298462000	0.216538	1294	0
1529635633.298474000	0.21655	74	1
1529635633.298780000	0.216856	1294	0
1529635633.299050000	0.217126	1294	0
1529635633.299063000	0.217139	74	1
1529635633.299347000	0.217423	1294	0
1529635633.299636000	0.217712	1294	0
1529635633.299647000	0.217723	74	1
1529635633.299944000	0.21802	1294	0
1529635633.300220000	0.218296	1294	0
1529635633.300232000	0.218308	74	1
1529635633.300515000	0.218591	1294	0
1529635633.300805000	0.218881	1294	0
1529635633.300818000	0.218894	74	1
1529635633.301095000	0.219171	1294	0
1529635633.301389000	0.219465	1294	0
1529635633.301400000	0.219476	74	1
1529635633.301681000	0.219757	1294	0
1529635633.301975000	0.220051	1294	0
1529635633.301987000	0.220063	74	1
1529635633.302268000	0.220344	1294	0
1529635633.302545000	0.220621	1294	0
1529635633.302564000	0.22064	74	1
1529635633.302844000	0.22092	1294	0
1529635633.303131000	0.221207	1294	0
1529635633.303143000	0.221219	74	1
1529635633.303426000	0.221502	1294	0
1529635633.303705000	0.221781	1294	0
1529635633.303718000	0.221794	74	1
1529635633.303995000	0.222071	1294	0
1529635633.304297000	0.222373	1294	0
1529635633.304309000	0.222385	74	1
1529635633.304586000	0.222662	1294	0
1529635633.304874000	0.22295	1294	0
1529635633.304886000	0.222962	74	1
1529635633.305170000	0.223246	1294	0
1529635633.305447000	0.223523	1294	0
1529635633.305459000	0.223535	74	1
1529635633.305804000	0.22388	1294	0
1529635633.306096000	0.224172	1294	0
1529635633.306116000	0.224192	74	1
1529635633.306399000	0.224475	1294	0
1529635633.306670000	0.224746	1294	0
1529635633.306683000	0.224759	74	1
1529635633.306968000	0.225044	1294	0
1529635633.307263000	0.225339	1294	0
1529635633.307276000	0.225352	74	1
1529635633.307554000	0.22563	1294	0
1529635633.307831000	0.225907	1294	0
1529635633.307843000	0.225919	74	1
1529635633.308136000	0.226212	1294	0
1529635633.308430000	0.226506	1294	0
1529635633.308442000	0.226518	74	1
1529635633.308719000	0.226795	1294	0
1529635633.309001000	0.227077	1294	0
1529635633.309013000	0.227089	74	1
1529635633.309301000	0.227377	1294	0
1529635633.309590000	0.227666	1294	0
1529635633.309601000	0.227677	74	1
1529635633.309879000	0.227955	1294	0
1529635633.310161000	0.228237	1294	0
1529635633.310172000	0.228248	74	1
1529635633.310438000	0.228514	1294	0
1529635633.310708000	0.228784	1294	0
1529635633.310722000	0.228798	74	1
1529635633.310814000	0.22889	1294	0
1529635633.310993000	0.229069	1294	0
1529635633.311005000	0.229081	74	1
1529635633.311287000	0.229363	1294	0
1529635633.311576000	0.229652	1294	0
1529635633.311587000	0.229663	74	1
1529635633.311874000	0.22995	1294	0
1529635633.312159000	0.230235	1294	0
1529635633.312172000	0.230248	74	1
1529635633.312454000	0.23053	1294	0
1529635633.312742000	0.230818	1294	0
1529635633.312754000	0.23083	74	1
1529635633.313033000	0.231109	1294	0
1529635633.313319000	0.231395	1294	0
1529635633.313331000	0.231407	74	1
1529635633.313617000	0.231693	1294	0
1529635633.313892000	0.231968	1294	0
1529635633.313906000	0.231982	74	1
1529635633.314200000	0.232276	1294	0
1529635633.314481000	0.232557	1294	0
1529635633.314493000	0.232569	74	1
1529635633.314780000	0.232856	1294	0
1529635633.315058000	0.233134	1294	0
1529635633.315069000	0.233145	74	1
1529635633.315363000	0.233439	1294	0
1529635633.315654000	0.23373	1294	0
1529635633.315665000	0.233741	74	1
1529635633.315946000	0.234022	1294	0
1529635633.316166000	0.234242	1294	0
1529635633.316186000	0.234262	74	1
1529635633.316465000	0.234541	1294	0
1529635633.316767000	0.234843	1294	0
1529635633.316778000	0.234854	74	1
1529635633.317047000	0.235123	1294	0
1529635633.317338000	0.235414	1294	0
1529635633.317349000	0.235425	74	1
1529635633.317631000	0.235707	1294	0
1529635633.317945000	0.236021	1294	0
1529635633.317957000	0.236033	74	1
1529635633.318211000	0.236287	1294	0
1529635633.318499000	0.236575	1294	0
1529635633.318510000	0.236586	74	1
1529635633.318793000	0.236869	1294	0
1529635633.319082000	0.237158	1294	0
1529635633.319094000	0.23717	74	1
1529635633.319374000	0.23745	1294	0
1529635633.319660000	0.237736	1294	0
1529635633.319671000	0.237747	74	1
1529635633.319954000	0.23803	1294	0
1529635633.320383000	0.238459	1294	0
1529635633.320398000	0.238474	74	1
1529635633.320644000	0.23872	1294	0
1529635633.320959000	0.239035	1294	0
1529635633.320971000	0.239047	74	1
1529635633.321248000	0.239324	1294	0
1529635633.321555000	0.239631	1294	0
1529635633.321566000	0.239642	74	1
1529635633.321835000	0.239911	1294	0
1529635633.322121000	0.240197	1294	0
1529635633.322135000	0.240211	74	1
1529635633.322411000	0.240487	1294	0
1529635633.322701000	0.240777	1294	0
1529635633.322712000	0.240788	74	1
1529635633.322990000	0.241066	1294	0
1529635633.323282000	0.241358	1294	0
1529635633.323292000	0.241368	74	1
1529635633.323571000	0.241647	1294	0
1529635633.323864000	0.24194	1294	0
1529635633.323877000	0.241953	74	1
1529635633.324153000	0.242229	1294	0
1529635633.324445000	0.242521	1294	0
1529635633.324456000	0.242532	74	1
1529635633.324734000	0.24281	1294	0
1529635633.325077000	0.243153	1294	0
1529635633.325089000	0.243165	74	1
1529635633.325259000	0.243335	1294	0
1529635633.325366000	0.243442	1294	0
1529635633.325380000	0.243456	74	1
1529635633.325586000	0.243662	1294	0
1529635633.325864000	0.24394	1294	0
1529635633.325878000	0.243954	74	1
1529635633.326167000	0.244243	1294	0
1529635633.326451000	0.244527	1294	0
1529635633.326465000	0.244541	74	1
1529635633.326752000	0.244828	1294	0
1529635633.327028000	0.245104	1294	0
1529635633.327040000	0.245116	74	1
1529635633.327335000	0.245411	1294	0
1529635633.327619000	0.245695	1294	0
1529635633.327630000	0.245706	74	1
1529635633.327900000	0.245976	1294	0
1529635633.328193000	0.246269	1294	0
1529635633.328205000	0.246281	74	1
1529635633.328496000	0.246572	1294	0
1529635633.328780000	0.246856	1294	0
1529635633.328791000	0.246867	74	1
1529635633.329061000	0.247137	1294	0
1529635633.329335000	0.247411	1294	0
1529635633.329350000	0.247426	74	1
1529635633.329640000	0.247716	1294	0
1529635633.329946000	0.248022	1294	0
1529635633.329958000	0.248034	74	1
1529635633.330229000	0.248305	1294	0
1529635633.330521000	0.248597	1294	0
1529635633.330532000	0.248608	74	1
1529635633.330812000	0.248888	1294	0
1529635633.331125000	0.249201	1294	0
1529635633.331137000	0.249213	74	1
1529635633.331406000	0.249482	1294	0
1529635633.331691000	0.249767	1294	0
1529635633.331703000	0.249779	74	1
1529635633.331985000	0.250061	1294	0
1529635633.332285000	0.250361	1294	0
1529635633.332296000	0.250372	74	1
1529635633.332566000	0.250642	1294	0
1529635633.332857000	0.250933	1294	0
1529635633.332868000	0.250944	74	1
1529635633.333177000	0.251253	1294	0
1529635633.333441000	0.251517	1294	0
1529635633.333453000	0.251529	74	1
1529635633.333741000	0.251817	1294	0
1529635633.333744000	0.25182	1294	0
1529635633.333756000	0.251832	74	1
1529635633.334028000	0.252104	1294	0
1529635633.334320000	0.252396	1294	0
1529635633.334331000	0.252407	74	1
1529635633.334612000	0.252688	1294	0
1529635633.334897000	0.252973	1294	0
1529635633.334908000	0.252984	74	1
1529635633.335191000	0.253267	1294	0
1529635633.335514000	0.25359	1294	0
1529635633.335525000	0.253601	74	1
1529635633.335804000	0.25388	1294	0
1529635633.336097000	0.254173	1294	0
1529635633.336109000	0.254185	74	1
1529635633.336368000	0.254444	1294	0
1529635633.336666000	0.254742	1294	0
1529635633.336678000	0.254754	74	1
1529635633.336969000	0.255045	1294	0
1529635633.337261000	0.255337	1294	0
1529635633.337275000	0.255351	74	1
1529635633.337555000	0.255631	1294	0
1529635633.337831000	0.255907	1294	0
1529635633.337843000	0.255919	74	1
1529635633.338132000	0.256208	1294	0
1529635633.338420000	0.256496	1294	0
1529635633.338432000	0.256508	74	1
1529635633.338713000	0.256789	1294	0
1529635633.338993000	0.257069	1294	0
1529635633.339005000	0.257081	74	1
1529635633.339293000	0.257369	1294	0
1529635633.339584000	0.25766	1294	0
1529635633.339596000	0.257672	74	1
1529635633.339876000	0.257952	1294	0
1529635633.340148000	0.258224	1294	0
1529635633.340159000	0.258235	74	1
1529635633.340443000	0.258519	1294	0
1529635633.340805000	0.258881	1294	0
1529635633.340819000	0.258895	74	1
1529635633.341660000	0.259736	1294	0
1529635633.341663000	0.259739	1294	0
1529635633.341665000	0.259741	1294	0
1529635633.341667000	0.259743	1294	0
1529635633.341685000	0.259761	74	1
1529635633.342542000	0.260618	1294	0
1529635633.342545000	0.260621	1294	0
1529635633.342547000	0.260623	1294	0
1529635633.342565000	0.260641	74	1
1529635633.342765000	0.260841	1294	0
1529635633.343148000	0.261224	1294	0
1529635633.343161000	0.261237	74	1
1529635633.343368000	0.261444	1294	0
1529635633.343649000	0.261725	1294	0
1529635633.343662000	0.261738	74	1
1529635633.343935000	0.262011	1294	0
1529635633.344219000	0.262295	1294	0
1529635633.344232000	0.262308	74	1
1529635633.345050000	0.263126	1294	0
1529635633.345053000	0.263129	1294	0
1529635633.345074000	0.26315	74	1
1529635633.345145000	0.263221	1294	0
1529635633.345147000	0.263223	1294	0
1529635633.345159000	0.263235	74	1
1529635633.345398000	0.263474	1294	0
1529635633.345476000	0.263552	1294	0
1529635633.345486000	0.263562	74	1
1529635633.345743000	0.263819	1294	0
1529635633.346057000	0.264133	1294	0
1529635633.346069000	0.264145	74	1
1529635633.346345000	0.264421	1294	0
1529635633.346642000	0.264718	1294	0
1529635633.346655000	0.264731	74	1
1529635633.346932000	0.265008	1294	0
1529635633.347224000	0.2653	1294	0
1529635633.347235000	0.265311	74	1
1529635633.347515000	0.265591	1294	0
1529635633.347517000	0.265593	1294	0
1529635633.347530000	0.265606	74	1
1529635633.347827000	0.265903	1294	0
1529635633.348114000	0.26619	1294	0
1529635633.348128000	0.266204	74	1
1529635633.348404000	0.26648	1294	0
1529635633.348677000	0.266753	1294	0
1529635633.348688000	0.266764	74	1
1529635633.348983000	0.267059	1294	0
1529635633.349272000	0.267348	1294	0
1529635633.349283000	0.267359	74	1
1529635633.349561000	0.267637	1294	0
1529635633.349840000	0.267916	1294	0
1529635633.349854000	0.26793	74	1
1529635633.350149000	0.268225	1294	0
1529635633.350436000	0.268512	1294	0
1529635633.350447000	0.268523	74	1
1529635633.350730000	0.268806	1294	0
1529635633.350891000	0.268967	1294	0
1529635633.350918000	0.268994	74	1
1529635633.351204000	0.26928	1294	0
1529635633.351525000	0.269601	1294	0
1529635633.351537000	0.269613	74	1
1529635633.351796000	0.269872	1294	0
1529635633.352082000	0.270158	1294	0
1529635633.352094000	0.27017	74	1
1529635633.352381000	0.270457	1294	0
1529635633.352675000	0.270751	1294	0
1529635633.352688000	0.270764	74	1
1529635633.352954000	0.27103	1294	0
1529635633.353238000	0.271314	1294	0
1529635633.353250000	0.271326	74	1
1529635633.353531000	0.271607	1294	0
1529635633.353825000	0.271901	1294	0
1529635633.353836000	0.271912	74	1
1529635633.354106000	0.272182	1294	0
1529635633.354391000	0.272467	1294	0
1529635633.354403000	0.272479	74	1
1529635633.354711000	0.272787	1294	0
1529635633.355001000	0.273077	1294	0
1529635633.355012000	0.273088	74	1
1529635633.355300000	0.273376	1294	0
1529635633.355584000	0.27366	1294	0
1529635633.355597000	0.273673	74	1
1529635633.355862000	0.273938	1294	0
1529635633.356161000	0.274237	1294	0
1529635633.356173000	0.274249	74	1
1529635633.356457000	0.274533	1294	0
1529635633.356779000	0.274855	1294	0
1529635633.356793000	0.274869	74	1
1529635633.357015000	0.275091	1294	0
1529635633.357327000	0.275403	1294	0
1529635633.357339000	0.275415	74	1
1529635633.357581000	0.275657	1294	0
1529635633.357582000	0.275658	1294	0
1529635633.357595000	0.275671	74	1
1529635633.357860000	0.275936	1294	0
1529635633.358151000	0.276227	1294	0
1529635633.358165000	0.276241	74	1
1529635633.358442000	0.276518	1294	0
1529635633.358745000	0.276821	1294	0
1529635633.358757000	0.276833	74	1
1529635633.359008000	0.277084	1294	0
1529635633.359307000	0.277383	1294	0
1529635633.359321000	0.277397	74	1
1529635633.359631000	0.277707	1294	0
1529635633.359905000	0.277981	1294	0
1529635633.359918000	0.277994	74	1
1529635633.360193000	0.278269	1294	0
1529635633.360478000	0.278554	1294	0
1529635633.360490000	0.278566	74	1
1529635633.360782000	0.278858	1294	0
1529635633.361066000	0.279142	1294	0
1529635633.361079000	0.279155	74	1
1529635633.361353000	0.279429	1294	0
1529635633.361646000	0.279722	1294	0
1529635633.361658000	0.279734	74	1
1529635633.361946000	0.280022	1294	0
1529635633.362238000	0.280314	1294	0
1529635633.362249000	0.280325	74	1
1529635633.362524000	0.2806	1294	0
1529635633.362600000	0.280676	1294	0
1529635633.362610000	0.280686	74	1
1529635633.362818000	0.280894	1294	0
1529635633.362975000	0.281051	1294	0
1529635633.362990000	0.281066	74	1
1529635633.363095000	0.281171	1294	0
1529635633.363177000	0.281253	1294	0
1529635633.363199000	0.281275	74	1
1529635633.363398000	0.281474	1294	0
1529635633.363846000	0.281922	1294	0
1529635633.363858000	0.281934	74	1
1529635633.364136000	0.282212	1294	0
1529635633.364429000	0.282505	1294	0
1529635633.364440000	0.282516	74	1
1529635633.364734000	0.28281	1294	0
1529635633.365008000	0.283084	1294	0
1529635633.365020000	0.283096	74	1
1529635633.365302000	0.283378	1294	0
1529635633.365590000	0.283666	1294	0
1529635633.365601000	0.283677	74	1
1529635633.365945000	0.284021	1294	0
1529635633.366021000	0.284097	1294	0
1529635633.366031000	0.284107	74	1
1529635633.366246000	0.284322	1294	0
1529635633.366554000	0.28463	1294	0
1529635633.366567000	0.284643	74	1
1529635633.366772000	0.284848	1294	0
1529635633.366855000	0.284931	1294	0
1529635633.366865000	0.284941	74	1
1529635633.367093000	0.285169	1294	0
1529635633.367170000	0.285246	1294	0
1529635633.367180000	0.285256	74	1
1529635633.367353000	0.285429	1294	0
1529635633.367429000	0.285505	1294	0
1529635633.367439000	0.285515	74	1
1529635633.367720000	0.285796	1294	0
1529635633.368005000	0.286081	1294	0
1529635633.368016000	0.286092	74	1
1529635633.368110000	0.286186	1294	0
1529635633.368308000	0.286384	1294	0
1529635633.368320000	0.286396	74	1
1529635633.368608000	0.286684	1294	0
1529635633.368888000	0.286964	1294	0
1529635633.368901000	0.286977	74	1
1529635633.369177000	0.287253	1294	0
1529635633.369254000	0.28733	1294	0
1529635633.369264000	0.28734	74	1
1529635633.369519000	0.287595	1294	0
1529635633.369801000	0.287877	1294	0
1529635633.369813000	0.287889	74	1
1529635633.370090000	0.288166	1294	0
1529635633.370382000	0.288458	1294	0
1529635633.370393000	0.288469	74	1
1529635633.370487000	0.288563	1294	0
1529635633.370662000	0.288738	1294	0
1529635633.370675000	0.288751	74	1
1529635633.370773000	0.288849	1294	0
1529635633.370957000	0.289033	1294	0
1529635633.370970000	0.289046	74	1
1529635633.371034000	0.28911	1294	0
1529635633.371250000	0.289326	1294	0
1529635633.371267000	0.289343	74	1
1529635633.371334000	0.28941	1294	0
1529635633.371560000	0.289636	1294	0
1529635633.371574000	0.28965	74	1
1529635633.371670000	0.289746	1294	0
1529635633.372286000	0.290362	1294	0
1529635633.372299000	0.290375	74	1
1529635633.372566000	0.290642	1294	0
1529635633.372857000	0.290933	1294	0
1529635633.372869000	0.290945	74	1
1529635633.373048000	0.291124	1294	0
1529635633.373144000	0.29122	1294	0
1529635633.373154000	0.29123	74	1
1529635633.373328000	0.291404	1294	0
1529635633.373402000	0.291478	1294	0
1529635633.373412000	0.291488	74	1
1529635633.373728000	0.291804	1294	0
1529635633.374036000	0.292112	1294	0
1529635633.374047000	0.292123	74	1
1529635633.374140000	0.292216	1294	0
1529635633.374350000	0.292426	1294	0
1529635633.374360000	0.292436	74	1
1529635633.374624000	0.2927	1294	0
1529635633.374893000	0.292969	1294	0
1529635633.374905000	0.292981	74	1
1529635633.374998000	0.293074	1294	0
1529635633.375183000	0.293259	1294	0
1529635633.375195000	0.293271	74	1
1529635633.375516000	0.293592	1294	0
1529635633.375797000	0.293873	1294	0
1529635633.375808000	0.293884	74	1
1529635633.376087000	0.294163	1294	0
1529635633.376375000	0.294451	1294	0
1529635633.376388000	0.294464	74	1
1529635633.376479000	0.294555	1294	0
1529635633.376655000	0.294731	1294	0
1529635633.376667000	0.294743	74	1
1529635633.376748000	0.294824	1294	0
1529635633.376945000	0.295021	1294	0
1529635633.376958000	0.295034	74	1
1529635633.377142000	0.295218	1294	0
1529635633.377306000	0.295382	1294	0
1529635633.377320000	0.295396	74	1
1529635633.377533000	0.295609	1294	0
1529635633.377614000	0.29569	1294	0
1529635633.377632000	0.295708	74	1
1529635633.377835000	0.295911	1294	0
1529635633.377879000	0.295955	1294	0
1529635633.377889000	0.295965	74	1
1529635633.378151000	0.296227	1294	0
1529635633.378445000	0.296521	1294	0
1529635633.378456000	0.296532	74	1
1529635633.378655000	0.296731	1294	0
1529635633.378732000	0.296808	1294	0
1529635633.378741000	0.296817	74	1
1529635633.379022000	0.297098	1294	0
1529635633.379312000	0.297388	1294	0
1529635633.379323000	0.297399	74	1
1529635633.379452000	0.297528	1294	0
1529635633.379585000	0.297661	1294	0
1529635633.379594000	0.29767	74	1
1529635633.379784000	0.29786	1294	0
1529635633.379928000	0.298004	1294	0
1529635633.379942000	0.298018	74	1
1529635633.380115000	0.298191	1294	0
1529635633.380199000	0.298275	1294	0
1529635633.380216000	0.298292	74	1
1529635633.380743000	0.298819	1294	0
1529635633.381027000	0.299103	1294	0
1529635633.381041000	0.299117	74	1
1529635633.381591000	0.299667	1294	0
1529635633.381879000	0.299955	1294	0
1529635633.381891000	0.299967	74	1
1529635633.382159000	0.300235	1294	0
1529635633.382451000	0.300527	1294	0
1529635633.382462000	0.300538	74	1
1529635633.382759000	0.300835	1294	0
1529635633.383034000	0.30111	1294	0
1529635633.383046000	0.301122	74	1
1529635633.383573000	0.301649	1294	0
1529635633.383848000	0.301924	1294	0
1529635633.383863000	0.301939	74	1
1529635633.384146000	0.302222	1294	0
1529635633.384436000	0.302512	1294	0
1529635633.384448000	0.302524	74	1
1529635633.384736000	0.302812	1294	0
1529635633.385027000	0.303103	1294	0
1529635633.385038000	0.303114	74	1
1529635633.385549000	0.303625	1294	0
1529635633.385855000	0.303931	1294	0
1529635633.385866000	0.303942	74	1
1529635633.386160000	0.304236	1294	0
1529635633.386548000	0.304624	1294	0
1529635633.386560000	0.304636	74	1
1529635633.386849000	0.304925	1294	0
1529635633.387137000	0.305213	1294	0
1529635633.387150000	0.305226	74	1
1529635633.387434000	0.30551	1294	0
1529635633.387714000	0.30579	1294	0
1529635633.387725000	0.305801	74	1
1529635633.388021000	0.306097	1294	0
1529635633.388344000	0.30642	1294	0
1529635633.388357000	0.306433	74	1
1529635633.388600000	0.306676	1294	0
1529635633.388896000	0.306972	1294	0
1529635633.388909000	0.306985	74	1
1529635633.389591000	0.307667	1294	0
1529635633.389891000	0.307967	1294	0
1529635633.389903000	0.307979	74	1
1529635633.390173000	0.308249	1294	0
1529635633.390464000	0.30854	1294	0
1529635633.390474000	0.30855	74	1
1529635633.390760000	0.308836	1294	0
1529635633.391059000	0.309135	1294	0
1529635633.391071000	0.309147	74	1
1529635633.391469000	0.309545	1294	0
1529635633.391757000	0.309833	1294	0
1529635633.391769000	0.309845	74	1
1529635633.392050000	0.310126	1294	0
1529635633.392356000	0.310432	1294	0
1529635633.392367000	0.310443	74	1
1529635633.392623000	0.310699	1294	0
1529635633.392923000	0.310999	1294	0
1529635633.392936000	0.311012	74	1
1529635633.393555000	0.311631	1294	0
1529635633.393838000	0.311914	1294	0
1529635633.393849000	0.311925	74	1
1529635633.394128000	0.312204	1294	0
1529635633.394286000	0.312362	1294	0
1529635633.394313000	0.312389	74	1
1529635633.394400000	0.312476	1294	0
1529635633.394591000	0.312667	1294	0
1529635633.394605000	0.312681	74	1
1529635633.394879000	0.312955	1294	0
1529635633.394966000	0.313042	1294	0
1529635633.394977000	0.313053	74	1
1529635633.395185000	0.313261	1294	0
1529635633.395499000	0.313575	1294	0
1529635633.395511000	0.313587	74	1
1529635633.395804000	0.31388	1294	0
1529635633.395949000	0.314025	1294	0
1529635633.395960000	0.314036	74	1
1529635633.396083000	0.314159	1294	0
1529635633.396252000	0.314328	1294	0
1529635633.396261000	0.314337	74	1
1529635633.396522000	0.314598	1294	0
1529635633.396817000	0.314893	1294	0
1529635633.396829000	0.314905	74	1
1529635633.396928000	0.315004	1294	0
1529635633.397142000	0.315218	1294	0
1529635633.397156000	0.315232	74	1
1529635633.397235000	0.315311	1294	0
1529635633.397397000	0.315473	1294	0
1529635633.397409000	0.315485	74	1
1529635633.397530000	0.315606	1294	0
1529635633.397613000	0.315689	1294	0
1529635633.397625000	0.315701	74	1
1529635633.397931000	0.316007	1294	0
1529635633.398222000	0.316298	1294	0
1529635633.398233000	0.316309	74	1
1529635633.398511000	0.316587	1294	0
1529635633.398700000	0.316776	1294	0
1529635633.398710000	0.316786	74	1
1529635633.398781000	0.316857	1294	0
1529635633.399092000	0.317168	1294	0
1529635633.399105000	0.317181	74	1
1529635633.399379000	0.317455	1294	0
1529635633.399456000	0.317532	1294	0
1529635633.399466000	0.317542	74	1
1529635633.399654000	0.31773	1294	0
1529635633.399731000	0.317807	1294	0
1529635633.399741000	0.317817	74	1
1529635633.399992000	0.318068	1294	0
1529635633.400201000	0.318277	1294	0
1529635633.400213000	0.318289	74	1
1529635633.400496000	0.318572	1294	0
1529635633.400803000	0.318879	1294	0
1529635633.400815000	0.318891	74	1
1529635633.401097000	0.319173	1294	0
1529635633.401375000	0.319451	1294	0
1529635633.401386000	0.319462	74	1
1529635633.401502000	0.319578	1294	0
1529635633.401825000	0.319901	1294	0
1529635633.401839000	0.319915	74	1
1529635633.402103000	0.320179	1294	0
1529635633.402324000	0.3204	1294	0
1529635633.402336000	0.320412	74	1
1529635633.402431000	0.320507	1294	0
1529635633.402671000	0.320747	1294	0
1529635633.402683000	0.320759	74	1
1529635633.402793000	0.320869	1294	0
1529635633.402972000	0.321048	1294	0
1529635633.402983000	0.321059	74	1
1529635633.403261000	0.321337	1294	0
1529635633.403554000	0.32163	1294	0
1529635633.403566000	0.321642	74	1
1529635633.403830000	0.321906	1294	0
1529635633.403905000	0.321981	1294	0
1529635633.403916000	0.321992	74	1
1529635633.404183000	0.322259	1294	0
1529635633.404355000	0.322431	1294	0
1529635633.404366000	0.322442	74	1
1529635633.404465000	0.322541	1294	0
1529635633.404625000	0.322701	1294	0
1529635633.404636000	0.322712	74	1
1529635633.404963000	0.323039	1294	0
1529635633.405291000	0.323367	1294	0
1529635633.405304000	0.32338	74	1
1529635633.405451000	0.323527	1294	0
1529635633.405555000	0.323631	1294	0
1529635633.405572000	0.323648	74	1
1529635633.405843000	0.323919	1294	0
1529635633.405920000	0.323996	1294	0
1529635633.405929000	0.324005	74	1
1529635633.406120000	0.324196	1294	0
1529635633.406197000	0.324273	1294	0
1529635633.406211000	0.324287	74	1
1529635633.406422000	0.324498	1294	0
1529635633.406498000	0.324574	1294	0
1529635633.406507000	0.324583	74	1
1529635633.406732000	0.324808	1294	0
1529635633.407012000	0.325088	1294	0
1529635633.407014000	0.32509	1294	0
1529635633.407036000	0.325112	74	1
1529635633.407380000	0.325456	1294	0
1529635633.407727000	0.325803	1294	0
1529635633.407740000	0.325816	74	1
1529635633.408020000	0.326096	1294	0
1529635633.408308000	0.326384	1294	0
1529635633.408320000	0.326396	74	1
1529635633.408586000	0.326662	1294	0
1529635633.408871000	0.326947	1294	0
1529635633.408882000	0.326958	74	1
1529635633.409176000	0.327252	1294	0
1529635633.409420000	0.327496	1294	0
1529635633.409431000	0.327507	74	1
1529635633.409512000	0.327588	1294	0
1529635633.409698000	0.327774	1294	0
1529635633.409710000	0.327786	74	1
1529635633.409817000	0.327893	1294	0
1529635633.410031000	0.328107	1294	0
1529635633.410043000	0.328119	74	1
1529635633.410218000	0.328294	1294	0
1529635633.410373000	0.328449	1294	0
1529635633.410388000	0.328464	74	1
1529635633.410501000	0.328577	1294	0
1529635633.410745000	0.328821	1294	0
1529635633.410759000	0.328835	74	1
1529635633.410897000	0.328973	1294	0
1529635633.411203000	0.329279	1294	0
1529635633.411215000	0.329291	74	1
1529635633.411509000	0.329585	1294	0
1529635633.411667000	0.329743	1294	0
1529635633.411689000	0.329765	74	1
1529635633.411795000	0.329871	1294	0
1529635633.413437000	0.331513	1294	0
1529635633.413439000	0.331515	1294	0
1529635633.413442000	0.331518	1294	0
1529635633.413444000	0.33152	1294	0
1529635633.413446000	0.331522	1294	0
1529635633.413448000	0.331524	1294	0
1529635633.413450000	0.331526	1294	0
1529635633.413475000	0.331551	74	1
1529635633.413673000	0.331749	1294	0
1529635633.413676000	0.331752	1294	0
1529635633.413687000	0.331763	74	1
1529635633.413838000	0.331914	1294	0
1529635633.414121000	0.332197	1294	0
1529635633.414136000	0.332212	74	1
1529635633.414415000	0.332491	1294	0
1529635633.414704000	0.33278	1294	0
1529635633.414715000	0.332791	74	1
1529635633.415064000	0.33314	1294	0
1529635633.415066000	0.333142	1294	0
1529635633.415079000	0.333155	74	1
1529635633.415354000	0.33343	1294	0
1529635633.415356000	0.333432	1294	0
1529635633.415369000	0.333445	74	1
1529635633.415636000	0.333712	1294	0
1529635633.415849000	0.333925	1294	0
1529635633.415858000	0.333934	74	1
1529635633.415989000	0.334065	1294	0
1529635633.416310000	0.334386	1294	0
1529635633.416324000	0.3344	74	1
1529635633.416586000	0.334662	1294	0
1529635633.416862000	0.334938	1294	0
1529635633.416864000	0.33494	1294	0
1529635633.416877000	0.334953	74	1
1529635633.417153000	0.335229	1294	0
1529635633.417155000	0.335231	1294	0
1529635633.417167000	0.335243	74	1
1529635633.417463000	0.335539	1294	0
1529635633.417465000	0.335541	1294	0
1529635633.417479000	0.335555	74	1
1529635633.417733000	0.335809	1294	0
1529635633.418043000	0.336119	1294	0
1529635633.418055000	0.336131	74	1
1529635633.418240000	0.336316	971	0
1529635633.418570000	0.336646	74	1
1529635633.475013000	0.393089	74	0
1529635633.510297000	0.428373	74	0
1529635633.510315000	0.428391	74	1
