1527782282.031705000	0	894	1
1527782282.050926000	0.0192211	87	0
1527782282.290094000	0.258389	324	0
1527782282.291532000	0.259827	1412	0
1527782282.292956000	0.261251	1412	0
1527782282.293411000	0.261706	107	1
1527782282.294353000	0.262648	1412	0
1527782282.295790000	0.264085	180	0
1527782282.297168000	0.265463	1412	0
1527782282.297395000	0.26569	104	1
1527782282.298575000	0.26687	1412	0
1527782282.300037000	0.268332	1412	0
1527782282.301436000	0.269731	836	0
1527782282.301486000	0.269781	101	1
1527782282.302881000	0.271176	1412	0
1527782282.304243000	0.272538	1412	0
1527782282.304501000	0.272796	104	1
1527782282.305609000	0.273904	693	0
1527782282.307002000	0.275297	1412	0
1527782282.308433000	0.276728	1412	0
1527782282.308482000	0.276777	101	1
1527782282.309947000	0.278242	1412	0
1527782282.311317000	0.279612	188	0
1527782282.311527000	0.279822	104	1
1527782282.312700000	0.280995	1192	0
1527782282.315450000	0.283745	98	1
1527782282.318563000	0.286858	1412	0
1527782282.319975000	0.28827	1412	0
1527782282.321415000	0.28971	1412	0
1527782282.321464000	0.289759	101	1
1527782282.322821000	0.291116	188	0
1527782282.324189000	0.292484	1412	0
1527782282.324407000	0.292702	104	1
1527782282.325570000	0.293865	1412	0
1527782282.326986000	0.295281	1412	0
1527782282.328402000	0.296697	173	0
1527782282.328456000	0.296751	101	1
1527782282.329876000	0.298171	1412	0
1527782282.331235000	0.29953	1412	0
1527782282.331475000	0.29977	104	1
1527782282.332608000	0.300903	300	0
1527782282.334003000	0.302298	1412	0
1527782282.335434000	0.303729	1412	0
1527782282.335491000	0.303786	101	1
1527782282.336836000	0.305131	1412	0
1527782282.338149000	0.306444	188	0
1527782282.338391000	0.306686	104	1
1527782282.339579000	0.307874	84	0
1527782282.341011000	0.309306	1412	0
1527782282.342372000	0.310667	168	0
1527782282.342414000	0.310709	101	1
1527782282.343801000	0.312096	1412	0
1527782282.345194000	0.313489	1412	0
1527782282.345394000	0.313689	104	1
1527782282.346587000	0.314882	1412	0
1527782282.347948000	0.316243	188	0
1527782282.349383000	0.317678	84	0
1527782282.349384000	0.317679	101	1
1527782282.350975000	0.31927	1412	0
1527782282.352340000	0.320635	151	0
1527782282.352465000	0.32076	104	1
1527782282.353764000	0.322059	1412	0
1527782282.355159000	0.323454	1412	0
1527782282.356388000	0.324683	101	1
1527782282.356543000	0.324838	1412	0
1527782282.357914000	0.326209	188	0
1527782282.359399000	0.327694	101	1
1527782282.359524000	0.327819	84	0
1527782282.360953000	0.329248	792	0
1527782282.362368000	0.330663	1412	0
1527782282.362384000	0.330679	115	1
1527782282.363765000	0.33206	1412	0
1527782282.365165000	0.33346	1412	0
1527782282.365383000	0.333678	104	1
1527782282.366519000	0.334814	188	0
1527782282.367947000	0.336242	673	0
1527782282.369389000	0.337684	294	0
1527782282.369397000	0.337692	101	1
1527782282.372384000	0.340679	98	1
1527782282.390218000	0.358513	87	0
1527782282.796024000	0.764319	317	1
1527782282.796361000	0.764656	1412	1
1527782282.796401000	0.764696	916	1
1527782282.805877000	0.774172	412	1
1527782282.813683000	0.781978	87	0
1527782282.823206000	0.791501	87	0
1527782282.889232000	0.857527	400	0
1527782282.892825000	0.86112	80	0
1527782282.893432000	0.861727	110	1
1527782283.087802000	1.0561	228	1
1527782283.105350000	1.07365	87	0
1527782283.171394000	1.13969	303	0
1527782283.172821000	1.14112	1412	0
1527782283.174213000	1.14251	1412	0
1527782283.174466000	1.14276	107	1
1527782283.175609000	1.1439	1412	0
1527782283.176998000	1.14529	1412	0
1527782283.178394000	1.14669	1412	0
1527782283.179436000	1.14773	104	1
1527782283.179909000	1.1482	1169	0
1527782283.182100000	1.1504	92	0
1527782283.182437000	1.15073	101	1
1527782283.183494000	1.15179	117	0
1527782283.186864000	1.15516	98	1
1527782283.244539000	1.21283	387	0
1527782283.245952000	1.21425	1116	0
1527782283.247330000	1.21563	92	0
1527782283.248789000	1.21708	137	0
1527782283.309465000	1.27776	107	1
1527782283.407120000	1.37542	592	1
1527782283.415150000	1.38345	719	1
1527782283.429291000	1.39759	87	0
1527782283.434665000	1.40296	87	0
1527782283.557406000	1.5257	346	1
1527782283.575453000	1.54375	87	0
1527782283.587937000	1.55623	507	0
1527782283.590489000	1.55878	101	1
1527782283.594426000	1.56272	255	0
1527782283.595811000	1.56411	401	0
1527782283.597649000	1.56594	101	1
1527782283.654220000	1.62252	465	0
1527782283.655620000	1.62392	960	0
1527782283.656995000	1.62529	134	0
1527782283.658552000	1.62685	104	1
1527782284.027232000	1.99553	281	1
1527782284.027320000	1.99562	144	1
1527782284.047203000	2.0155	87	0
1527782284.097783000	2.06608	1412	0
1527782284.099218000	2.06751	1412	0
1527782284.100494000	2.06879	104	1
1527782284.100633000	2.06893	1412	0
1527782284.102075000	2.07037	670	0
1527782284.103465000	2.07176	92	0
1527782284.103521000	2.07182	101	1
1527782284.104840000	2.07314	116	0
1527782284.106553000	2.07485	101	1
1527782284.152229000	2.12052	155	1
1527782284.152328000	2.12062	190	1
1527782284.169246000	2.13754	87	0
1527782284.263410000	2.23171	592	0
1527782284.264785000	2.23308	92	0
1527782284.266182000	2.23448	119	0
1527782284.277796000	2.24609	107	1
1527782284.995870000	2.96417	405	1
1527782285.013131000	2.98143	87	0
1527782285.061140000	3.02944	1264	1
1527782285.079895000	3.04819	87	0
1527782285.096214000	3.06451	271	0
1527782285.097641000	3.06594	1412	0
1527782285.098674000	3.06697	107	1
1527782285.099088000	3.06738	997	0
1527782285.100463000	3.06876	92	0
1527782285.101537000	3.06983	101	1
1527782285.101857000	3.07015	251	0
1527782285.104991000	3.07329	98	1
1527782285.333104000	3.3014	1412	1
1527782285.333162000	3.30146	1412	1
1527782285.333199000	3.30149	265	1
1527782285.333264000	3.30156	844	1
1527782285.351185000	3.31948	87	0
1527782285.373453000	3.34175	459	0
1527782285.374822000	3.34312	129	0
1527782285.376575000	3.34487	104	1
1527782285.473344000	3.44164	1412	1
1527782285.473402000	3.4417	337	1
1527782285.491710000	3.46001	87	0
1527782285.570556000	3.53885	1412	0
1527782285.571940000	3.54024	1412	0
1527782285.573337000	3.54163	1412	0
1527782285.573580000	3.54188	107	1
1527782285.574737000	3.54303	537	0
1527782285.576138000	3.54443	286	0
1527782285.577591000	3.54589	101	1
1527782285.658714000	3.62701	1083	0
1527782285.661613000	3.62991	98	1
1527782285.956828000	3.92512	527	1
1527782285.956933000	3.92523	1412	1
1527782285.956971000	3.92527	1412	1
1527782285.957005000	3.9253	1412	1
1527782285.957042000	3.92534	1412	1
1527782285.957079000	3.92537	1412	1
1527782285.957102000	3.9254	1412	1
1527782285.957139000	3.92543	1412	1
1527782285.957167000	3.92546	1412	1
1527782285.957204000	3.9255	1412	1
1527782285.957233000	3.92553	1412	1
1527782285.957271000	3.92557	1412	1
1527782285.957305000	3.9256	1412	1
1527782285.957340000	3.92564	1280	1
1527782285.974131000	3.94243	87	0
1527782285.978300000	3.9466	87	0
1527782286.078587000	4.04688	398	0
1527782286.081512000	4.04981	80	0
1527782286.085513000	4.05381	107	1
1527782286.354162000	4.32246	1391	1
1527782286.381318000	4.34961	87	0
1527782286.515408000	4.4837	331	0
1527782286.516867000	4.48516	391	0
1527782286.519045000	4.48734	104	1
1527782287.888862000	5.85716	331	1
1527782287.888953000	5.85725	1412	1
1527782287.888990000	5.85729	988	1
1527782287.907429000	5.87572	87	0
1527782287.911952000	5.88025	251	1
1527782287.928863000	5.89716	87	0
1527782288.063742000	6.03204	468	0
1527782288.066233000	6.03453	80	0
1527782288.108530000	6.07683	468	0
1527782288.150496000	6.11879	80	0
1527782288.350380000	6.31868	582	0
1527782288.351737000	6.32003	483	0
1527782288.442482000	6.41078	119	1
1527782288.444465000	6.41276	101	1
1527782288.448746000	6.41704	251	1
1527782288.464778000	6.43307	87	0
1527782288.790964000	6.75926	848	0
1527782288.792368000	6.76066	1412	0
1527782288.793764000	6.76206	1412	0
1527782288.795161000	6.76346	1412	0
1527782288.796510000	6.76481	180	0
1527782288.797943000	6.76624	1412	0
1527782288.799400000	6.7677	1353	0
1527782288.800801000	6.7691	1412	0
1527782288.802197000	6.77049	1412	0
1527782288.803594000	6.77189	1412	0
1527782288.804953000	6.77325	188	0
1527782288.806368000	6.77466	1219	0
1527782288.807766000	6.77606	1412	0
1527782288.809266000	6.77756	1412	0
1527782288.810668000	6.77896	1412	0
1527782288.812090000	6.78039	188	0
1527782288.813271000	6.78157	128	1
1527782288.813483000	6.78178	84	0
1527782288.815506000	6.7838	116	1
1527782288.826304000	6.7946	1412	0
1527782288.827676000	6.79597	740	0
1527782288.829144000	6.79744	1412	0
1527782288.829472000	6.79777	104	1
1527782288.830568000	6.79886	1412	0
1527782288.831964000	6.80026	1412	0
1527782288.833328000	6.80162	188	0
1527782288.833482000	6.80178	104	1
1527782288.834720000	6.80301	84	0
1527782288.836165000	6.80446	750	0
1527782288.837582000	6.80588	98	1
1527782288.837619000	6.80591	1412	0
1527782288.839070000	6.80737	1412	0
1527782288.840470000	6.80877	1412	0
1527782288.841841000	6.81014	198	0
1527782288.842170000	6.81047	101	1
1527782288.843260000	6.81156	971	0
1527782288.844668000	6.81296	1412	0
1527782288.846062000	6.81436	1412	0
1527782288.847463000	6.81576	1412	0
1527782288.847550000	6.81585	113	1
1527782288.848875000	6.81717	188	0
1527782288.850259000	6.81855	84	0
1527782288.850508000	6.8188	98	1
1527782288.851686000	6.81998	1412	0
1527782288.853053000	6.82135	184	0
1527782288.853526000	6.82182	107	1
1527782288.854474000	6.82277	1412	0
1527782288.855868000	6.82416	1412	0
1527782288.857263000	6.82556	1412	0
1527782288.858672000	6.82697	188	0
1527782288.860095000	6.82839	1200	0
1527782288.861505000	6.8298	1412	0
1527782288.862897000	6.83119	1412	0
1527782288.864292000	6.83259	1412	0
1527782288.865657000	6.83395	188	0
1527782288.867068000	6.83536	965	0
1527782288.867171000	6.83547	125	1
1527782288.868473000	6.83677	1412	0
1527782288.869927000	6.83822	1301	0
1527782288.871503000	6.8398	101	1
1527782288.871877000	6.84017	749	0
1527782288.873296000	6.84159	1412	0
1527782288.874469000	6.84276	101	1
1527782288.874686000	6.84298	1328	0
1527782288.876085000	6.84438	1412	0
1527782288.877456000	6.84575	101	1
1527782288.877479000	6.84577	1412	0
1527782288.878906000	6.8472	340	0
1527782288.880298000	6.84859	92	0
1527782288.880453000	6.84875	104	1
1527782288.881712000	6.85001	145	0
1527782288.884493000	6.85279	98	1
1527782290.203485000	8.17178	431	1
1527782290.203563000	8.17186	144	1
1527782290.221133000	8.18943	87	0
1527782290.276783000	8.24508	1412	0
1527782290.278166000	8.24646	1412	0
1527782290.279628000	8.24792	1412	0
1527782290.279737000	8.24803	101	1
1527782290.281020000	8.24932	631	0
1527782290.282410000	8.25071	208	0
1527782290.282609000	8.2509	104	1
1527782290.285561000	8.25386	98	1
1527782291.413889000	9.38218	855	1
1527782291.413973000	9.38227	294	1
1527782291.418701000	9.387	303	1
1527782291.418795000	9.38709	1412	1
1527782291.418834000	9.38713	1412	1
1527782291.418883000	9.38718	979	1
1527782291.445097000	9.41339	87	0
1527782291.451565000	9.41986	87	0
1527782291.495361000	9.46366	399	1
1527782291.512568000	9.48086	87	0
1527782291.648570000	9.61687	301	0
1527782291.650005000	9.6183	103	0
1527782291.651714000	9.62001	104	1
1527782291.665783000	9.63408	269	0
1527782291.668672000	9.63697	98	1
1527782291.789577000	9.75787	454	0
1527782291.793839000	9.76213	98	1
1527782291.797865000	9.76616	80	0
1527782291.800666000	9.76896	98	1
1527782291.816569000	9.78486	1412	1
1527782291.816650000	9.78495	1412	1
1527782291.816672000	9.78497	499	1
1527782291.816741000	9.78504	844	1
1527782291.819929000	9.78822	360	0
1527782291.821359000	9.78965	1400	0
1527782291.822628000	9.79092	101	1
1527782291.822751000	9.79105	513	0
1527782291.824146000	9.79244	592	0
1527782291.825539000	9.79383	635	0
1527782291.825642000	9.79394	104	1
1527782291.826926000	9.79522	467	0
1527782291.828328000	9.79662	697	0
1527782291.829818000	9.79811	101	1
1527782291.830123000	9.79842	484	0
1527782291.832008000	9.8003	835	0
1527782291.832614000	9.80091	101	1
1527782291.833423000	9.80172	649	0
1527782291.835614000	9.80391	98	1
1527782291.835857000	9.80415	529	0
1527782291.837340000	9.80564	439	0
1527782291.838614000	9.80691	101	1
1527782291.838805000	9.8071	701	0
1527782291.840199000	9.80849	616	0
1527782291.841612000	9.80991	101	1
1527782291.847858000	9.81615	558	0
1527782291.850617000	9.81891	98	1
1527782291.850776000	9.81907	664	0
1527782291.852239000	9.82053	583	0
1527782291.853647000	9.82194	689	0
1527782291.853681000	9.82198	101	1
1527782291.856615000	9.82491	98	1
1527782291.858324000	9.82662	463	0
1527782291.859763000	9.82806	95	0
1527782291.860624000	9.82892	101	1
1527782291.861196000	9.82949	92	0
1527782291.862593000	9.83089	271	0
1527782291.863619000	9.83191	101	1
1527782292.402523000	10.3708	990	1
1527782292.402612000	10.3709	109	1
1527782292.404896000	10.3732	303	1
1527782292.406854000	10.3751	477	1
1527782292.406924000	10.3752	87	1
1527782292.423849000	10.3921	87	0
1527782292.433605000	10.4019	87	0
1527782292.446719000	10.415	477	1
1527782292.471482000	10.4398	87	0
1527782292.497269000	10.4656	87	0
1527782292.498285000	10.4666	87	1
1527782292.536375000	10.5047	87	0
1527782292.537779000	10.5061	306	0
1527782292.539243000	10.5075	151	0
1527782292.540646000	10.5089	92	0
1527782292.540741000	10.509	116	1
1527782292.542054000	10.5103	229	0
1527782292.543679000	10.512	101	1
1527782292.638803000	10.6071	275	0
1527782292.640174000	10.6085	103	0
1527782292.641698000	10.61	101	1
1527782292.663821000	10.6321	92	0
1527782292.665200000	10.6335	106	0
1527782292.666687000	10.635	101	1
1527782292.781200000	10.7495	245	0
1527782292.782583000	10.7509	141	0
1527782292.783698000	10.752	101	1
1527782292.788386000	10.7567	92	0
1527782292.789851000	10.7581	290	0
1527782292.790703000	10.759	101	1
1527782293.622786000	11.5911	392	1
1527782293.622868000	11.5912	260	1
1527782293.641825000	11.6101	87	0
1527782293.739009000	11.7073	418	1
1527782293.739092000	11.7074	94	1
1527782293.756092000	11.7244	87	0
1527782293.866203000	11.8345	259	0
1527782293.867586000	11.8359	366	0
1527782293.868756000	11.8371	107	1
1527782293.869756000	11.8381	133	0
1527782293.872746000	11.841	98	1
1527782294.273642000	12.2419	371	1
1527782294.273768000	12.2421	1412	1
1527782294.273806000	12.2421	1412	1
1527782294.273840000	12.2421	1412	1
1527782294.273863000	12.2422	1412	1
1527782294.273903000	12.2422	1412	1
1527782294.273939000	12.2422	1412	1
1527782294.273975000	12.2423	1412	1
1527782294.274010000	12.2423	1412	1
1527782294.274033000	12.2423	1412	1
1527782294.274103000	12.2424	1412	1
1527782294.274139000	12.2424	1412	1
1527782294.274173000	12.2425	1412	1
1527782294.275850000	12.2441	1412	1
1527782294.275879000	12.2442	1412	1
1527782294.275930000	12.2442	1412	1
1527782294.275974000	12.2443	1412	1
1527782294.277764000	12.2461	1412	1
1527782294.277789000	12.2461	1412	1
1527782294.277831000	12.2461	1412	1
1527782294.277865000	12.2462	1412	1
1527782294.277901000	12.2462	1412	1
1527782294.279758000	12.2481	1412	1
1527782294.279782000	12.2481	1412	1
1527782294.279818000	12.2481	1412	1
1527782294.279852000	12.2481	1412	1
1527782294.281757000	12.2501	1412	1
1527782294.281792000	12.2501	1412	1
1527782294.281821000	12.2501	1412	1
1527782294.281858000	12.2502	1412	1
1527782294.281893000	12.2502	1412	1
1527782294.283758000	12.2521	1412	1
1527782294.283793000	12.2521	1412	1
1527782294.283822000	12.2521	1412	1
1527782294.283872000	12.2522	766	1
1527782294.290834000	12.2591	100	0
1527782294.293758000	12.2621	98	1
1527782294.295420000	12.2637	87	0
1527782294.297335000	12.2656	87	0
1527782294.301531000	12.2698	87	0
1527782294.332064000	12.3004	235	0
1527782294.333457000	12.3018	146	0
1527782294.334873000	12.3032	110	1
1527782294.335934000	12.3042	92	0
1527782294.337278000	12.3056	169	0
1527782294.338787000	12.3071	101	1
1527782294.481366000	12.4497	383	0
1527782294.483873000	12.4522	98	1
1527782294.487502000	12.4558	80	0
1527782294.489869000	12.4582	98	1
1527782294.813193000	12.7815	359	1
1527782294.815246000	12.7835	295	1
1527782294.830767000	12.7991	87	0
1527782294.867260000	12.8356	376	1
1527782294.885282000	12.8536	87	0
1527782294.908804000	12.8771	342	1
1527782294.908891000	12.8772	271	1
1527782294.926441000	12.8947	87	0
1527782295.079667000	13.048	1412	1
1527782295.079720000	13.048	337	1
1527782295.095179000	13.0635	90	0
1527782295.097824000	13.0661	101	1
1527782295.098399000	13.0667	87	0
1527782295.114918000	13.0832	279	0
1527782295.116301000	13.0846	279	0
1527782295.117828000	13.0861	104	1
1527782295.121419000	13.0897	92	0
1527782295.122816000	13.0911	323	0
1527782295.123827000	13.0921	101	1
1527782295.154678000	13.123	609	0
1527782295.156045000	13.1243	803	0
1527782295.157420000	13.1257	92	0
1527782295.157826000	13.1261	104	1
1527782295.185442000	13.1537	349	0
1527782295.187613000	13.1559	115	1
1527782295.188584000	13.1569	146	0
1527782295.190042000	13.1583	92	0
1527782295.191433000	13.1597	101	0
1527782295.192834000	13.1611	104	1
1527782295.206814000	13.1751	104	0
1527782295.209822000	13.1781	98	1
1527782295.212003000	13.1803	763	0
1527782295.214843000	13.1831	98	1
1527782295.225268000	13.1936	605	1
1527782295.257777000	13.2261	87	0
1527782295.320129000	13.2884	784	1
1527782295.320215000	13.2885	253	1
1527782295.335096000	13.3034	306	0
1527782295.336509000	13.3048	87	0
1527782295.337884000	13.3062	118	0
1527782295.337965000	13.3063	104	1
1527782295.340040000	13.3083	92	0
1527782295.340908000	13.3092	101	1
1527782295.341469000	13.3098	154	0
1527782295.343912000	13.3122	98	1
1527782295.363636000	13.3319	246	0
1527782295.365102000	13.3334	360	0
1527782295.366492000	13.3348	234	0
1527782295.366951000	13.3352	104	1
1527782295.476896000	13.4452	267	0
1527782295.478282000	13.4466	146	0
1527782295.479738000	13.448	92	0
1527782295.479896000	13.4482	104	1
1527782295.481144000	13.4494	217	0
1527782295.484164000	13.4525	98	1
1527782295.874321000	13.8426	392	1
1527782295.874395000	13.8427	256	1
1527782295.894432000	13.8627	87	0
1527782296.013512000	13.9818	258	0
1527782296.014894000	13.9832	146	0
1527782296.015977000	13.9843	104	1
1527782296.018916000	13.9872	92	0
1527782296.020290000	13.9886	321	0
1527782296.021958000	13.9903	101	1
1527782296.285673000	14.254	391	1
1527782296.285746000	14.254	258	1
1527782296.303999000	14.2723	87	0
1527782296.423815000	14.3921	232	0
1527782296.425141000	14.3934	146	0
1527782296.426582000	14.3949	92	0
1527782296.426984000	14.3953	107	1
1527782296.427943000	14.3962	335	0
1527782296.430888000	14.3992	98	1
1527782296.900370000	14.8687	387	1
1527782296.900461000	14.8688	256	1
1527782296.918630000	14.8869	87	0
1527782297.189043000	15.1573	256	0
1527782297.190480000	15.1588	146	0
1527782297.192031000	15.1603	104	1
1527782297.192988000	15.1613	92	0
1527782297.194433000	15.1627	132	0
1527782297.196020000	15.1643	101	1
1527782297.517521000	15.4858	390	1
1527782297.517614000	15.4859	259	1
1527782297.555054000	15.5233	390	1
1527782297.555495000	15.5238	87	0
1527782297.581011000	15.5493	87	0
1527782297.735055000	15.7034	233	0
1527782297.736447000	15.7047	146	0
1527782297.737993000	15.7063	107	1
1527782297.742957000	15.7113	92	0
1527782297.744355000	15.7127	238	0
1527782297.745986000	15.7143	101	1
1527782298.008283000	15.9766	391	1
1527782298.008376000	15.9767	257	1
1527782298.038097000	16.0064	87	0
1527782298.381662000	16.35	280	0
1527782298.383029000	16.3513	146	0
1527782298.384103000	16.3524	104	1
1527782298.385351000	16.3536	92	0
1527782298.386762000	16.3551	264	0
1527782298.388019000	16.3563	101	1
1527782298.428106000	16.3964	392	1
1527782298.428196000	16.3965	260	1
1527782298.446339000	16.4146	87	0
1527782298.450393000	16.4187	87	0
1527782298.576022000	16.5443	235	0
1527782298.577417000	16.5457	148	0
1527782298.579103000	16.5474	107	1
1527782298.580054000	16.5483	92	0
1527782298.581449000	16.5497	147	0
1527782298.583097000	16.5514	101	1
1527782299.303772000	17.2721	388	1
1527782299.303833000	17.2721	256	1
1527782299.321578000	17.2899	87	0
1527782299.665503000	17.6338	256	0
1527782299.666885000	17.6352	148	0
1527782299.668172000	17.6365	104	1
1527782299.671438000	17.6397	92	0
1527782299.672838000	17.6411	186	0
1527782299.674095000	17.6424	101	1
1527782299.769451000	17.7377	391	1
1527782299.769543000	17.7378	262	1
1527782299.786882000	17.7552	87	0
1527782300.097642000	18.0659	305	0
1527782300.099086000	18.0674	148	0
1527782300.100113000	18.0684	104	1
1527782300.104309000	18.0726	92	0
1527782300.105707000	18.074	214	0
1527782300.107112000	18.0754	101	1
1527782300.201488000	18.1698	388	1
1527782300.201549000	18.1698	257	1
1527782300.219437000	18.1877	87	0
1527782300.395185000	18.3635	351	0
1527782300.396612000	18.3649	148	0
1527782300.398007000	18.3663	92	0
1527782300.398236000	18.3665	107	1
1527782300.399413000	18.3677	212	0
1527782300.402130000	18.3704	98	1
1527782300.458654000	18.4269	351	0
1527782300.461136000	18.4294	98	1
1527782300.570580000	18.5389	388	1
1527782300.570641000	18.5389	260	1
1527782300.607657000	18.576	87	0
1527782300.718509000	18.6868	235	0
1527782300.719942000	18.6882	148	0
1527782300.721147000	18.6894	104	1
1527782300.723883000	18.6922	92	0
1527782300.725286000	18.6936	158	0
1527782300.726139000	18.6944	101	1
1527782300.853124000	18.8214	990	1
1527782300.853242000	18.8215	261	1
1527782300.870662000	18.839	87	0
1527782301.000446000	18.9687	257	0
1527782301.001827000	18.9701	148	0
1527782301.003212000	18.9715	104	1
1527782301.005043000	18.9733	92	0
1527782301.006443000	18.9747	187	0
1527782301.008175000	18.9765	101	1
1527782301.396179000	19.3645	521	1
1527782301.396256000	19.3646	258	1
1527782301.413225000	19.3815	87	0
1527782301.529441000	19.4977	306	0
1527782301.530821000	19.4991	148	0
1527782301.532197000	19.5005	104	1
1527782301.534840000	19.5031	92	0
1527782301.536240000	19.5045	293	0
1527782301.537275000	19.5056	101	1
1527782301.621960000	19.5903	850	1
1527782301.622035000	19.5903	273	1
1527782301.640499000	19.6088	87	0
1527782301.770035000	19.7383	235	0
1527782301.771414000	19.7397	148	0
1527782301.773265000	19.7416	104	1
1527782301.774702000	19.743	92	0
1527782301.776101000	19.7444	89	0
1527782301.777218000	19.7455	101	1
1527782301.946089000	19.9144	392	1
1527782301.946181000	19.9145	256	1
1527782301.962967000	19.9313	87	0
1527782302.079803000	20.0481	257	0
1527782302.081289000	20.0496	148	0
1527782302.082269000	20.0506	104	1
1527782302.084647000	20.0529	92	0
1527782302.086103000	20.0544	180	0
1527782302.087237000	20.0555	101	1
1527782302.476925000	20.4452	392	1
1527782302.477013000	20.4453	263	1
1527782302.494385000	20.4627	87	0
1527782302.498933000	20.4672	87	0
1527782302.626705000	20.595	264	0
1527782302.628106000	20.5964	148	0
1527782302.629282000	20.5976	107	1
1527782302.629551000	20.5978	92	0
1527782302.630985000	20.5993	230	0
1527782302.632244000	20.6005	101	1
1527782302.672755000	20.6411	387	1
1527782302.672841000	20.6411	260	1
1527782302.689863000	20.6582	87	0
1527782302.808610000	20.7769	259	0
1527782302.810097000	20.7784	148	0
1527782302.811352000	20.7796	104	1
1527782302.814100000	20.7824	92	0
1527782302.815503000	20.7838	153	0
1527782302.817305000	20.7856	101	1
1527782302.933710000	20.902	388	1
1527782302.933800000	20.9021	256	1
1527782302.950665000	20.919	87	0
1527782303.070076000	21.0384	235	0
1527782303.071464000	21.0398	148	0
1527782303.073346000	21.0416	104	1
1527782303.074567000	21.0429	92	0
1527782303.075993000	21.0443	311	0
1527782303.077330000	21.0456	101	1
1527782303.446735000	21.415	393	1
1527782303.446796000	21.4151	271	1
1527782303.465022000	21.4333	87	0
1527782304.022309000	21.9906	257	0
1527782304.023664000	21.992	148	0
1527782304.025341000	21.9936	104	1
1527782304.028382000	21.9967	92	0
1527782304.029905000	21.9982	333	0
1527782304.031408000	21.9997	101	1
1527782304.155000000	22.1233	391	1
1527782304.155092000	22.1234	268	1
1527782304.170995000	22.1393	87	0
1527782304.174373000	22.1427	87	0
1527782304.285002000	22.2533	258	0
1527782304.286383000	22.2547	148	0
1527782304.287442000	22.2557	107	1
1527782304.291282000	22.2596	92	0
1527782304.292688000	22.261	153	0
1527782304.294424000	22.2627	101	1
1527782304.453742000	22.422	391	1
1527782304.453818000	22.4221	257	1
1527782304.472703000	22.441	87	0
1527782304.621276000	22.5896	235	0
1527782304.622747000	22.591	148	0
1527782304.624451000	22.5927	104	1
1527782304.627349000	22.5956	92	0
1527782304.628807000	22.5971	132	0
1527782304.630461000	22.5988	101	1
1527782304.932905000	22.9012	393	1
1527782304.932996000	22.9013	264	1
1527782304.950781000	22.9191	87	0
1527782305.304990000	23.2733	259	0
1527782305.306367000	23.2747	148	0
1527782305.307428000	23.2757	104	1
1527782305.310371000	23.2787	92	0
1527782305.311767000	23.2801	311	0
1527782305.313499000	23.2818	101	1
1527782305.446493000	23.4148	987	1
1527782305.446616000	23.4149	268	1
1527782305.480477000	23.4488	987	1
1527782305.514427000	23.4827	268	1
1527782305.523466000	23.4918	87	0
1527782305.525923000	23.4942	87	0
1527782305.538927000	23.5072	87	0
1527782305.583601000	23.5519	235	0
1527782305.584981000	23.5533	148	0
1527782305.586410000	23.5547	110	1
1527782305.587720000	23.556	92	0
1527782305.589262000	23.5576	153	0
1527782305.590439000	23.5587	101	1
1527782305.871414000	23.8397	527	1
1527782305.871489000	23.8398	260	1
1527782305.891154000	23.8594	87	0
1527782306.053840000	24.0221	303	0
1527782306.055163000	24.0235	148	0
1527782306.056540000	24.0248	104	1
1527782306.056546000	24.0248	92	0
1527782306.058014000	24.0263	94	0
1527782306.059535000	24.0278	101	1
1527782306.333089000	24.3014	850	1
1527782306.333180000	24.3015	262	1
1527782306.356569000	24.3249	87	0
1527782306.693893000	24.6622	349	0
1527782306.695273000	24.6636	148	0
1527782306.696491000	24.6648	104	1
1527782306.696654000	24.6649	92	0
1527782306.698055000	24.6664	115	0
1527782306.699484000	24.6678	101	1
1527782306.821256000	24.7896	387	1
1527782306.821315000	24.7896	264	1
1527782306.838422000	24.8067	87	0
1527782306.998553000	24.9668	259	0
1527782307.000026000	24.9683	148	0
1527782307.001599000	24.9699	104	1
1527782307.002688000	24.971	92	0
1527782307.004137000	24.9724	280	0
1527782307.005589000	24.9739	101	1
1527782307.256109000	25.2244	393	1
1527782307.256197000	25.2245	266	1
1527782307.274063000	25.2424	87	0
1527782307.627945000	25.5962	235	0
1527782307.629383000	25.5977	148	0
1527782307.630634000	25.5989	104	1
1527782307.633130000	25.6014	92	0
1527782307.634555000	25.6029	195	0
1527782307.635547000	25.6038	101	1
1527782307.789219000	25.7575	392	1
1527782307.789314000	25.7576	261	1
1527782307.807056000	25.7754	87	0
1527782307.923039000	25.8913	330	0
1527782307.924415000	25.8927	148	0
1527782307.925567000	25.8939	104	1
1527782307.929015000	25.8973	92	0
1527782307.930424000	25.8987	303	0
1527782307.931553000	25.8998	101	1
1527782308.241904000	26.2102	387	1
1527782308.241963000	26.2103	264	1
1527782308.260429000	26.2287	87	0
1527782308.608054000	26.5763	233	0
1527782308.609494000	26.5778	148	0
1527782308.610696000	26.579	104	1
1527782308.612571000	26.5809	92	0
1527782308.613900000	26.5822	115	0
1527782308.615683000	26.584	101	1
1527782308.662977000	26.6313	388	1
1527782308.663070000	26.6314	264	1
1527782308.682529000	26.6508	87	0
1527782308.793672000	26.762	260	0
1527782308.795080000	26.7634	148	0
1527782308.796705000	26.765	104	1
1527782308.797952000	26.7662	92	0
1527782308.799412000	26.7677	288	0
1527782308.800612000	26.7689	101	1
1527782308.972848000	26.9411	393	1
1527782308.972913000	26.9412	256	1
1527782308.990445000	26.9587	87	0
1527782309.101952000	27.0702	267	0
1527782309.103329000	27.0716	148	0
1527782309.104646000	27.0729	104	1
1527782309.106274000	27.0746	92	0
1527782309.107674000	27.076	165	0
1527782309.108618000	27.0769	101	1
1527782309.391979000	27.3603	388	1
1527782309.392058000	27.3604	260	1
1527782309.410377000	27.3787	87	0
1527782309.414687000	27.383	87	0
1527782309.544551000	27.5128	235	0
1527782309.545930000	27.5142	148	0
1527782309.547751000	27.516	107	1
1527782309.549130000	27.5174	92	0
1527782309.550553000	27.5188	300	0
1527782309.551659000	27.52	101	1
1527782309.885335000	27.8536	389	1
1527782309.885427000	27.8537	264	1
1527782309.902660000	27.871	87	0
1527782310.014968000	27.9833	259	0
1527782310.016420000	27.9847	148	0
1527782310.017772000	27.9861	104	1
1527782310.018854000	27.9871	92	0
1527782310.020186000	27.9885	182	0
1527782310.021766000	27.9901	101	1
1527782310.237243000	28.2055	388	1
1527782310.237315000	28.2056	261	1
1527782310.254768000	28.2231	87	0
1527782310.396461000	28.3648	232	0
1527782310.397863000	28.3662	148	0
1527782310.399747000	28.368	92	0
1527782310.399818000	28.3681	104	1
1527782310.401162000	28.3695	320	0
1527782310.402730000	28.371	101	1
1527782310.647016000	28.6153	985	1
1527782310.647078000	28.6154	261	1
1527782310.665135000	28.6334	87	0
1527782310.773681000	28.742	256	0
1527782310.775061000	28.7434	148	0
1527782310.776815000	28.7451	104	1
1527782310.778130000	28.7464	92	0
1527782310.779628000	28.7479	170	0
1527782310.780725000	28.749	101	1
1527782317.174936000	35.1432	521	1
1527782317.175025000	35.1433	261	1
1527782317.192810000	35.1611	87	0
1527782317.562092000	35.5304	260	0
1527782317.563478000	35.5318	148	0
1527782317.565391000	35.5337	104	1
1527782317.566462000	35.5348	92	0
1527782317.568057000	35.5364	278	0
1527782317.569308000	35.5376	101	1
1527782317.602935000	35.5712	851	1
1527782317.603008000	35.5713	268	1
1527782317.619975000	35.5883	87	0
1527782317.754544000	35.7228	235	0
1527782317.755923000	35.7242	148	0
1527782317.757322000	35.7256	104	1
1527782317.759041000	35.7273	92	0
1527782317.760451000	35.7287	172	0
1527782317.762347000	35.7306	101	1
1527782317.821525000	35.7898	389	1
1527782317.821599000	35.7899	266	1
1527782317.838352000	35.8066	87	0
1527782318.180884000	36.1492	257	0
1527782318.182281000	36.1506	148	0
1527782318.183340000	36.1516	104	1
1527782318.183664000	36.152	92	0
1527782318.185653000	36.1539	159	0
1527782318.186356000	36.1547	101	1
1527782318.234866000	36.2032	391	1
1527782318.234939000	36.2032	266	1
1527782318.260525000	36.2288	87	0
1527782318.261935000	36.2302	87	0
1527782318.381605000	36.3499	281	0
1527782318.382987000	36.3513	148	0
1527782318.384381000	36.3527	107	1
1527782318.385776000	36.3541	92	0
1527782318.387177000	36.3555	179	0
1527782318.388362000	36.3567	101	1
1527782318.456903000	36.4252	388	1
1527782318.456991000	36.4253	266	1
1527782318.474978000	36.4433	87	0
1527782318.594778000	36.5631	351	0
1527782318.596140000	36.5644	148	0
1527782318.597452000	36.5657	104	1
1527782318.600560000	36.5689	92	0
1527782318.601961000	36.5703	230	0
1527782318.603481000	36.5718	101	1
1527782318.678658000	36.647	393	1
1527782318.678724000	36.647	261	1
1527782318.696415000	36.6647	87	0
1527782318.811759000	36.7801	257	0
1527782318.813139000	36.7814	148	0
1527782318.814454000	36.7827	104	1
1527782318.816751000	36.785	92	0
1527782318.818134000	36.7864	238	0
1527782318.819386000	36.7877	101	1
1527782323.794310000	41.7626	388	1
1527782323.794403000	41.7627	256	1
1527782323.812133000	41.7804	87	0
1527782323.926088000	41.8944	257	0
1527782323.927469000	41.8958	148	0
1527782323.928759000	41.8971	104	1
1527782323.929443000	41.8977	92	0
1527782323.930846000	41.8991	233	0
1527782323.931666000	41.9	101	1
1527782324.031856000	42.0002	391	1
1527782324.031921000	42.0002	256	1
1527782324.049498000	42.0178	87	0
1527782324.193732000	42.162	306	0
1527782324.195129000	42.1634	148	0
1527782324.196529000	42.1648	92	0
1527782324.196793000	42.1651	107	1
1527782324.198002000	42.1663	250	0
1527782324.200711000	42.169	98	1
1527782324.251548000	42.2198	392	1
1527782324.251640000	42.2199	260	1
1527782324.270114000	42.2384	87	0
1527782324.599632000	42.5679	235	0
1527782324.601042000	42.5693	148	0
1527782324.602800000	42.5711	104	1
1527782324.604337000	42.5726	92	0
1527782324.605740000	42.574	260	0
1527782324.606709000	42.575	101	1
1527782324.778137000	42.7464	388	1
1527782324.778225000	42.7465	260	1
1527782324.795521000	42.7638	87	0
1527782324.969746000	42.938	257	0
1527782324.971137000	42.9394	148	0
1527782324.972819000	42.9411	104	1
1527782324.973005000	42.9413	92	0
1527782324.974407000	42.9427	292	0
1527782324.975804000	42.9441	101	1
1527782325.252682000	43.221	392	1
1527782325.252766000	43.2211	264	1
1527782325.271177000	43.2395	87	0
1527782325.274468000	43.2428	87	0
1527782325.417476000	43.3858	265	0
1527782325.418843000	43.3871	148	0
1527782325.420764000	43.3891	107	1
1527782325.422539000	43.3908	92	0
1527782325.423939000	43.3922	162	0
1527782325.424766000	43.3931	101	1
1527782325.668203000	43.6365	985	1
1527782325.668265000	43.6366	261	1
1527782325.686083000	43.6544	87	0
1527782325.814018000	43.7823	259	0
1527782325.815451000	43.7837	148	0
1527782325.816868000	43.7852	104	1
1527782325.818648000	43.7869	92	0
1527782325.820008000	43.7883	325	0
1527782325.821883000	43.7902	101	1
1527782326.016053000	43.9843	526	1
1527782326.016127000	43.9844	257	1
1527782326.034651000	44.0029	87	0
1527782326.171089000	44.1394	233	0
1527782326.172498000	44.1408	148	0
1527782326.173846000	44.1421	92	0
1527782326.173897000	44.1422	104	1
1527782326.175308000	44.1436	214	0
1527782326.176975000	44.1453	101	1
1527782326.756302000	44.7246	849	1
1527782326.756393000	44.7247	258	1
1527782326.775295000	44.7436	87	0
1527782326.911597000	44.8799	257	0
1527782326.912934000	44.8812	148	0
1527782326.914904000	44.8832	104	1
1527782326.916898000	44.8852	92	0
1527782326.918359000	44.8867	311	0
1527782326.919839000	44.8881	101	1
1527782326.985932000	44.9542	387	1
1527782326.986014000	44.9543	256	1
1527782327.002770000	44.9711	87	0
1527782327.113910000	45.0822	258	0
1527782327.115290000	45.0836	148	0
1527782327.116938000	45.0852	104	1
1527782327.120231000	45.0885	92	0
1527782327.121668000	45.09	234	0
1527782327.122856000	45.0912	101	1
1527782327.195967000	45.1643	388	1
1527782327.196041000	45.1643	257	1
1527782327.213497000	45.1818	87	0
1527782327.564103000	45.5324	235	0
1527782327.565506000	45.5338	148	0
1527782327.566966000	45.5353	104	1
1527782327.570467000	45.5388	92	0
1527782327.571881000	45.5402	228	0
1527782327.572887000	45.5412	101	1
1527782327.613966000	45.5823	389	1
1527782327.614056000	45.5824	260	1
1527782327.631678000	45.6	87	0
1527782327.790127000	45.7584	260	0
1527782327.791518000	45.7598	148	0
1527782327.792986000	45.7613	104	1
1527782327.794310000	45.7626	92	0
1527782327.795716000	45.764	320	0
1527782327.796889000	45.7652	101	1
1527782328.147299000	46.1156	390	1
1527782328.147363000	46.1157	258	1
1527782328.168742000	46.137	87	0
1527782328.170136000	46.1384	87	0
1527782328.284301000	46.2526	235	0
1527782328.285927000	46.2542	148	0
1527782328.287010000	46.2553	107	1
1527782328.297505000	46.2658	92	0
1527782328.298963000	46.2673	107	0
1527782328.299917000	46.2682	101	1
1527782328.331151000	46.2994	92	0
1527782328.334022000	46.3023	98	1
1527782328.437447000	46.4057	388	1
1527782328.437508000	46.4058	260	1
1527782328.454678000	46.423	87	0
1527782328.582089000	46.5504	279	0
1527782328.583481000	46.5518	148	0
1527782328.585011000	46.5533	104	1
1527782328.585481000	46.5538	92	0
1527782328.586884000	46.5552	218	0
1527782328.587939000	46.5562	101	1
1527782328.991532000	46.9598	387	1
1527782328.991624000	46.9599	257	1
1527782329.010958000	46.9793	87	0
1527782329.364507000	47.3328	375	0
1527782329.365885000	47.3342	148	0
1527782329.367079000	47.3354	104	1
1527782329.367889000	47.3362	92	0
1527782329.369275000	47.3376	193	0
1527782329.371082000	47.3394	101	1
1527782329.416442000	47.3847	393	1
1527782329.416533000	47.3848	261	1
1527782329.433949000	47.4022	87	0
1527782329.545938000	47.5142	233	0
1527782329.547246000	47.5155	148	0
1527782329.549090000	47.5174	104	1
1527782329.550033000	47.5183	92	0
1527782329.551438000	47.5197	328	0
1527782329.553005000	47.5213	101	1
1527782329.731229000	47.6995	392	1
1527782329.731294000	47.6996	256	1
1527782329.748424000	47.7167	87	0
1527782329.896625000	47.8649	257	0
1527782329.898015000	47.8663	148	0
1527782329.899097000	47.8674	104	1
1527782329.900843000	47.8691	92	0
1527782329.903078000	47.8714	98	1
1527782329.932020000	47.9003	347	0
1527782329.935090000	47.9034	98	1
1527782330.552603000	48.5209	390	1
1527782330.552689000	48.521	259	1
1527782330.570567000	48.5389	87	0
1527782330.575600000	48.5439	87	0
1527782330.680711000	48.649	309	0
1527782330.682077000	48.6504	148	0
1527782330.684155000	48.6525	107	1
1527782330.685825000	48.6541	92	0
1527782330.687245000	48.6555	181	0
1527782330.688052000	48.6563	101	1
1527782330.781666000	48.75	987	1
1527782330.781748000	48.75	259	1
1527782330.811631000	48.7799	87	0
1527782330.921552000	48.8898	257	0
1527782330.923014000	48.8913	148	0
1527782330.924097000	48.8924	104	1
1527782330.925066000	48.8934	92	0
1527782330.926478000	48.8948	86	0
1527782330.928077000	48.8964	101	1
1527782331.012030000	48.9803	525	1
1527782331.012088000	48.9804	257	1
1527782331.029956000	48.9983	87	0
1527782331.363436000	49.3317	233	0
1527782331.364821000	49.3331	148	0
1527782331.366175000	49.3345	104	1
1527782331.442141000	49.4104	92	0
1527782331.443606000	49.4119	222	0
1527782331.445172000	49.4135	101	1
1527782331.711768000	49.6801	846	1
1527782331.711835000	49.6801	256	1
1527782331.729011000	49.6973	87	0
1527782331.837901000	49.8062	292	0
1527782331.839355000	49.8077	148	0
1527782331.841141000	49.8094	104	1
1527782331.846883000	49.8152	92	0
1527782331.848326000	49.8166	165	0
1527782331.849120000	49.8174	101	1
1527782331.941401000	49.9097	389	1
1527782331.941463000	49.9098	259	1
1527782331.958693000	49.927	87	0
1527782332.109689000	50.078	236	0
1527782332.111000000	50.0793	148	0
1527782332.112180000	50.0805	104	1
1527782332.114551000	50.0828	92	0
1527782332.115952000	50.0842	195	0
1527782332.117138000	50.0854	101	1
1527782332.290395000	50.2587	390	1
1527782332.290456000	50.2588	257	1
1527782332.309676000	50.278	87	0
1527782332.437305000	50.4056	235	0
1527782332.438769000	50.4071	148	0
1527782332.440180000	50.4085	104	1
1527782332.442805000	50.4111	92	0
1527782332.444155000	50.4125	130	0
1527782332.445157000	50.4135	101	1
1527782333.120819000	51.0891	388	1
1527782333.120913000	51.0892	259	1
1527782333.140252000	51.1085	87	0
1527782333.271633000	51.2399	257	0
1527782333.273022000	51.2413	148	0
1527782333.274258000	51.2426	104	1
1527782333.275358000	51.2437	92	0
1527782333.276831000	51.2451	286	0
1527782333.278231000	51.2465	101	1
1527782340.872928000	58.8412	370	1
1527782340.873029000	58.8413	1412	1
1527782340.873070000	58.8414	1412	1
1527782340.873104000	58.8414	1412	1
1527782340.873138000	58.8414	252	1
1527782340.892945000	58.8612	87	0
1527782341.013744000	58.982	413	0
1527782341.016491000	58.9848	101	1
1527782341.020235000	58.9885	80	0
1527782341.023518000	58.9918	98	1
1527782341.072776000	59.0411	388	1
1527782341.072853000	59.0411	259	1
1527782341.090600000	59.0589	87	0
1527782341.197961000	59.1663	258	0
1527782341.199411000	59.1677	148	0
1527782341.200556000	59.1689	104	1
1527782341.202296000	59.1706	92	0
1527782341.203697000	59.172	258	0
1527782341.205543000	59.1738	101	1
1527782341.290819000	59.2591	388	1
1527782341.290876000	59.2592	259	1
1527782341.309500000	59.2778	87	0
1527782341.424042000	59.3923	281	0
1527782341.425443000	59.3937	148	0
1527782341.426582000	59.3949	104	1
1527782341.427516000	59.3958	92	0
1527782341.429006000	59.3973	248	0
1527782341.430556000	59.3989	101	1
1527782341.913460000	59.8818	392	1
1527782341.913535000	59.8818	265	1
1527782341.930479000	59.8988	87	0
1527782342.054150000	60.0224	372	0
1527782342.055546000	60.0238	148	0
1527782342.056598000	60.0249	104	1
1527782342.060391000	60.0287	92	0
1527782342.061793000	60.0301	160	0
1527782342.063504000	60.0318	101	1
1527782342.403130000	60.3714	391	1
1527782342.403224000	60.3715	266	1
1527782342.419881000	60.3882	87	0
1527782342.425723000	60.394	87	0
1527782342.553158000	60.5215	233	0
1527782342.554546000	60.5228	148	0
1527782342.555630000	60.5239	107	1
1527782342.556573000	60.5249	92	0
1527782342.558036000	60.5263	306	0
1527782342.559614000	60.5279	101	1
1527782342.612716000	60.581	388	1
1527782342.612780000	60.5811	265	1
1527782342.631629000	60.5999	87	0
1527782342.739408000	60.7077	233	0
1527782342.740857000	60.7092	148	0
1527782342.742640000	60.7109	104	1
1527782342.743160000	60.7115	92	0
1527782342.744586000	60.7129	103	0
1527782342.745544000	60.7138	101	1
1527782342.821766000	60.7901	989	1
1527782342.821829000	60.7901	259	1
1527782342.839382000	60.8077	87	0
1527782342.950571000	60.9189	257	0
1527782342.951888000	60.9202	148	0
1527782342.953666000	60.922	104	1
1527782342.953939000	60.9222	92	0
1527782342.955341000	60.9236	195	0
1527782342.956560000	60.9249	101	1
1527782343.083956000	61.0523	525	1
1527782343.084048000	61.0523	261	1
1527782343.101611000	61.0699	87	0
1527782343.252986000	61.2213	305	0
1527782343.254378000	61.2227	148	0
1527782343.255652000	61.2239	104	1
1527782343.262017000	61.2303	92	0
1527782343.263431000	61.2317	233	0
1527782343.264577000	61.2329	101	1
1527782343.531965000	61.5003	850	1
1527782343.532052000	61.5003	260	1
1527782343.550911000	61.5192	87	0
1527782343.662318000	61.6306	235	0
1527782343.663645000	61.6319	148	0
1527782343.665687000	61.634	104	1
1527782343.666154000	61.6344	92	0
1527782343.667608000	61.6359	133	0
1527782343.668607000	61.6369	101	1
1527782343.932980000	61.9013	391	1
1527782343.933073000	61.9014	257	1
1527782343.949788000	61.9181	87	0
1527782344.070042000	62.0383	258	0
1527782344.071432000	62.0397	148	0
1527782344.072634000	62.0409	104	1
1527782344.072802000	62.0411	92	0
1527782344.074214000	62.0425	254	0
1527782344.075639000	62.0439	101	1
1527782344.434025000	62.4023	393	1
1527782344.434086000	62.4024	276	1
1527782344.455080000	62.4234	87	0
1527782344.564416000	62.5327	265	0
1527782344.565755000	62.534	148	0
1527782344.567761000	62.5361	104	1
1527782344.569111000	62.5374	92	0
1527782344.570514000	62.5388	197	0
1527782344.571668000	62.54	101	1
1527782344.845081000	62.8134	388	1
1527782344.845127000	62.8134	257	1
1527782344.862953000	62.8312	87	0
1527782344.979935000	62.9482	256	0
1527782344.981320000	62.9496	148	0
1527782344.982765000	62.9511	104	1
1527782344.984921000	62.9532	92	0
1527782344.986324000	62.9546	194	0
1527782344.987672000	62.956	101	1
1527782345.196077000	63.1644	392	1
1527782345.196143000	63.1644	256	1
1527782345.214050000	63.1823	87	0
1527782345.543788000	63.5121	235	0
1527782345.545183000	63.5135	148	0
1527782345.546789000	63.5151	104	1
1527782345.548749000	63.517	92	0
1527782345.550148000	63.5184	205	0
1527782345.551719000	63.52	101	1
1527782351.265257000	69.2336	371	1
1527782351.265342000	69.2336	1412	1
1527782351.265366000	69.2337	1412	1
1527782351.265407000	69.2337	1412	1
1527782351.265440000	69.2337	1367	1
1527782351.281978000	69.2503	87	0
1527782351.285127000	69.2534	87	0
1527782351.414511000	69.3828	398	0
1527782351.415883000	69.3842	80	0
1527782351.417046000	69.3853	107	1
1527782353.080770000	71.0491	389	1
1527782353.080836000	71.0491	259	1
1527782353.098090000	71.0664	87	0
1527782353.210511000	71.1788	259	0
1527782353.211840000	71.1801	148	0
1527782353.213132000	71.1814	104	1
1527782353.216846000	71.1851	92	0
1527782353.218233000	71.1865	216	0
1527782353.219136000	71.1874	101	1
1527782353.344383000	71.3127	392	1
1527782353.344460000	71.3128	268	1
1527782353.362999000	71.3313	87	0
1527782353.521971000	71.4903	305	0
1527782353.523329000	71.4916	148	0
1527782353.525180000	71.4935	104	1
1527782353.525661000	71.494	92	0
1527782353.527128000	71.4954	298	0
1527782353.528158000	71.4965	101	1
1527782353.608274000	71.5766	389	1
1527782353.608338000	71.5766	257	1
1527782353.625991000	71.5943	87	0
1527782353.630730000	71.599	87	0
1527782353.737872000	71.7062	305	0
1527782353.739309000	71.7076	148	0
1527782353.741345000	71.7096	107	1
1527782353.743714000	71.712	92	0
1527782353.745117000	71.7134	289	0
1527782353.746158000	71.7145	101	1
1527782353.868875000	71.8372	989	1
1527782353.868966000	71.8373	259	1
1527782353.888097000	71.8564	87	0
1527782353.893035000	71.8613	87	0
1527782354.015348000	71.9836	302	0
1527782354.016686000	71.985	148	0
1527782354.018188000	71.9865	107	1
1527782354.021028000	71.9893	92	0
1527782354.022438000	71.9907	260	0
1527782354.024200000	71.9925	101	1
1527782354.265727000	72.234	505	1
1527782354.265818000	72.2341	1412	1
1527782354.265843000	72.2341	1412	1
1527782354.265883000	72.2342	1412	1
1527782354.265917000	72.2342	1412	1
1527782354.265951000	72.2342	1412	1
1527782354.265974000	72.2343	1412	1
1527782354.266019000	72.2343	1412	1
1527782354.266054000	72.2343	1412	1
1527782354.266090000	72.2344	1412	1
1527782354.266122000	72.2344	1412	1
1527782354.266159000	72.2345	1412	1
1527782354.266205000	72.2345	1412	1
1527782354.266228000	72.2345	1412	1
1527782354.266246000	72.2345	138	1
1527782354.279426000	72.2477	780	1
1527782354.279493000	72.2478	259	1
1527782354.300190000	72.2685	87	0
1527782354.301600000	72.2699	87	0
1527782354.306137000	72.2744	87	0
1527782354.430115000	72.3984	376	0
1527782354.432048000	72.4003	308	0
1527782354.433246000	72.4015	110	1
1527782354.433463000	72.4018	148	0
1527782354.434988000	72.4033	92	0
1527782354.436218000	72.4045	101	1
1527782354.436465000	72.4048	202	0
1527782354.437853000	72.4061	80	0
1527782354.439218000	72.4075	101	1
1527782354.649401000	72.6177	388	1
1527782354.649469000	72.6178	257	1
1527782354.666579000	72.6349	87	0
1527782354.785577000	72.7539	235	0
1527782354.786979000	72.7553	148	0
1527782354.788259000	72.7566	104	1
1527782354.790222000	72.7585	92	0
1527782354.791681000	72.76	135	0
1527782354.793235000	72.7615	101	1
1527782355.195492000	73.1638	393	1
1527782355.195568000	73.1639	262	1
1527782355.213418000	73.1817	87	0
1527782355.339565000	73.3079	258	0
1527782355.340960000	73.3093	148	0
1527782355.342328000	73.3106	104	1
1527782355.344865000	73.3132	92	0
1527782355.346231000	73.3145	155	0
1527782355.347247000	73.3155	101	1
1527782355.569711000	73.538	393	1
1527782355.569773000	73.5381	261	1
1527782355.588143000	73.5564	87	0
1527782355.710155000	73.6785	264	0
1527782355.711597000	73.6799	148	0
1527782355.713314000	73.6816	104	1
1527782355.714234000	73.6825	92	0
1527782355.715672000	73.684	215	0
1527782355.717334000	73.6856	101	1
1527782356.068486000	74.0368	390	1
1527782356.068563000	74.0369	258	1
1527782356.086082000	74.0544	87	0
1527782356.090182000	74.0585	87	0
1527782356.216359000	74.1847	258	0
1527782356.217819000	74.1861	148	0
1527782356.219348000	74.1876	92	0
1527782356.219430000	74.1877	107	1
1527782356.220793000	74.1891	197	0
1527782356.222368000	74.1907	101	1
1527782356.464382000	74.4327	393	1
1527782356.464457000	74.4328	260	1
1527782356.482695000	74.451	87	0
1527782356.615978000	74.5843	233	0
1527782356.617360000	74.5857	148	0
1527782356.618420000	74.5867	104	1
1527782356.619727000	74.588	92	0
1527782356.621132000	74.5894	283	0
1527782356.622327000	74.5906	101	1
1527782356.889554000	74.8578	387	1
1527782356.889635000	74.8579	261	1
1527782356.909570000	74.8779	87	0
1527782357.039457000	75.0078	259	0
1527782357.040877000	75.0092	148	0
1527782357.042427000	75.0107	104	1
1527782357.043673000	75.012	92	0
1527782357.045074000	75.0134	86	0
1527782357.046416000	75.0147	101	1
1527782361.810679000	79.779	389	1
1527782361.810764000	79.7791	262	1
1527782361.827390000	79.7957	87	0
1527782361.962085000	79.9304	259	0
1527782361.963500000	79.9318	148	0
1527782361.964654000	79.9329	104	1
1527782361.966464000	79.9348	92	0
1527782361.968047000	79.9363	270	0
1527782361.969634000	79.9379	101	1
1527782362.038909000	80.0072	389	1
1527782362.039001000	80.0073	262	1
1527782362.074656000	80.043	389	1
1527782362.081550000	80.0498	87	0
1527782362.083531000	80.0518	87	0
1527782362.099123000	80.0674	87	0
1527782362.171111000	80.1394	235	0
1527782362.172503000	80.1408	148	0
1527782362.173703000	80.142	110	1
1527782362.173912000	80.1422	92	0
1527782362.175505000	80.1438	256	0
1527782362.176624000	80.1449	101	1
1527782365.651164000	83.6195	391	1
1527782365.651248000	83.6195	269	1
1527782365.668655000	83.637	87	0
1527782365.778623000	83.7469	259	0
1527782365.780001000	83.7483	148	0
1527782365.781841000	83.7501	104	1
1527782365.784051000	83.7523	92	0
1527782365.785450000	83.7537	140	0
1527782365.786820000	83.7551	101	1
1527782365.870483000	83.8388	389	1
1527782365.870558000	83.8389	269	1
1527782365.888376000	83.8567	87	0
1527782366.046658000	84.015	328	0
1527782366.048030000	84.0163	148	0
1527782366.049862000	84.0182	104	1
1527782366.050704000	84.019	92	0
1527782366.052103000	84.0204	244	0
1527782366.052830000	84.0211	101	1
1527782366.175526000	84.1438	989	1
1527782366.175617000	84.1439	268	1
1527782366.202267000	84.1706	87	0
1527782366.331017000	84.2993	351	0
1527782366.332402000	84.3007	148	0
1527782366.333900000	84.3022	104	1
1527782366.334551000	84.3028	92	0
1527782366.335962000	84.3043	136	0
1527782366.336866000	84.3052	101	1
1527782366.598317000	84.5666	526	1
1527782366.598388000	84.5667	271	1
1527782366.615664000	84.584	87	0
1527782366.729870000	84.6982	236	0
1527782366.731242000	84.6995	148	0
1527782366.732629000	84.7009	92	0
1527782366.732885000	84.7012	107	1
1527782366.734056000	84.7024	262	0
1527782366.736894000	84.7052	98	1
1527782366.936326000	84.9046	831	1
1527782366.936408000	84.9047	1412	1
1527782366.936433000	84.9047	1412	1
1527782366.936469000	84.9048	1412	1
1527782366.936494000	84.9048	778	1
1527782366.954759000	84.9231	87	0
1527782367.031261000	84.9996	321	1
1527782367.031345000	84.9996	271	1
1527782367.048826000	85.0171	87	0
1527782367.088764000	85.0571	413	0
1527782367.091923000	85.0602	104	1
1527782367.095239000	85.0635	80	0
1527782367.097912000	85.0662	98	1
1527782367.182130000	85.1504	318	0
1527782367.184083000	85.1524	148	0
1527782367.184999000	85.1533	101	1
1527782367.188334000	85.1566	92	0
1527782367.190520000	85.1588	103	0
1527782367.191086000	85.1594	101	1
1527782367.442658000	85.411	392	1
1527782367.442750000	85.411	276	1
1527782367.460387000	85.4287	87	0
1527782367.595394000	85.5637	235	0
1527782367.596778000	85.5651	148	0
1527782367.597952000	85.5662	104	1
1527782367.600147000	85.5684	92	0
1527782367.601550000	85.5698	143	0
1527782367.602937000	85.5712	101	1
1527782367.879706000	85.848	392	1
1527782367.879790000	85.8481	270	1
1527782367.898022000	85.8663	87	0
1527782368.021949000	85.9902	289	0
1527782368.023346000	85.9916	148	0
1527782368.025013000	85.9933	104	1
1527782368.026441000	85.9947	92	0
1527782368.027839000	85.9961	94	0
1527782368.028962000	85.9973	101	1
1527782368.349046000	86.3173	390	1
1527782368.349122000	86.3174	279	1
1527782368.365593000	86.3339	87	0
1527782368.478105000	86.4464	233	0
1527782368.479550000	86.4478	148	0
1527782368.481004000	86.4493	104	1
1527782368.482498000	86.4508	92	0
1527782368.483881000	86.4522	212	0
1527782368.484994000	86.4533	101	1
1527782368.564331000	86.5326	391	1
1527782368.564421000	86.5327	262	1
1527782368.582231000	86.5505	87	0
1527782368.716757000	86.6851	235	0
1527782368.718612000	86.6869	148	0
1527782368.720001000	86.6883	104	1
1527782368.720262000	86.6886	92	0
1527782368.721668000	86.69	324	0
1527782368.722993000	86.6913	101	1
1527782368.770912000	86.7392	392	1
1527782368.770999000	86.7393	274	1
1527782368.789835000	86.7581	87	0
1527782368.912874000	86.8812	259	0
1527782368.914249000	86.8825	148	0
1527782368.916022000	86.8843	104	1
1527782368.916604000	86.8849	92	0
1527782368.918007000	86.8863	298	0
1527782368.919010000	86.8873	101	1
1527782369.021130000	86.9894	391	1
1527782369.021205000	86.9895	267	1
1527782369.037901000	87.0062	87	0
1527782369.151761000	87.1201	236	0
1527782369.153149000	87.1214	148	0
1527782369.155045000	87.1233	104	1
1527782369.157215000	87.1255	92	0
1527782369.158682000	87.127	181	0
1527782369.160036000	87.1283	101	1
1527782369.459566000	87.4279	389	1
1527782369.459623000	87.4279	276	1
1527782369.477890000	87.4462	87	0
1527782369.499765000	87.4681	87	0
1527782369.631735000	87.6	232	0
1527782369.633119000	87.6014	148	0
1527782369.634075000	87.6024	107	1
1527782369.634791000	87.6031	92	0
1527782369.636199000	87.6045	291	0
1527782369.637045000	87.6053	101	1
1527782369.881475000	87.8498	386	1
1527782369.881534000	87.8498	274	1
1527782369.899575000	87.8679	87	0
1527782370.009819000	87.9781	256	0
1527782370.011225000	87.9795	148	0
1527782370.013205000	87.9815	104	1
1527782370.013564000	87.9819	92	0
1527782370.014965000	87.9833	215	0
1527782370.016063000	87.9844	101	1
1527782370.344445000	88.3127	989	1
1527782370.344537000	88.3128	272	1
1527782370.362728000	88.331	87	0
1527782370.620989000	88.5893	233	0
1527782370.622368000	88.5907	148	0
1527782370.624149000	88.5924	104	1
1527782370.625865000	88.5942	92	0
1527782370.627401000	88.5957	108	0
1527782370.628106000	88.5964	101	1
1527782370.758610000	88.7269	526	1
1527782370.758713000	88.727	271	1
1527782370.776488000	88.7448	87	0
1527782370.934343000	88.9026	328	0
1527782370.935805000	88.9041	148	0
1527782370.937187000	88.9055	104	1
1527782370.939639000	88.9079	92	0
1527782370.941046000	88.9093	150	0
1527782370.942134000	88.9104	101	1
1527782374.935158000	92.9035	848	1
1527782374.935231000	92.9035	270	1
1527782374.953236000	92.9215	87	0
1527782375.191637000	93.1599	375	0
1527782375.193011000	93.1613	148	0
1527782375.194458000	93.1628	104	1
1527782375.196233000	93.1645	92	0
1527782375.197755000	93.1661	274	0
1527782375.199421000	93.1677	101	1
1527782375.345734000	93.314	392	1
1527782375.345795000	93.3141	273	1
1527782375.364881000	93.3332	87	0
1527782375.475155000	93.4435	235	0
1527782375.476548000	93.4448	148	0
1527782375.478469000	93.4468	104	1
1527782375.479729000	93.448	92	0
1527782375.481134000	93.4494	300	0
1527782375.482379000	93.4507	101	1
1527782375.857605000	93.8259	392	1
1527782375.857691000	93.826	277	1
1527782375.875828000	93.8441	87	0
1527782375.997420000	93.9657	257	0
1527782375.998852000	93.9671	148	0
1527782376.000414000	93.9687	104	1
1527782376.002084000	93.9704	92	0
1527782376.003496000	93.9718	290	0
1527782376.004418000	93.9727	101	1
1527782376.120623000	94.0889	388	1
1527782376.120699000	94.089	271	1
1527782376.138526000	94.1068	87	0
1527782376.248317000	94.2166	235	0
1527782376.249757000	94.2181	148	0
1527782376.251422000	94.2197	104	1
1527782376.252780000	94.2211	92	0
1527782376.254182000	94.2225	278	0
1527782376.255533000	94.2238	101	1
1527782376.336765000	94.3051	389	1
1527782376.336857000	94.3052	267	1
1527782376.354754000	94.323	87	0
1527782376.464661000	94.433	306	0
1527782376.466037000	94.4343	148	0
1527782376.467453000	94.4357	104	1
1527782376.468783000	94.4371	92	0
1527782376.470176000	94.4385	100	0
1527782376.471447000	94.4397	101	1
1527782376.619874000	94.5882	391	1
1527782376.619960000	94.5883	270	1
1527782376.637469000	94.6058	87	0
1527782376.802553000	94.7708	259	0
1527782376.803930000	94.7722	148	0
1527782376.805455000	94.7738	104	1
1527782376.807952000	94.7762	92	0
1527782376.809445000	94.7777	149	0
1527782376.810459000	94.7788	101	1
1527782377.042004000	95.0103	392	1
1527782377.042091000	95.0104	279	1
1527782377.058955000	95.0273	87	0
1527782377.064755000	95.0331	87	0
1527782377.187486000	95.1558	267	0
1527782377.188949000	95.1572	148	0
1527782377.190491000	95.1588	107	1
1527782377.191218000	95.1595	92	0
1527782377.192618000	95.1609	149	0
1527782377.193460000	95.1618	101	1
1527782377.484988000	95.4533	392	1
1527782377.485076000	95.4534	269	1
1527782377.502267000	95.4706	87	0
1527782377.618756000	95.5871	233	0
1527782377.620158000	95.5885	148	0
1527782377.621519000	95.5898	104	1
1527782377.626867000	95.5952	92	0
1527782377.628246000	95.5965	206	0
1527782377.629509000	95.5978	101	1
1527782377.908847000	95.8771	388	1
1527782377.908922000	95.8772	279	1
1527782377.928830000	95.8971	87	0
1527782377.932631000	95.9009	87	0
1527782378.052676000	96.021	257	0
1527782378.054053000	96.0223	148	0
1527782378.055527000	96.0238	107	1
1527782378.055593000	96.0239	92	0
1527782378.056993000	96.0253	185	0
1527782378.058525000	96.0268	101	1
1527782378.149641000	96.1179	387	1
1527782378.149729000	96.118	271	1
1527782378.176475000	96.1448	87	0
1527782378.182767000	96.1511	87	0
1527782378.289594000	96.2579	233	0
1527782378.290974000	96.2593	148	0
1527782378.292539000	96.2608	107	1
1527782378.300087000	96.2684	92	0
1527782378.301491000	96.2698	319	0
1527782378.302532000	96.2708	101	1
1527782378.363664000	96.332	989	1
1527782378.363725000	96.332	261	1
1527782378.381724000	96.35	87	0
1527782378.387012000	96.3553	87	0
1527782378.497421000	96.4657	236	0
1527782378.498865000	96.4672	148	0
1527782378.500722000	96.469	107	1
1527782378.501137000	96.4694	92	0
1527782378.502547000	96.4708	301	0
1527782378.503551000	96.4718	101	1
1527782378.594007000	96.5623	523	1
1527782378.594098000	96.5624	261	1
1527782378.612398000	96.5807	87	0
1527782378.885501000	96.8538	259	0
1527782378.886826000	96.8551	148	0
1527782378.888577000	96.8569	104	1
1527782378.890236000	96.8585	92	0
1527782378.891635000	96.8599	209	0
1527782378.892597000	96.8609	101	1
1527782379.263161000	97.2315	851	1
1527782379.263248000	97.2315	283	1
1527782379.280663000	97.249	87	0
1527782379.405973000	97.3743	232	0
1527782379.407353000	97.3756	148	0
1527782379.408777000	97.3771	104	1
1527782379.410989000	97.3793	92	0
1527782379.412380000	97.3807	242	0
1527782379.413615000	97.3819	101	1
1527782379.676729000	97.645	391	1
1527782379.676807000	97.6451	280	1
1527782379.694854000	97.6631	87	0
1527782379.812217000	97.7805	259	0
1527782379.813596000	97.7819	148	0
1527782379.814637000	97.7829	104	1
1527782379.823965000	97.7923	92	0
1527782379.825365000	97.7937	273	0
1527782379.826639000	97.7949	101	1
1527782379.891404000	97.8597	391	1
1527782379.891480000	97.8598	268	1
1527782379.908635000	97.8769	87	0
1527782380.032724000	98.001	302	0
1527782380.034100000	98.0024	148	0
1527782380.035644000	98.0039	104	1
1527782380.037316000	98.0056	92	0
1527782380.038773000	98.0071	138	0
1527782380.039642000	98.0079	101	1
1527782380.137164000	98.1055	391	1
1527782380.137256000	98.1056	265	1
1527782380.154506000	98.1228	87	0
1527782380.268214000	98.2365	352	0
1527782380.269648000	98.2379	148	0
1527782380.270665000	98.239	104	1
1527782380.272281000	98.2406	92	0
1527782380.273691000	98.242	298	0
1527782380.274666000	98.243	101	1
1527782380.365413000	98.3337	393	1
1527782380.365488000	98.3338	264	1
1527782380.382604000	98.3509	87	0
1527782380.500652000	98.4689	232	0
1527782380.502024000	98.4703	148	0
1527782380.503754000	98.472	104	1
1527782380.505615000	98.4739	92	0
1527782380.507025000	98.4753	284	0
1527782380.508739000	98.477	101	1
1527782380.582113000	98.5504	390	1
1527782380.582204000	98.5505	260	1
1527782380.599038000	98.5673	87	0
1527782380.710516000	98.6788	233	0
1527782380.711902000	98.6802	148	0
1527782380.713699000	98.682	104	1
1527782380.715579000	98.6839	92	0
1527782380.716983000	98.6853	203	0
1527782380.718674000	98.687	101	1
1527782380.795952000	98.7642	391	1
1527782380.796039000	98.7643	273	1
1527782380.812633000	98.7809	87	0
1527782381.152301000	99.1206	257	0
1527782381.153675000	99.122	148	0
1527782381.154702000	99.123	104	1
1527782381.156785000	99.1251	92	0
1527782381.158184000	99.1265	155	0
1527782381.159689000	99.128	101	1
1527782381.209890000	99.1782	392	1
1527782381.209976000	99.1783	270	1
1527782381.227612000	99.1959	87	0
1527782381.342623000	99.3109	305	0
1527782381.344008000	99.3123	148	0
1527782381.345730000	99.314	104	1
1527782381.346935000	99.3152	92	0
1527782381.348337000	99.3166	227	0
1527782381.349708000	99.318	101	1
1527782381.438033000	99.4063	988	1
1527782381.438124000	99.4064	267	1
1527782381.455898000	99.4242	87	0
1527782381.460097000	99.4284	87	0
1527782381.576463000	99.5448	235	0
1527782381.577856000	99.5462	148	0
1527782381.579744000	99.548	107	1
1527782381.582042000	99.5503	92	0
1527782381.583953000	99.5522	198	0
1527782381.584722000	99.553	101	1
1527782381.660829000	99.6291	526	1
1527782381.660904000	99.6292	272	1
1527782381.677547000	99.6458	87	0
1527782381.805252000	99.7735	289	0
1527782381.806631000	99.7749	148	0
1527782381.807750000	99.776	104	1
1527782381.809605000	99.7779	92	0
1527782381.811011000	99.7793	315	0
1527782381.812736000	99.781	101	1
1527782382.279289000	100.248	850	1
1527782382.279382000	100.248	282	1
1527782382.296689000	100.265	87	0
1527782382.577951000	100.546	236	0
1527782382.579391000	100.548	148	0
1527782382.580793000	100.549	104	1
1527782382.582487000	100.551	92	0
1527782382.583887000	100.552	261	0
1527782382.584787000	100.553	101	1
1527782382.711679000	100.68	393	1
1527782382.711761000	100.68	280	1
1527782382.729376000	100.698	87	0
1527782382.855882000	100.824	260	0
1527782382.857262000	100.826	148	0
1527782382.858794000	100.827	104	1
1527782382.859542000	100.828	92	0
1527782382.862010000	100.83	98	1
1527782382.890512000	100.859	130	0
1527782382.892820000	100.861	98	1
1527782383.202338000	101.171	392	1
1527782383.202412000	101.171	277	1
1527782383.222082000	101.19	87	0
1527782383.390134000	101.358	233	0
1527782383.391539000	101.36	148	0
1527782383.392841000	101.361	104	1
1527782383.397888000	101.366	92	0
1527782383.399366000	101.368	99	0
1527782383.400885000	101.369	101	1
1527782383.642469000	101.611	391	1
1527782383.642542000	101.611	278	1
1527782383.659270000	101.628	87	0
1527782383.665036000	101.633	87	0
1527782383.794438000	101.763	260	0
1527782383.795894000	101.764	148	0
1527782383.796855000	101.765	107	1
1527782383.811375000	101.78	92	0
1527782383.812741000	101.781	284	0
1527782383.813863000	101.782	101	1
1527782384.051534000	102.02	393	1
1527782384.051608000	102.02	275	1
1527782384.074838000	102.043	87	0
1527782384.208797000	102.177	233	0
1527782384.210175000	102.178	148	0
1527782384.211717000	102.18	92	0
1527782384.211877000	102.18	107	1
1527782384.213130000	102.181	253	0
1527782384.215891000	102.184	98	1
1527782384.476171000	102.444	392	1
1527782384.476242000	102.445	262	1
1527782384.497141000	102.465	87	0
1527782384.611297000	102.58	235	0
1527782384.612696000	102.581	148	0
1527782384.613979000	102.582	104	1
1527782384.615337000	102.584	92	0
1527782384.616741000	102.585	262	0
1527782384.617913000	102.586	101	1
1527782389.310470000	107.279	391	1
1527782389.310645000	107.279	259	1
1527782389.327832000	107.296	87	0
1527782389.675977000	107.644	257	0
1527782389.677370000	107.646	148	0
1527782389.678602000	107.647	104	1
1527782389.680944000	107.649	92	0
1527782389.682340000	107.651	211	0
1527782389.683604000	107.652	101	1
1527782389.878951000	107.847	391	1
1527782389.879010000	107.847	266	1
1527782389.897947000	107.866	87	0
1527782390.008252000	107.977	329	0
1527782390.009686000	107.978	148	0
1527782390.010678000	107.979	104	1
1527782390.012811000	107.981	92	0
1527782390.014164000	107.982	286	0
1527782390.015690000	107.984	101	1
1527782390.278910000	108.247	991	1
1527782390.278997000	108.247	261	1
1527782390.296977000	108.265	87	0
1527782390.416096000	108.384	352	0
1527782390.417538000	108.386	148	0
1527782390.418709000	108.387	104	1
1527782390.419332000	108.388	92	0
1527782390.420677000	108.389	188	0
1527782390.421625000	108.39	101	1
1527782390.741214000	108.71	527	1
1527782390.741302000	108.71	263	1
1527782390.758360000	108.727	87	0
1527782390.878758000	108.847	257	0
1527782390.880127000	108.848	148	0
1527782390.881666000	108.85	104	1
1527782390.883601000	108.852	92	0
1527782390.885001000	108.853	169	0
1527782390.886646000	108.855	101	1
1527782391.237186000	109.205	851	1
1527782391.237280000	109.206	264	1
1527782391.254635000	109.223	87	0
1527782391.391196000	109.359	236	0
1527782391.392627000	109.361	148	0
1527782391.393769000	109.362	104	1
1527782391.394015000	109.362	92	0
1527782391.395417000	109.364	146	0
1527782391.396677000	109.365	101	1
1527782391.658647000	109.627	389	1
1527782391.658738000	109.627	264	1
1527782391.676676000	109.645	87	0
1527782391.812546000	109.781	260	0
1527782391.813924000	109.782	148	0
1527782391.815794000	109.784	104	1
1527782391.816365000	109.785	92	0
1527782391.817751000	109.786	269	0
1527782391.818707000	109.787	101	1
1527782391.993883000	109.962	392	1
1527782391.993969000	109.962	258	1
1527782392.011388000	109.98	87	0
1527782392.016414000	109.985	87	0
1527782392.129786000	110.098	309	0
1527782392.131256000	110.1	148	0
1527782392.132829000	110.101	107	1
1527782392.135573000	110.104	92	0
1527782392.136969000	110.105	247	0
1527782392.138799000	110.107	101	1
1527782392.292880000	110.261	389	1
1527782392.292979000	110.261	259	1
1527782392.319637000	110.288	87	0
1527782392.480517000	110.449	268	0
1527782392.481899000	110.45	148	0
1527782392.483827000	110.452	104	1
1527782392.484588000	110.453	92	0
1527782392.485999000	110.454	112	0
1527782392.487808000	110.456	101	1
1527782393.143338000	111.112	389	1
1527782393.143435000	111.112	258	1
1527782393.162765000	111.131	87	0
1527782393.171588000	111.14	87	0
1527782393.327861000	111.296	260	0
1527782393.329306000	111.298	148	0
1527782393.330798000	111.299	107	1
1527782393.332906000	111.301	92	0
1527782393.334303000	111.303	279	0
1527782393.335810000	111.304	101	1
1527782393.413086000	111.381	393	1
1527782393.413152000	111.381	260	1
1527782393.430143000	111.398	87	0
1527782393.545564000	111.514	235	0
1527782393.546955000	111.515	148	0
1527782393.548340000	111.517	92	0
1527782393.548906000	111.517	107	1
1527782393.549826000	111.518	239	0
1527782393.552893000	111.521	98	1
1527782393.643989000	111.612	389	1
1527782393.644081000	111.612	261	1
1527782393.663193000	111.631	87	0
1527782393.781502000	111.75	235	0
1527782393.782860000	111.751	148	0
1527782393.783902000	111.752	104	1
1527782393.786846000	111.755	92	0
1527782393.788188000	111.756	136	0
1527782393.789833000	111.758	101	1
1527782394.003330000	111.972	389	1
1527782394.003419000	111.972	260	1
1527782394.026186000	111.994	87	0
1527782394.146883000	112.115	256	0
1527782394.148328000	112.117	148	0
1527782394.149918000	112.118	104	1
1527782394.151137000	112.119	92	0
1527782394.152592000	112.121	307	0
1527782394.153840000	112.122	101	1
1527782394.418179000	112.386	388	1
1527782394.418267000	112.387	260	1
1527782394.435611000	112.404	87	0
1527782394.453914000	112.422	303	1
1527782394.454010000	112.422	1412	1
1527782394.454049000	112.422	1412	1
1527782394.454102000	112.422	1412	1
1527782394.454122000	112.422	563	1
1527782394.474018000	112.442	87	0
1527782394.549147000	112.517	233	0
1527782394.550588000	112.519	148	0
1527782394.551944000	112.52	107	1
1527782394.554045000	112.522	92	0
1527782394.555446000	112.524	167	0
1527782394.556904000	112.525	101	1
1527782394.586694000	112.555	400	0
1527782394.589908000	112.558	98	1
1527782394.593240000	112.562	80	0
1527782394.595935000	112.564	98	1
1527782394.950158000	112.918	392	1
1527782394.950226000	112.919	262	1
1527782394.967862000	112.936	87	0
1527782395.088938000	113.057	254	0
1527782395.090342000	113.059	148	0
1527782395.091903000	113.06	104	1
1527782395.094485000	113.063	92	0
1527782395.095874000	113.064	156	0
1527782395.096894000	113.065	101	1
1527782395.350481000	113.319	984	1
1527782395.350568000	113.319	260	1
1527782395.368144000	113.336	87	0
1527782395.487905000	113.456	302	0
1527782395.489393000	113.458	148	0
1527782395.490993000	113.459	104	1
1527782395.492730000	113.461	92	0
1527782395.494127000	113.462	85	0
1527782395.494908000	113.463	101	1
