1527909772.024533000	0	295	1
1527909772.043415000	0.018882	87	0
1527909772.300616000	0.276083	304	0
1527909772.301336000	0.276803	1412	0
1527909772.301993000	0.27746	1412	0
1527909772.302647000	0.278114	1412	0
1527909772.303443000	0.27891	186	0
1527909772.304084000	0.279551	1412	0
1527909772.304359000	0.279826	116	1
1527909772.304745000	0.280212	1412	0
1527909772.305400000	0.280867	1412	0
1527909772.306017000	0.281484	188	0
1527909772.306691000	0.282158	1412	0
1527909772.307347000	0.282814	1412	0
1527909772.307997000	0.283464	1324	0
1527909772.308646000	0.284113	1412	0
1527909772.309205000	0.284672	116	1
1527909772.309299000	0.284766	1412	0
1527909772.309950000	0.285417	1412	0
1527909772.310571000	0.286038	188	0
1527909772.311248000	0.286715	1203	0
1527909772.311907000	0.287374	1412	0
1527909772.312575000	0.288042	1412	0
1527909772.313213000	0.28868	113	1
1527909772.313281000	0.288748	1412	0
1527909772.313901000	0.289368	188	0
1527909772.314569000	0.290036	1412	0
1527909772.315216000	0.290683	1411	0
1527909772.315861000	0.291328	1412	0
1527909772.316521000	0.291988	1412	0
1527909772.317176000	0.292643	1412	0
1527909772.317263000	0.29273	101	1
1527909772.317796000	0.293263	182	0
1527909772.318446000	0.293913	290	0
1527909772.319202000	0.294669	1412	0
1527909772.319855000	0.295322	1412	0
1527909772.320510000	0.295977	1412	0
1527909772.320609000	0.296076	125	1
1527909772.321121000	0.296588	182	0
1527909772.321807000	0.297274	1412	0
1527909772.322452000	0.297919	1412	0
1527909772.323164000	0.298631	1412	0
1527909772.323826000	0.299293	1412	0
1527909772.324445000	0.299912	289	0
1527909772.325122000	0.300589	1412	0
1527909772.325260000	0.300727	116	1
1527909772.325986000	0.301453	1412	0
1527909772.326637000	0.302104	1412	0
1527909772.327286000	0.302753	1412	0
1527909772.327931000	0.303398	971	0
1527909772.328588000	0.304055	1412	0
1527909772.329249000	0.304716	101	1
1527909772.329265000	0.304732	1412	0
1527909772.329888000	0.305355	1412	0
1527909772.330504000	0.305971	188	0
1527909772.331167000	0.306634	663	0
1527909772.331791000	0.307258	92	0
1527909772.332446000	0.307913	255	0
1527909772.333243000	0.30871	122	1
1527909772.749331000	0.724798	724	1
1527909772.749413000	0.72488	1412	1
1527909772.749436000	0.724903	906	1
1527909772.756472000	0.731939	218	1
1527909772.767433000	0.7429	87	0
1527909772.773937000	0.749404	87	0
1527909772.859603000	0.83507	324	0
1527909772.860536000	0.836003	1412	0
1527909772.861188000	0.836655	1412	0
1527909772.861839000	0.837306	1412	0
1527909772.862516000	0.837983	180	0
1527909772.863237000	0.838704	116	1
1527909772.863269000	0.838736	1412	0
1527909772.863952000	0.839419	1412	0
1527909772.864598000	0.840065	1071	0
1527909772.865216000	0.840683	92	0
1527909772.865883000	0.84135	326	0
1527909772.867251000	0.842718	110	1
1527909772.867843000	0.84331	375	0
1527909772.869887000	0.845354	80	0
1527909772.871226000	0.846693	101	1
1527909773.008089000	0.983556	217	1
1527909773.025757000	1.00122	87	0
1527909773.136990000	1.11246	404	0
1527909773.137653000	1.11312	1116	0
1527909773.141167000	1.11663	92	0
1527909773.141899000	1.11737	107	0
1527909773.151322000	1.12679	110	1
1527909773.417625000	1.39309	863	1
1527909773.418585000	1.39405	427	1
1527909773.434334000	1.4098	87	0
1527909773.546960000	1.52243	328	1
1527909773.561110000	1.53658	90	0
1527909773.564252000	1.53972	87	0
1527909773.565273000	1.54074	104	1
1527909773.583239000	1.55871	284	0
1527909773.583901000	1.55937	360	0
1527909773.584542000	1.56001	176	0
1527909773.587277000	1.56274	104	1
1527909773.622801000	1.59827	486	0
1527909773.623511000	1.59898	80	0
1527909773.626308000	1.60177	101	1
1527909773.642570000	1.61804	497	0
1527909773.643315000	1.61878	1093	0
1527909773.646324000	1.62179	101	1
1527909773.739577000	1.71504	101	1
1527909773.756570000	1.73204	87	0
1527909773.808343000	1.78381	281	1
1527909773.808442000	1.78391	144	1
1527909773.825208000	1.80067	87	0
1527909773.830899000	1.80637	87	0
1527909773.881417000	1.85688	1412	0
1527909773.882061000	1.85753	1412	0
1527909773.882710000	1.85818	1412	0
1527909773.883405000	1.85887	572	0
1527909773.884040000	1.85951	92	0
1527909773.884694000	1.86016	142	0
1527909773.885297000	1.86076	122	1
1527909773.903233000	1.8787	155	1
1527909773.903473000	1.87894	190	1
1527909773.920973000	1.89644	87	0
1527909773.929921000	1.90539	87	0
1527909774.033141000	2.00861	591	0
1527909774.033775000	2.00924	92	0
1527909774.034429000	2.0099	126	0
1527909774.037318000	2.01278	110	1
1527909774.720072000	2.69554	232	1
1527909774.738290000	2.71376	87	0
1527909774.818966000	2.79443	274	0
1527909774.819635000	2.7951	1412	0
1527909774.820301000	2.79577	997	0
1527909774.822504000	2.79797	92	0
1527909774.823215000	2.79868	263	0
1527909774.824365000	2.79983	104	1
1527909774.824891000	2.80036	1350	1
1527909774.843308000	2.81877	87	0
1527909774.874460000	2.84993	1412	1
1527909774.874507000	2.84997	1412	1
1527909774.874529000	2.85	177	1
1527909774.874596000	2.85006	844	1
1527909774.893563000	2.86903	87	0
1527909774.915153000	2.89062	464	0
1527909774.915779000	2.89125	146	0
1527909774.919395000	2.89486	107	1
1527909775.170915000	3.14638	361	0
1527909775.171578000	3.14704	1412	0
1527909775.172227000	3.14769	1412	0
1527909775.172881000	3.14835	1412	0
1527909775.173560000	3.14903	188	0
1527909775.174215000	3.14968	384	0
1527909775.174391000	3.14986	113	1
1527909775.221827000	3.19729	1412	1
1527909775.221867000	3.19733	343	1
1527909775.239636000	3.2151	87	0
1527909775.753964000	3.72943	459	1
1527909775.754073000	3.72954	1412	1
1527909775.754112000	3.72958	1412	1
1527909775.754143000	3.72961	1412	1
1527909775.754179000	3.72965	1412	1
1527909775.754214000	3.72968	1412	1
1527909775.754257000	3.72972	1412	1
1527909775.754291000	3.72976	1412	1
1527909775.754328000	3.72979	1412	1
1527909775.754370000	3.72984	1412	1
1527909775.754422000	3.72989	1412	1
1527909775.754460000	3.72993	1412	1
1527909775.754493000	3.72996	1412	1
1527909775.763162000	3.73863	1271	1
1527909775.772050000	3.74752	87	0
1527909775.793278000	3.76874	87	0
1527909775.907471000	3.88294	399	0
1527909775.912499000	3.88797	80	0
1527909775.921719000	3.89719	110	1
1527909777.997069000	5.97254	334	1
1527909777.997169000	5.97264	1412	1
1527909777.997208000	5.97268	981	1
1527909778.004714000	5.98018	251	1
1527909778.014943000	5.99041	87	0
1527909778.026880000	6.00235	87	0
1527909778.235734000	6.2112	615	0
1527909778.236368000	6.21183	305	0
1527909778.236999000	6.21247	182	0
1527909778.255977000	6.23144	110	1
1527909778.264144000	6.23961	101	1
1527909778.267192000	6.24266	250	1
1527909778.271321000	6.24679	615	0
1527909778.275574000	6.25104	98	1
1527909778.286366000	6.26183	87	0
1527909778.292841000	6.26831	87	0
1527909778.359048000	6.33451	444	0
1527909778.362427000	6.33789	80	0
1527909778.365811000	6.34128	107	1
1527909778.562717000	6.53818	837	0
1527909778.563385000	6.53885	1412	0
1527909778.564034000	6.5395	1412	0
1527909778.564686000	6.54015	1412	0
1527909778.565302000	6.54077	186	0
1527909778.565983000	6.54145	1412	0
1527909778.566628000	6.54209	1344	0
1527909778.567187000	6.54265	113	1
1527909778.567302000	6.54277	1412	0
1527909778.567957000	6.54342	1412	0
1527909778.568611000	6.54408	1412	0
1527909778.569228000	6.54469	188	0
1527909778.569914000	6.54538	1221	0
1527909778.570924000	6.54639	113	1
1527909778.573340000	6.54881	1412	0
1527909778.574032000	6.5495	1412	0
1527909778.574662000	6.55013	1412	0
1527909778.575345000	6.55081	188	0
1527909778.575992000	6.55146	84	0
1527909778.577115000	6.55258	110	1
1527909778.585667000	6.56113	101	1
1527909778.601569000	6.57704	1412	0
1527909778.602198000	6.57766	741	0
1527909778.602825000	6.57829	94	0
1527909778.603536000	6.579	87	0
1527909778.605044000	6.58051	1412	0
1527909778.605699000	6.58117	1412	0
1527909778.606346000	6.58181	1412	0
1527909778.607017000	6.58248	180	0
1527909778.610253000	6.58572	1412	0
1527909778.610887000	6.58635	1412	0
1527909778.611535000	6.587	1412	0
1527909778.612160000	6.58763	180	0
1527909778.612371000	6.58784	128	1
1527909778.612909000	6.58838	1412	0
1527909778.613634000	6.5891	1412	0
1527909778.614289000	6.58976	1412	0
1527909778.614918000	6.59038	180	0
1527909778.615587000	6.59105	1412	0
1527909778.616237000	6.5917	1412	0
1527909778.616887000	6.59235	1412	0
1527909778.617506000	6.59297	180	0
1527909778.618188000	6.59365	1412	0
1527909778.618229000	6.5937	98	1
1527909778.618839000	6.59431	1412	0
1527909778.619062000	6.59453	125	1
1527909778.619490000	6.59496	1412	0
1527909778.620110000	6.59558	188	0
1527909778.620758000	6.59623	166	0
1527909778.621439000	6.59691	1412	0
1527909778.622089000	6.59756	1412	0
1527909778.622769000	6.59824	1412	0
1527909778.622887000	6.59835	110	1
1527909778.623409000	6.59888	188	0
1527909778.624085000	6.59955	963	0
1527909778.624752000	6.60022	1412	0
1527909778.625400000	6.60087	1306	0
1527909778.626035000	6.6015	749	0
1527909778.627008000	6.60247	1412	0
1527909778.627248000	6.60272	113	1
1527909778.627654000	6.60312	1327	0
1527909778.628373000	6.60384	1412	0
1527909778.629026000	6.60449	1412	0
1527909778.629648000	6.60511	351	0
1527909778.630295000	6.60576	199	0
1527909778.639443000	6.61491	113	1
1527909779.925175000	7.90064	307	1
1527909779.925261000	7.90073	144	1
1527909779.941943000	7.91741	87	0
1527909779.994269000	7.96974	1412	0
1527909779.994904000	7.97037	1412	0
1527909779.995557000	7.97102	1412	0
1527909779.996191000	7.97166	717	0
1527909779.996828000	7.9723	92	0
1527909779.997488000	7.97295	238	0
1527909779.997983000	7.97345	116	1
1527909780.989282000	8.96475	378	1
1527909780.989372000	8.96484	294	1
1527909780.991013000	8.96648	301	1
1527909780.991083000	8.96655	1412	1
1527909780.991109000	8.96658	1412	1
1527909780.991130000	8.9666	979	1
1527909781.007192000	8.98266	87	0
1527909781.011002000	8.98647	87	0
1527909781.058306000	9.03377	398	1
1527909781.078924000	9.05439	87	0
1527909781.127970000	9.10344	305	0
1527909781.128685000	9.10415	1400	0
1527909781.129316000	9.10478	513	0
1527909781.129965000	9.10543	592	0
1527909781.130998000	9.10646	635	0
1527909781.131976000	9.10744	113	1
1527909781.134197000	9.10966	467	0
1527909781.134886000	9.11035	697	0
1527909781.136009000	9.11148	484	0
1527909781.136669000	9.11214	835	0
1527909781.137957000	9.11342	649	0
1527909781.138081000	9.11355	107	1
1527909781.138811000	9.11428	519	0
1527909781.139875000	9.11534	439	0
1527909781.141184000	9.11665	701	0
1527909781.142001000	9.11747	107	1
1527909781.142649000	9.11812	616	0
1527909781.143609000	9.11908	558	0
1527909781.145684000	9.12115	654	0
1527909781.145974000	9.12144	104	1
1527909781.146372000	9.12184	583	0
1527909781.147061000	9.12253	689	0
1527909781.149973000	9.12544	101	1
1527909781.152897000	9.12836	92	0
1527909781.157026000	9.13249	98	1
1527909781.162368000	9.13784	241	0
1527909781.166003000	9.14147	98	1
1527909781.222759000	9.19823	287	0
1527909781.223449000	9.19892	103	0
1527909781.225491000	9.20096	177	0
1527909781.226982000	9.20245	104	1
1527909781.266009000	9.24148	1412	1
1527909781.266081000	9.24155	1412	1
1527909781.266114000	9.24158	245	1
1527909781.266173000	9.24164	839	1
1527909781.285250000	9.26072	87	0
1527909781.306218000	9.28168	460	0
1527909781.306854000	9.28232	199	0
1527909781.310077000	9.28554	104	1
1527909781.329079000	9.30455	415	0
1527909781.332998000	9.30847	98	1
1527909781.334319000	9.30979	80	0
1527909781.338134000	9.3136	98	1
1527909781.899130000	9.8746	997	1
1527909781.899205000	9.87467	94	1
1527909781.918278000	9.89374	87	0
1527909782.260847000	10.2363	352	0
1527909782.261478000	10.2369	367	0
1527909782.264702000	10.2402	121	0
1527909782.265375000	10.2408	107	1
1527909782.756835000	10.7323	471	1
1527909782.756907000	10.7324	109	1
1527909782.774466000	10.7499	87	0
1527909782.806375000	10.7818	301	1
1527909782.806911000	10.7824	475	1
1527909782.806964000	10.7824	87	1
1527909782.823193000	10.7987	87	0
1527909783.033754000	11.0092	310	0
1527909783.034384000	11.0099	103	0
1527909783.037137000	11.0126	107	1
1527909783.040036000	11.0155	92	0
1527909783.041421000	11.0169	136	0
1527909783.044107000	11.0196	101	1
1527909783.098607000	11.0741	245	0
1527909783.099247000	11.0747	151	0
1527909783.102123000	11.0776	101	1
1527909783.103461000	11.0789	92	0
1527909783.104131000	11.0796	191	0
1527909783.107118000	11.0826	101	1
1527909783.201021000	11.1765	243	0
1527909783.201652000	11.1771	150	0
1527909783.203367000	11.1788	285	0
1527909783.205108000	11.1806	104	1
1527909783.308989000	11.2845	390	1
1527909783.309059000	11.2845	218	1
1527909783.326836000	11.3023	87	0
1527909783.831851000	11.8073	255	0
1527909783.832467000	11.8079	146	0
1527909783.835783000	11.8112	92	0
1527909783.836205000	11.8117	107	1
1527909783.836463000	11.8119	271	0
1527909783.840213000	11.8157	98	1
1527909783.881752000	11.8572	357	1
1527909783.882690000	11.8582	293	1
1527909783.900181000	11.8756	87	0
1527909783.904285000	11.8798	87	0
1527909783.909264000	11.8847	393	1
1527909783.926597000	11.9021	87	0
1527909784.041224000	12.0167	302	1
1527909784.041355000	12.0168	1412	1
1527909784.041392000	12.0169	1412	1
1527909784.041425000	12.0169	1412	1
1527909784.041470000	12.0169	1412	1
1527909784.041492000	12.017	1412	1
1527909784.041532000	12.017	1412	1
1527909784.041569000	12.017	1412	1
1527909784.041601000	12.0171	1412	1
1527909784.041634000	12.0171	1412	1
1527909784.041669000	12.0171	1412	1
1527909784.041702000	12.0172	1412	1
1527909784.041738000	12.0172	1412	1
1527909784.043151000	12.0186	1412	1
1527909784.043195000	12.0187	1412	1
1527909784.043248000	12.0187	1412	1
1527909784.043272000	12.0187	1412	1
1527909784.043308000	12.0188	1412	1
1527909784.045140000	12.0206	1412	1
1527909784.045171000	12.0206	1412	1
1527909784.045212000	12.0207	1412	1
1527909784.045246000	12.0207	1412	1
1527909784.045282000	12.0207	1412	1
1527909784.045318000	12.0208	1412	1
1527909784.047145000	12.0226	1412	1
1527909784.047190000	12.0227	1412	1
1527909784.047244000	12.0227	1412	1
1527909784.047268000	12.0227	1412	1
1527909784.047304000	12.0228	1412	1
1527909784.049161000	12.0246	1412	1
1527909784.049195000	12.0247	1412	1
1527909784.049243000	12.0247	1412	1
1527909784.049283000	12.0247	1412	1
1527909784.049317000	12.0248	1412	1
1527909784.051160000	12.0266	259	1
1527909784.057541000	12.033	100	0
1527909784.060339000	12.0358	87	0
1527909784.061143000	12.0366	104	1
1527909784.063345000	12.0388	87	0
1527909784.067077000	12.0425	87	0
1527909784.154845000	12.1303	576	0
1527909784.155541000	12.131	799	0
1527909784.157134000	12.1326	92	0
1527909784.157795000	12.1333	184	0
1527909784.158185000	12.1337	113	1
1527909784.239831000	12.2153	320	0
1527909784.240457000	12.2159	118	0
1527909784.242258000	12.2177	235	0
1527909784.242905000	12.2184	279	0
1527909784.244166000	12.2196	107	1
1527909784.244493000	12.22	92	0
1527909784.245153000	12.2206	221	0
1527909784.246990000	12.2225	92	0
1527909784.247642000	12.2231	178	0
1527909784.248159000	12.2236	104	1
1527909784.252085000	12.2276	1412	1
1527909784.252127000	12.2276	421	1
1527909784.272102000	12.2476	87	0
1527909784.393581000	12.369	725	0
1527909784.394142000	12.3696	94	0
1527909784.397202000	12.3727	104	1
1527909784.408330000	12.3838	666	1
1527909784.425024000	12.4005	87	0
1527909784.451255000	12.4267	419	0
1527909784.455236000	12.4307	101	1
1527909784.457004000	12.4325	80	0
1527909784.461264000	12.4367	98	1
1527909784.540512000	12.516	248	0
1527909784.541121000	12.5166	532	0
1527909784.544202000	12.5197	101	1
1527909785.972789000	13.9483	708	1
1527909785.972872000	13.9483	218	1
1527909785.991653000	13.9671	87	0
1527909786.322084000	14.2976	349	0
1527909786.322673000	14.2981	146	0
1527909786.325543000	14.301	92	0
1527909786.326201000	14.3017	201	0
1527909786.326323000	14.3018	107	1
1527909786.330344000	14.3058	98	1
1527909787.078106000	15.0536	467	1
1527909787.078202000	15.0537	253	1
1527909787.095039000	15.0705	87	0
1527909787.503877000	15.4793	301	1
1527909787.503972000	15.4794	1412	1
1527909787.504011000	15.4795	1412	1
1527909787.504045000	15.4795	1412	1
1527909787.504079000	15.4795	551	1
1527909787.523199000	15.4987	87	0
1527909787.618668000	15.5941	310	0
1527909787.619380000	15.5948	146	0
1527909787.622010000	15.5975	92	0
1527909787.622434000	15.5979	110	1
1527909787.622676000	15.5981	118	0
1527909787.626419000	15.6019	98	1
1527909787.645711000	15.6212	391	1
1527909787.645775000	15.6212	424	1
1527909787.662372000	15.6378	87	0
1527909787.852095000	15.8276	395	0
1527909787.856478000	15.8319	101	1
1527909787.857280000	15.8327	80	0
1527909787.861437000	15.8369	98	1
1527909787.999429000	15.9749	245	0
1527909788.000632000	15.9761	146	0
1527909788.003470000	15.9789	101	1
1527909788.004264000	15.9797	92	0
1527909788.004929000	15.9804	237	0
1527909788.008443000	15.9839	101	1
1527909788.146081000	16.1215	392	1
1527909788.146179000	16.1216	256	1
1527909788.165886000	16.1414	87	0
1527909788.498860000	16.4743	235	0
1527909788.499529000	16.475	146	0
1527909788.502697000	16.4782	92	0
1527909788.502853000	16.4783	107	1
1527909788.503510000	16.479	192	0
1527909788.507489000	16.483	98	1
1527909788.696071000	16.6715	387	1
1527909788.696154000	16.6716	256	1
1527909788.714492000	16.69	87	0
1527909788.827856000	16.8033	279	0
1527909788.828496000	16.804	146	0
1527909788.831421000	16.8069	92	0
1527909788.831510000	16.807	104	1
1527909788.832103000	16.8076	179	0
1527909788.835420000	16.8109	101	1
1527909789.156036000	17.1315	389	1
1527909789.156102000	17.1316	257	1
1527909789.174275000	17.1497	87	0
1527909789.290967000	17.2664	312	0
1527909789.291628000	17.2671	146	0
1527909789.294531000	17.27	104	1
1527909789.295115000	17.2706	92	0
1527909789.295777000	17.2712	189	0
1527909789.298537000	17.274	101	1
1527909789.400898000	17.3764	391	1
1527909789.400983000	17.3765	254	1
1527909789.419419000	17.3949	87	0
1527909789.544449000	17.5199	233	0
1527909789.545081000	17.5205	146	0
1527909789.546643000	17.5221	92	0
1527909789.547302000	17.5228	147	0
1527909789.548487000	17.524	110	1
1527909789.656901000	17.6324	387	1
1527909789.656995000	17.6325	254	1
1527909789.674276000	17.6497	87	0
1527909789.678576000	17.654	87	0
1527909789.802032000	17.7775	256	0
1527909789.802664000	17.7781	148	0
1527909789.805559000	17.781	107	1
1527909789.805593000	17.7811	92	0
1527909789.806331000	17.7818	333	0
1527909789.809548000	17.785	101	1
1527909789.881629000	17.8571	387	1
1527909789.881719000	17.8572	254	1
1527909789.898480000	17.8739	87	0
1527909790.333385000	18.3089	232	0
1527909790.333979000	18.3094	148	0
1527909790.336163000	18.3116	92	0
1527909790.336810000	18.3123	132	0
1527909790.337568000	18.313	110	1
1527909790.489017000	18.4645	991	1
1527909790.489111000	18.4646	261	1
1527909790.508111000	18.4836	87	0
1527909790.852546000	18.828	256	0
1527909790.853246000	18.8287	148	0
1527909790.856563000	18.832	104	1
1527909790.857021000	18.8325	92	0
1527909790.857663000	18.8331	101	0
1527909790.860548000	18.836	101	1
1527909790.956024000	18.9315	582	1
1527909790.956128000	18.9316	257	1
1527909790.973590000	18.9491	87	0
1527909791.322896000	19.2984	277	0
1527909791.323584000	19.2991	148	0
1527909791.326654000	19.3021	104	1
1527909791.327335000	19.3028	92	0
1527909791.328580000	19.304	206	0
1527909791.330641000	19.3061	101	1
1527909791.406992000	19.3825	707	1
1527909791.407053000	19.3825	257	1
1527909791.424562000	19.4	87	0
1527909791.429427000	19.4049	87	0
1527909791.577594000	19.5531	233	0
1527909791.578215000	19.5537	148	0
1527909791.580732000	19.5562	92	0
1527909791.581397000	19.5569	195	0
1527909791.581643000	19.5571	113	1
1527909791.697041000	19.6725	466	1
1527909791.697134000	19.6726	258	1
1527909791.714287000	19.6898	87	0
1527909792.042664000	20.0181	350	0
1527909792.043368000	20.0188	148	0
1527909792.046132000	20.0216	92	0
1527909792.046687000	20.0222	107	1
1527909792.046720000	20.0222	207	0
1527909792.050675000	20.0261	98	1
1527909792.135933000	20.1114	387	1
1527909792.136000000	20.1115	256	1
1527909792.154206000	20.1297	87	0
1527909792.484422000	20.4599	265	0
1527909792.485021000	20.4605	148	0
1527909792.488718000	20.4642	104	1
1527909792.489233000	20.4647	92	0
1527909792.489895000	20.4654	322	0
1527909792.492692000	20.4682	101	1
1527909792.585474000	20.5609	390	1
1527909792.585565000	20.561	259	1
1527909792.603144000	20.5786	87	0
1527909792.928302000	20.9038	280	0
1527909792.928913000	20.9044	148	0
1527909792.931934000	20.9074	92	0
1527909792.932585000	20.9081	237	0
1527909792.932751000	20.9082	110	1
1527909793.114865000	21.0903	392	1
1527909793.114946000	21.0904	260	1
1527909793.132592000	21.1081	87	0
1527909793.246542000	21.222	236	0
1527909793.247169000	21.2226	148	0
1527909793.250023000	21.2255	92	0
1527909793.250679000	21.2261	294	0
1527909793.250751000	21.2262	107	1
1527909793.254766000	21.2302	98	1
1527909793.586521000	21.562	389	1
1527909793.586604000	21.5621	260	1
1527909793.604707000	21.5802	87	0
1527909793.609833000	21.5853	87	0
1527909793.728222000	21.7037	256	0
1527909793.728853000	21.7043	148	0
1527909793.731708000	21.7072	92	0
1527909793.731720000	21.7072	107	1
1527909793.732426000	21.7079	114	0
1527909793.735698000	21.7112	101	1
1527909793.892619000	21.8681	387	1
1527909793.892720000	21.8682	258	1
1527909793.909928000	21.8854	87	0
1527909794.254958000	22.2304	233	0
1527909794.255577000	22.231	148	0
1527909794.258833000	22.2343	104	1
1527909794.258888000	22.2344	92	0
1527909794.259629000	22.2351	264	0
1527909794.262820000	22.2383	101	1
1527909794.323364000	22.2988	389	1
1527909794.323446000	22.2989	257	1
1527909794.342157000	22.3176	87	0
1527909794.672089000	22.6476	233	0
1527909794.672723000	22.6482	148	0
1527909794.675282000	22.6507	92	0
1527909794.675755000	22.6512	107	1
1527909794.676601000	22.6521	225	0
1527909794.679835000	22.6553	98	1
1527909794.851306000	22.8268	387	1
1527909794.851366000	22.8268	260	1
1527909794.869732000	22.8452	87	0
1527909795.040148000	23.0156	281	0
1527909795.040781000	23.0162	148	0
1527909795.042589000	23.0181	92	0
1527909795.043316000	23.0188	157	0
1527909795.043779000	23.0192	110	1
1527909795.255513000	23.231	391	1
1527909795.255575000	23.231	250	1
1527909795.273036000	23.2485	87	0
1527909795.613899000	23.5894	309	0
1527909795.614508000	23.59	148	0
1527909795.617898000	23.5934	104	1
1527909795.619128000	23.5946	92	0
1527909795.619781000	23.5952	292	0
1527909795.622905000	23.5984	101	1
1527909795.716773000	23.6922	991	1
1527909795.716867000	23.6923	550	1
1527909795.735224000	23.7107	87	0
1527909795.742727000	23.7182	87	0
1527909795.907200000	23.8827	256	0
1527909795.907796000	23.8833	148	0
1527909795.910815000	23.8863	107	1
1527909795.911200000	23.8867	92	0
1527909795.911841000	23.8873	221	0
1527909795.914865000	23.8903	101	1
1527909796.182180000	24.1576	585	1
1527909796.182271000	24.1577	317	1
1527909796.200411000	24.1759	87	0
1527909796.208891000	24.1844	87	0
1527909796.543161000	24.5186	236	0
1527909796.543804000	24.5193	148	0
1527909796.545175000	24.5206	92	0
1527909796.545840000	24.5213	192	0
1527909796.546883000	24.5224	113	1
1527909796.683513000	24.659	709	1
1527909796.683575000	24.659	258	1
1527909796.701371000	24.6768	87	0
1527909796.817618000	24.7931	256	0
1527909796.818207000	24.7937	148	0
1527909796.820096000	24.7956	92	0
1527909796.820825000	24.7963	233	0
1527909796.821884000	24.7974	110	1
1527909797.531204000	25.5067	467	1
1527909797.531291000	25.5068	258	1
1527909797.549571000	25.525	87	0
1527909797.889708000	25.8652	298	0
1527909797.890285000	25.8658	148	0
1527909797.893894000	25.8694	92	0
1527909797.893988000	25.8695	104	1
1527909797.894630000	25.8701	183	0
1527909797.897986000	25.8735	101	1
1527909797.966128000	25.9416	391	1
1527909797.966224000	25.9417	256	1
1527909797.984720000	25.9602	87	0
1527909798.333017000	26.3085	235	0
1527909798.333759000	26.3092	148	0
1527909798.337056000	26.3125	104	1
1527909798.338603000	26.3141	92	0
1527909798.339269000	26.3147	240	0
1527909798.342038000	26.3175	101	1
1527909798.375069000	26.3505	392	1
1527909798.375165000	26.3506	255	1
1527909798.391635000	26.3671	87	0
1527909798.727910000	26.7034	352	0
1527909798.728584000	26.7041	148	0
1527909798.732031000	26.7075	92	0
1527909798.732131000	26.7076	104	1
1527909798.732705000	26.7082	142	0
1527909798.736029000	26.7115	101	1
1527909798.897857000	26.8733	387	1
1527909798.897956000	26.8734	256	1
1527909798.916091000	26.8916	87	0
1527909799.270738000	27.2462	267	0
1527909799.271352000	27.2468	148	0
1527909799.274291000	27.2498	92	0
1527909799.274997000	27.2505	266	0
1527909799.275102000	27.2506	107	1
1527909799.279092000	27.2546	98	1
1527909799.365213000	27.3407	391	1
1527909799.365278000	27.3407	259	1
1527909799.382319000	27.3578	87	0
1527909799.739763000	27.7152	280	0
1527909799.740350000	27.7158	148	0
1527909799.743198000	27.7187	92	0
1527909799.743843000	27.7193	173	0
1527909799.744081000	27.7195	110	1
1527909799.795443000	27.7709	390	1
1527909799.795507000	27.771	257	1
1527909799.812385000	27.7879	87	0
1527909799.975573000	27.951	235	0
1527909799.976829000	27.9523	148	0
1527909799.979132000	27.9546	104	1
1527909799.979940000	27.9554	92	0
1527909799.980638000	27.9561	121	0
1527909799.984130000	27.9596	101	1
1527909800.115554000	28.091	388	1
1527909800.115614000	28.0911	258	1
1527909800.133037000	28.1085	87	0
1527909800.256111000	28.2316	233	0
1527909800.256697000	28.2322	148	0
1527909800.260152000	28.2356	104	1
1527909800.261115000	28.2366	92	0
1527909800.261798000	28.2373	92	0
1527909800.265147000	28.2406	101	1
1527909800.354450000	28.3299	387	1
1527909800.354546000	28.33	256	1
1527909800.372970000	28.3484	87	0
1527909800.480079000	28.4555	902	1
1527909800.480181000	28.4556	1412	1
1527909800.480220000	28.4557	1412	1
1527909800.480272000	28.4557	1412	1
1527909800.480295000	28.4558	1367	1
1527909800.497376000	28.4728	87	0
1527909800.500778000	28.4762	87	0
1527909800.605096000	28.5806	391	0
1527909800.609163000	28.5846	107	1
1527909800.610663000	28.5861	80	0
1527909800.614160000	28.5896	98	1
1527909800.706060000	28.6815	266	0
1527909800.706628000	28.6821	148	0
1527909800.710201000	28.6857	101	1
1527909800.711870000	28.6873	92	0
1527909800.712582000	28.688	251	0
1527909800.715163000	28.6906	101	1
1527909800.977514000	28.953	387	1
1527909800.977574000	28.953	258	1
1527909800.997446000	28.9729	87	0
1527909801.002164000	28.9776	87	0
1527909801.156697000	29.1322	258	0
1527909801.157333000	29.1328	148	0
1527909801.160133000	29.1356	107	1
1527909801.163785000	29.1393	92	0
1527909801.164447000	29.1399	324	0
1527909801.167204000	29.1427	101	1
1527909801.325539000	29.301	388	1
1527909801.325600000	29.3011	256	1
1527909801.342888000	29.3184	87	0
1527909801.352862000	29.3283	87	0
1527909801.697106000	29.6726	312	0
1527909801.697690000	29.6732	148	0
1527909801.701236000	29.6767	107	1
1527909801.701892000	29.6774	92	0
1527909801.703284000	29.6788	312	0
1527909801.705175000	29.6806	101	1
1527909801.814719000	29.7902	582	1
1527909801.814811000	29.7903	258	1
1527909801.831756000	29.8072	87	0
1527909802.159318000	30.1348	258	0
1527909802.159965000	30.1354	148	0
1527909802.162166000	30.1376	92	0
1527909802.162814000	30.1383	131	0
1527909802.163254000	30.1387	110	1
1527909802.236655000	30.2121	707	1
1527909802.236717000	30.2122	258	1
1527909802.254467000	30.2299	87	0
1527909802.411086000	30.3866	235	0
1527909802.411651000	30.3871	148	0
1527909802.415087000	30.3906	92	0
1527909802.415313000	30.3908	107	1
1527909802.415771000	30.3912	194	0
1527909802.419263000	30.3947	98	1
1527909802.747741000	30.7232	465	1
1527909802.747850000	30.7233	259	1
1527909802.764776000	30.7402	87	0
1527909803.104371000	31.0798	256	0
1527909803.105002000	31.0805	148	0
1527909803.108316000	31.0838	104	1
1527909803.109997000	31.0855	92	0
1527909803.110729000	31.0862	327	0
1527909803.113304000	31.0888	101	1
1527909803.262333000	31.2378	390	1
1527909803.262420000	31.2379	258	1
1527909803.283793000	31.2593	87	0
1527909803.292860000	31.2683	87	0
1527909803.407167000	31.3826	277	0
1527909803.407742000	31.3832	148	0
1527909803.411371000	31.3868	107	1
1527909803.417857000	31.3933	92	0
1527909803.418580000	31.394	311	0
1527909803.421307000	31.3968	101	1
1527909803.448647000	31.4241	92	0
1527909803.452314000	31.4278	98	1
1527909803.760824000	31.7363	388	1
1527909803.760914000	31.7364	259	1
1527909803.785777000	31.7612	87	0
1527909804.108596000	32.0841	255	0
1527909804.109155000	32.0846	148	0
1527909804.111537000	32.087	92	0
1527909804.112370000	32.0878	107	1
1527909804.151744000	32.1272	86	0
1527909804.155382000	32.1308	98	1
1527909804.326096000	32.3016	386	1
1527909804.326181000	32.3016	257	1
1527909804.344647000	32.3201	87	0
1527909804.348932000	32.3244	87	0
1527909804.681299000	32.6568	327	0
1527909804.681890000	32.6574	148	0
1527909804.685433000	32.6609	107	1
1527909804.686228000	32.6617	92	0
1527909804.686845000	32.6623	300	0
1527909804.690412000	32.6659	101	1
1527909804.825813000	32.8013	387	1
1527909804.825873000	32.8013	257	1
1527909804.842877000	32.8183	87	0
1527909805.001850000	32.9773	290	0
1527909805.002450000	32.9779	148	0
1527909805.005439000	32.9809	104	1
1527909805.005640000	32.9811	92	0
1527909805.006388000	32.9819	137	0
1527909805.009408000	32.9849	101	1
1527909805.266814000	33.2423	390	1
1527909805.266874000	33.2423	259	1
1527909805.293407000	33.2689	87	0
1527909805.647683000	33.6231	255	0
1527909805.648277000	33.6237	148	0
1527909805.649732000	33.6252	92	0
1527909805.650983000	33.6265	107	0
1527909805.651380000	33.6268	110	1
1527909805.818110000	33.7936	391	1
1527909805.818206000	33.7937	260	1
1527909805.834187000	33.8097	87	0
1527909806.169527000	34.145	258	0
1527909806.170167000	34.1456	148	0
1527909806.173493000	34.149	104	1
1527909806.175700000	34.1512	92	0
1527909806.177399000	34.1529	339	0
1527909806.179478000	34.1549	101	1
1527909806.266601000	34.2421	388	1
1527909806.266673000	34.2421	260	1
1527909806.284369000	34.2598	87	0
1527909806.288841000	34.2643	87	0
1527909806.444735000	34.4202	233	0
1527909806.445359000	34.4208	148	0
1527909806.448452000	34.4239	92	0
1527909806.448467000	34.4239	107	1
1527909806.449177000	34.4246	212	0
1527909806.452437000	34.4279	101	1
1527909807.097165000	35.0726	387	1
1527909807.097229000	35.0727	259	1
1527909807.114410000	35.0899	87	0
1527909807.293047000	35.2685	259	0
1527909807.293814000	35.2693	148	0
1527909807.296561000	35.272	104	1
1527909807.297532000	35.273	92	0
1527909807.298316000	35.2738	139	0
1527909807.301551000	35.277	101	1
1527909807.485884000	35.4614	992	1
1527909807.485974000	35.4614	257	1
1527909807.503938000	35.4794	87	0
1527909807.658956000	35.6344	259	0
1527909807.659569000	35.635	148	0
1527909807.662586000	35.6381	104	1
1527909807.664545000	35.64	92	0
1527909807.665234000	35.6407	99	0
1527909807.668563000	35.644	101	1
1527909808.007206000	35.9827	588	1
1527909808.007281000	35.9827	256	1
1527909808.028771000	36.0042	87	0
1527909808.322781000	36.2982	256	0
1527909808.323472000	36.2989	148	0
1527909808.326615000	36.3021	104	1
1527909808.326859000	36.3023	92	0
1527909808.327526000	36.303	146	0
1527909808.330599000	36.3061	101	1
1527909808.421426000	36.3969	710	1
1527909808.421517000	36.397	261	1
1527909808.438850000	36.4143	87	0
1527909808.783484000	36.759	333	0
1527909808.784073000	36.7595	148	0
1527909808.787664000	36.7631	104	1
1527909808.788392000	36.7639	92	0
1527909808.789654000	36.7651	228	0
1527909808.792651000	36.7681	101	1
1527909808.984753000	36.9602	463	1
1527909808.984843000	36.9603	259	1
1527909809.009465000	36.9849	87	0
1527909809.337528000	37.313	233	0
1527909809.338089000	37.3136	148	0
1527909809.341695000	37.3172	104	1
1527909809.344014000	37.3195	92	0
1527909809.344676000	37.3201	125	0
1527909809.347660000	37.3231	101	1
1527909809.525783000	37.5013	386	1
1527909809.525877000	37.5013	259	1
1527909809.550667000	37.5261	87	0
1527909809.567722000	37.5432	87	0
1527909809.682597000	37.6581	233	0
1527909809.683231000	37.6587	148	0
1527909809.686722000	37.6622	107	1
1527909809.688429000	37.6639	92	0
1527909809.692668000	37.6681	98	1
1527909809.726574000	37.702	162	0
1527909809.730636000	37.7061	98	1
1527909809.817714000	37.7932	367	1
1527909809.817809000	37.7933	1412	1
1527909809.817834000	37.7933	1412	1
1527909809.817872000	37.7933	1412	1
1527909809.817892000	37.7934	833	1
1527909809.835829000	37.8113	87	0
1527909809.842036000	37.8175	87	0
1527909809.939060000	37.9145	341	1
1527909809.939150000	37.9146	220	1
1527909809.956017000	37.9315	87	0
1527909810.114348000	38.0898	258	0
1527909810.114976000	38.0904	148	0
1527909810.118734000	38.0942	104	1
1527909810.119415000	38.0949	92	0
1527909810.120069000	38.0955	208	0
1527909810.122730000	38.0982	101	1
1527909810.158700000	38.1342	442	0
1527909810.162742000	38.1382	98	1
1527909810.164856000	38.1403	80	0
1527909810.168725000	38.1442	98	1
1527909810.377212000	38.3527	391	1
1527909810.377278000	38.3527	500	1
1527909810.394063000	38.3695	87	0
1527909810.532478000	38.5079	330	0
1527909810.533170000	38.5086	148	0
1527909810.536738000	38.5122	104	1
1527909810.537805000	38.5133	92	0
1527909810.538527000	38.514	334	0
1527909810.541728000	38.5172	101	1
1527909810.906254000	38.8817	391	1
1527909810.906313000	38.8818	259	1
1527909810.926033000	38.9015	87	0
1527909811.107644000	39.0831	290	0
1527909811.108287000	39.0838	148	0
1527909811.111747000	39.0872	104	1
1527909811.112290000	39.0878	92	0
1527909811.112993000	39.0885	167	0
1527909811.115759000	39.0912	101	1
1527909811.366171000	39.3416	388	1
1527909811.366232000	39.3417	257	1
1527909811.382860000	39.3583	87	0
1527909811.393116000	39.3686	87	0
1527909811.533120000	39.5086	255	0
1527909811.533765000	39.5092	148	0
1527909811.536827000	39.5123	107	1
1527909811.538168000	39.5136	92	0
1527909811.538766000	39.5142	308	0
1527909811.541782000	39.5172	101	1
1527909811.678002000	39.6535	387	1
1527909811.678099000	39.6536	257	1
1527909811.696430000	39.6719	87	0
1527909811.702475000	39.6779	87	0
1527909812.058516000	40.034	258	0
1527909812.059081000	40.0345	148	0
1527909812.061848000	40.0373	92	0
1527909812.062557000	40.038	137	0
1527909812.062787000	40.0383	113	1
1527909812.161675000	40.1371	387	1
1527909812.161768000	40.1372	261	1
1527909812.178840000	40.1543	87	0
1527909812.515445000	40.4909	235	0
1527909812.516067000	40.4915	148	0
1527909812.519426000	40.4949	92	0
1527909812.519786000	40.4953	107	1
1527909812.520159000	40.4956	177	0
1527909812.523783000	40.4992	98	1
1527909812.614412000	40.5899	991	1
1527909812.614471000	40.5899	257	1
1527909812.633829000	40.6093	87	0
1527909812.773841000	40.7493	256	0
1527909812.774434000	40.7499	148	0
1527909812.777877000	40.7533	104	1
1527909812.778017000	40.7535	92	0
1527909812.779299000	40.7548	305	0
1527909812.781859000	40.7573	101	1
1527909812.890214000	40.8657	585	1
1527909812.890275000	40.8657	256	1
1527909812.919674000	40.8951	87	0
1527909812.926550000	40.902	87	0
1527909813.064710000	41.0402	258	0
1527909813.065349000	41.0408	148	0
1527909813.068863000	41.0443	107	1
1527909813.072321000	41.0478	92	0
1527909813.073037000	41.0485	120	0
1527909813.075867000	41.0513	101	1
1527909813.340001000	41.3155	399	1
1527909813.340084000	41.3156	256	1
1527909813.359554000	41.335	87	0
1527909813.687275000	41.6627	233	0
1527909813.687845000	41.6633	148	0
1527909813.690822000	41.6663	92	0
1527909813.690910000	41.6664	104	1
1527909813.691499000	41.667	251	0
1527909813.694864000	41.6703	101	1
1527909813.980054000	41.9555	695	1
1527909813.980153000	41.9556	257	1
1527909813.997878000	41.9733	87	0
1527909814.162640000	42.1381	258	0
1527909814.163345000	42.1388	148	0
1527909814.166991000	42.1425	104	1
1527909814.169084000	42.1446	92	0
1527909814.169823000	42.1453	207	0
1527909814.172895000	42.1484	101	1
1527909814.230077000	42.2055	464	1
1527909814.230181000	42.2056	259	1
1527909814.248287000	42.2238	87	0
1527909814.372807000	42.3483	310	0
1527909814.373437000	42.3489	148	0
1527909814.376897000	42.3524	104	1
1527909814.377897000	42.3534	92	0
1527909814.378613000	42.3541	144	0
1527909814.381891000	42.3574	101	1
1527909814.530251000	42.5057	386	1
1527909814.530318000	42.5058	257	1
1527909814.548343000	42.5238	87	0
1527909814.552919000	42.5284	87	0
1527909814.693640000	42.6691	236	0
1527909814.694231000	42.6697	148	0
1527909814.697931000	42.6734	107	1
1527909814.701868000	42.6773	92	0
1527909814.702646000	42.6781	156	0
1527909814.705915000	42.6814	101	1
1527909814.930251000	42.9057	388	1
1527909814.930313000	42.9058	259	1
1527909814.949081000	42.9245	87	0
1527909815.087428000	43.0629	258	0
1527909815.088020000	43.0635	148	0
1527909815.090991000	43.0665	104	1
1527909815.094179000	43.0696	92	0
1527909815.094837000	43.0703	199	0
1527909815.097951000	43.0734	101	1
1527909815.212064000	43.1875	387	1
1527909815.212176000	43.1876	257	1
1527909815.229199000	43.2047	87	0
1527909815.352255000	43.3277	235	0
1527909815.352880000	43.3283	148	0
1527909815.355980000	43.3314	104	1
1527909815.359048000	43.3345	92	0
1527909815.359702000	43.3352	290	0
1527909815.362967000	43.3384	101	1
1527909815.531248000	43.5067	387	1
1527909815.531335000	43.5068	259	1
1527909815.549223000	43.5247	87	0
1527909815.884833000	43.8603	256	0
1527909815.885414000	43.8609	148	0
1527909815.889047000	43.8645	104	1
1527909815.889825000	43.8653	92	0
1527909815.890587000	43.8661	136	0
1527909815.893033000	43.8685	101	1
1527909816.000166000	43.9756	390	1
1527909816.000234000	43.9757	258	1
1527909816.023695000	43.9992	87	0
1527909816.369077000	44.3445	275	0
1527909816.369717000	44.3452	148	0
1527909816.373101000	44.3486	104	1
1527909816.376706000	44.3522	92	0
1527909816.377362000	44.3528	194	0
1527909816.380072000	44.3555	101	1
1527909816.411087000	44.3866	391	1
1527909816.411152000	44.3866	263	1
1527909816.430405000	44.4059	87	0
1527909816.557008000	44.5325	330	0
1527909816.557595000	44.5331	148	0
1527909816.561091000	44.5366	104	1
1527909816.565844000	44.5413	92	0
1527909816.566498000	44.542	204	0
1527909816.570107000	44.5456	101	1
1527909816.631642000	44.6071	389	1
1527909816.631733000	44.6072	257	1
1527909816.649839000	44.6253	87	0
1527909816.654420000	44.6299	87	0
1527909816.795439000	44.7709	288	0
1527909816.796039000	44.7715	148	0
1527909816.799186000	44.7747	107	1
1527909816.802348000	44.7778	92	0
1527909816.803063000	44.7785	169	0
1527909816.806091000	44.7816	101	1
1527909816.990540000	44.966	390	1
1527909816.990615000	44.9661	259	1
1527909817.007541000	44.983	87	0
1527909817.123268000	45.0987	255	0
1527909817.123908000	45.0994	148	0
1527909817.127105000	45.1026	104	1
1527909817.127924000	45.1034	92	0
1527909817.129272000	45.1047	207	0
1527909817.132062000	45.1075	101	1
1527909817.201192000	45.1767	991	1
1527909817.201256000	45.1767	257	1
1527909817.219906000	45.1954	87	0
1527909817.336506000	45.312	233	0
1527909817.337127000	45.3126	148	0
1527909817.340074000	45.3155	104	1
1527909817.342420000	45.3179	92	0
1527909817.343125000	45.3186	201	0
1527909817.346060000	45.3215	101	1
1527909817.450219000	45.4257	581	1
1527909817.450304000	45.4258	258	1
1527909817.468836000	45.4443	87	0
1527909817.830795000	45.8063	258	0
1527909817.831369000	45.8068	148	0
1527909817.835190000	45.8107	104	1
1527909817.838612000	45.8141	92	0
1527909817.839273000	45.8147	334	0
1527909817.842146000	45.8176	101	1
1527909817.861384000	45.8369	400	1
1527909817.861450000	45.8369	258	1
1527909817.878874000	45.8543	87	0
1527909818.031380000	46.0068	233	0
1527909818.032010000	46.0075	148	0
1527909818.035261000	46.0107	104	1
1527909818.039133000	46.0146	92	0
1527909818.039847000	46.0153	277	0
1527909818.043162000	46.0186	101	1
1527909818.130395000	46.1059	695	1
1527909818.130457000	46.1059	259	1
1527909818.149412000	46.1249	87	0
1527909818.620538000	46.596	256	0
1527909818.621156000	46.5966	148	0
1527909818.624205000	46.5997	104	1
1527909818.625076000	46.6005	92	0
1527909818.625736000	46.6012	195	0
1527909818.629193000	46.6047	101	1
1527909818.800629000	46.7761	463	1
1527909818.800683000	46.7761	259	1
1527909818.818572000	46.794	87	0
1527909818.946173000	46.9216	256	0
1527909818.946808000	46.9223	148	0
1527909818.950149000	46.9256	104	1
1527909818.951146000	46.9266	92	0
1527909818.951811000	46.9273	276	0
1527909818.955159000	46.9306	101	1
1527909819.211936000	47.1874	390	1
1527909819.212003000	47.1875	260	1
1527909819.228630000	47.2041	87	0
1527909819.352233000	47.3277	235	0
1527909819.352820000	47.3283	148	0
1527909819.356246000	47.3317	104	1
1527909819.356775000	47.3322	92	0
1527909819.358085000	47.3336	159	0
1527909819.360231000	47.3357	101	1
1527909819.644291000	47.6198	388	1
1527909819.644389000	47.6199	258	1
1527909819.662070000	47.6375	87	0
1527909819.779241000	47.7547	336	0
1527909819.779822000	47.7553	148	0
1527909819.783296000	47.7588	104	1
1527909819.783710000	47.7592	92	0
1527909819.784372000	47.7598	192	0
1527909819.787288000	47.7628	101	1
1527909819.946456000	47.9219	388	1
1527909819.946551000	47.922	257	1
1527909819.964636000	47.9401	87	0
1527909820.101455000	48.0769	236	0
1527909820.102079000	48.0775	148	0
1527909820.105291000	48.0808	104	1
1527909820.107310000	48.0828	92	0
1527909820.108018000	48.0835	157	0
1527909820.111275000	48.0867	101	1
1527909820.365941000	48.3414	393	1
1527909820.365994000	48.3415	261	1
1527909820.383230000	48.3587	87	0
1527909820.738405000	48.7139	256	0
1527909820.739339000	48.7148	148	0
1527909820.742288000	48.7178	104	1
1527909820.745598000	48.7211	92	0
1527909820.746265000	48.7217	249	0
1527909820.749269000	48.7247	101	1
1527909820.817686000	48.7932	387	1
1527909820.817778000	48.7932	261	1
1527909820.836456000	48.8119	87	0
1527909820.842665000	48.8181	87	0
1527909820.973744000	48.9492	235	0
1527909820.974376000	48.9498	148	0
1527909820.977336000	48.9528	107	1
1527909820.978186000	48.9537	92	0
1527909820.978846000	48.9543	137	0
1527909820.982335000	48.9578	101	1
1527909821.095603000	49.0711	391	1
1527909821.095663000	49.0711	258	1
1527909821.123490000	49.099	87	0
1527909821.250814000	49.2263	233	0
1527909821.251468000	49.2269	148	0
1527909821.254354000	49.2298	104	1
1527909821.256137000	49.2316	92	0
1527909821.256804000	49.2323	251	0
1527909821.260337000	49.2358	101	1
1527909821.535866000	49.5113	386	1
1527909821.535936000	49.5114	257	1
1527909821.552846000	49.5283	87	0
1527909821.675860000	49.6513	277	0
1527909821.676421000	49.6519	148	0
1527909821.679383000	49.6549	104	1
1527909821.681839000	49.6573	92	0
1527909821.682515000	49.658	200	0
1527909821.685367000	49.6608	101	1
1527909822.016815000	49.9923	388	1
1527909822.016903000	49.9924	258	1
1527909822.034253000	50.0097	87	0
1527909822.167108000	50.1426	350	0
1527909822.167665000	50.1431	148	0
1527909822.171479000	50.1469	104	1
1527909822.171845000	50.1473	92	0
1527909822.172534000	50.148	148	0
1527909822.175391000	50.1509	101	1
1527909822.297687000	50.2732	987	1
1527909822.297780000	50.2732	258	1
1527909822.315383000	50.2908	87	0
1527909822.460707000	50.4362	264	0
1527909822.461335000	50.4368	148	0
1527909822.463761000	50.4392	92	0
1527909822.464401000	50.4399	308	0
1527909822.464488000	50.44	107	1
1527909822.468409000	50.4439	98	1
1527909822.837307000	50.8128	581	1
1527909822.837384000	50.8129	258	1
1527909822.855513000	50.831	87	0
1527909822.979551000	50.955	278	0
1527909822.980150000	50.9556	148	0
1527909822.983481000	50.9589	104	1
1527909822.984867000	50.9603	92	0
1527909822.986249000	50.9617	98	0
1527909822.988398000	50.9639	101	1
1527909823.247945000	51.2234	399	1
1527909823.248017000	51.2235	261	1
1527909823.266408000	51.2419	87	0
1527909823.594383000	51.5698	233	0
1527909823.595065000	51.5705	148	0
1527909823.598517000	51.574	104	1
1527909823.599181000	51.5746	92	0
1527909823.599847000	51.5753	295	0
1527909823.602486000	51.578	101	1
1527909823.700824000	51.6763	694	1
1527909823.700901000	51.6764	260	1
1527909823.718325000	51.6938	87	0
1527909823.857369000	51.8328	258	0
1527909823.857958000	51.8334	148	0
1527909823.861501000	51.837	104	1
1527909823.863470000	51.8389	92	0
1527909823.864178000	51.8396	198	0
1527909823.867496000	51.843	101	1
1527909823.980905000	51.9564	467	1
1527909823.981001000	51.9565	257	1
1527909823.998941000	51.9744	87	0
1527909824.121901000	52.0974	235	0
1527909824.122543000	52.098	148	0
1527909824.125456000	52.1009	104	1
1527909824.127023000	52.1025	92	0
1527909824.127730000	52.1032	225	0
1527909824.130509000	52.106	101	1
1527909824.361253000	52.3367	392	1
1527909824.361315000	52.3368	260	1
1527909824.379155000	52.3546	87	0
1527909824.397382000	52.3728	87	0
1527909824.519204000	52.4947	256	0
1527909824.519766000	52.4952	148	0
1527909824.523550000	52.499	107	1
1527909824.525942000	52.5014	92	0
1527909824.526631000	52.5021	92	0
1527909824.529531000	52.505	101	1
1527909824.670919000	52.6464	387	1
1527909824.670998000	52.6465	257	1
1527909824.687926000	52.6634	87	0
1527909824.807827000	52.7833	258	0
1527909824.808405000	52.7839	148	0
1527909824.811517000	52.787	104	1
1527909824.812082000	52.7875	92	0
1527909824.812736000	52.7882	140	0
1527909824.815551000	52.791	101	1
1527909825.132087000	53.1076	387	1
1527909825.132151000	53.1076	258	1
1527909825.149932000	53.1254	87	0
1527909825.285360000	53.2608	233	0
1527909825.285977000	53.2614	148	0
1527909825.289620000	53.2651	104	1
1527909825.290883000	53.2664	92	0
1527909825.291548000	53.267	95	0
1527909825.294587000	53.2701	101	1
1527909825.421110000	53.3966	386	1
1527909825.421203000	53.3967	257	1
1527909825.440306000	53.4158	87	0
1527909825.811526000	53.787	333	0
1527909825.812111000	53.7876	148	0
1527909825.815563000	53.791	104	1
1527909825.818005000	53.7935	92	0
1527909825.818658000	53.7941	210	0
1527909825.821642000	53.7971	101	1
1527909825.830664000	53.8061	386	1
1527909825.830750000	53.8062	260	1
1527909825.850743000	53.8262	87	0
1527909825.995805000	53.9713	235	0
1527909825.996449000	53.9719	148	0
1527909825.999635000	53.9751	104	1
1527909826.002059000	53.9775	92	0
1527909826.002783000	53.9783	143	0
1527909826.005622000	53.9811	101	1
1527909826.090704000	54.0662	391	1
1527909826.090791000	54.0663	256	1
1527909826.110424000	54.0859	87	0
1527909826.118753000	54.0942	87	0
1527909826.467381000	54.4428	235	0
1527909826.467943000	54.4434	148	0
1527909826.471587000	54.4471	92	0
1527909826.471646000	54.4471	107	1
1527909826.472266000	54.4477	141	0
1527909826.475645000	54.4511	101	1
1527909826.502773000	54.4782	388	1
1527909826.502838000	54.4783	257	1
1527909826.525571000	54.501	87	0
1527909826.642405000	54.6179	236	0
1527909826.643037000	54.6185	148	0
1527909826.646706000	54.6222	104	1
1527909826.652630000	54.6281	92	0
1527909826.653629000	54.6291	182	0
1527909826.656658000	54.6321	101	1
1527909826.780967000	54.7564	388	1
1527909826.781033000	54.7565	257	1
1527909826.797772000	54.7732	87	0
1527909826.918227000	54.8937	258	0
1527909826.918784000	54.8943	148	0
1527909826.921695000	54.8972	104	1
1527909826.923844000	54.8993	92	0
1527909826.924514000	54.9	207	0
1527909826.927677000	54.9031	101	1
1527909827.100867000	55.0763	991	1
1527909827.100963000	55.0764	259	1
1527909827.119690000	55.0952	87	0
1527909827.241375000	55.2168	277	0
1527909827.242012000	55.2175	148	0
1527909827.245635000	55.2211	104	1
1527909827.246786000	55.2223	92	0
1527909827.247448000	55.2229	114	0
1527909827.250632000	55.2261	101	1
1527909827.350986000	55.3265	583	1
1527909827.351065000	55.3265	256	1
1527909827.368458000	55.3439	87	0
1527909827.517147000	55.4926	330	0
1527909827.519100000	55.4946	148	0
1527909827.520683000	55.4962	92	0
1527909827.520780000	55.4962	104	1
1527909827.521414000	55.4969	181	0
1527909827.524700000	55.5002	101	1
1527909827.629530000	55.605	401	1
1527909827.629593000	55.6051	257	1
1527909827.647167000	55.6226	87	0
1527909827.793457000	55.7689	290	0
1527909827.794027000	55.7695	148	0
1527909827.797770000	55.7732	104	1
1527909827.799267000	55.7747	92	0
1527909827.799944000	55.7754	248	0
1527909827.802757000	55.7782	101	1
1527909827.951013000	55.9265	699	1
1527909827.951106000	55.9266	258	1
1527909827.969564000	55.945	87	0
1527909828.098019000	56.0735	258	0
1527909828.098588000	56.0741	148	0
1527909828.101825000	56.0773	104	1
1527909828.105022000	56.0805	92	0
1527909828.106033000	56.0815	266	0
1527909828.108711000	56.0842	101	1
1527909828.312035000	56.2875	465	1
1527909828.312098000	56.2876	259	1
1527909828.330195000	56.3057	87	0
1527909828.451894000	56.4274	233	0
1527909828.452558000	56.428	148	0
1527909828.455768000	56.4312	104	1
1527909828.456155000	56.4316	92	0
1527909828.456786000	56.4323	216	0
1527909828.459755000	56.4352	101	1
1527909828.773261000	56.7487	387	1
1527909828.773326000	56.7488	259	1
1527909828.791195000	56.7667	87	0
1527909829.123581000	57.099	256	0
1527909829.124152000	57.0996	148	0
1527909829.127274000	57.1027	92	0
1527909829.127818000	57.1033	107	1
1527909829.127944000	57.1034	129	0
1527909829.131789000	57.1073	98	1
1527909829.201856000	57.1773	391	1
1527909829.201940000	57.1774	262	1
1527909829.219110000	57.1946	87	0
1527909829.335723000	57.3112	233	0
1527909829.336286000	57.3118	148	0
1527909829.339270000	57.3147	92	0
1527909829.339814000	57.3153	107	1
1527909829.339850000	57.3153	105	0
1527909829.343748000	57.3192	98	1
1527909829.550943000	57.5264	387	1
1527909829.551007000	57.5265	258	1
1527909829.582891000	57.5584	387	1
1527909829.587799000	57.5633	87	0
1527909829.599733000	57.5752	87	0
1527909829.710273000	57.6857	256	0
1527909829.710904000	57.6864	148	0
1527909829.713148000	57.6886	92	0
1527909829.713821000	57.6893	236	0
1527909829.713890000	57.6894	110	1
1527909829.717824000	57.6933	98	1
1527909829.760951000	57.7364	390	1
1527909829.761046000	57.7365	261	1
1527909829.779765000	57.7552	87	0
1527909829.939312000	57.9148	255	0
1527909829.939903000	57.9154	148	0
1527909829.942873000	57.9183	104	1
1527909829.944889000	57.9204	92	0
1527909829.946249000	57.9217	239	0
1527909829.948840000	57.9243	101	1
1527909830.220992000	58.1965	386	1
1527909830.221054000	58.1965	258	1
1527909830.239193000	58.2147	87	0
1527909830.364285000	58.3398	233	0
1527909830.364854000	58.3403	148	0
1527909830.367881000	58.3433	104	1
1527909830.371357000	58.3468	92	0
1527909830.372071000	58.3475	145	0
1527909830.374866000	58.3503	101	1
1527909830.473144000	58.4486	387	1
1527909830.473203000	58.4487	259	1
1527909830.492548000	58.468	87	0
1527909830.611234000	58.5867	310	0
1527909830.611806000	58.5873	148	0
1527909830.614880000	58.5903	104	1
1527909830.615490000	58.591	92	0
1527909830.616088000	58.5916	233	0
1527909830.618887000	58.5944	101	1
1527909830.810260000	58.7857	386	1
1527909830.810321000	58.7858	261	1
1527909830.828510000	58.804	87	0
1527909830.833557000	58.809	87	0
1527909830.946959000	58.9224	255	0
1527909830.947560000	58.923	148	0
1527909830.950877000	58.9263	107	1
1527909830.951459000	58.9269	92	0
1527909830.952708000	58.9282	290	0
1527909830.954872000	58.9303	101	1
1527909830.987705000	58.9632	92	0
1527909830.991883000	58.9674	98	1
1527909831.125105000	59.1006	386	1
1527909831.125201000	59.1007	259	1
1527909831.144931000	59.1204	87	0
1527909831.478152000	59.4536	233	0
1527909831.479342000	59.4548	148	0
1527909831.481884000	59.4574	104	1
1527909831.483624000	59.4591	92	0
1527909831.485333000	59.4608	305	0
1527909831.486877000	59.4623	101	1
1527909831.561987000	59.5375	992	1
1527909831.562050000	59.5375	260	1
1527909831.582151000	59.5576	87	0
1527909831.710402000	59.6859	232	0
1527909831.711026000	59.6865	148	0
1527909831.713899000	59.6894	104	1
1527909831.714687000	59.6902	92	0
1527909831.715461000	59.6909	102	0
1527909831.717887000	59.6934	101	1
1527909831.813225000	59.7887	584	1
1527909831.813287000	59.7888	263	1
1527909831.832654000	59.8081	87	0
1527909832.172504000	60.148	258	0
1527909832.173190000	60.1487	148	0
1527909832.175917000	60.1514	104	1
1527909832.178924000	60.1544	92	0
1527909832.179603000	60.1551	127	0
1527909832.182917000	60.1584	101	1
1527909832.242959000	60.2184	400	1
1527909832.243047000	60.2185	260	1
1527909832.263262000	60.2387	87	0
1527909832.380045000	60.3555	277	0
1527909832.380739000	60.3562	148	0
1527909832.383951000	60.3594	104	1
1527909832.384371000	60.3598	92	0
1527909832.385085000	60.3606	102	0
1527909832.387939000	60.3634	101	1
1527909832.613926000	60.5894	696	1
1527909832.614010000	60.5895	261	1
1527909832.631862000	60.6073	87	0
1527909832.770902000	60.7464	349	0
1527909832.771567000	60.747	148	0
1527909832.772442000	60.7479	92	0
1527909832.773150000	60.7486	100	0
1527909832.774948000	60.7504	110	1
1527909833.073114000	61.0486	463	1
1527909833.073202000	61.0487	261	1
1527909833.101479000	61.0769	87	0
1527909833.244860000	61.2203	265	0
1527909833.245454000	61.2209	148	0
1527909833.249028000	61.2245	104	1
1527909833.249044000	61.2245	92	0
1527909833.250439000	61.2259	305	0
1527909833.253051000	61.2285	101	1
1527909833.400292000	61.3758	389	1
1527909833.400382000	61.3758	258	1
1527909833.417271000	61.3927	87	0
1527909833.426275000	61.4017	87	0
1527909833.540805000	61.5163	257	0
1527909833.541401000	61.5169	148	0
1527909833.545044000	61.5205	107	1
1527909833.546261000	61.5217	92	0
1527909833.546867000	61.5223	299	0
1527909833.550042000	61.5255	101	1
1527909833.901404000	61.8769	387	1
1527909833.901473000	61.8769	261	1
1527909833.920809000	61.8963	87	0
1527909834.037792000	62.0133	256	0
1527909834.038356000	62.0138	148	0
1527909834.042099000	62.0176	104	1
1527909834.043240000	62.0187	92	0
1527909834.043853000	62.0193	247	0
1527909834.047021000	62.0225	101	1
1527909834.160386000	62.1359	386	1
1527909834.160448000	62.1359	261	1
1527909834.180327000	62.1558	87	0
1527909834.186338000	62.1618	87	0
1527909834.304277000	62.2797	233	0
1527909834.304855000	62.2803	148	0
1527909834.308052000	62.2835	107	1
1527909834.311665000	62.2871	92	0
1527909834.312324000	62.2878	223	0
1527909834.315053000	62.2905	101	1
1527909834.401282000	62.3767	390	1
1527909834.401344000	62.3768	259	1
1527909834.424536000	62.4	87	0
1527909834.428675000	62.4041	87	0
1527909834.756725000	62.7322	258	0
1527909834.757349000	62.7328	148	0
1527909834.761153000	62.7366	107	1
1527909834.762047000	62.7375	92	0
1527909834.762700000	62.7382	152	0
1527909834.766121000	62.7416	101	1
1527909834.781059000	62.7565	388	1
1527909834.781141000	62.7566	258	1
1527909834.798262000	62.7737	87	0
1527909834.804716000	62.7802	87	0
1527909834.936646000	62.9121	255	0
1527909834.937425000	62.9129	148	0
1527909834.940161000	62.9156	107	1
1527909834.940632000	62.9161	92	0
1527909834.941295000	62.9168	232	0
1527909834.944122000	62.9196	101	1
1527909834.991054000	62.9665	386	1
1527909834.991119000	62.9666	258	1
1527909835.008812000	62.9843	87	0
1527909835.141125000	63.1166	233	0
1527909835.141757000	63.1172	148	0
1527909835.145163000	63.1206	104	1
1527909835.146846000	63.1223	92	0
1527909835.147538000	63.123	193	0
1527909835.150139000	63.1256	101	1
1527909835.221411000	63.1969	387	1
1527909835.221472000	63.1969	258	1
1527909835.239531000	63.215	87	0
1527909835.359740000	63.3352	231	0
1527909835.360302000	63.3358	148	0
1527909835.364165000	63.3396	104	1
1527909835.365306000	63.3408	92	0
1527909835.366036000	63.3415	144	0
1527909835.369185000	63.3447	101	1
1527909835.453262000	63.4287	385	1
1527909835.453324000	63.4288	259	1
1527909835.470382000	63.4458	87	0
1527909835.592162000	63.5676	310	0
1527909835.592834000	63.5683	148	0
1527909835.595590000	63.5711	92	0
1527909835.596111000	63.5716	107	1
1527909835.596259000	63.5717	183	0
1527909835.600164000	63.5756	98	1
1527909835.771792000	63.7473	991	1
1527909835.771855000	63.7473	261	1
1527909835.789151000	63.7646	87	0
1527909835.908931000	63.8844	258	0
1527909835.909556000	63.885	148	0
1527909835.913184000	63.8887	104	1
1527909835.914396000	63.8899	92	0
1527909835.915053000	63.8905	223	0
1527909835.918178000	63.8936	101	1
1527909836.321514000	64.297	586	1
1527909836.321576000	64.297	260	1
1527909836.342358000	64.3178	87	0
1527909836.461191000	64.4367	233	0
1527909836.461883000	64.4374	148	0
1527909836.465252000	64.4407	104	1
1527909836.466307000	64.4418	92	0
1527909836.467028000	64.4425	237	0
1527909836.470222000	64.4457	101	1
1527909837.010621000	64.9861	398	1
1527909837.010701000	64.9862	258	1
1527909837.025103000	65.0006	100	0
1527909837.027826000	65.0033	87	0
1527909837.029237000	65.0047	101	1
1527909837.144170000	65.1196	256	0
1527909837.144750000	65.1202	148	0
1527909837.147724000	65.1232	92	0
1527909837.148254000	65.1237	104	1
1527909837.148292000	65.1238	110	0
1527909837.152275000	65.1277	98	1
1527909837.362559000	65.338	694	1
1527909837.362619000	65.3381	258	1
1527909837.380938000	65.3564	87	0
1527909837.497818000	65.4733	232	0
1527909837.498445000	65.4739	148	0
1527909837.501222000	65.4767	104	1
1527909837.502794000	65.4783	92	0
1527909837.503613000	65.4791	194	0
1527909837.506224000	65.4817	101	1
1527909837.811581000	65.787	463	1
1527909837.811682000	65.7871	260	1
1527909837.828511000	65.804	87	0
1527909837.967141000	65.9426	300	0
1527909837.967704000	65.9432	148	0
1527909837.971253000	65.9467	104	1
1527909837.972348000	65.9478	92	0
1527909837.973128000	65.9486	294	0
1527909837.976317000	65.9518	101	1
1527909838.061445000	66.0369	388	1
1527909838.061510000	66.037	261	1
1527909838.082514000	66.058	87	0
1527909838.218868000	66.1943	329	0
1527909838.219471000	66.1949	148	0
1527909838.222329000	66.1978	104	1
1527909838.224934000	66.2004	92	0
1527909838.225656000	66.2011	102	0
1527909838.228317000	66.2038	101	1
1527909838.271855000	66.2473	387	1
1527909838.271949000	66.2474	259	1
1527909838.289231000	66.2647	87	0
1527909838.409522000	66.385	265	0
1527909838.410205000	66.3857	148	0
1527909838.413283000	66.3888	104	1
1527909838.415920000	66.3914	92	0
1527909838.416606000	66.3921	267	0
1527909838.419273000	66.3947	101	1
1527909838.491557000	66.467	386	1
1527909838.491614000	66.4671	259	1
1527909838.511908000	66.4874	87	0
1527909838.635475000	66.6109	257	0
1527909838.636103000	66.6116	148	0
1527909838.639386000	66.6149	104	1
1527909838.640342000	66.6158	92	0
1527909838.641057000	66.6165	158	0
1527909838.644335000	66.6198	101	1
1527909838.951966000	66.9274	388	1
1527909838.952054000	66.9275	260	1
1527909838.969171000	66.9446	87	0
1527909839.094664000	67.0701	259	0
1527909839.095244000	67.0707	148	0
1527909839.098401000	67.0739	104	1
1527909839.099552000	67.075	92	0
1527909839.100207000	67.0757	112	0
1527909839.103368000	67.0788	101	1
1527909839.252771000	67.2282	392	1
1527909839.252832000	67.2283	263	1
1527909839.270119000	67.2456	87	0
1527909839.628357000	67.6038	235	0
1527909839.628932000	67.6044	148	0
1527909839.632183000	67.6077	92	0
1527909839.632417000	67.6079	107	1
1527909839.633506000	67.609	150	0
1527909839.637401000	67.6129	98	1
1527909839.683760000	67.6592	390	1
1527909839.683854000	67.6593	259	1
1527909839.700310000	67.6758	87	0
1527909839.829671000	67.8051	256	0
1527909839.830242000	67.8057	148	0
1527909839.833421000	67.8089	104	1
1527909839.835131000	67.8106	92	0
1527909839.835788000	67.8113	165	0
1527909839.838422000	67.8139	101	1
1527909840.021774000	67.9972	386	1
1527909840.021835000	67.9973	261	1
1527909840.040369000	68.0158	87	0
1527909840.165637000	68.1411	258	0
1527909840.166197000	68.1417	148	0
1527909840.169539000	68.145	104	1
1527909840.170170000	68.1456	92	0
1527909840.170831000	68.1463	282	0
1527909840.174421000	68.1499	101	1
1527909840.391696000	68.3672	387	1
1527909840.391792000	68.3673	259	1
1527909840.408730000	68.3842	87	0
1527909840.524857000	68.5003	235	0
1527909840.525447000	68.5009	148	0
1527909840.528459000	68.5039	104	1
1527909840.529086000	68.5046	92	0
1527909840.529757000	68.5052	280	0
1527909840.532440000	68.5079	101	1
1527909840.812156000	68.7876	993	1
1527909840.812218000	68.7877	261	1
1527909840.829869000	68.8053	87	0
1527909840.839175000	68.8146	87	0
1527909840.928034000	68.9035	513	1
1527909840.928130000	68.9036	1412	1
1527909840.928169000	68.9036	1412	1
1527909840.928202000	68.9037	1144	1
1527909840.947939000	68.9234	87	0
1527909840.976599000	68.9521	254	0
1527909840.977851000	68.9533	148	0
1527909840.980541000	68.956	104	1
1527909840.981299000	68.9568	92	0
1527909840.981931000	68.9574	281	0
1527909840.985505000	68.961	101	1
1527909841.092758000	69.0682	405	0
1527909841.096475000	69.0719	98	1
1527909841.101521000	69.077	80	0
1527909841.105428000	69.0809	98	1
1527909841.121871000	69.0973	388	1
1527909841.121961000	69.0974	259	1
1527909841.140047000	69.1155	87	0
1527909841.258750000	69.2342	306	0
1527909841.259327000	69.2348	148	0
1527909841.261240000	69.2367	92	0
1527909841.261846000	69.2373	210	0
1527909841.262430000	69.2379	110	1
1527909841.382777000	69.3582	399	1
1527909841.382867000	69.3583	259	1
1527909841.400777000	69.3762	87	0
1527909841.520692000	69.4962	235	0
1527909841.521335000	69.4968	148	0
1527909841.524245000	69.4997	92	0
1527909841.524528000	69.5	107	1
1527909841.524921000	69.5004	147	0
1527909841.528592000	69.5041	98	1
1527909841.611823000	69.5873	696	1
1527909841.611881000	69.5873	259	1
1527909841.631322000	69.6068	87	0
1527909841.758520000	69.734	255	0
1527909841.759151000	69.7346	148	0
1527909841.762526000	69.738	104	1
1527909841.763218000	69.7387	92	0
1527909841.763819000	69.7393	316	0
1527909841.766522000	69.742	101	1
1527909841.902127000	69.8776	463	1
1527909841.902196000	69.8777	259	1
1527909841.918762000	69.8942	87	0
1527909842.092790000	70.0683	275	0
1527909842.093498000	70.069	148	0
1527909842.096483000	70.0719	104	1
1527909842.097456000	70.0729	92	0
1527909842.098111000	70.0736	139	0
1527909842.101494000	70.077	101	1
1527909842.228802000	70.2043	387	1
1527909842.228862000	70.2043	261	1
1527909842.246431000	70.2219	87	0
1527909842.415438000	70.3909	327	0
1527909842.416029000	70.3915	148	0
1527909842.419015000	70.3945	92	0
1527909842.419557000	70.395	107	1
1527909842.419591000	70.3951	281	0
1527909842.423546000	70.399	98	1
1527909842.687980000	70.6634	386	1
1527909842.688027000	70.6635	259	1
1527909842.706338000	70.6818	87	0
1527909842.835653000	70.8111	288	0
1527909842.836285000	70.8118	148	0
1527909842.839522000	70.815	104	1
1527909842.845650000	70.8211	92	0
1527909842.846309000	70.8218	111	0
1527909842.849510000	70.825	101	1
1527909843.137233000	71.1127	391	1
1527909843.137316000	71.1128	262	1
1527909843.156399000	71.1319	87	0
1527909843.281739000	71.2572	257	0
1527909843.282311000	71.2578	148	0
1527909843.285644000	71.2611	104	1
1527909843.286847000	71.2623	92	0
1527909843.287585000	71.2631	329	0
1527909843.290605000	71.2661	101	1
1527909843.547772000	71.5232	388	1
1527909843.547863000	71.5233	261	1
1527909843.566869000	71.5423	87	0
1527909843.572129000	71.5476	87	0
1527909843.697399000	71.6729	233	0
1527909843.697961000	71.6734	148	0
1527909843.701598000	71.6771	92	0
1527909843.701695000	71.6772	107	1
1527909843.702283000	71.6777	265	0
1527909843.705625000	71.6811	101	1
1527909843.826675000	71.8021	390	1
1527909843.826760000	71.8022	258	1
1527909843.844112000	71.8196	87	0
1527909843.929041000	71.9045	302	1
1527909843.929144000	71.9046	1412	1
1527909843.929191000	71.9047	1412	1
1527909843.929225000	71.9047	1412	1
1527909843.929262000	71.9047	1412	1
1527909843.929286000	71.9048	1412	1
1527909843.929316000	71.9048	1412	1
1527909843.929340000	71.9048	1412	1
1527909843.929376000	71.9048	1412	1
1527909843.929411000	71.9049	1412	1
1527909843.929445000	71.9049	1412	1
1527909843.929480000	71.9049	1412	1
1527909843.929513000	71.905	1412	1
1527909843.929554000	71.905	1412	1
1527909843.929589000	71.9051	739	1
1527909843.946629000	71.9221	87	0
1527909843.950292000	71.9258	87	0
1527909843.951014000	71.9265	90	0
1527909843.954669000	71.9301	107	1
1527909843.957619000	71.9331	87	0
1527909843.960839000	71.9363	258	0
1527909843.961435000	71.9369	148	0
1527909843.964597000	71.9401	104	1
1527909843.966167000	71.9416	92	0
1527909843.967615000	71.9431	230	0
1527909843.969650000	71.9451	101	1
1527909844.107655000	72.0831	386	0
1527909844.107845000	72.0833	390	1
1527909844.107918000	72.0834	259	1
1527909844.111664000	72.0871	98	1
1527909844.113838000	72.0893	80	0
1527909844.117659000	72.0931	98	1
1527909844.125141000	72.1006	87	0
1527909844.245800000	72.2213	258	0
1527909844.246447000	72.2219	148	0
1527909844.249500000	72.225	92	0
1527909844.249595000	72.2251	104	1
1527909844.250223000	72.2257	121	0
1527909844.253687000	72.2292	101	1
1527909844.576825000	72.5523	392	1
1527909844.576915000	72.5524	260	1
1527909844.593519000	72.569	87	0
1527909844.707829000	72.6833	232	0
1527909844.708439000	72.6839	148	0
1527909844.711368000	72.6868	92	0
1527909844.711620000	72.6871	107	1
1527909844.712034000	72.6875	188	0
1527909844.715640000	72.6911	98	1
1527909844.920148000	72.8956	987	1
1527909844.920240000	72.8957	259	1
1527909844.950896000	72.9264	87	0
1527909845.069838000	73.0453	256	0
1527909845.070472000	73.0459	148	0
1527909845.073664000	73.0491	104	1
1527909845.087263000	73.0627	92	0
1527909845.087910000	73.0634	292	0
1527909845.090640000	73.0661	101	1
1527909845.407863000	73.3833	586	1
1527909845.407959000	73.3834	261	1
1527909845.426395000	73.4019	87	0
1527909845.554118000	73.5296	239	0
1527909845.554756000	73.5302	148	0
1527909845.557772000	73.5332	104	1
1527909845.559231000	73.5347	92	0
1527909845.559849000	73.5353	249	0
1527909845.562732000	73.5382	101	1
1527909845.828269000	73.8037	399	1
1527909845.828342000	73.8038	260	1
1527909845.855200000	73.8307	87	0
1527909845.985141000	73.9606	328	0
1527909845.985787000	73.9613	148	0
1527909845.988783000	73.9642	104	1
1527909845.990698000	73.9662	92	0
1527909845.991354000	73.9668	328	0
1527909845.994753000	73.9702	101	1
1527909846.378488000	74.354	693	1
1527909846.378563000	74.354	260	1
1527909846.395257000	74.3707	87	0
1527909846.516632000	74.4921	235	0
1527909846.519676000	74.4951	148	0
1527909846.520249000	74.4957	92	0
1527909846.520798000	74.4963	107	1
1527909846.521051000	74.4965	155	0
1527909846.524790000	74.5003	98	1
1527909846.658198000	74.6337	464	1
1527909846.658259000	74.6337	259	1
1527909846.677555000	74.653	87	0
1527909846.837953000	74.8134	259	0
1527909846.838577000	74.814	148	0
1527909846.841743000	74.8172	104	1
1527909846.842945000	74.8184	92	0
1527909846.843686000	74.8192	120	0
1527909846.846838000	74.8223	101	1
1527909847.038221000	75.0137	388	1
1527909847.038313000	75.0138	261	1
1527909847.055866000	75.0313	87	0
1527909847.189053000	75.1645	277	0
1527909847.189662000	75.1651	148	0
1527909847.192952000	75.1684	104	1
1527909847.192961000	75.1684	92	0
1527909847.193788000	75.1693	200	0
1527909847.196821000	75.1723	101	1
1527909847.509048000	75.4845	388	1
1527909847.509140000	75.4846	259	1
1527909847.526472000	75.5019	87	0
1527909847.640318000	75.6158	327	0
1527909847.640880000	75.6163	148	0
1527909847.643888000	75.6194	104	1
1527909847.645453000	75.6209	92	0
1527909847.646832000	75.6223	312	0
1527909847.648854000	75.6243	101	1
1527909847.950173000	75.9256	387	1
1527909847.950259000	75.9257	260	1
1527909847.967967000	75.9434	87	0
1527909848.083609000	76.0591	288	0
1527909848.084908000	76.0604	148	0
1527909848.087858000	76.0633	104	1
1527909848.088855000	76.0643	92	0
1527909848.092840000	76.0683	98	1
1527909848.127556000	76.103	117	0
1527909848.131834000	76.1073	98	1
1527909848.290980000	76.2664	387	1
1527909848.291038000	76.2665	258	1
1527909848.310873000	76.2863	87	0
1527909848.431657000	76.4071	257	0
1527909848.432221000	76.4077	148	0
1527909848.435911000	76.4114	104	1
1527909848.437263000	76.4127	92	0
1527909848.437847000	76.4133	176	0
1527909848.440868000	76.4163	101	1
1527909848.700301000	76.6758	392	1
1527909848.700392000	76.6759	262	1
1527909848.718550000	76.694	87	0
1527909848.830832000	76.8063	255	0
1527909848.831428000	76.8069	148	0
1527909848.834912000	76.8104	104	1
1527909848.837371000	76.8128	92	0
1527909848.838082000	76.8135	154	0
1527909848.840866000	76.8163	101	1
1527909849.166531000	77.142	386	1
1527909849.166594000	77.1421	262	1
1527909849.184601000	77.1601	87	0
1527909849.306558000	77.282	233	0
1527909849.307126000	77.2826	148	0
1527909849.311059000	77.2865	104	1
1527909849.311380000	77.2868	92	0
1527909849.312113000	77.2876	200	0
1527909849.314891000	77.2904	101	1
1527909849.349211000	77.3247	92	0
1527909849.352914000	77.3284	98	1
1527909849.596364000	77.5718	390	1
1527909849.596422000	77.5719	258	1
1527909849.613642000	77.5891	87	0
1527909849.624526000	77.6	87	0
1527909849.735869000	77.7113	259	0
1527909849.736567000	77.712	148	0
1527909849.739677000	77.7151	92	0
1527909849.739934000	77.7154	110	1
1527909849.740359000	77.7158	225	0
1527909849.743914000	77.7194	98	1
1527909850.115333000	78.0908	392	1
1527909850.115426000	78.0909	260	1
1527909850.135140000	78.1106	87	0
1527909850.253816000	78.2293	232	0
1527909850.254407000	78.2299	148	0
1527909850.257978000	78.2334	104	1
1527909850.258721000	78.2342	92	0
1527909850.259434000	78.2349	247	0
1527909850.261966000	78.2374	101	1
1527909850.521530000	78.497	987	1
1527909850.521622000	78.4971	261	1
1527909850.539937000	78.5154	87	0
1527909850.659249000	78.6347	259	0
1527909850.659815000	78.6353	148	0
1527909850.662936000	78.6384	92	0
1527909850.662985000	78.6385	104	1
1527909850.663761000	78.6392	218	0
1527909850.667024000	78.6425	101	1
1527909850.788381000	78.7638	584	1
1527909850.788443000	78.7639	258	1
1527909850.808231000	78.7837	87	0
1527909850.949731000	78.9252	256	0
1527909850.950314000	78.9258	148	0
1527909850.954047000	78.9295	104	1
1527909850.955359000	78.9308	92	0
1527909850.956009000	78.9315	162	0
1527909850.959049000	78.9345	101	1
1527909851.208341000	79.1838	402	1
1527909851.208402000	79.1839	261	1
1527909851.228023000	79.2035	87	0
1527909851.356749000	79.3322	233	0
1527909851.357325000	79.3328	148	0
1527909851.360292000	79.3358	92	0
1527909851.360998000	79.3365	100	0
1527909851.361074000	79.3365	107	1
1527909851.365060000	79.3405	98	1
1527909851.665308000	79.6408	694	1
1527909851.665376000	79.6408	260	1
1527909851.682769000	79.6582	87	0
1527909851.812856000	79.7883	262	0
1527909851.813537000	79.789	148	0
1527909851.815807000	79.7913	92	0
1527909851.816516000	79.792	314	0
1527909851.817018000	79.7925	110	1
1527909852.111401000	80.0869	469	1
1527909852.111460000	80.0869	254	1
1527909852.130836000	80.1063	87	0
1527909852.245864000	80.2213	306	0
1527909852.246479000	80.2219	148	0
1527909852.250098000	80.2256	92	0
1527909852.250190000	80.2257	104	1
1527909852.250786000	80.2263	276	0
1527909852.254149000	80.2296	101	1
1527909852.336142000	80.3116	390	1
1527909852.336215000	80.3117	378	1
1527909852.354736000	80.3302	87	0
1527909852.477128000	80.4526	233	0
1527909852.477764000	80.4532	148	0
1527909852.480799000	80.4563	92	0
1527909852.481072000	80.4565	107	1
1527909852.481850000	80.4573	320	0
1527909852.485188000	80.4607	98	1
1527909852.573088000	80.5486	387	1
1527909852.573186000	80.5487	378	1
1527909852.591069000	80.5665	87	0
1527909852.934906000	80.9104	255	0
1527909852.935538000	80.911	148	0
1527909852.936184000	80.9117	92	0
1527909852.936856000	80.9123	210	0
1527909852.939174000	80.9146	110	1
1527909852.968431000	80.9439	255	0
1527909852.972157000	80.9476	98	1
1527909853.362449000	81.3379	386	1
1527909853.362533000	81.338	258	1
1527909853.379568000	81.355	87	0
1527909853.522812000	81.4983	277	0
1527909853.523443000	81.4989	148	0
1527909853.527211000	81.5027	104	1
1527909853.529173000	81.5046	92	0
1527909853.529850000	81.5053	137	0
1527909853.533203000	81.5087	101	1
1527909853.573186000	81.5487	391	1
1527909853.573281000	81.5487	259	1
1527909853.592466000	81.5679	87	0
1527909853.712953000	81.6884	329	0
1527909853.713698000	81.6892	148	0
1527909853.717167000	81.6926	104	1
1527909853.717726000	81.6932	92	0
1527909853.718387000	81.6939	263	0
1527909853.721171000	81.6966	101	1
1527909853.826653000	81.8021	392	1
1527909853.826742000	81.8022	262	1
1527909853.844631000	81.8201	87	0
1527909853.963374000	81.9388	288	0
1527909853.964001000	81.9395	148	0
1527909853.967239000	81.9427	104	1
1527909853.967525000	81.943	92	0
1527909853.968191000	81.9437	323	0
1527909853.971246000	81.9467	101	1
1527909854.311509000	82.287	391	1
1527909854.311586000	82.2871	270	1
1527909854.329744000	82.3052	87	0
1527909854.449493000	82.425	255	0
1527909854.450074000	82.4255	148	0
1527909854.453293000	82.4288	104	1
1527909854.454064000	82.4295	92	0
1527909854.454774000	82.4302	170	0
1527909854.458248000	82.4337	101	1
1527909854.581550000	82.557	386	1
1527909854.581643000	82.5571	259	1
1527909854.598384000	82.5739	87	0
1527909854.728471000	82.7039	256	0
1527909854.729131000	82.7046	148	0
1527909854.732294000	82.7078	104	1
1527909854.734831000	82.7103	92	0
1527909854.735542000	82.711	258	0
1527909854.738265000	82.7137	101	1
1527909855.071833000	83.0473	992	1
1527909855.071926000	83.0474	260	1
1527909855.098600000	83.0741	87	0
1527909855.215279000	83.1907	233	0
1527909855.215862000	83.1913	148	0
1527909855.218475000	83.1939	92	0
1527909855.219186000	83.1947	229	0
1527909855.219309000	83.1948	107	1
1527909855.223296000	83.1988	98	1
1527909855.481615000	83.4571	582	1
1527909855.481709000	83.4572	261	1
1527909855.499783000	83.4753	87	0
1527909855.506279000	83.4817	87	0
1527909855.619471000	83.5949	235	0
1527909855.620036000	83.5955	148	0
1527909855.622352000	83.5978	92	0
1527909855.623331000	83.5988	110	1
1527909855.623792000	83.5993	159	0
1527909855.627335000	83.6028	98	1
1527909855.771488000	83.747	399	1
1527909855.771574000	83.747	259	1
1527909855.806364000	83.7818	399	1
1527909855.818329000	83.7938	87	0
1527909855.852786000	83.8283	87	0
1527909855.928964000	83.9044	258	0
1527909855.929604000	83.9051	148	0
1527909855.931751000	83.9072	92	0
1527909855.932396000	83.9079	92	0
1527909855.933318000	83.9088	113	1
1527909856.234012000	84.2095	696	1
1527909856.234101000	84.2096	262	1
1527909856.250876000	84.2263	87	0
1527909856.372491000	84.348	258	0
1527909856.373056000	84.3485	148	0
1527909856.376053000	84.3515	92	0
1527909856.376317000	84.3518	107	1
1527909856.377430000	84.3529	102	0
1527909856.381353000	84.3568	98	1
1527909856.743533000	84.719	467	1
1527909856.743633000	84.7191	267	1
1527909856.762235000	84.7377	87	0
1527909856.887101000	84.8626	256	0
1527909856.887716000	84.8632	148	0
1527909856.890696000	84.8662	92	0
1527909856.891322000	84.8668	107	1
1527909856.891336000	84.8668	92	0
1527909856.895350000	84.8708	98	1
1527909856.981591000	84.9571	391	1
1527909856.981686000	84.9572	261	1
1527909856.998747000	84.9742	87	0
1527909857.120892000	85.0964	236	0
1527909857.121525000	85.097	148	0
1527909857.123838000	85.0993	92	0
1527909857.124428000	85.0999	107	1
1527909857.124446000	85.0999	95	0
1527909857.128422000	85.1039	98	1
1527909857.282005000	85.2575	388	1
1527909857.282191000	85.2577	259	1
1527909857.298624000	85.2741	87	0
1527909857.425290000	85.4008	240	0
1527909857.425865000	85.4013	158	0
1527909857.428679000	85.4041	270	0
1527909857.429361000	85.4048	107	1
1527909857.750909000	85.7264	388	1
1527909857.750990000	85.7265	262	1
1527909857.768750000	85.7442	87	0
1527909857.893433000	85.8689	331	0
1527909857.894012000	85.8695	148	0
1527909857.897104000	85.8726	92	0
1527909857.897403000	85.8729	107	1
1527909857.897782000	85.8732	211	0
1527909857.901476000	85.8769	98	1
1527909858.300808000	86.2763	390	1
1527909858.300885000	86.2764	259	1
1527909858.318451000	86.2939	87	0
1527909858.325265000	86.3007	87	0
1527909858.442645000	86.4181	233	0
1527909858.443358000	86.4188	148	0
1527909858.446422000	86.4219	107	1
1527909858.451857000	86.4273	92	0
1527909858.452517000	86.428	320	0
1527909858.455431000	86.4309	101	1
1527909858.551865000	86.5273	387	1
1527909858.551927000	86.5274	261	1
1527909858.569188000	86.5447	87	0
1527909858.579783000	86.5552	87	0
1527909858.699637000	86.6751	233	0
1527909858.700270000	86.6757	148	0
1527909858.702683000	86.6781	92	0
1527909858.703847000	86.6793	185	0
1527909858.709289000	86.6848	113	1
1527909859.214690000	87.1902	390	1
1527909859.214754000	87.1902	265	1
1527909859.232534000	87.208	87	0
1527909859.364855000	87.3403	300	0
1527909859.365500000	87.341	148	0
1527909859.367866000	87.3433	92	0
1527909859.368514000	87.344	313	0
1527909859.368536000	87.344	107	1
1527909859.372523000	87.348	98	1
1527909859.632606000	87.6081	391	1
1527909859.632700000	87.6082	258	1
1527909859.650641000	87.6261	87	0
1527909859.823350000	87.7988	349	0
1527909859.823940000	87.7994	148	0
1527909859.827563000	87.803	104	1
1527909859.829201000	87.8047	92	0
1527909859.829853000	87.8053	109	0
1527909859.832561000	87.808	101	1
1527909859.861637000	87.8371	987	1
1527909859.861698000	87.8372	259	1
1527909859.878753000	87.8542	87	0
1527909859.998526000	87.974	265	0
1527909859.999094000	87.9746	148	0
1527909860.002574000	87.978	104	1
1527909860.003435000	87.9789	92	0
1527909860.004110000	87.9796	297	0
1527909860.007557000	87.983	101	1
1527909860.111595000	88.0871	582	1
1527909860.111668000	88.0871	258	1
1527909860.128872000	88.1043	87	0
1527909860.253868000	88.2293	257	0
1527909860.254447000	88.2299	148	0
1527909860.257602000	88.2331	104	1
1527909860.260188000	88.2357	92	0
1527909860.260844000	88.2363	177	0
1527909860.263575000	88.239	101	1
1527909860.524062000	88.4995	403	1
1527909860.524109000	88.4996	263	1
1527909860.543786000	88.5193	87	0
1527909860.664246000	88.6397	233	0
1527909860.664801000	88.6403	148	0
1527909860.668627000	88.6441	104	1
1527909860.668727000	88.6442	92	0
1527909860.669450000	88.6449	147	0
1527909860.672605000	88.6481	101	1
1527909860.992945000	88.9684	695	1
1527909860.993037000	88.9685	261	1
1527909861.011531000	88.987	87	0
1527909861.017903000	88.9934	87	0
1527909861.196593000	89.1721	255	0
1527909861.197179000	89.1726	148	0
1527909861.200648000	89.1761	107	1
1527909861.204609000	89.1801	92	0
1527909861.205320000	89.1808	117	0
1527909861.208637000	89.1841	101	1
1527909861.311682000	89.2871	463	1
1527909861.311746000	89.2872	258	1
1527909861.332615000	89.3081	87	0
1527909861.454248000	89.4297	232	0
1527909861.454895000	89.4304	148	0
1527909861.457608000	89.4331	104	1
1527909861.461844000	89.4373	92	0
1527909861.462536000	89.438	244	0
1527909861.465649000	89.4411	101	1
1527909862.042243000	90.0177	389	1
1527909862.042309000	90.0178	261	1
1527909862.060086000	90.0356	87	0
1527909862.178327000	90.1538	256	0
1527909862.178961000	90.1544	148	0
1527909862.181579000	90.157	92	0
1527909862.181685000	90.1572	104	1
1527909862.182313000	90.1578	335	0
1527909862.185654000	90.1611	101	1
1527909862.291715000	90.2672	387	1
1527909862.291780000	90.2672	258	1
1527909862.309075000	90.2845	87	0
1527909862.437598000	90.4131	256	0
1527909862.438227000	90.4137	148	0
1527909862.441686000	90.4172	104	1
1527909862.443292000	90.4188	92	0
1527909862.443960000	90.4194	159	0
1527909862.446661000	90.4221	101	1
1527909862.551969000	90.5274	387	1
1527909862.552034000	90.5275	261	1
1527909862.569591000	90.5451	87	0
1527909862.717481000	90.6929	256	0
1527909862.718063000	90.6935	148	0
1527909862.721727000	90.6972	104	1
1527909862.723614000	90.6991	92	0
1527909862.724252000	90.6997	276	0
1527909862.727681000	90.7031	101	1
1527909862.842011000	90.8175	390	1
1527909862.842102000	90.8176	259	1
1527909862.860064000	90.8355	87	0
1527909862.979509000	90.955	232	0
1527909862.980166000	90.9556	148	0
1527909862.983714000	90.9592	92	0
1527909862.983783000	90.9592	104	1
1527909862.984449000	90.9599	145	0
1527909862.987744000	90.9632	101	1
1527909863.105328000	91.0808	386	1
1527909863.105393000	91.0809	258	1
1527909863.125632000	91.1011	87	0
1527909863.246266000	91.2217	237	0
1527909863.246847000	91.2223	148	0
1527909863.248893000	91.2244	92	0
1527909863.249552000	91.225	229	0
1527909863.249676000	91.2251	110	1
1527909863.862025000	91.8375	391	1
1527909863.862091000	91.8376	260	1
1527909863.879764000	91.8552	87	0
1527909864.000211000	91.9757	331	0
1527909864.000772000	91.9762	148	0
1527909864.003806000	91.9793	104	1
1527909864.004279000	91.9797	92	0
1527909864.004891000	91.9804	253	0
1527909864.007788000	91.9833	101	1
1527909864.162237000	92.1377	388	1
1527909864.162302000	92.1378	259	1
1527909864.181298000	92.1568	87	0
1527909864.308243000	92.2837	233	0
1527909864.308816000	92.2843	148	0
1527909864.311836000	92.2873	104	1
1527909864.313772000	92.2892	92	0
1527909864.315073000	92.2905	100	0
1527909864.317828000	92.2933	101	1
1527909864.654137000	92.6296	387	1
1527909864.654211000	92.6297	260	1
1527909864.672452000	92.6479	87	0
1527909864.794799000	92.7703	258	0
1527909864.795438000	92.7709	148	0
1527909864.798789000	92.7743	104	1
1527909864.800402000	92.7759	92	0
1527909864.801082000	92.7765	163	0
1527909864.803955000	92.7794	101	1
1527909864.892133000	92.8676	988	1
1527909864.892223000	92.8677	261	1
1527909864.920237000	92.8957	87	0
1527909865.034637000	93.0101	275	0
1527909865.035196000	93.0107	148	0
1527909865.038863000	93.0143	104	1
1527909865.039456000	93.0149	92	0
1527909865.040768000	93.0162	311	0
1527909865.042849000	93.0183	101	1
1527909865.176668000	93.1521	582	1
1527909865.176774000	93.1522	259	1
1527909865.194375000	93.1698	87	0
1527909865.312617000	93.2881	329	0
1527909865.313264000	93.2887	148	0
1527909865.314407000	93.2899	92	0
1527909865.315064000	93.2905	208	0
1527909865.316942000	93.2924	110	1
1527909865.653226000	93.6287	399	1
1527909865.653317000	93.6288	261	1
1527909865.671139000	93.6466	87	0
1527909865.786808000	93.7623	290	0
1527909865.787389000	93.7629	148	0
1527909865.790906000	93.7664	104	1
1527909865.791527000	93.767	92	0
1527909865.792190000	93.7677	239	0
1527909865.794822000	93.7703	101	1
1527909866.003030000	93.9785	696	1
1527909866.003093000	93.9786	260	1
1527909866.021545000	93.997	87	0
1527909866.169650000	94.1451	254	0
1527909866.170338000	94.1458	148	0
1527909866.173873000	94.1493	104	1
1527909866.175042000	94.1505	92	0
1527909866.175757000	94.1512	212	0
1527909866.178913000	94.1544	101	1
1527909866.435270000	94.4107	467	1
1527909866.435342000	94.4108	263	1
1527909866.453702000	94.4292	87	0
1527909866.691478000	94.6669	236	0
1527909866.692050000	94.6675	148	0
1527909866.694902000	94.6704	104	1
1527909866.697044000	94.6725	92	0
1527909866.697710000	94.6732	272	0
1527909866.700927000	94.6764	101	1
1527909866.744925000	94.7204	392	1
1527909866.745011000	94.7205	258	1
1527909866.762853000	94.7383	87	0
1527909866.892016000	94.8675	256	0
1527909866.892603000	94.8681	148	0
1527909866.895935000	94.8714	104	1
1527909866.898203000	94.8737	92	0
1527909866.898857000	94.8743	135	0
1527909866.901907000	94.8774	101	1
1527909867.261128000	95.2366	387	1
1527909867.261225000	95.2367	259	1
1527909867.278159000	95.2536	87	0
1527909867.623499000	95.599	233	0
1527909867.624082000	95.5995	148	0
1527909867.626948000	95.6024	104	1
1527909867.627963000	95.6034	92	0
1527909867.628689000	95.6042	314	0
1527909867.631938000	95.6074	101	1
1527909867.689363000	95.6648	387	1
1527909867.689456000	95.6649	263	1
1527909867.716431000	95.6919	87	0
1527909867.836357000	95.8118	258	0
1527909867.836984000	95.8125	148	0
1527909867.839976000	95.8154	104	1
1527909867.840504000	95.816	92	0
1527909867.841150000	95.8166	88	0
1527909867.845004000	95.8205	101	1
1527909868.035151000	96.0106	391	1
1527909868.035229000	96.0107	261	1
1527909868.052852000	96.0283	87	0
1527909868.171149000	96.1466	256	0
1527909868.171706000	96.1472	148	0
1527909868.173612000	96.1491	92	0
1527909868.174278000	96.1497	301	0
1527909868.174967000	96.1504	110	1
1527909868.344586000	96.3201	390	1
1527909868.344674000	96.3201	259	1
1527909868.362261000	96.3377	87	0
1527909868.476942000	96.4524	236	0
1527909868.477551000	96.453	148	0
1527909868.481051000	96.4565	104	1
1527909868.481937000	96.4574	92	0
1527909868.482631000	96.4581	232	0
1527909868.486074000	96.4615	101	1
1527909868.785111000	96.7606	388	1
1527909868.785186000	96.7607	259	1
1527909868.804111000	96.7796	87	0
1527909868.809810000	96.7853	87	0
1527909868.920944000	96.8964	258	0
1527909868.921555000	96.897	148	0
1527909868.924401000	96.8999	92	0
1527909868.925083000	96.9005	110	1
1527909868.926794000	96.9023	261	0
1527909868.930071000	96.9055	98	1
1527909869.184766000	97.1602	391	1
1527909869.184938000	97.1604	262	1
1527909869.216374000	97.1918	87	0
1527909869.226795000	97.2023	87	0
1527909869.333463000	97.3089	239	0
1527909869.334052000	97.3095	148	0
1527909869.335853000	97.3113	92	0
1527909869.336571000	97.312	240	0
1527909869.337063000	97.3125	113	1
1527909869.455443000	97.4309	989	1
1527909869.455535000	97.431	259	1
1527909869.472957000	97.4484	87	0
1527909869.595270000	97.5707	309	0
1527909869.595862000	97.5713	148	0
1527909869.599045000	97.5745	92	0
1527909869.599128000	97.5746	104	1
1527909869.599728000	97.5752	247	0
1527909869.603119000	97.5786	101	1
1527909869.745545000	97.721	584	1
1527909869.745634000	97.7211	258	1
1527909869.764022000	97.7395	87	0
1527909869.907872000	97.8833	258	0
1527909869.908580000	97.884	148	0
1527909869.911526000	97.887	92	0
1527909869.912121000	97.8876	330	0
1527909869.912161000	97.8876	107	1
1527909869.916127000	97.8916	98	1
1527909870.161389000	98.1369	399	1
1527909870.161480000	98.1369	263	1
1527909870.178850000	98.1543	87	0
1527909870.322737000	98.2982	236	0
1527909870.323407000	98.2989	148	0
1527909870.327189000	98.3027	104	1
1527909870.327288000	98.3028	92	0
1527909870.328054000	98.3035	108	0
1527909870.331150000	98.3066	101	1
1527909870.654415000	98.6299	700	1
1527909870.654476000	98.6299	260	1
1527909870.671504000	98.647	87	0
1527909870.786873000	98.7623	300	0
1527909870.787494000	98.763	148	0
1527909870.791143000	98.7666	104	1
1527909870.792822000	98.7683	92	0
1527909870.793636000	98.7691	261	0
1527909870.796190000	98.7717	101	1
1527909870.975783000	98.9513	464	1
1527909870.975872000	98.9513	261	1
1527909870.993731000	98.9692	87	0
1527909871.109517000	99.085	327	0
1527909871.110135000	99.0856	148	0
1527909871.113208000	99.0887	104	1
1527909871.115174000	99.0906	92	0
1527909871.115885000	99.0914	108	0
1527909871.119204000	99.0947	101	1
1527909871.464895000	99.4404	387	1
1527909871.464992000	99.4405	261	1
1527909871.482457000	99.4579	87	0
1527909871.618849000	99.5943	267	0
1527909871.619435000	99.5949	148	0
1527909871.623261000	99.5987	104	1
1527909871.623280000	99.5987	92	0
1527909871.623989000	99.5995	212	0
1527909871.627227000	99.6027	101	1
1527909871.684694000	99.6602	387	1
1527909871.684784000	99.6603	260	1
1527909871.704213000	99.6797	87	0
1527909871.823600000	99.7991	278	0
1527909871.824187000	99.7997	148	0
1527909871.827277000	99.8027	104	1
1527909871.830386000	99.8059	92	0
1527909871.831042000	99.8065	175	0
1527909871.834237000	99.8097	101	1
1527909871.975621000	99.9511	387	1
1527909871.975713000	99.9512	260	1
1527909871.992879000	99.9683	87	0
1527909872.325681000	100.301	233	0
1527909872.326260000	100.302	148	0
1527909872.328613000	100.304	92	0
1527909872.329245000	100.305	113	0
1527909872.329333000	100.305	107	1
1527909872.333297000	100.309	98	1
1527909872.386121000	100.362	387	1
1527909872.386185000	100.362	259	1
1527909872.404364000	100.38	87	0
1527909872.413845000	100.389	87	0
1527909872.543258000	100.519	235	0
1527909872.543913000	100.519	148	0
1527909872.546504000	100.522	92	0
1527909872.547216000	100.523	191	0
1527909872.547254000	100.523	110	1
1527909872.551314000	100.527	98	1
1527909872.658602000	100.634	391	1
1527909872.658693000	100.634	378	1
1527909872.678930000	100.654	87	0
1527909872.797105000	100.773	256	0
1527909872.797795000	100.773	148	0
1527909872.801274000	100.777	104	1
1527909872.801513000	100.777	92	0
1527909872.802169000	100.778	266	0
1527909872.805249000	100.781	101	1
1527909872.908743000	100.884	386	1
1527909872.908835000	100.884	378	1
1527909872.926732000	100.902	87	0
1527909873.037897000	101.013	233	0
1527909873.038536000	101.014	148	0
1527909873.041280000	101.017	104	1
1527909873.041573000	101.017	92	0
1527909873.042233000	101.018	240	0
1527909873.045312000	101.021	101	1
1527909873.359729000	101.335	391	1
1527909873.359823000	101.335	440	1
1527909873.377077000	101.353	87	0
1527909873.492294000	101.468	256	0
1527909873.492893000	101.468	148	0
1527909873.496311000	101.472	92	0
1527909873.496398000	101.472	104	1
1527909873.497017000	101.472	252	0
1527909873.500360000	101.476	101	1
1527909875.521429000	103.497	367	1
1527909875.521527000	103.497	1412	1
1527909875.521564000	103.497	1412	1
1527909875.521598000	103.497	1412	1
1527909875.521631000	103.497	777	1
1527909875.543238000	103.519	87	0
1527909875.661361000	103.637	413	0
1527909875.665465000	103.641	101	1
1527909875.666296000	103.642	80	0
1527909875.670461000	103.646	98	1
1527909875.722678000	103.698	990	1
1527909875.722767000	103.698	258	1
1527909875.740789000	103.716	87	0
1527909875.856743000	103.832	260	0
1527909875.857315000	103.833	148	0
1527909875.860495000	103.836	104	1
1527909875.861655000	103.837	92	0
1527909875.862382000	103.838	202	0
1527909875.865474000	103.841	101	1
1527909875.946376000	103.922	586	1
1527909875.946474000	103.922	261	1
1527909875.964084000	103.94	87	0
1527909876.081806000	104.057	308	0
1527909876.082383000	104.058	148	0
1527909876.085513000	104.061	104	1
1527909876.086016000	104.061	92	0
1527909876.086678000	104.062	228	0
1527909876.089479000	104.065	101	1
1527909876.341806000	104.317	707	1
1527909876.341869000	104.317	261	1
1527909876.359477000	104.335	87	0
1527909876.493821000	104.469	236	0
1527909876.494393000	104.47	148	0
1527909876.497184000	104.473	92	0
1527909876.497453000	104.473	107	1
1527909876.497860000	104.473	322	0
1527909876.501530000	104.477	98	1
1527909876.653035000	104.629	469	1
1527909876.653101000	104.629	259	1
1527909876.671606000	104.647	87	0
1527909876.835568000	104.811	258	0
1527909876.836205000	104.812	148	0
1527909876.839484000	104.815	104	1
1527909876.841202000	104.817	92	0
1527909876.842490000	104.818	300	0
1527909876.844491000	104.82	101	1
1527909877.038847000	105.014	387	1
1527909877.038937000	105.014	261	1
1527909877.056656000	105.032	87	0
1527909877.175754000	105.151	277	0
1527909877.176381000	105.152	148	0
1527909877.179494000	105.155	104	1
1527909877.179598000	105.155	92	0
1527909877.180272000	105.156	265	0
1527909877.183505000	105.159	101	1
1527909877.525758000	105.501	391	1
1527909877.525819000	105.501	262	1
1527909877.543628000	105.519	87	0
1527909877.665846000	105.641	329	0
1527909877.666423000	105.642	148	0
1527909877.669581000	105.645	104	1
1527909877.670850000	105.646	92	0
1527909877.671539000	105.647	305	0
1527909877.674585000	105.65	101	1
1527909877.782884000	105.758	387	1
1527909877.782960000	105.758	259	1
1527909877.810950000	105.786	87	0
1527909877.921853000	105.897	290	0
1527909877.922497000	105.898	148	0
1527909877.925593000	105.901	104	1
1527909877.927326000	105.903	92	0
1527909877.928008000	105.903	85	0
1527909877.930579000	105.906	101	1
1527909878.139801000	106.115	388	1
1527909878.139865000	106.115	259	1
1527909878.156904000	106.132	87	0
1527909878.271611000	106.247	255	0
1527909878.272284000	106.248	148	0
1527909878.275614000	106.251	104	1
1527909878.276388000	106.252	92	0
1527909878.277045000	106.253	270	0
1527909878.280653000	106.256	101	1
1527909878.577859000	106.553	390	1
1527909878.577953000	106.553	264	1
1527909878.596362000	106.572	87	0
1527909878.715504000	106.691	259	0
1527909878.716067000	106.692	148	0
1527909878.718468000	106.694	92	0
1527909878.719118000	106.695	123	0
1527909878.719631000	106.695	110	1
1527909878.860576000	106.836	389	1
1527909878.860666000	106.836	259	1
1527909878.877332000	106.853	87	0
1527909878.882820000	106.858	87	0
1527909878.999309000	106.975	235	0
1527909878.999892000	106.975	148	0
1527909879.003666000	106.979	107	1
1527909879.005033000	106.98	92	0
1527909879.008632000	106.984	98	1
1527909879.043359000	107.019	198	0
1527909879.047673000	107.023	98	1
1527909879.376860000	107.352	391	1
1527909879.376926000	107.352	260	1
1527909879.394093000	107.37	87	0
1527909879.527419000	107.503	233	0
1527909879.527992000	107.503	148	0
1527909879.531688000	107.507	104	1
1527909879.532289000	107.508	92	0
1527909879.532884000	107.508	87	0
1527909879.535675000	107.511	101	1
1527909879.631797000	107.607	387	1
1527909879.631863000	107.607	258	1
1527909879.649031000	107.624	87	0
1527909879.658400000	107.634	87	0
1527909879.770133000	107.746	256	0
1527909879.770728000	107.746	148	0
1527909879.773722000	107.749	107	1
1527909879.774849000	107.75	92	0
1527909879.775520000	107.751	198	0
1527909879.778712000	107.754	101	1
1527909879.877256000	107.853	988	1
1527909879.877346000	107.853	261	1
1527909879.895624000	107.871	87	0
1527909880.012864000	107.988	258	0
1527909880.013510000	107.989	148	0
1527909880.016727000	107.992	104	1
1527909880.020202000	107.996	92	0
1527909880.020852000	107.996	232	0
1527909880.023704000	107.999	101	1
1527909880.134275000	108.11	388	1
1527909880.134348000	108.11	259	1
1527909880.151654000	108.127	87	0
1527909880.272323000	108.248	235	0
1527909880.272940000	108.248	148	0
1527909880.275667000	108.251	104	1
1527909880.277414000	108.253	92	0
1527909880.278214000	108.254	309	0
1527909880.280723000	108.256	101	1
1527909880.432153000	108.408	587	1
1527909880.432215000	108.408	261	1
1527909880.449720000	108.425	87	0
1527909880.569831000	108.545	235	0
1527909880.570430000	108.546	148	0
1527909880.573771000	108.549	104	1
1527909880.574267000	108.55	92	0
1527909880.574952000	108.55	252	0
1527909880.577742000	108.553	101	1
1527909881.130313000	109.106	707	1
1527909881.130402000	109.106	259	1
1527909881.147931000	109.123	87	0
1527909881.275060000	109.251	262	0
1527909881.275668000	109.251	148	0
1527909881.278801000	109.254	104	1
1527909881.280689000	109.256	92	0
1527909881.281472000	109.257	236	0
1527909881.284810000	109.26	101	1
1527909881.438043000	109.414	468	1
1527909881.438140000	109.414	259	1
1527909881.456845000	109.432	87	0
1527909881.572996000	109.548	306	0
1527909881.573725000	109.549	148	0
1527909881.576661000	109.552	92	0
1527909881.576787000	109.552	104	1
1527909881.577332000	109.553	162	0
1527909881.580754000	109.556	101	1
1527909881.765957000	109.741	387	1
1527909881.766043000	109.742	259	1
1527909881.782876000	109.758	87	0
1527909881.896542000	109.872	258	0
1527909881.897174000	109.873	148	0
1527909881.900823000	109.876	104	1
1527909881.901936000	109.877	92	0
1527909881.902655000	109.878	215	0
1527909881.905808000	109.881	101	1
1527909882.036101000	110.012	388	1
1527909882.036174000	110.012	259	1
1527909882.067823000	110.043	388	1
1527909882.068106000	110.044	87	0
1527909882.073994000	110.049	87	0
1527909882.084751000	110.06	87	0
1527909882.213601000	110.189	235	0
1527909882.214166000	110.19	148	0
1527909882.216820000	110.192	92	0
1527909882.217534000	110.193	126	0
1527909882.217774000	110.193	116	1
1527909882.402143000	110.378	388	1
1527909882.402226000	110.378	261	1
1527909882.419080000	110.395	87	0
1527909882.542509000	110.518	278	0
1527909882.543178000	110.519	148	0
1527909882.546034000	110.522	92	0
1527909882.546697000	110.522	249	0
1527909882.546939000	110.522	110	1
1527909882.830133000	110.806	389	1
1527909882.830221000	110.806	261	1
1527909882.846546000	110.822	87	0
1527909882.963359000	110.939	352	0
1527909882.963966000	110.939	148	0
1527909882.966918000	110.942	104	1
1527909882.970384000	110.946	92	0
1527909882.971047000	110.947	199	0
1527909882.973874000	110.949	101	1
1527909882.998412000	110.974	352	0
1527909883.001894000	110.977	98	1
1527909883.108114000	111.084	388	1
1527909883.108209000	111.084	259	1
1527909883.125477000	111.101	87	0
1527909883.239517000	111.215	265	0
1527909883.240108000	111.216	148	0
1527909883.243217000	111.219	92	0
1527909883.243925000	111.219	299	0
1527909883.244042000	111.22	107	1
1527909883.247885000	111.223	98	1
1527909883.626293000	111.602	387	1
1527909883.626353000	111.602	261	1
1527909883.660922000	111.636	387	1
1527909883.663428000	111.639	87	0
1527909883.678472000	111.654	87	0
1527909883.785500000	111.761	278	0
1527909883.786130000	111.762	148	0
1527909883.788905000	111.764	107	1
1527909883.790448000	111.766	92	0
1527909883.791105000	111.767	107	0
1527909883.793882000	111.769	101	1
1527909883.865253000	111.841	387	1
1527909883.865346000	111.841	259	1
1527909883.885605000	111.861	87	0
1527909884.000552000	111.976	233	0
1527909884.001136000	111.977	148	0
1527909884.004897000	111.98	104	1
1527909884.005206000	111.981	92	0
1527909884.005856000	111.981	252	0
1527909884.008882000	111.984	101	1
1527909884.082674000	112.058	387	1
1527909884.082736000	112.058	261	1
1527909884.107529000	112.083	87	0
1527909884.123410000	112.099	87	0
1527909884.258185000	112.234	233	0
1527909884.258757000	112.234	148	0
1527909884.261934000	112.237	107	1
1527909884.263598000	112.239	92	0
1527909884.264267000	112.24	287	0
1527909884.266932000	112.242	101	1
1527909884.360191000	112.336	987	1
1527909884.360255000	112.336	259	1
1527909884.378526000	112.354	87	0
1527909884.495018000	112.47	233	0
1527909884.495599000	112.471	148	0
1527909884.498946000	112.474	104	1
1527909884.499363000	112.475	92	0
1527909884.499954000	112.475	236	0
1527909884.502904000	112.478	101	1
1527909884.709266000	112.685	389	1
1527909884.709359000	112.685	258	1
1527909884.728796000	112.704	87	0
1527909884.841454000	112.817	258	0
1527909884.842031000	112.817	148	0
1527909884.844933000	112.82	104	1
1527909884.845078000	112.821	92	0
1527909884.845779000	112.821	293	0
1527909884.848939000	112.824	101	1
1527909885.212178000	113.188	587	1
1527909885.212272000	113.188	261	1
1527909885.229547000	113.205	87	0
1527909885.349534000	113.325	258	0
1527909885.350107000	113.326	148	0
1527909885.352324000	113.328	92	0
1527909885.352936000	113.328	94	0
1527909885.353027000	113.328	107	1
1527909885.356982000	113.332	98	1
1527909885.580192000	113.556	707	1
1527909885.580284000	113.556	258	1
1527909885.598900000	113.574	87	0
1527909885.727858000	113.703	255	0
1527909885.728466000	113.704	148	0
1527909885.732039000	113.708	104	1
1527909885.732945000	113.708	92	0
1527909885.733708000	113.709	215	0
1527909885.737043000	113.713	101	1
1527909885.875263000	113.851	466	1
1527909885.875325000	113.851	259	1
1527909885.892596000	113.868	87	0
1527909886.023036000	113.999	233	0
1527909886.023714000	113.999	148	0
1527909886.027063000	114.003	104	1
1527909886.028318000	114.004	92	0
1527909886.028940000	114.004	328	0
1527909886.032017000	114.007	101	1
1527909886.313270000	114.289	391	1
1527909886.313342000	114.289	260	1
1527909886.331363000	114.307	87	0
1527909886.441918000	114.417	239	0
1527909886.442556000	114.418	148	0
1527909886.445256000	114.421	92	0
1527909886.445860000	114.421	340	0
1527909886.446135000	114.422	110	1
1527909886.814654000	114.79	387	1
1527909886.814744000	114.79	260	1
1527909886.831803000	114.807	87	0
1527909886.946533000	114.922	331	0
1527909886.947092000	114.923	148	0
1527909886.949405000	114.925	92	0
1527909886.950126000	114.926	107	1
1527909886.950278000	114.926	253	0
1527909886.954108000	114.93	98	1
1527909887.097396000	115.073	390	1
1527909887.097486000	115.073	378	1
1527909887.114859000	115.09	87	0
1527909887.253906000	115.229	236	0
1527909887.254537000	115.23	148	0
1527909887.256609000	115.232	92	0
1527909887.257264000	115.233	335	0
1527909887.258065000	115.234	110	1
1527909887.939639000	115.915	388	1
1527909887.939736000	115.915	259	1
1527909887.960853000	115.936	87	0
