1527939981.762125000	0	295	1
1527939981.797852000	0.035727	87	0
1527939982.008055000	0.24593	367	0
1527939982.008800000	0.246675	1412	0
1527939982.009523000	0.247398	1412	0
1527939982.010308000	0.248183	1412	0
1527939982.010956000	0.248831	110	1
1527939982.010992000	0.248867	180	0
1527939982.011749000	0.249624	1412	0
1527939982.012468000	0.250343	1412	0
1527939982.012984000	0.250859	104	1
1527939982.013189000	0.251064	1412	0
1527939982.013886000	0.251761	188	0
1527939982.014617000	0.252492	716	0
1527939982.014968000	0.252843	104	1
1527939982.015356000	0.253231	1412	0
1527939982.016076000	0.253951	1412	0
1527939982.016777000	0.254652	694	0
1527939982.016986000	0.254861	101	1
1527939982.017512000	0.255387	1412	0
1527939982.018314000	0.256189	1412	0
1527939982.018962000	0.256837	104	1
1527939982.019206000	0.257081	1412	0
1527939982.019998000	0.257873	188	0
1527939982.020753000	0.258628	1194	0
1527939982.020971000	0.258846	101	1
1527939982.030101000	0.267976	98	1
1527939982.035091000	0.272966	1412	0
1527939982.035797000	0.273672	1412	0
1527939982.036668000	0.274543	1412	0
1527939982.036981000	0.274856	104	1
1527939982.037382000	0.275257	188	0
1527939982.038975000	0.27685	98	1
1527939982.039496000	0.277371	1412	0
1527939982.040286000	0.278161	1412	0
1527939982.040965000	0.27884	101	1
1527939982.040971000	0.278846	89	0
1527939982.043065000	0.28094	98	1
1527939982.044053000	0.281928	1412	0
1527939982.044776000	0.282651	1412	0
1527939982.045496000	0.283371	1412	0
1527939982.046000000	0.283875	104	1
1527939982.046181000	0.284056	182	0
1527939982.046936000	0.284811	1412	0
1527939982.047655000	0.28553	1412	0
1527939982.048091000	0.285966	101	1
1527939982.048376000	0.286251	1412	0
1527939982.049066000	0.286941	180	0
1527939982.049874000	0.287749	1412	0
1527939982.050005000	0.28788	104	1
1527939982.050572000	0.288447	391	0
1527939982.051385000	0.28926	1412	0
1527939982.051971000	0.289846	104	1
1527939982.052110000	0.289985	1412	0
1527939982.052892000	0.290767	1412	0
1527939982.053583000	0.291458	188	0
1527939982.053972000	0.291847	104	1
1527939982.054292000	0.292167	84	0
1527939982.055044000	0.292919	1412	0
1527939982.055731000	0.293606	154	0
1527939982.055966000	0.293841	104	1
1527939982.056488000	0.294363	1412	0
1527939982.057208000	0.295083	1412	0
1527939982.057931000	0.295806	1412	0
1527939982.057974000	0.295849	101	1
1527939982.058619000	0.296494	188	0
1527939982.059400000	0.297275	84	0
1527939982.059980000	0.297855	101	1
1527939982.060204000	0.298079	799	0
1527939982.060945000	0.29882	1412	0
1527939982.061707000	0.299582	1412	0
1527939982.061978000	0.299853	121	1
1527939982.062384000	0.300259	1412	0
1527939982.063078000	0.300953	188	0
1527939982.063814000	0.301689	786	0
1527939982.064193000	0.302068	104	1
1527939982.086707000	0.324582	87	0
1527939982.485730000	0.723605	919	1
1527939982.485837000	0.723712	1412	1
1527939982.485878000	0.723753	906	1
1527939982.495028000	0.732903	351	1
1527939982.502932000	0.740807	87	0
1527939982.511642000	0.749517	87	0
1527939982.629225000	0.8671	303	0
1527939982.630384000	0.868259	1412	0
1527939982.631106000	0.868981	1412	0
1527939982.631827000	0.869702	1412	0
1527939982.632513000	0.870388	186	0
1527939982.633265000	0.87114	1412	0
1527939982.633987000	0.871862	1412	0
1527939982.634213000	0.872088	107	1
1527939982.634714000	0.872589	1065	0
1527939982.636041000	0.873916	116	1
1527939982.636242000	0.874117	92	0
1527939982.636967000	0.874842	91	0
1527939982.640990000	0.878865	101	1
1527939982.700876000	0.938751	388	0
1527939982.703094000	0.940969	98	1
1527939982.706385000	0.94426	80	0
1527939982.711482000	0.949357	98	1
1527939982.798365000	1.03624	228	1
1527939982.815345000	1.05322	87	0
1527939983.113487000	1.35136	403	0
1527939983.114208000	1.35208	1116	0
1527939983.115235000	1.35311	101	1
1527939983.116934000	1.35481	92	0
1527939983.117309000	1.35518	98	1
1527939983.117680000	1.35556	148	0
1527939983.119031000	1.35691	101	1
1527939983.365442000	1.60332	395	1
1527939983.382256000	1.62013	87	0
1527939983.402085000	1.63996	277	0
1527939983.402810000	1.64069	360	0
1527939983.403522000	1.6414	297	0
1527939983.404101000	1.64198	101	1
1527939983.406051000	1.64393	101	1
1527939983.619356000	1.85723	328	1
1527939983.619429000	1.8573	144	1
1527939983.636459000	1.87433	87	0
1527939983.711308000	1.94918	1412	0
1527939983.712020000	1.94989	1412	0
1527939983.712739000	1.95061	1412	0
1527939983.713437000	1.95131	608	0
1527939983.714136000	1.95201	92	0
1527939983.714860000	1.95273	192	0
1527939983.714978000	1.95285	190	1
1527939983.715051000	1.95293	190	1
1527939983.731387000	1.96926	87	0
1527939983.733077000	1.97095	119	1
1527939983.766209000	2.00408	501	1
1527939983.783834000	2.02171	87	0
1527939983.821493000	2.05937	530	0
1527939983.822183000	2.06006	80	0
1527939983.822287000	2.06016	118	1
1527939983.824088000	2.06196	98	1
1527939983.840605000	2.07848	87	0
1527939983.849534000	2.08741	658	0
1527939983.850289000	2.08816	92	0
1527939983.851010000	2.08889	168	0
1527939983.889047000	2.12692	658	0
1527939983.890544000	2.12842	101	1
1527939983.892206000	2.13008	104	1
1527939984.487415000	2.72529	403	1
1527939984.499922000	2.7378	1412	1
1527939984.499968000	2.73784	1412	1
1527939984.499993000	2.73787	191	1
1527939984.500055000	2.73793	843	1
1527939984.504990000	2.74287	87	0
1527939984.517506000	2.75538	87	0
1527939984.543247000	2.78112	872	0
1527939984.543950000	2.78183	124	0
1527939984.545123000	2.783	107	1
1527939984.585342000	2.82322	252	0
1527939984.586076000	2.82395	1412	0
1527939984.586813000	2.82469	996	0
1527939984.587485000	2.82536	98	1
1527939984.589106000	2.82698	101	1
1527939984.602257000	2.84013	102	0
1527939984.604141000	2.84202	98	1
1527939984.629044000	2.86692	303	0
1527939984.631137000	2.86901	98	1
1527939985.653610000	3.89148	1091	1
1527939985.653709000	3.89158	1412	1
1527939985.653733000	3.89161	1412	1
1527939985.653770000	3.89164	1412	1
1527939985.653822000	3.8917	1412	1
1527939985.653845000	3.89172	1412	1
1527939985.653881000	3.89176	1412	1
1527939985.653910000	3.89178	1412	1
1527939985.653959000	3.89183	1412	1
1527939985.653981000	3.89186	1412	1
1527939985.654016000	3.89189	1412	1
1527939985.654050000	3.89193	1412	1
1527939985.654085000	3.89196	1412	1
1527939985.655998000	3.89387	1272	1
1527939985.670330000	3.90821	87	0
1527939985.673163000	3.91104	87	0
1527939986.045308000	4.28318	398	0
1527939986.048507000	4.28638	80	0
1527939986.056622000	4.2945	107	1
1527939987.705954000	5.94383	333	1
1527939987.706040000	5.94391	1412	1
1527939987.706063000	5.94394	982	1
1527939987.720872000	5.95875	251	1
1527939987.723485000	5.96136	87	0
1527939987.738831000	5.97671	87	0
1527939987.838799000	6.07667	466	0
1527939987.841006000	6.07888	104	1
1527939987.841601000	6.07948	80	0
1527939987.849291000	6.08717	98	1
1527939987.936058000	6.17393	566	0
1527939987.936743000	6.17462	305	0
1527939987.937453000	6.17533	128	0
1527939987.938016000	6.17589	104	1
1527939987.938502000	6.17638	101	1
1527939987.940490000	6.17836	252	1
1527939987.957333000	6.19521	87	0
1527939988.412409000	6.65028	873	0
1527939988.413122000	6.651	1412	0
1527939988.413861000	6.65174	1412	0
1527939988.414562000	6.65244	1412	0
1527939988.414936000	6.65281	101	1
1527939988.415276000	6.65315	180	0
1527939988.416031000	6.65391	1412	0
1527939988.416752000	6.65463	1350	0
1527939988.417353000	6.65523	110	1
1527939988.417473000	6.65535	1412	0
1527939988.418197000	6.65607	1412	0
1527939988.418915000	6.65679	1412	0
1527939988.419071000	6.65695	107	1
1527939988.419749000	6.65762	188	0
1527939988.420545000	6.65842	84	0
1527939988.421083000	6.65896	101	1
1527939988.421296000	6.65917	1214	0
1527939988.423248000	6.66112	98	1
1527939988.466901000	6.70478	1412	0
1527939988.467609000	6.70548	1412	0
1527939988.468330000	6.7062	1412	0
1527939988.469019000	6.70689	198	0
1527939988.469071000	6.70695	104	1
1527939988.469857000	6.70773	1412	0
1527939988.470590000	6.70847	1412	0
1527939988.471031000	6.70891	104	1
1527939988.471308000	6.70918	1412	0
1527939988.472030000	6.7099	1412	0
1527939988.472735000	6.71061	848	0
1527939988.473026000	6.7109	104	1
1527939988.473466000	6.71134	1412	0
1527939988.474185000	6.71206	1412	0
1527939988.474984000	6.71286	1412	0
1527939988.475056000	6.71293	101	1
1527939988.475670000	6.71355	180	0
1527939988.476419000	6.71429	1412	0
1527939988.477110000	6.71498	355	0
1527939988.477376000	6.71525	101	1
1527939988.478005000	6.71588	1412	0
1527939988.478723000	6.7166	1412	0
1527939988.479026000	6.7169	107	1
1527939988.479445000	6.71732	1412	0
1527939988.480198000	6.71807	188	0
1527939988.480952000	6.71883	1412	0
1527939988.481111000	6.71899	104	1
1527939988.481640000	6.71952	185	0
1527939988.482456000	6.72033	1412	0
1527939988.483026000	6.7209	101	1
1527939988.483175000	6.72105	1412	0
1527939988.483895000	6.72177	1412	0
1527939988.484583000	6.72246	188	0
1527939988.485040000	6.72291	104	1
1527939988.485325000	6.7232	1197	0
1527939988.486055000	6.72393	1412	0
1527939988.486775000	6.72465	1412	0
1527939988.487206000	6.72508	98	1
1527939988.487492000	6.72537	1412	0
1527939988.488183000	6.72606	188	0
1527939988.488890000	6.72676	84	0
1527939988.489030000	6.7269	110	1
1527939988.489683000	6.72756	964	0
1527939988.490421000	6.7283	1412	0
1527939988.491135000	6.72901	1299	0
1527939988.491858000	6.72973	1412	0
1527939988.492577000	6.73045	1412	0
1527939988.493276000	6.73115	663	0
1527939988.494015000	6.73189	1412	0
1527939988.494735000	6.73261	1412	0
1527939988.495427000	6.7333	337	0
1527939988.496134000	6.73401	129	0
1527939988.502029000	6.7399	125	1
1527939989.741384000	7.97926	309	1
1527939989.741458000	7.97933	144	1
1527939989.760681000	7.99856	87	0
1527939989.839136000	8.07701	1412	0
1527939989.839918000	8.07779	1412	0
1527939989.840650000	8.07853	1412	0
1527939989.841118000	8.07899	107	1
1527939989.841350000	8.07923	607	0
1527939989.842113000	8.07999	92	0
1527939989.842831000	8.08071	91	0
1527939989.843250000	8.08113	104	1
1527939990.856882000	9.09476	501	1
1527939990.856969000	9.09484	294	1
1527939990.858928000	9.0968	446	1
1527939990.859003000	9.09688	1412	1
1527939990.859041000	9.09692	1412	1
1527939990.859091000	9.09697	969	1
1527939990.875210000	9.11309	87	0
1527939990.944240000	9.18212	383	1
1527939990.962710000	9.20058	87	0
1527939991.105313000	9.34319	402	0
1527939991.107191000	9.34507	104	1
1527939991.112510000	9.35038	80	0
1527939991.114190000	9.35207	98	1
1527939991.168207000	9.40608	1412	1
1527939991.168288000	9.40616	1317	1
1527939991.168352000	9.40623	843	1
1527939991.188861000	9.42674	87	0
1527939991.210002000	9.44788	460	0
1527939991.210719000	9.44859	292	0
1527939991.212212000	9.45009	104	1
1527939991.291932000	9.52981	351	0
1527939991.292670000	9.53054	1400	0
1527939991.293357000	9.53123	274	0
1527939991.294086000	9.53196	103	0
1527939991.294217000	9.53209	107	1
1527939991.294826000	9.5327	513	0
1527939991.295551000	9.53343	592	0
1527939991.296196000	9.53407	101	1
1527939991.296966000	9.53484	302	0
1527939991.297718000	9.53559	635	0
1527939991.298210000	9.53608	101	1
1527939991.301326000	9.5392	467	0
1527939991.302057000	9.53993	697	0
1527939991.302769000	9.54064	484	0
1527939991.303196000	9.54107	104	1
1527939991.304531000	9.54241	835	0
1527939991.306193000	9.54407	98	1
1527939991.306425000	9.5443	649	0
1527939991.308193000	9.54607	98	1
1527939991.308304000	9.54618	519	0
1527939991.309698000	9.54757	449	0
1527939991.310196000	9.54807	101	1
1527939991.311914000	9.54979	701	0
1527939991.313194000	9.55107	98	1
1527939991.313964000	9.55184	626	0
1527939991.315196000	9.55307	98	1
1527939991.315778000	9.55365	558	0
1527939991.317193000	9.55507	98	1
1527939991.317568000	9.55544	654	0
1527939991.319174000	9.55705	583	0
1527939991.319199000	9.55707	98	1
1527939991.320229000	9.5581	689	0
1527939991.321196000	9.55907	101	1
1527939991.336737000	9.57461	102	0
1527939991.337481000	9.57536	150	0
1527939991.338207000	9.57608	101	1
1527939991.772693000	10.0106	1254	1
1527939991.772768000	10.0106	109	1
1527939991.783119000	10.021	302	1
1527939991.785277000	10.0232	477	1
1527939991.785348000	10.0232	87	1
1527939991.790152000	10.028	87	0
1527939991.801115000	10.039	87	0
1527939992.124450000	10.3623	303	0
1527939992.125175000	10.363	151	0
1527939992.127473000	10.3653	107	1
1527939992.128501000	10.3664	92	0
1527939992.129229000	10.3671	279	0
1527939992.130235000	10.3681	101	1
1527939992.209418000	10.4473	274	0
1527939992.210174000	10.448	103	0
1527939992.211256000	10.4491	101	1
1527939992.213879000	10.4518	92	0
1527939992.214590000	10.4525	117	0
1527939992.215494000	10.4534	101	1
1527939992.283803000	10.5217	246	0
1527939992.284506000	10.5224	141	0
1527939992.285477000	10.5234	101	1
1527939992.288546000	10.5264	92	0
1527939992.289284000	10.5272	120	0
1527939992.290377000	10.5283	101	1
1527939993.293694000	11.5316	394	1
1527939993.293781000	11.5317	260	1
1527939993.310847000	11.5487	87	0
1527939993.366103000	11.604	418	1
1527939993.366189000	11.6041	94	1
1527939993.384083000	11.622	87	0
1527939993.784461000	12.0223	320	1
1527939993.784602000	12.0225	1412	1
1527939993.784640000	12.0225	1412	1
1527939993.784674000	12.0225	1412	1
1527939993.784704000	12.0226	1412	1
1527939993.784743000	12.0226	1412	1
1527939993.784781000	12.0227	1412	1
1527939993.784816000	12.0227	1412	1
1527939993.784852000	12.0227	1412	1
1527939993.784888000	12.0228	1412	1
1527939993.784935000	12.0228	1412	1
1527939993.784971000	12.0228	1412	1
1527939993.785006000	12.0229	1412	1
1527939993.786416000	12.0243	1412	1
1527939993.786455000	12.0243	1412	1
1527939993.786512000	12.0244	1412	1
1527939993.786581000	12.0245	1412	1
1527939993.786615000	12.0245	1412	1
1527939993.788405000	12.0263	1412	1
1527939993.788441000	12.0263	1412	1
1527939993.788501000	12.0264	1412	1
1527939993.788537000	12.0264	1412	1
1527939993.788602000	12.0265	1412	1
1527939993.788626000	12.0265	1412	1
1527939993.790406000	12.0283	1412	1
1527939993.790465000	12.0283	1412	1
1527939993.790501000	12.0284	1412	1
1527939993.790559000	12.0284	1412	1
1527939993.790602000	12.0285	1412	1
1527939993.792409000	12.0303	1412	1
1527939993.792466000	12.0303	1412	1
1527939993.792525000	12.0304	1412	1
1527939993.792562000	12.0304	1412	1
1527939993.801992000	12.0399	87	0
1527939993.802269000	12.0401	1412	1
1527939993.802304000	12.0402	745	1
1527939993.805301000	12.0432	87	0
1527939993.806923000	12.0448	87	0
1527939993.810246000	12.0481	87	0
1527939993.820904000	12.0588	87	0
1527939993.878462000	12.1163	259	0
1527939993.879166000	12.117	367	0
1527939993.880368000	12.1182	116	1
1527939993.883578000	12.1215	284	0
1527939993.885359000	12.1232	98	1
1527939994.196844000	12.4347	426	0
1527939994.198449000	12.4363	98	1
1527939994.204427000	12.4423	80	0
1527939994.206462000	12.4443	98	1
1527939994.261248000	12.4991	265	0
1527939994.261952000	12.4998	146	0
1527939994.263372000	12.5012	101	1
1527939994.266216000	12.5041	92	0
1527939994.266957000	12.5048	324	0
1527939994.268377000	12.5063	101	1
1527939994.577175000	12.815	360	1
1527939994.577911000	12.8158	295	1
1527939994.593956000	12.8318	87	0
1527939994.613841000	12.8517	376	1
1527939994.630232000	12.8681	87	0
1527939994.720039000	12.9579	343	1
1527939994.720113000	12.958	263	1
1527939994.737060000	12.9749	87	0
1527939994.838437000	13.0763	605	0
1527939994.839146000	13.077	801	0
1527939994.840165000	13.078	92	0
1527939994.840466000	13.0783	101	1
1527939994.840911000	13.0788	169	0
1527939994.842399000	13.0803	104	1
1527939994.926188000	13.1641	243	0
1527939994.926887000	13.1648	118	0
1527939994.928450000	13.1663	101	1
1527939994.929460000	13.1673	92	0
1527939994.930251000	13.1681	247	0
1527939994.931413000	13.1693	101	1
1527939995.120290000	13.3582	242	0
1527939995.120997000	13.3589	279	0
1527939995.122424000	13.3603	101	1
1527939995.124259000	13.3621	92	0
1527939995.125022000	13.3629	263	0
1527939995.126541000	13.3644	101	1
1527939995.193175000	13.4311	361	0
1527939995.194307000	13.4322	146	0
1527939995.195438000	13.4333	101	1
1527939995.198106000	13.436	92	0
1527939995.198864000	13.4367	308	0
1527939995.199421000	13.4373	101	1
1527939995.387373000	13.6252	393	1
1527939995.387470000	13.6253	257	1
1527939995.405011000	13.6429	87	0
1527939995.747140000	13.985	235	0
1527939995.747841000	13.9857	146	0
1527939995.748631000	13.9865	104	1
1527939995.752009000	13.9899	92	0
1527939995.752735000	13.9906	218	0
1527939995.753451000	13.9913	101	1
1527939995.804085000	14.042	393	1
1527939995.804176000	14.0421	259	1
1527939995.821663000	14.0595	87	0
1527939996.166301000	14.4042	256	0
1527939996.166946000	14.4048	146	0
1527939996.168583000	14.4065	104	1
1527939996.169381000	14.4073	92	0
1527939996.170166000	14.408	199	0
1527939996.171483000	14.4094	101	1
1527939996.285005000	14.5229	393	1
1527939996.285098000	14.523	428	1
1527939996.301648000	14.5395	87	0
1527939996.643460000	14.8813	282	0
1527939996.644093000	14.882	146	0
1527939996.645585000	14.8835	104	1
1527939996.648189000	14.8861	92	0
1527939996.648954000	14.8868	307	0
1527939996.649495000	14.8874	101	1
1527939996.769093000	15.007	393	1
1527939996.769190000	15.0071	248	1
1527939996.786244000	15.0241	87	0
1527939997.138508000	15.3764	294	0
1527939997.139168000	15.377	146	0
1527939997.140613000	15.3785	104	1
1527939997.143950000	15.3818	92	0
1527939997.144773000	15.3826	237	0
1527939997.145536000	15.3834	101	1
1527940000.697771000	18.9356	730	1
1527940000.697866000	18.9357	254	1
1527940000.714178000	18.9521	87	0
1527940001.055492000	19.2934	256	0
1527940001.056125000	19.294	146	0
1527940001.057213000	19.2951	104	1
1527940001.060175000	19.298	92	0
1527940001.060906000	19.2988	261	0
1527940001.062124000	19.3	101	1
1527940001.158586000	19.3965	1248	1
1527940001.158680000	19.3966	254	1
1527940001.177860000	19.4157	87	0
1527940001.537744000	19.7756	235	0
1527940001.538471000	19.7763	146	0
1527940001.539170000	19.777	104	1
1527940001.542426000	19.7803	92	0
1527940001.543202000	19.7811	259	0
1527940001.544161000	19.782	101	1
1527940001.652080000	19.89	390	1
1527940001.652173000	19.89	254	1
1527940001.669195000	19.9071	87	0
1527940002.024606000	20.2625	300	0
1527940002.025327000	20.2632	148	0
1527940002.026185000	20.2641	104	1
1527940002.029039000	20.2669	92	0
1527940002.029826000	20.2677	244	0
1527940002.031251000	20.2691	101	1
1527940002.191380000	20.4293	394	1
1527940002.191447000	20.4293	255	1
1527940002.208709000	20.4466	87	0
1527940002.566938000	20.8048	258	0
1527940002.567717000	20.8056	148	0
1527940002.568213000	20.8061	104	1
1527940002.568436000	20.8063	92	0
1527940002.569158000	20.807	189	0
1527940002.570206000	20.8081	101	1
1527940002.613700000	20.8516	394	1
1527940002.613790000	20.8517	260	1
1527940002.630726000	20.8686	87	0
1527940002.978599000	21.2165	255	0
1527940002.979306000	21.2172	148	0
1527940002.980263000	21.2181	104	1
1527940002.982358000	21.2202	92	0
1527940002.983088000	21.221	98	0
1527940002.984242000	21.2221	101	1
1527940003.092295000	21.3302	392	1
1527940003.092369000	21.3302	256	1
1527940003.109197000	21.3471	87	0
1527940003.119330000	21.3572	87	0
1527940003.256443000	21.4943	319	1
1527940003.256530000	21.4944	1412	1
1527940003.256554000	21.4944	1412	1
1527940003.256597000	21.4945	1412	1
1527940003.256653000	21.4945	1358	1
1527940003.272717000	21.5106	87	0
1527940003.488297000	21.7262	232	0
1527940003.489009000	21.7269	148	0
1527940003.490347000	21.7282	104	1
1527940003.492549000	21.7304	92	0
1527940003.493314000	21.7312	281	0
1527940003.494261000	21.7321	101	1
1527940003.617889000	21.8558	402	0
1527940003.619364000	21.8572	98	1
1527940003.624895000	21.8628	80	0
1527940003.626282000	21.8642	98	1
1527940003.671423000	21.9093	388	1
1527940003.671498000	21.9094	259	1
1527940003.688190000	21.9261	87	0
1527940004.043771000	22.2816	280	0
1527940004.044470000	22.2823	148	0
1527940004.045372000	22.2832	104	1
1527940004.048143000	22.286	92	0
1527940004.048874000	22.2867	322	0
1527940004.050304000	22.2882	101	1
1527940004.216390000	22.4543	389	1
1527940004.216484000	22.4544	256	1
1527940004.233145000	22.471	87	0
1527940004.589876000	22.8278	351	0
1527940004.590522000	22.8284	148	0
1527940004.591334000	22.8292	104	1
1527940004.594899000	22.8328	92	0
1527940004.595682000	22.8336	197	0
1527940004.596313000	22.8342	101	1
1527940004.720015000	22.9579	392	1
1527940004.720076000	22.958	259	1
1527940004.736957000	22.9748	87	0
1527940005.113075000	23.351	256	0
1527940005.113776000	23.3517	148	0
1527940005.114368000	23.3522	104	1
1527940005.116058000	23.3539	92	0
1527940005.116786000	23.3547	313	0
1527940005.117341000	23.3552	101	1
1527940005.288939000	23.5268	389	1
1527940005.289032000	23.5269	259	1
1527940005.319453000	23.5573	389	1
1527940005.324889000	23.5628	87	0
1527940005.347565000	23.5854	87	0
1527940005.483424000	23.7213	233	0
1527940005.484078000	23.722	148	0
1527940005.485459000	23.7233	107	1
1527940005.487593000	23.7255	92	0
1527940005.488321000	23.7262	190	0
1527940005.489382000	23.7273	101	1
1527940005.754720000	23.9926	391	1
1527940005.754781000	23.9927	257	1
1527940005.772083000	24.01	87	0
1527940006.166014000	24.4039	305	0
1527940006.166721000	24.4046	148	0
1527940006.167503000	24.4054	104	1
1527940006.170870000	24.4087	92	0
1527940006.171653000	24.4095	288	0
1527940006.172419000	24.4103	101	1
1527940006.204443000	24.4423	390	1
1527940006.204534000	24.4424	257	1
1527940006.227035000	24.4649	87	0
1527940006.604554000	24.8424	269	0
1527940006.605249000	24.8431	148	0
1527940006.606523000	24.8444	104	1
1527940006.609737000	24.8476	92	0
1527940006.610472000	24.8483	229	0
1527940006.611449000	24.8493	101	1
1527940006.649682000	24.8876	724	1
1527940006.649781000	24.8877	257	1
1527940006.668933000	24.9068	87	0
1527940007.024065000	25.2619	256	0
1527940007.024712000	25.2626	148	0
1527940007.025475000	25.2634	104	1
1527940007.027499000	25.2654	92	0
1527940007.028229000	25.2661	340	0
1527940007.029473000	25.2673	101	1
1527940007.108683000	25.3466	1248	1
1527940007.108774000	25.3466	257	1
1527940007.125872000	25.3637	87	0
1527940007.485317000	25.7232	233	0
1527940007.486034000	25.7239	148	0
1527940007.487577000	25.7255	104	1
1527940007.488820000	25.7267	92	0
1527940007.489556000	25.7274	225	0
1527940007.490496000	25.7284	101	1
1527940007.620507000	25.8584	389	1
1527940007.620603000	25.8585	256	1
1527940007.639215000	25.8771	87	0
1527940007.994497000	26.2324	300	0
1527940007.995218000	26.2331	148	0
1527940007.996608000	26.2345	104	1
1527940007.998680000	26.2366	92	0
1527940008.000075000	26.238	260	0
1527940008.000542000	26.2384	101	1
1527940008.164315000	26.4022	393	1
1527940008.164402000	26.4023	258	1
1527940008.181506000	26.4194	87	0
1527940008.537178000	26.7751	255	0
1527940008.537818000	26.7757	148	0
1527940008.538603000	26.7765	104	1
1527940008.541247000	26.7791	92	0
1527940008.541929000	26.7798	203	0
1527940008.542570000	26.7804	101	1
1527940008.545981000	26.7839	392	1
1527940008.546040000	26.7839	263	1
1527940008.567117000	26.805	87	0
1527940008.703254000	26.9411	233	0
1527940008.703964000	26.9418	148	0
1527940008.704618000	26.9425	104	1
1527940008.708478000	26.9464	92	0
1527940008.709209000	26.9471	214	0
1527940008.710579000	26.9485	101	1
1527940008.859801000	27.0977	393	1
1527940008.859863000	27.0977	255	1
1527940008.875961000	27.1138	87	0
1527940009.026669000	27.2645	258	0
1527940009.027381000	27.2653	148	0
1527940009.028665000	27.2665	104	1
1527940009.030417000	27.2683	92	0
1527940009.031144000	27.269	175	0
1527940009.032650000	27.2705	101	1
1527940009.207967000	27.4458	393	1
1527940009.208056000	27.4459	256	1
1527940009.224642000	27.4625	87	0
1527940009.582609000	27.8205	235	0
1527940009.583325000	27.8212	148	0
1527940009.584697000	27.8226	104	1
1527940009.588143000	27.826	92	0
1527940009.588873000	27.8267	336	0
1527940009.589621000	27.8275	101	1
1527940009.768478000	28.0064	389	1
1527940009.768547000	28.0064	255	1
1527940009.785367000	28.0232	87	0
1527940010.149510000	28.3874	260	0
1527940010.150222000	28.3881	148	0
1527940010.151731000	28.3896	104	1
1527940010.156244000	28.3941	92	0
1527940010.156964000	28.3948	336	0
1527940010.157640000	28.3955	101	1
1527940010.215822000	28.4537	393	1
1527940010.215900000	28.4538	370	1
1527940010.232144000	28.47	87	0
1527940010.591121000	28.829	233	0
1527940010.591765000	28.8296	148	0
1527940010.592763000	28.8306	104	1
1527940010.596257000	28.8341	92	0
1527940010.596926000	28.8348	245	0
1527940010.597673000	28.8355	101	1
1527940010.655013000	28.8929	389	1
1527940010.655104000	28.893	370	1
1527940010.681922000	28.9198	87	0
1527940011.148239000	29.3861	278	0
1527940011.148888000	29.3868	148	0
1527940011.149750000	29.3876	104	1
1527940011.152455000	29.3903	92	0
1527940011.153186000	29.3911	294	0
1527940011.153699000	29.3916	101	1
1527940015.103998000	33.3419	389	1
1527940015.104087000	33.342	263	1
1527940015.121203000	33.3591	87	0
1527940015.499884000	33.7378	374	0
1527940015.500572000	33.7384	148	0
1527940015.501355000	33.7392	104	1
1527940015.505042000	33.7429	92	0
1527940015.505768000	33.7436	147	0
1527940015.506339000	33.7442	101	1
1527940015.546760000	33.7846	390	1
1527940015.546842000	33.7847	258	1
1527940015.563846000	33.8017	87	0
1527940015.907043000	34.1449	256	0
1527940015.907676000	34.1456	148	0
1527940015.909484000	34.1474	104	1
1527940015.911538000	34.1494	92	0
1527940015.912261000	34.1501	140	0
1527940015.913369000	34.1512	101	1
1527940016.068697000	34.3066	725	1
1527940016.068783000	34.3067	255	1
1527940016.086362000	34.3242	87	0
1527940016.449687000	34.6876	283	0
1527940016.450343000	34.6882	148	0
1527940016.451424000	34.6893	104	1
1527940016.454891000	34.6928	92	0
1527940016.455742000	34.6936	86	0
1527940016.456378000	34.6943	101	1
1527940016.572725000	34.8106	1249	1
1527940016.572787000	34.8107	258	1
1527940016.592170000	34.83	87	0
1527940016.927462000	35.1653	295	0
1527940016.928151000	35.166	148	0
1527940016.929432000	35.1673	104	1
1527940016.931470000	35.1693	92	0
1527940016.932264000	35.1701	284	0
1527940016.933430000	35.1713	101	1
1527940017.038729000	35.2766	393	1
1527940017.038815000	35.2767	257	1
1527940017.055886000	35.2938	87	0
1527940017.412326000	35.6502	232	0
1527940017.412962000	35.6508	148	0
1527940017.414534000	35.6524	104	1
1527940017.417254000	35.6551	92	0
1527940017.417928000	35.6558	337	0
1527940017.419526000	35.6574	101	1
1527940017.469675000	35.7076	391	1
1527940017.469773000	35.7076	258	1
1527940017.488373000	35.7262	87	0
1527940017.825660000	36.0635	259	0
1527940017.826308000	36.0642	148	0
1527940017.827556000	36.0654	104	1
1527940017.829581000	36.0675	92	0
1527940017.830383000	36.0683	202	0
1527940017.831473000	36.0693	101	1
1527940017.927749000	36.1656	390	1
1527940017.927820000	36.1657	257	1
1527940017.944227000	36.1821	87	0
1527940018.299434000	36.5373	275	0
1527940018.300128000	36.538	148	0
1527940018.301584000	36.5395	104	1
1527940018.307676000	36.5456	92	0
1527940018.309408000	36.5473	120	0
1527940018.309619000	36.5475	101	1
1527940018.322473000	36.5603	393	1
1527940018.322559000	36.5604	255	1
1527940018.339590000	36.5775	87	0
1527940018.675238000	36.9131	255	0
1527940018.675936000	36.9138	148	0
1527940018.677529000	36.9154	104	1
1527940018.680500000	36.9184	92	0
1527940018.681274000	36.9191	297	0
1527940018.682604000	36.9205	101	1
1527940018.942996000	37.1809	391	1
1527940018.943088000	37.181	259	1
1527940018.959724000	37.1976	87	0
1527940019.321458000	37.5593	259	0
1527940019.322144000	37.56	148	0
1527940019.323589000	37.5615	104	1
1527940019.326370000	37.5642	92	0
1527940019.327085000	37.565	85	0
1527940019.327822000	37.5657	101	1
1527940019.518523000	37.7564	391	1
1527940019.518644000	37.7565	257	1
1527940019.535590000	37.7735	87	0
1527940019.541379000	37.7793	87	0
1527940019.890644000	38.1285	256	0
1527940019.891317000	38.1292	148	0
1527940019.892673000	38.1305	107	1
1527940019.896106000	38.134	92	0
1527940019.897594000	38.1355	98	1
1527940019.897603000	38.1355	150	0
1527940019.899581000	38.1375	98	1
1527940020.115199000	38.3531	389	1
1527940020.115265000	38.3531	255	1
1527940020.132196000	38.3701	87	0
1527940020.470874000	38.7087	233	0
1527940020.471644000	38.7095	148	0
1527940020.472702000	38.7106	104	1
1527940020.475711000	38.7136	92	0
1527940020.476505000	38.7144	202	0
1527940020.477630000	38.7155	101	1
1527940020.561846000	38.7997	389	1
1527940020.561941000	38.7998	255	1
1527940020.584127000	38.822	87	0
1527940020.928727000	39.1666	262	0
1527940020.929412000	39.1673	148	0
1527940020.930676000	39.1686	104	1
1527940020.933302000	39.1712	92	0
1527940020.934039000	39.1719	172	0
1527940020.934692000	39.1726	101	1
1527940021.019144000	39.257	393	1
1527940021.019205000	39.2571	256	1
1527940021.035286000	39.2732	87	0
1527940021.374396000	39.6123	232	0
1527940021.375044000	39.6129	148	0
1527940021.376751000	39.6146	104	1
1527940021.379121000	39.617	92	0
1527940021.379914000	39.6178	247	0
1527940021.380666000	39.6185	101	1
1527940021.486881000	39.7248	388	1
1527940021.486943000	39.7248	256	1
1527940021.504609000	39.7425	87	0
1527940021.839427000	40.0773	278	0
1527940021.840123000	40.078	148	0
1527940021.841780000	40.0797	104	1
1527940021.842549000	40.0804	92	0
1527940021.843286000	40.0812	319	0
1527940021.844708000	40.0826	101	1
1527940021.977410000	40.2153	724	1
1527940021.977500000	40.2154	258	1
1527940021.994050000	40.2319	87	0
1527940022.566328000	40.8042	351	0
1527940022.566970000	40.8048	148	0
1527940022.567806000	40.8057	104	1
1527940022.568407000	40.8063	92	0
1527940022.569185000	40.8071	326	0
1527940022.569734000	40.8076	101	1
1527940022.717283000	40.9552	1249	1
1527940022.717343000	40.9552	256	1
1527940022.737579000	40.9755	87	0
1527940023.082878000	41.3208	259	0
1527940023.083566000	41.3214	148	0
1527940023.084847000	41.3227	104	1
1527940023.087870000	41.3257	92	0
1527940023.088657000	41.3265	330	0
1527940023.089779000	41.3277	101	1
1527940023.228276000	41.4662	390	1
1527940023.228334000	41.4662	258	1
1527940023.242971000	41.4808	100	0
1527940023.244840000	41.4827	98	1
1527940023.587804000	41.8257	283	0
1527940023.588429000	41.8263	148	0
1527940023.589885000	41.8278	101	1
1527940023.593311000	41.8312	92	0
1527940023.594115000	41.832	202	0
1527940023.594797000	41.8327	101	1
1527940023.766638000	42.0045	393	1
1527940023.766722000	42.0046	257	1
1527940023.784179000	42.0221	87	0
1527940024.143433000	42.3813	292	0
1527940024.144175000	42.3821	148	0
1527940024.144943000	42.3828	104	1
1527940024.148792000	42.3867	92	0
1527940024.149576000	42.3875	320	0
1527940024.150902000	42.3888	101	1
1527940024.321071000	42.5589	391	1
1527940024.321139000	42.559	258	1
1527940024.338248000	42.5761	87	0
1527940024.690707000	42.9286	231	0
1527940024.691343000	42.9292	148	0
1527940024.692915000	42.9308	104	1
1527940024.694461000	42.9323	92	0
1527940024.695184000	42.9331	280	0
1527940024.695868000	42.9337	101	1
1527940024.772990000	43.0109	387	1
1527940024.773042000	43.0109	256	1
1527940024.789884000	43.0278	87	0
1527940024.798151000	43.036	87	0
1527940025.152797000	43.3907	256	0
1527940025.153481000	43.3914	148	0
1527940025.154908000	43.3928	107	1
1527940025.156505000	43.3944	92	0
1527940025.157233000	43.3951	238	0
1527940025.157925000	43.3958	101	1
1527940025.282044000	43.5199	389	1
1527940025.282110000	43.52	256	1
1527940025.299517000	43.5374	87	0
1527940025.636610000	43.8745	275	0
1527940025.637240000	43.8751	148	0
1527940025.638946000	43.8768	104	1
1527940025.641494000	43.8794	92	0
1527940025.642274000	43.8801	121	0
1527940025.642900000	43.8808	101	1
1527940025.774195000	44.0121	389	1
1527940025.774282000	44.0122	256	1
1527940025.790876000	44.0288	87	0
1527940026.132838000	44.3707	278	0
1527940026.133481000	44.3714	148	0
1527940026.134976000	44.3729	104	1
1527940026.137239000	44.3751	92	0
1527940026.137963000	44.3758	239	0
1527940026.138938000	44.3768	101	1
1527940026.273662000	44.5115	387	1
1527940026.273757000	44.5116	258	1
1527940026.290682000	44.5286	87	0
1527940026.636301000	44.8742	233	0
1527940026.636932000	44.8748	148	0
1527940026.637991000	44.8759	104	1
1527940026.639005000	44.8769	92	0
1527940026.639852000	44.8777	162	0
1527940026.640982000	44.8789	101	1
1527940026.686161000	44.924	393	1
1527940026.686227000	44.9241	255	1
1527940026.703872000	44.9417	87	0
1527940027.042162000	45.28	258	0
1527940027.042806000	45.2807	148	0
1527940027.044076000	45.282	104	1
1527940027.047005000	45.2849	92	0
1527940027.047786000	45.2857	136	0
1527940027.049003000	45.2869	101	1
1527940027.272818000	45.5107	390	1
1527940027.272883000	45.5108	255	1
1527940027.296339000	45.5342	87	0
1527940027.423702000	45.6616	236	0
1527940027.424337000	45.6622	148	0
1527940027.426101000	45.664	104	1
1527940027.429064000	45.6669	92	0
1527940027.429877000	45.6678	181	0
1527940027.431006000	45.6689	101	1
1527940027.538206000	45.7761	390	1
1527940027.538300000	45.7762	255	1
1527940027.555111000	45.793	87	0
1527940027.899432000	46.1373	260	0
1527940027.900140000	46.138	148	0
1527940027.901126000	46.139	104	1
1527940027.905684000	46.1436	92	0
1527940027.906482000	46.1444	144	0
1527940027.907029000	46.1449	101	1
1527940028.092315000	46.3302	389	1
1527940028.092375000	46.3303	257	1
1527940028.110055000	46.3479	87	0
1527940028.450422000	46.6883	232	0
1527940028.451063000	46.6889	148	0
1527940028.452153000	46.69	104	1
1527940028.455382000	46.6933	92	0
1527940028.456122000	46.694	317	0
1527940028.457078000	46.695	101	1
1527940028.538291000	46.7762	724	1
1527940028.538355000	46.7762	255	1
1527940028.555285000	46.7932	87	0
1527940028.971328000	47.2092	278	0
1527940028.971962000	47.2098	148	0
1527940028.973189000	47.2111	104	1
1527940028.976628000	47.2145	92	0
1527940028.977348000	47.2152	222	0
1527940028.978104000	47.216	101	1
1527940029.106558000	47.3444	1252	1
1527940029.106624000	47.3445	260	1
1527940029.123637000	47.3615	87	0
1527940029.250644000	47.4885	349	0
1527940029.251300000	47.4892	148	0
1527940029.252123000	47.49	104	1
1527940029.255872000	47.4937	92	0
1527940029.256649000	47.4945	277	0
1527940029.257123000	47.495	101	1
1527940029.637767000	47.8756	393	1
1527940029.637854000	47.8757	256	1
1527940029.655682000	47.8936	87	0
1527940030.011482000	48.2494	256	0
1527940030.012124000	48.25	148	0
1527940030.013264000	48.2511	104	1
1527940030.016198000	48.2541	92	0
1527940030.017569000	48.2554	236	0
1527940030.018167000	48.256	101	1
1527940030.086141000	48.324	391	1
1527940030.086238000	48.3241	257	1
1527940030.103014000	48.3409	87	0
1527940030.225859000	48.4637	280	0
1527940030.226503000	48.4644	148	0
1527940030.228260000	48.4661	104	1
1527940030.229981000	48.4679	92	0
1527940030.230752000	48.4686	323	0
1527940030.231218000	48.4691	101	1
1527940030.535108000	48.773	369	1
1527940030.535215000	48.7731	1412	1
1527940030.535254000	48.7731	1412	1
1527940030.535307000	48.7732	1412	1
1527940030.535325000	48.7732	240	1
1527940030.553762000	48.7916	87	0
1527940030.580387000	48.8183	326	1
1527940030.580481000	48.8184	220	1
1527940030.596877000	48.8348	87	0
1527940030.671240000	48.9091	390	0
1527940030.673281000	48.9112	104	1
1527940030.677438000	48.9153	80	0
1527940030.679234000	48.9171	98	1
1527940030.738924000	48.9768	281	0
1527940030.739691000	48.9776	148	0
1527940030.741297000	48.9792	101	1
1527940030.742398000	48.9803	92	0
1527940030.743129000	48.981	318	0
1527940030.744213000	48.9821	101	1
1527940030.872491000	49.1104	394	1
1527940030.872557000	49.1104	252	1
1527940030.889667000	49.1275	87	0
1527940031.226532000	49.4644	300	0
1527940031.227180000	49.4651	148	0
1527940031.228320000	49.4662	104	1
1527940031.231541000	49.4694	92	0
1527940031.232283000	49.4702	336	0
1527940031.233245000	49.4711	101	1
1527940031.766583000	50.0045	389	1
1527940031.766669000	50.0045	257	1
1527940031.783530000	50.0214	87	0
1527940032.121466000	50.3593	281	0
1527940032.122115000	50.36	148	0
1527940032.123367000	50.3612	104	1
1527940032.124894000	50.3628	92	0
1527940032.125675000	50.3635	179	0
1527940032.126281000	50.3642	101	1
1527940032.375699000	50.6136	390	1
1527940032.375789000	50.6137	256	1
1527940032.393517000	50.6314	87	0
1527940032.516270000	50.7541	233	0
1527940032.516899000	50.7548	148	0
1527940032.518391000	50.7563	104	1
1527940032.521461000	50.7593	92	0
1527940032.522193000	50.7601	338	0
1527940032.523365000	50.7612	101	1
1527940032.700553000	50.9384	389	1
1527940032.700620000	50.9385	256	1
1527940032.717532000	50.9554	87	0
1527940032.866259000	51.1041	256	0
1527940032.866894000	51.1048	148	0
1527940032.868433000	51.1063	104	1
1527940032.869877000	51.1078	92	0
1527940032.870671000	51.1085	279	0
1527940032.871316000	51.1092	101	1
1527940033.187920000	51.4258	392	1
1527940033.188008000	51.4259	259	1
1527940033.205407000	51.4433	87	0
1527940033.331101000	51.569	233	0
1527940033.331754000	51.5696	148	0
1527940033.333436000	51.5713	104	1
1527940033.334872000	51.5727	92	0
1527940033.335621000	51.5735	339	0
1527940033.336455000	51.5743	101	1
1527940033.655761000	51.8936	388	1
1527940033.655827000	51.8937	257	1
1527940033.673223000	51.9111	87	0
1527940033.810847000	52.0487	260	0
1527940033.811477000	52.0494	148	0
1527940033.812409000	52.0503	104	1
1527940033.814442000	52.0523	92	0
1527940033.815234000	52.0531	298	0
1527940033.816385000	52.0543	101	1
1527940034.115988000	52.3539	725	1
1527940034.116070000	52.3539	257	1
1527940034.135191000	52.3731	87	0
1527940034.255031000	52.4929	235	0
1527940034.255727000	52.4936	148	0
1527940034.256488000	52.4944	104	1
1527940034.258764000	52.4966	92	0
1527940034.259515000	52.4974	184	0
1527940034.260411000	52.4983	101	1
1527940034.835900000	53.0738	403	1
1527940034.835961000	53.0738	259	1
1527940034.854099000	53.092	87	0
1527940035.192212000	53.4301	277	0
1527940035.192840000	53.4307	148	0
1527940035.194554000	53.4324	104	1
1527940035.196135000	53.434	92	0
1527940035.196868000	53.4347	323	0
1527940035.197441000	53.4353	101	1
1527940035.350781000	53.5887	1234	1
1527940035.350869000	53.5887	259	1
1527940035.369402000	53.6073	87	0
1527940035.705757000	53.9436	351	0
1527940035.706402000	53.9443	148	0
1527940035.707491000	53.9454	104	1
1527940035.710300000	53.9482	92	0
1527940035.711082000	53.949	286	0
1527940035.711579000	53.9495	101	1
1527940035.805749000	54.0436	394	1
1527940035.805838000	54.0437	256	1
1527940035.822335000	54.0602	87	0
1527940036.156184000	54.3941	256	0
1527940036.156815000	54.3947	148	0
1527940036.158556000	54.3964	104	1
1527940036.160867000	54.3987	92	0
1527940036.161706000	54.3996	136	0
1527940036.162518000	54.4004	101	1
1527940036.341172000	54.579	392	1
1527940036.341246000	54.5791	260	1
1527940036.357470000	54.5953	87	0
1527940036.691847000	54.9297	284	0
1527940036.692480000	54.9304	148	0
1527940036.693630000	54.9315	104	1
1527940036.695437000	54.9333	92	0
1527940036.696165000	54.934	242	0
1527940036.697553000	54.9354	101	1
1527940036.855926000	55.0938	394	1
1527940036.856014000	55.0939	257	1
1527940036.871748000	55.1096	87	0
1527940036.993042000	55.2309	258	0
1527940036.993749000	55.2316	148	0
1527940036.994602000	55.2325	104	1
1527940036.996489000	55.2344	92	0
1527940036.997826000	55.2357	216	0
1527940036.998586000	55.2365	101	1
1527940037.197082000	55.435	389	1
1527940037.197179000	55.4351	256	1
1527940037.216583000	55.4545	87	0
1527940037.355227000	55.5931	235	0
1527940037.355996000	55.5939	148	0
1527940037.356672000	55.5945	104	1
1527940037.359239000	55.5971	92	0
1527940037.360034000	55.5979	266	0
1527940037.360610000	55.5985	101	1
1527940037.563972000	55.8018	390	1
1527940037.564033000	55.8019	256	1
1527940037.580673000	55.8185	87	0
1527940037.920458000	56.1583	294	0
1527940037.921093000	56.159	148	0
1527940037.922698000	56.1606	104	1
1527940037.924038000	56.1619	92	0
1527940037.924839000	56.1627	160	0
1527940037.925638000	56.1635	101	1
1527940038.709371000	56.9472	390	1
1527940038.709464000	56.9473	256	1
1527940038.726159000	56.964	87	0
1527940038.740162000	56.978	87	0
1527940038.868487000	57.1064	298	0
1527940038.869118000	57.107	148	0
1527940038.870779000	57.1087	107	1
1527940038.873506000	57.1114	92	0
1527940038.874241000	57.1121	224	0
1527940038.874667000	57.1125	101	1
1527940038.957646000	57.1955	389	1
1527940038.957742000	57.1956	257	1
1527940038.975129000	57.213	87	0
1527940039.315580000	57.5535	256	0
1527940039.316223000	57.5541	148	0
1527940039.317790000	57.5557	104	1
1527940039.320895000	57.5588	92	0
1527940039.321704000	57.5596	253	0
1527940039.322700000	57.5606	101	1
1527940039.601948000	57.8398	389	1
1527940039.602026000	57.8399	256	1
1527940039.619635000	57.8575	87	0
1527940039.966127000	58.204	258	0
1527940039.966756000	58.2046	148	0
1527940039.967745000	58.2056	104	1
1527940039.971825000	58.2097	92	0
1527940039.972620000	58.2105	151	0
1527940039.973804000	58.2117	101	1
1527940040.113677000	58.3516	369	1
1527940040.113782000	58.3517	1412	1
1527940040.113821000	58.3517	1412	1
1527940040.113873000	58.3517	1412	1
1527940040.113894000	58.3518	827	1
1527940040.131114000	58.369	87	0
1527940040.148327000	58.3862	87	0
1527940040.167080000	58.405	679	1
1527940040.167154000	58.405	220	1
1527940040.185607000	58.4235	87	0
1527940040.311909000	58.5498	235	0
1527940040.312595000	58.5505	148	0
1527940040.313861000	58.5517	104	1
1527940040.316959000	58.5548	92	0
1527940040.317742000	58.5556	151	0
1527940040.318758000	58.5566	101	1
1527940040.457384000	58.6953	404	0
1527940040.458192000	58.6961	406	1
1527940040.458257000	58.6961	314	1
1527940040.464275000	58.7021	80	0
1527940040.465835000	58.7037	98	1
1527940040.478767000	58.7166	87	0
1527940040.825662000	59.0635	258	0
1527940040.826304000	59.0642	148	0
1527940040.827865000	59.0657	104	1
1527940040.830207000	59.0681	92	0
1527940040.830882000	59.0688	158	0
1527940040.831988000	59.0699	101	1
1527940040.948022000	59.1859	1252	1
1527940040.948081000	59.186	252	1
1527940040.965172000	59.203	87	0
1527940041.090607000	59.3285	258	0
1527940041.091319000	59.3292	148	0
1527940041.092883000	59.3308	104	1
1527940041.094742000	59.3326	92	0
1527940041.095535000	59.3334	190	0
1527940041.096868000	59.3347	101	1
1527940041.612484000	59.8504	390	1
1527940041.612571000	59.8504	257	1
1527940041.628704000	59.8666	87	0
1527940041.965225000	60.2031	372	0
1527940041.965854000	60.2037	148	0
1527940041.966915000	60.2048	104	1
1527940041.970378000	60.2083	92	0
1527940041.971128000	60.209	187	0
1527940041.971861000	60.2097	101	1
1527940042.182383000	60.4203	389	1
1527940042.182448000	60.4203	257	1
1527940042.199699000	60.4376	87	0
1527940042.408639000	60.6465	233	0
1527940042.409286000	60.6472	148	0
1527940042.410910000	60.6488	104	1
1527940042.413347000	60.6512	92	0
1527940042.414071000	60.6519	249	0
1527940042.414874000	60.6527	101	1
1527940042.733252000	60.9711	392	1
1527940042.733314000	60.9712	256	1
1527940042.750445000	60.9883	87	0
1527940043.122019000	61.3599	305	0
1527940043.122723000	61.3606	148	0
1527940043.123961000	61.3618	104	1
1527940043.126440000	61.3643	92	0
1527940043.127163000	61.365	168	0
1527940043.127918000	61.3658	101	1
1527940043.190865000	61.4287	392	1
1527940043.190958000	61.4288	259	1
1527940043.207925000	61.4458	87	0
1527940043.342806000	61.5807	235	0
1527940043.343536000	61.5814	148	0
1527940043.344955000	61.5828	104	1
1527940043.347245000	61.5851	92	0
1527940043.347927000	61.5858	247	0
1527940043.348942000	61.5868	101	1
1527940043.567436000	61.8053	392	1
1527940043.567526000	61.8054	258	1
1527940043.595878000	61.8338	87	0
1527940043.607447000	61.8453	87	0
1527940043.946703000	62.1846	259	0
1527940043.947432000	62.1853	148	0
1527940043.947985000	62.1859	107	1
1527940043.951783000	62.1897	92	0
1527940043.952527000	62.1904	247	0
1527940043.953991000	62.1919	101	1
1527940044.061277000	62.2992	393	1
1527940044.061345000	62.2992	257	1
1527940044.078961000	62.3168	87	0
1527940044.441606000	62.6795	271	0
1527940044.442323000	62.6802	148	0
1527940044.442988000	62.6809	104	1
1527940044.446731000	62.6846	92	0
1527940044.447447000	62.6853	209	0
1527940044.448109000	62.686	101	1
1527940044.663308000	62.9012	389	1
1527940044.663375000	62.9012	257	1
1527940044.679517000	62.9174	87	0
1527940045.044020000	63.2819	297	0
1527940045.044729000	63.2826	148	0
1527940045.046116000	63.284	104	1
1527940045.048530000	63.2864	92	0
1527940045.049388000	63.2873	125	0
1527940045.050026000	63.2879	101	1
1527940045.173166000	63.411	388	1
1527940045.173234000	63.4111	256	1
1527940045.190046000	63.4279	87	0
1527940045.546965000	63.7848	258	0
1527940045.547728000	63.7856	148	0
1527940045.549139000	63.787	104	1
1527940045.551908000	63.7898	92	0
1527940045.552689000	63.7906	103	0
1527940045.554129000	63.792	101	1
1527940045.748462000	63.9863	393	1
1527940045.748532000	63.9864	261	1
1527940045.768035000	64.0059	87	0
1527940046.127739000	64.3656	258	0
1527940046.128381000	64.3663	148	0
1527940046.129105000	64.367	104	1
1527940046.131959000	64.3698	92	0
1527940046.132808000	64.3707	227	0
1527940046.134160000	64.372	101	1
1527940046.187176000	64.4251	726	1
1527940046.187241000	64.4251	256	1
1527940046.206466000	64.4443	87	0
1527940046.588674000	64.8265	235	0
1527940046.589332000	64.8272	148	0
1527940046.590119000	64.828	104	1
1527940046.593728000	64.8316	92	0
1527940046.594553000	64.8324	327	0
1527940046.595104000	64.833	101	1
1527940046.892509000	65.1304	390	1
1527940046.892600000	65.1305	256	1
1527940046.908953000	65.1468	87	0
1527940047.141544000	65.3794	256	0
1527940047.142266000	65.3801	148	0
1527940047.143234000	65.3811	104	1
1527940047.146252000	65.3841	92	0
1527940047.146974000	65.3848	309	0
1527940047.148217000	65.3861	101	1
1527940047.307456000	65.5453	1248	1
1527940047.307535000	65.5454	259	1
1527940047.324792000	65.5627	87	0
1527940047.700206000	65.9381	239	0
1527940047.700851000	65.9387	148	0
1527940047.702262000	65.9401	104	1
1527940047.705921000	65.9438	92	0
1527940047.706704000	65.9446	279	0
1527940047.707174000	65.945	101	1
1527940047.979582000	66.2175	390	1
1527940047.979675000	66.2176	258	1
1527940047.996709000	66.2346	87	0
1527940048.352274000	66.5901	256	0
1527940048.352985000	66.5909	148	0
1527940048.354318000	66.5922	104	1
1527940048.355530000	66.5934	92	0
1527940048.356253000	66.5941	194	0
1527940048.357217000	66.5951	101	1
1527940048.392821000	66.6307	389	1
1527940048.392912000	66.6308	257	1
1527940048.409273000	66.6471	87	0
1527940048.568314000	66.8062	255	0
1527940048.569019000	66.8069	148	0
1527940048.570317000	66.8082	104	1
1527940048.571385000	66.8093	92	0
1527940048.572114000	66.81	241	0
1527940048.573268000	66.8111	101	1
1527940049.004620000	67.2425	369	1
1527940049.004706000	67.2426	1412	1
1527940049.004733000	67.2426	1412	1
1527940049.004773000	67.2426	1412	1
1527940049.004827000	67.2427	1105	1
1527940049.022731000	67.2606	87	0
1527940049.351746000	67.5896	326	1
1527940049.351797000	67.5897	256	1
1527940049.366567000	67.6044	484	0
1527940049.368346000	67.6062	101	1
1527940049.371320000	67.6092	87	0
1527940049.373658000	67.6115	80	0
1527940049.375355000	67.6132	101	1
1527940049.724363000	67.9622	291	0
1527940049.725102000	67.963	148	0
1527940049.726296000	67.9642	101	1
1527940049.729463000	67.9673	92	0
1527940049.730183000	67.9681	109	0
1527940049.731322000	67.9692	101	1
1527940049.939649000	68.1775	390	1
1527940049.939709000	68.1776	257	1
1527940049.956582000	68.1945	87	0
1527940050.313303000	68.5512	302	0
1527940050.313944000	68.5518	148	0
1527940050.315407000	68.5533	104	1
1527940050.317374000	68.5552	92	0
1527940050.318151000	68.556	331	0
1527940050.319330000	68.5572	101	1
1527940050.586730000	68.8246	391	1
1527940050.586826000	68.8247	258	1
1527940050.603320000	68.8412	87	0
1527940050.736895000	68.9748	233	0
1527940050.737599000	68.9755	148	0
1527940050.738424000	68.9763	104	1
1527940050.741271000	68.9791	92	0
1527940050.741955000	68.9798	203	0
1527940050.743423000	68.9813	101	1
1527940051.035834000	69.2737	389	1
1527940051.035924000	69.2738	256	1
1527940051.052176000	69.2901	87	0
1527940051.413197000	69.6511	294	0
1527940051.413913000	69.6518	148	0
1527940051.415439000	69.6533	104	1
1527940051.417835000	69.6557	92	0
1527940051.418561000	69.6564	203	0
1527940051.419385000	69.6573	101	1
1527940051.437910000	69.6758	308	1
1527940051.451317000	69.6892	100	0
1527940051.453437000	69.6913	98	1
1527940051.489447000	69.7273	325	1
1527940051.489529000	69.7274	259	1
1527940051.506381000	69.7443	87	0
1527940051.828470000	70.0663	494	0
1527940051.829144000	70.067	1412	0
1527940051.829921000	70.0678	994	0
1527940051.830558000	70.0684	107	1
1527940051.830607000	70.0685	92	0
1527940051.831367000	70.0692	322	0
1527940051.832404000	70.0703	101	1
1527940051.891876000	70.1298	266	0
1527940051.892590000	70.1305	148	0
1527940051.893430000	70.1313	101	1
1527940051.896123000	70.134	92	0
1527940051.896870000	70.1347	246	0
1527940051.897417000	70.1353	101	1
1527940052.000049000	70.2379	234	1
1527940052.016679000	70.2546	87	0
1527940052.054747000	70.2926	639	1
1527940052.054848000	70.2927	1412	1
1527940052.054873000	70.2927	1412	1
1527940052.054915000	70.2928	1412	1
1527940052.054970000	70.2928	1412	1
1527940052.054992000	70.2929	1412	1
1527940052.055015000	70.2929	1412	1
1527940052.055056000	70.2929	1412	1
1527940052.055092000	70.293	1412	1
1527940052.055126000	70.293	1412	1
1527940052.055161000	70.293	1412	1
1527940052.055198000	70.2931	1412	1
1527940052.055232000	70.2931	1412	1
1527940052.056433000	70.2943	1412	1
1527940052.056477000	70.2944	1412	1
1527940052.056531000	70.2944	1168	1
1527940052.070958000	70.3088	87	0
1527940052.074443000	70.3123	87	0
1527940052.077311000	70.3152	87	0
1527940052.120507000	70.3584	345	1
1527940052.120590000	70.3585	258	1
1527940052.137707000	70.3756	87	0
1527940052.293979000	70.5319	232	0
1527940052.294670000	70.5325	148	0
1527940052.295522000	70.5334	104	1
1527940052.298435000	70.5363	92	0
1527940052.299167000	70.537	248	0
1527940052.300501000	70.5384	101	1
1527940052.393386000	70.6313	243	0
1527940052.394062000	70.6319	1412	0
1527940052.394774000	70.6326	996	0
1527940052.395449000	70.6333	104	1
1527940052.395533000	70.6334	92	0
1527940052.396260000	70.6341	245	0
1527940052.397446000	70.6353	101	1
1527940052.432509000	70.6704	390	0
1527940052.434480000	70.6724	98	1
1527940052.439614000	70.6775	80	0
1527940052.441469000	70.6793	98	1
1527940055.524053000	73.7619	284	1
1527940055.524333000	73.7622	1185	1
1527940055.524387000	73.7623	261	1
1527940055.541864000	73.7797	87	0
1527940055.613117000	73.851	434	0
1527940055.613810000	73.8517	322	0
1527940055.614239000	73.8521	118	1
1527940055.614571000	73.8524	262	0
1527940055.616736000	73.8546	101	1
1527940055.617229000	73.8551	273	1
1527940055.630162000	73.868	87	0
1527940055.635003000	73.8729	87	0
1527940055.929225000	74.1671	372	0
1527940055.929982000	74.1679	148	0
1527940055.930731000	74.1686	107	1
1527940055.933694000	74.1716	92	0
1527940055.934395000	74.1723	260	0
1527940055.935715000	74.1736	101	1
1527940055.979869000	74.2177	321	0
1527940055.980523000	74.2184	473	0
1527940055.981240000	74.2191	229	0
1527940055.981639000	74.2195	104	1
1527940056.008543000	74.2464	391	1
1527940056.008637000	74.2465	268	1
1527940056.011557000	74.2494	450	1
1527940056.025653000	74.2635	87	0
1527940056.161212000	74.3991	232	0
1527940056.161921000	74.3998	148	0
1527940056.162744000	74.4006	104	1
1527940056.165482000	74.4034	92	0
1527940056.166214000	74.4041	287	0
1527940056.166715000	74.4046	101	1
1527940056.208303000	74.4462	247	0
1527940056.208989000	74.4469	1412	0
1527940056.209700000	74.4476	101	1
1527940056.209757000	74.4476	833	0
1527940056.210449000	74.4483	92	0
1527940056.211196000	74.4491	320	0
1527940056.212098000	74.45	104	1
1527940056.263954000	74.5018	393	1
1527940056.264045000	74.5019	260	1
1527940056.281286000	74.5192	87	0
1527940056.638893000	74.8768	267	0
1527940056.639651000	74.8775	148	0
1527940056.640698000	74.8786	104	1
1527940056.644605000	74.8825	92	0
1527940056.645336000	74.8832	337	0
1527940056.646768000	74.8846	101	1
1527940056.677053000	74.9149	393	1
1527940056.677120000	74.915	262	1
1527940056.693740000	74.9316	87	0
1527940057.052343000	75.2902	296	0
1527940057.053063000	75.2909	148	0
1527940057.053823000	75.2917	104	1
1527940057.056678000	75.2946	92	0
1527940057.057404000	75.2953	251	0
1527940057.058712000	75.2966	101	1
1527940059.950337000	78.1882	308	1
1527940059.950552000	78.1884	661	1
1527940059.950598000	78.1885	259	1
1527940059.967811000	78.2057	87	0
1527940060.052074000	78.2899	335	0
1527940060.052721000	78.2906	509	0
1527940060.053882000	78.2918	104	1
1527940060.054265000	78.2921	92	0
1527940060.054937000	78.2928	187	0
1527940060.055934000	78.2938	101	1
1527940060.121694000	78.3596	266	0
1527940060.122414000	78.3603	148	0
1527940060.123915000	78.3618	101	1
1527940060.126237000	78.3641	92	0
1527940060.126917000	78.3648	295	0
1527940060.127893000	78.3658	101	1
1527940060.157165000	78.395	393	1
1527940060.157254000	78.3951	222	1
1527940060.173709000	78.4116	87	0
1527940060.309498000	78.5474	233	0
1527940060.310164000	78.548	148	0
1527940060.310909000	78.5488	104	1
1527940060.314678000	78.5526	92	0
1527940060.315398000	78.5533	102	0
1527940060.315900000	78.5538	101	1
1527940061.683619000	79.9215	1250	1
1527940061.683688000	79.9216	258	1
1527940061.700600000	79.9385	87	0
1527940062.079758000	80.3176	260	0
1527940062.080457000	80.3183	148	0
1527940062.081658000	80.3195	104	1
1527940062.084757000	80.3226	92	0
1527940062.085486000	80.3234	215	0
1527940062.086576000	80.3245	101	1
1527940062.181722000	80.4196	389	1
1527940062.181817000	80.4197	260	1
1527940062.198357000	80.4362	87	0
1527940062.346253000	80.5841	232	0
1527940062.346971000	80.5848	148	0
1527940062.347610000	80.5855	104	1
1527940062.352030000	80.5899	92	0
1527940062.352761000	80.5906	258	0
1527940062.353589000	80.5915	101	1
1527940062.399771000	80.6376	388	1
1527940062.399835000	80.6377	258	1
1527940062.417258000	80.6551	87	0
1527940062.774516000	81.0124	233	0
1527940062.775200000	81.0131	148	0
1527940062.776691000	81.0146	104	1
1527940062.778430000	81.0163	92	0
1527940062.779683000	81.0176	98	1
1527940062.780039000	81.0179	184	0
1527940062.781681000	81.0196	98	1
1527940062.820668000	81.0585	389	1
1527940062.820766000	81.0586	259	1
1527940062.837346000	81.0752	87	0
1527940063.224959000	81.4628	278	0
1527940063.225650000	81.4635	148	0
1527940063.226739000	81.4646	104	1
1527940063.231180000	81.4691	92	0
1527940063.231879000	81.4698	186	0
1527940063.232638000	81.4705	101	1
1527940063.407135000	81.645	389	1
1527940063.407226000	81.6451	259	1
1527940063.424249000	81.6621	87	0
1527940063.553693000	81.7916	349	0
1527940063.554339000	81.7922	148	0
1527940063.555733000	81.7936	104	1
1527940063.555996000	81.7939	92	0
1527940063.556742000	81.7946	268	0
1527940063.557661000	81.7955	101	1
1527940064.215205000	82.4531	389	1
1527940064.215270000	82.4531	260	1
1527940064.236570000	82.4744	87	0
1527940064.245968000	82.4838	87	0
1527940064.594809000	82.8327	302	0
1527940064.595513000	82.8334	148	0
1527940064.596803000	82.8347	107	1
1527940064.599923000	82.8378	92	0
1527940064.600708000	82.8386	140	0
1527940064.601721000	82.8396	101	1
1527940064.663887000	82.9018	388	1
1527940064.663981000	82.9019	259	1
1527940064.680845000	82.9187	87	0
1527940064.820504000	83.0584	258	0
1527940064.821148000	83.059	148	0
1527940064.822828000	83.0607	104	1
1527940064.826269000	83.0641	92	0
1527940064.826954000	83.0648	181	0
1527940064.827735000	83.0656	101	1
1527940065.187166000	83.425	390	1
1527940065.187269000	83.4251	259	1
1527940065.204108000	83.442	87	0
1527940065.343865000	83.5817	239	0
1527940065.344568000	83.5824	148	0
1527940065.345842000	83.5837	104	1
1527940065.350258000	83.5881	92	0
1527940065.350990000	83.5889	221	0
1527940065.351747000	83.5896	101	1
1527940065.561159000	83.799	390	1
1527940065.561225000	83.7991	258	1
1527940065.580058000	83.8179	87	0
1527940065.939640000	84.1775	288	0
1527940065.940349000	84.1782	148	0
1527940065.941876000	84.1798	104	1
1527940065.945118000	84.183	92	0
1527940065.945835000	84.1837	288	0
1527940065.946798000	84.1847	101	1
1527940065.952946000	84.1908	388	1
1527940065.953033000	84.1909	258	1
1527940065.970744000	84.2086	87	0
1527940066.327716000	84.5656	277	0
1527940066.328365000	84.5662	148	0
1527940066.329898000	84.5678	104	1
1527940066.332687000	84.5706	92	0
1527940066.333414000	84.5713	139	0
1527940066.334894000	84.5728	101	1
1527940066.431183000	84.6691	393	1
1527940066.431251000	84.6691	261	1
1527940066.448577000	84.6865	87	0
1527940066.581164000	84.819	236	0
1527940066.581818000	84.8197	148	0
1527940066.582912000	84.8208	104	1
1527940066.586879000	84.8248	92	0
1527940066.587619000	84.8255	270	0
1527940066.588902000	84.8268	101	1
1527940066.977145000	85.215	394	1
1527940066.977242000	85.2151	260	1
1527940066.995513000	85.2334	87	0
1527940067.457037000	85.6949	258	0
1527940067.457751000	85.6956	148	0
1527940067.458913000	85.6968	104	1
1527940067.461114000	85.699	92	0
1527940067.461849000	85.6997	248	0
1527940067.462885000	85.7008	101	1
1527940067.672646000	85.9105	859	1
1527940067.672741000	85.9106	910	1
1527940067.689846000	85.9277	87	0
1527940067.784375000	86.0222	1184	1
1527940067.784434000	86.0223	258	1
1527940067.801249000	86.0391	87	0
1527940068.064512000	86.3024	254	0
1527940068.065937000	86.3038	104	1
1527940068.066557000	86.3044	80	0
1527940068.067982000	86.3059	98	1
1527940068.154015000	86.3919	266	0
1527940068.154732000	86.3926	148	0
1527940068.155963000	86.3938	101	1
1527940068.158235000	86.3961	92	0
1527940068.158955000	86.3968	313	0
1527940068.159930000	86.3978	101	1
1527940068.252100000	86.49	392	1
1527940068.252189000	86.4901	259	1
1527940068.270142000	86.508	87	0
1527940068.629993000	86.8679	237	0
1527940068.630705000	86.8686	148	0
1527940068.631991000	86.8699	104	1
1527940068.635187000	86.8731	92	0
1527940068.635880000	86.8738	268	0
1527940068.636953000	86.8748	101	1
1527940068.770180000	87.0081	388	1
1527940068.770249000	87.0081	260	1
1527940068.786650000	87.0245	87	0
1527940069.139907000	87.3778	258	0
1527940069.140620000	87.3785	148	0
1527940069.142022000	87.3799	104	1
1527940069.144492000	87.3824	92	0
1527940069.145221000	87.3831	323	0
1527940069.145982000	87.3839	101	1
1527940069.259454000	87.4973	389	1
1527940069.259546000	87.4974	259	1
1527940069.275573000	87.5134	87	0
1527940069.635607000	87.8735	232	0
1527940069.636311000	87.8742	148	0
1527940069.637043000	87.8749	104	1
1527940069.640673000	87.8785	92	0
1527940069.641390000	87.8793	93	0
1527940069.642014000	87.8799	101	1
1527940069.708448000	87.9463	388	1
1527940069.708507000	87.9464	258	1
1527940069.725242000	87.9631	87	0
1527940069.857899000	88.0958	280	0
1527940069.858560000	88.0964	148	0
1527940069.860047000	88.0979	104	1
1527940069.864269000	88.1021	92	0
1527940069.864961000	88.1028	320	0
1527940069.866030000	88.1039	101	1
1527940070.036389000	88.2743	389	1
1527940070.036480000	88.2744	260	1
1527940070.053711000	88.2916	87	0
1527940070.405454000	88.6433	351	0
1527940070.406096000	88.644	148	0
1527940070.407099000	88.645	104	1
1527940070.408916000	88.6468	92	0
1527940070.409822000	88.6477	175	0
1527940070.411117000	88.649	101	1
1527940070.881200000	89.1191	390	1
1527940070.881295000	89.1192	259	1
1527940070.897849000	89.1357	87	0
1527940071.045213000	89.2831	302	1
1527940071.045296000	89.2832	1412	1
1527940071.045322000	89.2832	1412	1
1527940071.045357000	89.2832	1412	1
1527940071.045405000	89.2833	550	1
1527940071.063975000	89.3019	87	0
1527940071.268101000	89.506	303	0
1527940071.268826000	89.5067	148	0
1527940071.271527000	89.5094	92	0
1527940071.272241000	89.5101	224	0
1527940071.272626000	89.5105	107	1
1527940071.274150000	89.512	101	1
1527940071.408394000	89.6463	400	0
1527940071.410192000	89.6481	98	1
1527940071.415779000	89.6537	80	0
1527940071.417177000	89.6551	98	1
1527940071.448364000	89.6862	393	1
1527940071.448454000	89.6863	564	1
1527940071.466647000	89.7045	87	0
1527940071.597352000	89.8352	271	0
1527940071.598000000	89.8359	148	0
1527940071.599190000	89.8371	104	1
1527940071.601906000	89.8398	92	0
1527940071.602678000	89.8406	91	0
1527940071.603172000	89.841	101	1
1527940077.090292000	95.3282	393	1
1527940077.090367000	95.3282	262	1
1527940077.107938000	95.3458	87	0
1527940077.248522000	95.4864	298	0
1527940077.249225000	95.4871	148	0
1527940077.250965000	95.4888	104	1
1527940077.252671000	95.4905	92	0
1527940077.253400000	95.4913	282	0
1527940077.254439000	95.4923	101	1
1527940077.312611000	95.5505	388	1
1527940077.312680000	95.5506	259	1
1527940077.331504000	95.5694	87	0
1527940077.516622000	95.7545	233	0
1527940077.517339000	95.7552	148	0
1527940077.518527000	95.7564	104	1
1527940077.521534000	95.7594	92	0
1527940077.522335000	95.7602	279	0
1527940077.523456000	95.7613	101	1
1527940077.991928000	96.2298	393	1
1527940077.991989000	96.2299	268	1
1527940078.008853000	96.2467	87	0
1527940078.158870000	96.3967	259	0
1527940078.159665000	96.3975	148	0
1527940078.160571000	96.3984	104	1
1527940078.163158000	96.401	92	0
1527940078.163881000	96.4018	190	0
1527940078.164466000	96.4023	101	1
1527940078.281169000	96.519	390	1
1527940078.281261000	96.5191	262	1
1527940078.298471000	96.5363	87	0
1527940078.437316000	96.6752	235	0
1527940078.437962000	96.6758	148	0
1527940078.439585000	96.6775	104	1
1527940078.441363000	96.6792	92	0
1527940078.442099000	96.68	329	0
1527940078.443574000	96.6814	101	1
1527940078.813982000	97.0519	730	1
1527940078.814075000	97.0519	260	1
1527940078.830883000	97.0688	87	0
1527940078.969578000	97.2075	256	0
1527940078.970298000	97.2082	148	0
1527940078.971631000	97.2095	104	1
1527940078.972881000	97.2108	92	0
1527940078.973599000	97.2115	331	0
1527940078.974540000	97.2124	101	1
1527940079.057817000	97.2957	1248	1
1527940079.057878000	97.2958	259	1
1527940079.075086000	97.313	87	0
1527940079.229290000	97.4672	262	0
1527940079.230078000	97.468	148	0
1527940079.230610000	97.4685	104	1
1527940079.233817000	97.4717	92	0
1527940079.234592000	97.4725	184	0
1527940079.235551000	97.4734	101	1
1527940079.374278000	97.6122	394	1
1527940079.374369000	97.6122	261	1
1527940079.391850000	97.6297	87	0
1527940079.747630000	97.9855	233	0
1527940079.748414000	97.9863	148	0
1527940079.749749000	97.9876	104	1
1527940079.752622000	97.9905	92	0
1527940079.753415000	97.9913	156	0
1527940079.754648000	97.9925	101	1
1527940079.791107000	98.029	389	1
1527940079.791199000	98.0291	261	1
1527940079.808629000	98.0465	87	0
1527940079.940182000	98.1781	258	0
1527940079.940838000	98.1787	148	0
1527940079.941607000	98.1795	104	1
1527940079.944357000	98.1822	92	0
1527940079.945085000	98.183	312	0
1527940079.945597000	98.1835	101	1
1527940080.022012000	98.2599	390	1
1527940080.022097000	98.26	260	1
1527940080.038646000	98.2765	87	0
1527940080.422757000	98.6606	235	0
1527940080.423473000	98.6613	148	0
1527940080.424659000	98.6625	104	1
1527940080.427889000	98.6658	92	0
1527940080.428664000	98.6665	162	0
1527940080.429616000	98.6675	101	1
1527940080.491121000	98.729	393	1
1527940080.491200000	98.7291	267	1
1527940080.507630000	98.7455	87	0
1527940080.645944000	98.8838	255	0
1527940080.646643000	98.8845	148	0
1527940080.647732000	98.8856	104	1
1527940080.652034000	98.8899	92	0
1527940080.652695000	98.8906	223	0
1527940080.653640000	98.8915	101	1
1527940080.775997000	99.0139	389	1
1527940080.776089000	99.014	262	1
1527940080.793416000	99.0313	87	0
1527940081.152142000	99.39	372	0
1527940081.152857000	99.3907	148	0
1527940081.153742000	99.3916	104	1
1527940081.156408000	99.3943	92	0
1527940081.157135000	99.395	184	0
1527940081.157660000	99.3955	101	1
1527940081.208234000	99.4461	392	1
1527940081.208321000	99.4462	263	1
1527940081.226618000	99.4645	87	0
1527940081.607355000	99.8452	282	0
1527940081.608001000	99.8459	148	0
1527940081.608718000	99.8466	104	1
1527940081.610605000	99.8485	92	0
1527940081.611334000	99.8492	293	0
1527940081.612754000	99.8506	101	1
1527940081.691237000	99.9291	393	1
1527940081.691311000	99.9292	266	1
1527940081.708486000	99.9464	87	0
1527940081.838250000	100.076	255	0
1527940081.838950000	100.077	148	0
1527940081.839904000	100.078	104	1
1527940081.842072000	100.08	92	0
1527940081.842741000	100.081	149	0
1527940081.843709000	100.082	101	1
1527940081.951066000	100.189	387	1
1527940081.951157000	100.189	260	1
1527940081.967700000	100.206	87	0
1527940082.323416000	100.561	233	0
1527940082.324058000	100.562	148	0
1527940082.325809000	100.564	104	1
1527940082.328784000	100.567	92	0
1527940082.329625000	100.567	220	0
1527940082.330733000	100.569	101	1
1527940082.435303000	100.673	392	1
1527940082.435365000	100.673	265	1
1527940082.453372000	100.691	87	0
1527940082.588501000	100.826	269	0
1527940082.589147000	100.827	148	0
1527940082.590815000	100.829	104	1
1527940082.592132000	100.83	92	0
1527940082.592858000	100.831	143	0
1527940082.593730000	100.832	101	1
1527940082.895352000	101.133	393	1
1527940082.895444000	101.133	264	1
1527940082.911369000	101.149	87	0
1527940083.094543000	101.332	298	0
1527940083.095264000	101.333	148	0
1527940083.095783000	101.334	104	1
1527940083.099861000	101.338	92	0
1527940083.100567000	101.338	266	0
1527940083.101801000	101.34	101	1
1527940083.367091000	101.605	729	1
1527940083.367177000	101.605	260	1
1527940083.386049000	101.624	87	0
1527940083.521769000	101.76	235	0
1527940083.522435000	101.76	148	0
1527940083.523884000	101.762	104	1
1527940083.527205000	101.765	92	0
1527940083.527878000	101.766	139	0
1527940083.528798000	101.767	101	1
1527940083.617788000	101.856	1228	1
1527940083.617876000	101.856	1412	1
1527940083.617903000	101.856	1412	1
1527940083.617943000	101.856	1412	1
1527940083.617970000	101.856	551	1
1527940083.636586000	101.874	87	0
1527940083.763189000	102.001	325	1
1527940083.763291000	102.001	378	1
1527940083.780021000	102.018	87	0
1527940083.996696000	102.235	411	0
1527940083.998859000	102.237	104	1
1527940084.004101000	102.242	80	0
1527940084.005842000	102.244	98	1
1527940084.141442000	102.379	245	0
1527940084.142152000	102.38	148	0
1527940084.142834000	102.381	101	1
1527940084.145765000	102.384	92	0
1527940084.146496000	102.384	273	0
1527940084.147903000	102.386	101	1
1527940084.203945000	102.442	393	1
1527940084.204010000	102.442	440	1
1527940084.221515000	102.459	87	0
1527940084.589497000	102.827	260	0
1527940084.590168000	102.828	148	0
1527940084.590885000	102.829	104	1
1527940084.594707000	102.833	92	0
1527940084.595431000	102.833	132	0
1527940084.596908000	102.835	101	1
1527940084.682767000	102.921	389	1
1527940084.683027000	102.921	263	1
1527940084.702068000	102.94	87	0
1527940084.843604000	103.081	259	0
1527940084.844341000	103.082	148	0
1527940084.845912000	103.084	104	1
1527940084.849896000	103.088	92	0
1527940084.850691000	103.089	268	0
1527940084.851872000	103.09	101	1
1527940084.943134000	103.181	394	1
1527940084.943195000	103.181	259	1
1527940084.959104000	103.197	87	0
1527940085.103451000	103.341	233	0
1527940085.104103000	103.342	148	0
1527940085.104917000	103.343	104	1
1527940085.108193000	103.346	92	0
1527940085.108881000	103.347	308	0
1527940085.109893000	103.348	101	1
1527940085.552286000	103.79	388	1
1527940085.552374000	103.79	260	1
1527940085.568592000	103.806	87	0
1527940085.734865000	103.973	233	0
1527940085.735583000	103.973	148	0
1527940085.736947000	103.975	104	1
1527940085.740893000	103.979	92	0
1527940085.741616000	103.979	111	0
1527940085.742938000	103.981	101	1
1527940085.844165000	104.082	393	1
1527940085.844263000	104.082	263	1
1527940085.861943000	104.1	87	0
1527940086.000653000	104.239	277	0
1527940086.001366000	104.239	148	0
1527940086.002982000	104.241	104	1
1527940086.006513000	104.244	92	0
1527940086.007300000	104.245	328	0
1527940086.007974000	104.246	101	1
1527940086.300504000	104.538	388	1
1527940086.300579000	104.538	265	1
1527940086.318458000	104.556	87	0
1527940086.679884000	104.918	349	0
1527940086.680542000	104.918	148	0
1527940086.682026000	104.92	104	1
1527940086.686012000	104.924	92	0
1527940086.686800000	104.925	123	0
1527940086.687979000	104.926	101	1
1527940086.834608000	105.072	389	1
1527940086.834741000	105.073	263	1
1527940086.852398000	105.09	87	0
1527940087.010921000	105.249	305	0
1527940087.011634000	105.25	148	0
1527940087.013091000	105.251	104	1
1527940087.016463000	105.254	92	0
1527940087.017218000	105.255	177	0
1527940087.017994000	105.256	101	1
1527940087.301646000	105.54	389	1
1527940087.301737000	105.54	264	1
1527940087.318629000	105.557	87	0
1527940087.767577000	106.005	233	0
1527940087.768223000	106.006	148	0
1527940087.769049000	106.007	104	1
1527940087.772136000	106.01	92	0
1527940087.773355000	106.011	289	0
1527940087.774033000	106.012	101	1
1527940087.787126000	106.025	389	1
1527940087.787178000	106.025	263	1
1527940087.808088000	106.046	87	0
1527940087.942582000	106.18	258	0
1527940087.943232000	106.181	148	0
1527940087.944054000	106.182	104	1
1527940087.946441000	106.184	92	0
1527940087.947237000	106.185	302	0
1527940087.948046000	106.186	101	1
1527940088.035755000	106.274	393	1
1527940088.035841000	106.274	262	1
1527940088.052606000	106.29	87	0
1527940088.187632000	106.426	269	0
1527940088.188281000	106.426	148	0
1527940088.189090000	106.427	104	1
1527940088.192756000	106.431	92	0
1527940088.193490000	106.431	297	0
1527940088.194061000	106.432	101	1
1527940088.460380000	106.698	725	1
1527940088.460440000	106.698	263	1
1527940088.477449000	106.715	87	0
1527940088.833302000	107.071	297	0
1527940088.834010000	107.072	148	0
1527940088.835194000	107.073	104	1
1527940088.838071000	107.076	92	0
1527940088.838830000	107.077	328	0
1527940088.840107000	107.078	101	1
1527940088.881840000	107.12	1251	1
1527940088.881906000	107.12	265	1
1527940088.899666000	107.138	87	0
1527940089.275497000	107.513	236	0
1527940089.276194000	107.514	148	0
1527940089.277149000	107.515	104	1
1527940089.279280000	107.517	92	0
1527940089.280086000	107.518	86	0
1527940089.281125000	107.519	101	1
1527940089.389017000	107.627	394	1
1527940089.389079000	107.627	266	1
1527940089.405064000	107.643	87	0
1527940089.787461000	108.025	256	0
1527940089.788183000	108.026	148	0
1527940089.789208000	108.027	104	1
1527940089.792217000	108.03	92	0
1527940089.792965000	108.031	224	0
1527940089.794165000	108.032	101	1
1527940089.818339000	108.056	393	1
1527940089.818433000	108.056	260	1
1527940089.835990000	108.074	87	0
1527940089.965038000	108.203	233	0
1527940089.965683000	108.204	148	0
1527940089.967242000	108.205	104	1
1527940089.968981000	108.207	92	0
1527940089.969814000	108.208	305	0
1527940089.971233000	108.209	101	1
1527940090.093752000	108.332	389	1
1527940090.093842000	108.332	260	1
1527940090.110882000	108.349	87	0
1527940090.471514000	108.709	232	0
1527940090.472227000	108.71	148	0
1527940090.473194000	108.711	104	1
1527940090.475418000	108.713	92	0
1527940090.476144000	108.714	330	0
1527940090.477213000	108.715	101	1
1527940090.548745000	108.787	392	1
1527940090.548837000	108.787	264	1
1527940090.566257000	108.804	87	0
1527940090.941585000	109.179	282	0
1527940090.942228000	109.18	148	0
1527940090.943328000	109.181	104	1
1527940090.944141000	109.182	92	0
1527940090.944871000	109.183	132	0
1527940090.946228000	109.184	101	1
1527940091.073972000	109.312	388	1
1527940091.074041000	109.312	265	1
1527940091.091273000	109.329	87	0
1527940091.454897000	109.693	233	0
1527940091.455685000	109.694	148	0
1527940091.456274000	109.694	104	1
1527940091.459241000	109.697	92	0
1527940091.459983000	109.698	211	0
1527940091.461262000	109.699	101	1
1527940091.507955000	109.746	389	1
1527940091.508041000	109.746	265	1
1527940091.524689000	109.763	87	0
1527940091.657005000	109.895	232	0
1527940091.657701000	109.896	148	0
1527940091.658282000	109.896	104	1
1527940091.661281000	109.899	92	0
1527940091.661993000	109.9	139	0
1527940091.663314000	109.901	101	1
1527940091.786669000	110.025	388	1
1527940091.786730000	110.025	260	1
1527940091.803878000	110.042	87	0
1527940091.936103000	110.174	256	0
1527940091.936750000	110.175	148	0
1527940091.938368000	110.176	104	1
1527940091.940813000	110.179	92	0
1527940091.941475000	110.179	175	0
1527940091.942292000	110.18	101	1
1527940092.209780000	110.448	389	1
1527940092.209874000	110.448	266	1
1527940092.228307000	110.466	87	0
1527940092.359463000	110.597	255	0
1527940092.360124000	110.598	148	0
1527940092.361383000	110.599	104	1
1527940092.362393000	110.6	92	0
1527940092.363192000	110.601	225	0
1527940092.364302000	110.602	101	1
1527940092.671073000	110.909	389	1
1527940092.671146000	110.909	265	1
1527940092.687382000	110.925	87	0
1527940093.064039000	111.302	372	0
1527940093.064753000	111.303	148	0
1527940093.065339000	111.303	104	1
1527940093.069131000	111.307	92	0
1527940093.069886000	111.308	178	0
1527940093.071416000	111.309	101	1
1527940093.196779000	111.435	389	1
1527940093.196840000	111.435	264	1
1527940093.213591000	111.451	87	0
1527940093.350362000	111.588	280	0
1527940093.351088000	111.589	148	0
1527940093.352436000	111.59	104	1
1527940093.354681000	111.593	92	0
1527940093.355412000	111.593	284	0
1527940093.356363000	111.594	101	1
1527940093.426863000	111.665	729	1
1527940093.426954000	111.665	262	1
1527940093.444846000	111.683	87	0
1527940093.574352000	111.812	235	0
1527940093.575050000	111.813	148	0
1527940093.576415000	111.814	104	1
1527940093.579282000	111.817	92	0
1527940093.580077000	111.818	339	0
1527940093.581505000	111.819	101	1
1527940093.655274000	111.893	1252	1
1527940093.655362000	111.893	261	1
1527940093.672179000	111.91	87	0
1527940094.025968000	112.264	256	0
1527940094.026673000	112.265	148	0
1527940094.027477000	112.265	104	1
1527940094.029789000	112.268	92	0
1527940094.030548000	112.268	316	0
1527940094.031395000	112.269	101	1
1527940094.114767000	112.353	392	1
1527940094.114826000	112.353	267	1
1527940094.131391000	112.369	87	0
1527940094.258620000	112.496	269	0
1527940094.259389000	112.497	148	0
1527940094.260452000	112.498	104	1
1527940094.262305000	112.5	92	0
1527940094.263026000	112.501	216	0
1527940094.264440000	112.502	101	1
1527940094.439348000	112.677	392	1
1527940094.439442000	112.677	259	1
1527940094.456994000	112.695	87	0
1527940094.602657000	112.841	277	0
1527940094.603306000	112.841	148	0
1527940094.604520000	112.842	104	1
1527940094.606983000	112.845	92	0
1527940094.607762000	112.846	206	0
1527940094.608425000	112.846	101	1
1527940094.845846000	113.084	394	1
1527940094.845936000	113.084	263	1
1527940094.863318000	113.101	87	0
1527940095.000394000	113.238	255	0
1527940095.001883000	113.24	148	0
1527940095.002536000	113.24	104	1
1527940095.002635000	113.241	92	0
1527940095.003364000	113.241	275	0
1527940095.004471000	113.242	101	1
1527940095.265824000	113.504	392	1
1527940095.265896000	113.504	266	1
1527940095.283293000	113.521	87	0
1527940095.438523000	113.676	235	0
1527940095.439197000	113.677	148	0
1527940095.440557000	113.678	104	1
1527940095.443207000	113.681	92	0
1527940095.443883000	113.682	308	0
1527940095.444467000	113.682	101	1
1527940095.595764000	113.834	394	1
1527940095.595891000	113.834	264	1
1527940095.612653000	113.851	87	0
1527940095.746126000	113.984	235	0
1527940095.746769000	113.985	148	0
1527940095.747514000	113.985	104	1
1527940095.751033000	113.989	92	0
1527940095.751792000	113.99	167	0
1527940095.752486000	113.99	101	1
1527940096.047959000	114.286	390	1
1527940096.048019000	114.286	264	1
1527940096.064097000	114.302	87	0
1527940096.190756000	114.429	255	0
1527940096.191416000	114.429	148	0
1527940096.192602000	114.43	104	1
1527940096.194970000	114.433	92	0
1527940096.195732000	114.434	239	0
1527940096.196520000	114.434	101	1
1527940096.326988000	114.565	387	1
1527940096.327084000	114.565	259	1
1527940096.343673000	114.582	87	0
1527940096.484111000	114.722	262	0
1527940096.484755000	114.723	148	0
1527940096.485541000	114.723	104	1
1527940096.488320000	114.726	92	0
1527940096.489048000	114.727	221	0
1527940096.489545000	114.727	101	1
1527940096.744934000	114.983	390	1
1527940096.744998000	114.983	264	1
1527940096.761420000	114.999	87	0
1527940097.113619000	115.351	256	0
1527940097.114333000	115.352	148	0
1527940097.115659000	115.354	104	1
1527940097.117355000	115.355	92	0
1527940097.118078000	115.356	264	0
1527940097.118567000	115.356	101	1
1527940097.253049000	115.491	389	1
1527940097.253110000	115.491	264	1
1527940097.274397000	115.512	87	0
1527940097.628904000	115.867	233	0
1527940097.629683000	115.868	148	0
1527940097.630683000	115.869	104	1
1527940097.635374000	115.873	92	0
1527940097.636111000	115.874	289	0
1527940097.636582000	115.874	101	1
1527940097.693042000	115.931	389	1
1527940097.693128000	115.931	264	1
1527940097.710809000	115.949	87	0
