1527800483.869241000	0	297	1
1527800483.888408000	0.0191669	87	0
1527800484.148755000	0.279514	304	0
1527800484.150210000	0.280969	1412	0
1527800484.151362000	0.282121	106	1
1527800484.151737000	0.282496	1412	0
1527800484.153168000	0.283927	1412	0
1527800484.154350000	0.285109	103	1
1527800484.154526000	0.285285	180	0
1527800484.156023000	0.286782	1412	0
1527800484.157346000	0.288105	103	1
1527800484.157466000	0.288225	1412	0
1527800484.158933000	0.289692	1412	0
1527800484.160271000	0.29103	188	0
1527800484.160335000	0.291094	103	1
1527800484.161776000	0.292535	1412	0
1527800484.163167000	0.293926	1412	0
1527800484.163343000	0.294102	103	1
1527800484.164562000	0.295321	1329	0
1527800484.165999000	0.296758	1412	0
1527800484.166347000	0.297106	106	1
1527800484.167547000	0.298306	1412	0
1527800484.168904000	0.299663	1412	0
1527800484.170304000	0.301063	188	0
1527800484.170379000	0.301138	103	1
1527800484.171752000	0.302511	1192	0
1527800484.173391000	0.30415	103	1
1527800484.184453000	0.315212	1412	0
1527800484.185874000	0.316633	1412	0
1527800484.187298000	0.318057	1412	0
1527800484.188817000	0.319576	188	0
1527800484.190274000	0.321033	1241	0
1527800484.191705000	0.322464	1412	0
1527800484.193132000	0.323891	1412	0
1527800484.194563000	0.325322	1412	0
1527800484.196006000	0.326765	1412	0
1527800484.197462000	0.328221	571	0
1527800484.198897000	0.329656	1412	0
1527800484.200337000	0.331096	1412	0
1527800484.201771000	0.33253	1412	0
1527800484.203166000	0.333925	188	0
1527800484.204605000	0.335364	1412	0
1527800484.205999000	0.336758	170	0
1527800484.207530000	0.338289	1412	0
1527800484.208952000	0.339711	1412	0
1527800484.210361000	0.34112	1412	0
1527800484.211755000	0.342514	198	0
1527800484.213216000	0.343975	1412	0
1527800484.214616000	0.345375	153	0
1527800484.216078000	0.346837	1412	0
1527800484.217538000	0.348297	1412	0
1527800484.218965000	0.349724	1412	0
1527800484.220362000	0.351121	188	0
1527800484.221795000	0.352554	84	0
1527800484.223223000	0.353982	792	0
1527800484.224665000	0.355424	1412	0
1527800484.226091000	0.35685	1412	0
1527800484.227563000	0.358322	1412	0
1527800484.228835000	0.359594	103	1
1527800484.228977000	0.359736	188	0
1527800484.229471000	0.36023	127	1
1527800484.229625000	0.360384	127	1
1527800484.229801000	0.36056	127	1
1527800484.230418000	0.361177	673	0
1527800484.231838000	0.362597	313	0
1527800484.242052000	0.372811	103	1
1527800484.488214000	0.618973	333	1
1527800484.488297000	0.619056	1412	1
1527800484.488321000	0.61908	918	1
1527800484.506293000	0.637052	87	0
1527800484.557036000	0.687795	333	1
1527800484.574310000	0.705069	231	1
1527800484.575338000	0.706097	87	0
1527800484.593447000	0.724206	87	0
1527800484.613567000	0.744326	440	0
1527800484.616649000	0.747408	80	0
1527800484.658545000	0.789304	112	1
1527800484.680856000	0.811615	323	0
1527800484.682284000	0.813043	1412	0
1527800484.683729000	0.814488	1412	0
1527800484.685163000	0.815922	1412	0
1527800484.686556000	0.817315	180	0
1527800484.688049000	0.818808	1412	0
1527800484.689496000	0.820255	1412	0
1527800484.690923000	0.821682	1071	0
1527800484.692318000	0.823077	92	0
1527800484.693749000	0.824508	167	0
1527800484.751727000	0.882486	127	1
1527800484.768249000	0.899008	323	0
1527800484.771391000	0.90215	100	1
1527800485.284273000	1.41503	217	1
1527800485.302358000	1.43312	87	0
1527800485.407467000	1.53823	427	0
1527800485.408887000	1.53965	1116	0
1527800485.410281000	1.54104	92	0
1527800485.411712000	1.54247	311	0
1527800485.496181000	1.62694	427	0
1527800485.583482000	1.71424	1116	0
1527800485.784411000	1.91517	92	0
1527800485.785895000	1.91665	82	0
1527800486.184638000	2.3154	427	0
1527800486.186138000	2.3169	1116	0
1527800486.314447000	2.44521	130	1
1527800486.429558000	2.56032	595	1
1527800486.430863000	2.56162	720	1
1527800486.446942000	2.5777	87	0
1527800486.576388000	2.70715	934	1
1527800486.606386000	2.73714	87	0
1527800486.626690000	2.75745	301	0
1527800486.628171000	2.75893	360	0
1527800486.629521000	2.76028	109	1
1527800486.629616000	2.76038	175	0
1527800486.632702000	2.76346	100	1
1527800486.759761000	2.89052	486	0
1527800486.760463000	2.89122	117	1
1527800486.761186000	2.89194	80	0
1527800486.764495000	2.89525	100	1
1527800486.780335000	2.91109	87	0
1527800486.818887000	2.94965	415	0
1527800486.820315000	2.95107	961	0
1527800486.821507000	2.95227	106	1
1527800486.821741000	2.9525	196	0
1527800486.824997000	2.95576	100	1
1527800486.880653000	3.01141	296	1
1527800486.880727000	3.01149	145	1
1527800486.899650000	3.03041	87	0
1527800486.951909000	3.08267	156	1
1527800486.951983000	3.08274	191	1
1527800486.956842000	3.0876	1412	0
1527800486.958323000	3.08908	1412	0
1527800486.959751000	3.09051	1412	0
1527800486.960498000	3.09126	109	1
1527800486.961184000	3.09194	605	0
1527800486.962598000	3.09336	92	0
1527800486.963501000	3.09426	103	1
1527800486.964028000	3.09479	185	0
1527800486.966506000	3.09727	100	1
1527800486.982561000	3.11332	87	0
1527800487.073319000	3.20408	631	0
1527800487.074719000	3.20548	92	0
1527800487.076152000	3.20691	234	0
1527800487.076832000	3.20759	109	1
1527800487.776553000	3.90731	1330	1
1527800487.776805000	3.90756	339	1
1527800487.795281000	3.92604	87	0
1527800487.795621000	3.92638	1412	1
1527800487.795693000	3.92645	1412	1
1527800487.795713000	3.92647	444	1
1527800487.795775000	3.92653	844	1
1527800487.814356000	3.94512	87	0
1527800487.838413000	3.96917	643	0
1527800487.849585000	3.98034	106	1
1527800487.918825000	4.04958	296	0
1527800487.920273000	4.05103	1412	0
1527800487.921625000	4.05238	103	1
1527800487.921698000	4.05246	995	0
1527800487.923114000	4.05387	92	0
1527800487.924550000	4.05531	266	0
1527800487.927887000	4.05865	106	1
1527800488.069208000	4.19997	1412	1
1527800488.069248000	4.20001	342	1
1527800488.074416000	4.20517	1412	0
1527800488.075809000	4.20657	426	0
1527800488.077573000	4.20833	103	1
1527800488.088478000	4.21924	87	0
1527800488.107468000	4.23823	527	1
1527800488.107592000	4.23835	1412	1
1527800488.107632000	4.23839	1412	1
1527800488.107684000	4.23844	968	1
1527800488.125810000	4.25657	87	0
1527800488.293928000	4.42469	374	0
1527800488.296082000	4.42684	80	0
1527800488.305888000	4.43665	109	1
1527800488.378913000	4.50967	1180	0
1527800488.385891000	4.51665	100	1
1527800488.985615000	5.11637	1391	1
1527800489.005728000	5.13649	87	0
1527800489.216796000	5.34755	504	0
1527800489.219226000	5.34998	103	1
1527800489.644759000	5.77552	334	1
1527800489.644863000	5.77562	1412	1
1527800489.644889000	5.77565	991	1
1527800489.651334000	5.78209	226	1
1527800489.651436000	5.7822	1412	1
1527800489.651474000	5.78223	1412	1
1527800489.651509000	5.78227	1412	1
1527800489.651545000	5.7823	1412	1
1527800489.651569000	5.78233	1412	1
1527800489.651615000	5.78237	1412	1
1527800489.651651000	5.78241	1412	1
1527800489.651686000	5.78244	1412	1
1527800489.651719000	5.78248	1412	1
1527800489.651756000	5.78252	1412	1
1527800489.651779000	5.78254	1412	1
1527800489.651825000	5.78258	1412	1
1527800489.651857000	5.78262	545	1
1527800489.664469000	5.79523	102	1
1527800489.664631000	5.79539	87	0
1527800489.669404000	5.80016	252	1
1527800489.670746000	5.80151	87	0
1527800489.674214000	5.80497	87	0
1527800489.683308000	5.81407	94	0
1527800489.685868000	5.81663	109	1
1527800489.686623000	5.81738	87	0
1527800489.691823000	5.82258	87	0
1527800489.793429000	5.92419	469	0
1527800489.798356000	5.92912	80	0
1527800489.800204000	5.93096	106	1
1527800489.803839000	5.9346	100	1
1527800489.833134000	5.96389	558	0
1527800489.834602000	5.96536	307	0
1527800489.836032000	5.96679	255	0
1527800489.846600000	5.97736	100	1
1527800489.849924000	5.98068	103	1
1527800489.851161000	5.98192	102	1
1527800489.859800000	5.99056	251	1
1527800489.868358000	5.99912	87	0
1527800489.876745000	6.0075	87	0
1527800490.059151000	6.18991	873	0
1527800490.060576000	6.19133	1412	0
1527800490.061953000	6.19271	106	1
1527800490.062010000	6.19277	1412	0
1527800490.063463000	6.19422	1412	0
1527800490.064828000	6.19559	106	1
1527800490.064855000	6.19561	180	0
1527800490.066313000	6.19707	1412	0
1527800490.067807000	6.19857	1355	0
1527800490.067816000	6.19858	103	1
1527800490.069250000	6.20001	1412	0
1527800490.070676000	6.20144	1412	0
1527800490.070881000	6.20164	106	1
1527800490.072109000	6.20287	1412	0
1527800490.073503000	6.20426	188	0
1527800490.074956000	6.20571	1227	0
1527800490.075835000	6.20659	106	1
1527800490.076382000	6.20714	1412	0
1527800490.077858000	6.20862	1412	0
1527800490.079294000	6.21005	1412	0
1527800490.080690000	6.21145	188	0
1527800490.081456000	6.21221	103	1
1527800490.082103000	6.21286	84	0
1527800490.083569000	6.21433	1412	0
1527800490.084980000	6.21574	730	0
1527800490.086428000	6.21719	1412	0
1527800490.087352000	6.21811	109	1
1527800490.087899000	6.21866	1412	0
1527800490.089327000	6.22009	1412	0
1527800490.090726000	6.22148	188	0
1527800490.092162000	6.22292	780	0
1527800490.093604000	6.22436	1412	0
1527800490.094360000	6.22512	112	1
1527800490.095024000	6.22578	1412	0
1527800490.096454000	6.22721	1412	0
1527800490.097894000	6.22865	188	0
1527800490.099340000	6.2301	979	0
1527800490.100773000	6.23153	1412	0
1527800490.102204000	6.23296	1412	0
1527800490.103632000	6.23439	1412	0
1527800490.105026000	6.23579	188	0
1527800490.106483000	6.23724	1412	0
1527800490.107927000	6.23869	209	0
1527800490.109388000	6.24015	1412	0
1527800490.110739000	6.2415	127	1
1527800490.110809000	6.24157	1412	0
1527800490.112248000	6.24301	1412	0
1527800490.112814000	6.24357	112	1
1527800490.113670000	6.24443	1412	0
1527800490.115104000	6.24586	1412	0
1527800490.116531000	6.24729	1412	0
1527800490.116978000	6.24774	103	1
1527800490.118007000	6.24877	1412	0
1527800490.119422000	6.25018	983	0
1527800490.119869000	6.25063	106	1
1527800490.120861000	6.25162	1412	0
1527800490.122286000	6.25305	1250	0
1527800490.123696000	6.25446	743	0
1527800490.123851000	6.25461	106	1
1527800490.125140000	6.2559	1412	0
1527800490.126567000	6.25733	1329	0
1527800490.127839000	6.2586	103	1
1527800490.128040000	6.2588	1412	0
1527800490.129472000	6.26023	1412	0
1527800490.130873000	6.26163	344	0
1527800490.131485000	6.26224	103	1
1527800490.132286000	6.26305	92	0
1527800490.133720000	6.26448	221	0
1527800490.135158000	6.26592	873	0
1527800490.138950000	6.26971	103	1
1527800490.141851000	6.27261	103	1
1527800491.437631000	7.56839	431	1
1527800491.437723000	7.56848	145	1
1527800491.456790000	7.58755	87	0
1527800491.512033000	7.64279	1412	0
1527800491.513445000	7.6442	1412	0
1527800491.514875000	7.64563	1412	0
1527800491.515398000	7.64616	106	1
1527800491.516306000	7.64706	567	0
1527800491.517772000	7.64853	92	0
1527800491.517904000	7.64866	106	1
1527800491.519203000	7.64996	244	0
1527800491.521877000	7.65264	100	1
1527800492.514674000	8.64543	862	1
1527800492.514767000	8.64553	295	1
1527800492.518056000	8.64881	326	1
1527800492.518144000	8.6489	1412	1
1527800492.518182000	8.64894	1412	1
1527800492.518209000	8.64897	982	1
1527800492.532872000	8.66363	87	0
1527800492.539754000	8.67051	87	0
1527800492.573162000	8.70392	401	1
1527800492.590110000	8.72087	87	0
1527800492.667741000	8.7985	302	0
1527800492.669150000	8.79991	103	0
1527800492.670559000	8.80132	106	1
1527800492.671140000	8.8019	378	0
1527800492.672567000	8.80333	232	0
1527800492.673545000	8.8043	103	1
1527800492.675999000	8.80676	80	0
1527800492.678564000	8.80932	100	1
1527800492.698992000	8.82975	356	0
1527800492.700434000	8.83119	1400	0
1527800492.701559000	8.83232	103	1
1527800492.701922000	8.83268	513	0
1527800492.703355000	8.83411	592	0
1527800492.704554000	8.83531	103	1
1527800492.704782000	8.83554	635	0
1527800492.706203000	8.83696	467	0
1527800492.707556000	8.83832	103	1
1527800492.707696000	8.83845	697	0
1527800492.709121000	8.83988	484	0
1527800492.710559000	8.84132	835	0
1527800492.710845000	8.8416	103	1
1527800492.711981000	8.84274	649	0
1527800492.713401000	8.84416	519	0
1527800492.713582000	8.84434	106	1
1527800492.714822000	8.84558	439	0
1527800492.716266000	8.84702	701	0
1527800492.717551000	8.84831	103	1
1527800492.717732000	8.84849	616	0
1527800492.719164000	8.84992	558	0
1527800492.720551000	8.85131	103	1
1527800492.720584000	8.85134	654	0
1527800492.722011000	8.85277	583	0
1527800492.723440000	8.8542	689	0
1527800492.723603000	8.85436	106	1
1527800492.727097000	8.85786	92	0
1527800492.728593000	8.85935	320	0
1527800492.729652000	8.86041	103	1
1527800493.130134000	9.26089	1412	1
1527800493.130175000	9.26093	1412	1
1527800493.130214000	9.26097	457	1
1527800493.130274000	9.26103	845	1
1527800493.148672000	9.27943	87	0
1527800493.172458000	9.30322	733	0
1527800493.175598000	9.30636	103	1
1527800493.559206000	9.68997	1003	1
1527800493.559293000	9.69005	95	1
1527800493.577796000	9.70855	87	0
1527800493.679619000	9.81038	300	0
1527800493.681015000	9.81177	370	0
1527800493.682638000	9.8134	106	1
1527800493.685651000	9.81641	281	0
1527800493.688623000	9.81938	100	1
1527800494.364210000	10.495	475	1
1527800494.364285000	10.495	110	1
1527800494.369214000	10.5	303	1
1527800494.371497000	10.5023	478	1
1527800494.371561000	10.5023	88	1
1527800494.382104000	10.5129	87	0
1527800494.387995000	10.5188	87	0
1527800494.513711000	10.6445	290	0
1527800494.515118000	10.6459	103	0
1527800494.516689000	10.6474	109	1
1527800494.519321000	10.6501	92	0
1527800494.520755000	10.6515	254	0
1527800494.521702000	10.6525	103	1
1527800494.544415000	10.6752	290	0
1527800494.545883000	10.6766	151	0
1527800494.547431000	10.6782	232	0
1527800494.547778000	10.6785	106	1
1527800494.548864000	10.6796	140	0
1527800494.550300000	10.6811	92	0
1527800494.551713000	10.6825	92	0
1527800494.553144000	10.6839	136	0
1527800494.553664000	10.6844	109	1
1527800494.554569000	10.6853	328	0
1527800494.557899000	10.6887	100	1
1527800494.970607000	11.1014	392	1
1527800494.970694000	11.1015	255	1
1527800494.988345000	11.1191	87	0
1527800495.458259000	11.589	371	1
1527800495.458400000	11.5892	1412	1
1527800495.458437000	11.5892	1412	1
1527800495.458465000	11.5892	1412	1
1527800495.458489000	11.5892	1412	1
1527800495.458533000	11.5893	1412	1
1527800495.458578000	11.5893	1412	1
1527800495.458613000	11.5894	1412	1
1527800495.458650000	11.5894	1412	1
1527800495.458687000	11.5894	1412	1
1527800495.458721000	11.5895	1412	1
1527800495.458757000	11.5895	1412	1
1527800495.458792000	11.5896	1412	1
1527800495.458827000	11.5896	1412	1
1527800495.458863000	11.5896	1412	1
1527800495.458908000	11.5897	1412	1
1527800495.458931000	11.5897	1412	1
1527800495.458968000	11.5897	1412	1
1527800495.459020000	11.5898	1412	1
1527800495.460790000	11.5915	1412	1
1527800495.460850000	11.5916	1412	1
1527800495.460887000	11.5916	1412	1
1527800495.460942000	11.5917	1412	1
1527800495.460992000	11.5918	1412	1
1527800495.461029000	11.5918	1412	1
1527800495.461077000	11.5918	1412	1
1527800495.461099000	11.5919	1412	1
1527800495.461121000	11.5919	1412	1
1527800495.461164000	11.5919	1412	1
1527800495.461221000	11.592	1412	1
1527800495.461243000	11.592	1412	1
1527800495.461266000	11.592	1412	1
1527800495.461301000	11.5921	1412	1
1527800495.461330000	11.5921	1412	1
1527800495.461378000	11.5921	788	1
1527800495.476874000	11.6076	87	0
1527800495.480563000	11.6113	87	0
1527800495.481989000	11.6127	87	0
1527800495.484694000	11.6155	87	0
1527800495.650773000	11.7815	397	0
1527800495.653807000	11.7846	115	1
1527800495.658096000	11.7889	80	0
1527800495.660800000	11.7916	100	1
1527800495.787954000	11.9187	290	0
1527800495.789375000	11.9201	146	0
1527800495.790817000	11.9216	103	1
1527800495.799962000	11.9307	92	0
1527800495.801397000	11.9322	282	0
1527800495.802733000	11.9335	103	1
1527800495.841892000	11.9727	361	1
1527800495.849619000	11.9804	295	1
1527800495.859499000	11.9903	87	0
1527800495.865670000	11.9964	377	1
1527800495.867450000	11.9982	87	0
1527800495.883854000	12.0146	87	0
1527800495.971159000	12.1019	347	1
1527800495.971259000	12.102	442	1
1527800495.989839000	12.1206	87	0
1527800496.119802000	12.2506	1412	1
1527800496.119845000	12.2506	345	1
1527800496.151422000	12.2822	573	0
1527800496.152843000	12.2836	802	0
1527800496.154243000	12.285	92	0
1527800496.154766000	12.2855	109	1
1527800496.184813000	12.3156	131	0
1527800496.187780000	12.3185	100	1
1527800496.269469000	12.4002	359	0
1527800496.270876000	12.4016	118	0
1527800496.272305000	12.4031	233	0
1527800496.273167000	12.4039	106	1
1527800496.273754000	12.4045	279	0
1527800496.275184000	12.4059	92	0
1527800496.276613000	12.4074	206	0
1527800496.276813000	12.4076	106	1
1527800496.278082000	12.4088	92	0
1527800496.279519000	12.4103	142	0
1527800496.280773000	12.4115	103	1
1527800496.288000000	12.4188	235	0
1527800496.289414000	12.4202	146	0
1527800496.290779000	12.4215	103	1
1527800496.292476000	12.4232	92	0
1527800496.293914000	12.4247	296	0
1527800496.295001000	12.4258	103	1
1527800496.351264000	12.482	779	0
1527800496.352664000	12.4834	205	0
1527800496.353775000	12.4845	103	1
1527800496.365271000	12.496	667	1
1527800496.383586000	12.5143	87	0
1527800496.576003000	12.7068	569	0
1527800496.577420000	12.7082	283	0
1527800496.578864000	12.7096	106	1
1527800496.589340000	12.7201	770	1
1527800496.589402000	12.7202	256	1
1527800496.606821000	12.7376	87	0
1527800496.717631000	12.8484	312	0
1527800496.719042000	12.8498	146	0
1527800496.720881000	12.8516	106	1
1527800496.722391000	12.8531	92	0
1527800496.723830000	12.8546	328	0
1527800496.724801000	12.8556	103	1
1527800497.066249000	13.197	415	1
1527800497.066341000	13.1971	254	1
1527800497.083653000	13.2144	87	0
1527800497.276471000	13.4072	232	0
1527800497.278000000	13.4088	146	0
1527800497.278924000	13.4097	106	1
1527800497.281053000	13.4118	92	0
1527800497.282432000	13.4132	109	0
1527800497.283911000	13.4147	103	1
1527800497.686402000	13.8172	388	1
1527800497.686499000	13.8173	254	1
1527800497.705802000	13.8366	87	0
1527800497.712584000	13.8433	87	0
1527800497.880904000	14.0117	255	0
1527800497.882334000	14.0131	146	0
1527800497.883942000	14.0147	109	1
1527800497.886893000	14.0177	92	0
1527800497.888365000	14.0191	103	0
1527800497.889930000	14.0207	103	1
1527800501.176629000	17.3074	391	1
1527800501.176721000	17.3075	262	1
1527800501.196879000	17.3276	87	0
1527800501.352345000	17.4831	256	0
1527800501.353714000	17.4845	146	0
1527800501.355726000	17.4865	106	1
1527800501.358320000	17.4891	92	0
1527800501.359694000	17.4905	187	0
1527800501.360640000	17.4914	103	1
1527800501.426703000	17.5575	389	1
1527800501.426792000	17.5576	254	1
1527800501.444623000	17.5754	87	0
1527800501.566041000	17.6968	301	0
1527800501.567485000	17.6982	146	0
1527800501.568753000	17.6995	106	1
1527800501.570641000	17.7014	92	0
1527800501.572082000	17.7028	126	0
1527800501.573696000	17.7045	103	1
1527800501.949914000	18.0807	389	1
1527800501.949979000	18.0807	254	1
1527800501.967701000	18.0985	87	0
1527800502.133571000	18.2643	237	0
1527800502.134991000	18.2657	146	0
1527800502.136787000	18.2675	106	1
1527800502.139394000	18.2702	92	0
1527800502.140890000	18.2716	284	0
1527800502.141677000	18.2724	103	1
1527800502.510338000	18.6411	392	1
1527800502.510434000	18.6412	255	1
1527800502.529324000	18.6601	87	0
1527800502.640231000	18.771	262	0
1527800502.641828000	18.7726	148	0
1527800502.642796000	18.7736	106	1
1527800502.645664000	18.7764	92	0
1527800502.648780000	18.7795	100	1
1527800502.649806000	18.7806	325	0
1527800502.652790000	18.7835	100	1
1527800502.988953000	19.1197	393	1
1527800502.989014000	19.1198	258	1
1527800503.006962000	19.1377	87	0
1527800503.118029000	19.2488	349	0
1527800503.119387000	19.2501	148	0
1527800503.120831000	19.2516	106	1
1527800503.123643000	19.2544	92	0
1527800503.125082000	19.2558	338	0
1527800503.126813000	19.2576	103	1
1527800503.231199000	19.362	389	1
1527800503.231283000	19.362	258	1
1527800503.251027000	19.3818	87	0
1527800503.369808000	19.5006	232	0
1527800503.371344000	19.5021	148	0
1527800503.372852000	19.5036	106	1
1527800503.376291000	19.5071	92	0
1527800503.377782000	19.5085	103	0
1527800503.378755000	19.5095	103	1
1527800503.661213000	19.792	392	1
1527800503.661274000	19.792	257	1
1527800503.680569000	19.8113	87	0
1527800503.778747000	19.9095	255	0
1527800503.780161000	19.9109	148	0
1527800503.781796000	19.9126	106	1
1527800503.784025000	19.9148	92	0
1527800503.785459000	19.9162	199	0
1527800503.786775000	19.9175	103	1
1527800503.922271000	20.053	996	1
1527800503.922332000	20.0531	263	1
1527800503.941295000	20.0721	87	0
1527800504.043854000	20.1746	235	0
1527800504.045275000	20.176	148	0
1527800504.046901000	20.1777	106	1
1527800504.048719000	20.1795	92	0
1527800504.050157000	20.1809	181	0
1527800504.051886000	20.1826	103	1
1527800504.183322000	20.3141	585	1
1527800504.183382000	20.3141	257	1
1527800504.201870000	20.3326	87	0
1527800504.507843000	20.6386	258	0
1527800504.509252000	20.64	148	0
1527800504.510827000	20.6416	106	1
1527800504.511555000	20.6423	92	0
1527800504.512990000	20.6437	149	0
1527800504.513810000	20.6446	103	1
1527800504.622843000	20.7536	769	1
1527800504.622920000	20.7537	261	1
1527800504.653725000	20.7845	87	0
1527800504.787407000	20.9182	275	0
1527800504.788828000	20.9196	148	0
1527800504.789860000	20.9206	106	1
1527800504.790277000	20.921	92	0
1527800504.791707000	20.9225	159	0
1527800504.792839000	20.9236	103	1
1527800505.513071000	21.6438	412	1
1527800505.513149000	21.6439	257	1
1527800505.531526000	21.6623	87	0
1527800505.694963000	21.8257	256	0
1527800505.696386000	21.8271	148	0
1527800505.697988000	21.8287	106	1
1527800505.698934000	21.8297	92	0
1527800505.700372000	21.8311	149	0
1527800505.701880000	21.8326	103	1
1527800505.797574000	21.9283	389	1
1527800505.797660000	21.9284	258	1
1527800505.816362000	21.9471	87	0
1527800505.979303000	22.1101	314	0
1527800505.980728000	22.1115	148	0
1527800505.981982000	22.1127	106	1
1527800505.984647000	22.1154	92	0
1527800505.986017000	22.1168	331	0
1527800505.986893000	22.1177	103	1
1527800506.196350000	22.3271	390	1
1527800506.196411000	22.3272	258	1
1527800506.213963000	22.3447	87	0
1527800506.361724000	22.4925	235	0
1527800506.363155000	22.4939	148	0
1527800506.364964000	22.4957	106	1
1527800506.366090000	22.4968	92	0
1527800506.367621000	22.4984	109	0
1527800506.368929000	22.4997	103	1
1527800506.636269000	22.767	390	1
1527800506.636333000	22.7671	261	1
1527800506.654002000	22.7848	87	0
1527800506.819472000	22.9502	256	0
1527800506.820930000	22.9517	148	0
1527800506.822037000	22.9528	106	1
1527800506.823349000	22.9541	92	0
1527800506.824785000	22.9555	189	0
1527800506.825952000	22.9567	103	1
1527800507.141484000	23.2722	389	1
1527800507.141546000	23.2723	257	1
1527800507.160922000	23.2917	87	0
1527800507.278761000	23.4095	233	0
1527800507.280111000	23.4109	148	0
1527800507.282064000	23.4128	106	1
1527800507.282371000	23.4131	92	0
1527800507.283807000	23.4146	211	0
1527800507.284979000	23.4157	103	1
1527800507.538284000	23.669	392	1
1527800507.538345000	23.6691	256	1
1527800507.557207000	23.688	87	0
1527800507.667896000	23.7987	258	0
1527800507.669316000	23.8001	148	0
1527800507.671089000	23.8018	106	1
1527800507.671692000	23.8025	92	0
1527800507.673190000	23.8039	156	0
1527800507.674637000	23.8054	103	1
1527800507.806128000	23.9369	393	1
1527800507.806193000	23.937	258	1
1527800507.824217000	23.955	87	0
1527800507.937901000	24.0687	280	0
1527800507.939314000	24.0701	148	0
1527800507.941105000	24.0719	106	1
1527800507.941865000	24.0726	92	0
1527800507.943304000	24.0741	288	0
1527800507.945100000	24.0759	103	1
1527800508.103515000	24.2343	390	1
1527800508.103607000	24.2344	258	1
1527800508.121037000	24.2518	87	0
1527800508.285885000	24.4166	236	0
1527800508.287425000	24.4182	148	0
1527800508.289053000	24.4198	106	1
1527800508.289868000	24.4206	92	0
1527800508.291299000	24.4221	194	0
1527800508.292033000	24.4228	103	1
1527800508.428095000	24.5589	390	1
1527800508.428150000	24.5589	260	1
1527800508.445600000	24.5764	87	0
1527800508.527328000	24.6581	260	0
1527800508.528809000	24.6596	148	0
1527800508.530092000	24.6609	106	1
1527800508.531198000	24.662	92	0
1527800508.532650000	24.6634	167	0
1527800508.534065000	24.6648	103	1
1527800509.395772000	25.5265	997	1
1527800509.395835000	25.5266	257	1
1527800509.415355000	25.5461	87	0
1527800509.517603000	25.6484	374	0
1527800509.519030000	25.6498	148	0
1527800509.520189000	25.6509	106	1
1527800509.520415000	25.6512	92	0
1527800509.521898000	25.6527	164	0
1527800509.523109000	25.6539	103	1
1527800509.813432000	25.9442	584	1
1527800509.813506000	25.9443	257	1
1527800509.830173000	25.9609	87	0
1527800509.930228000	26.061	233	0
1527800509.931631000	26.0624	148	0
1527800509.933225000	26.064	106	1
1527800509.933750000	26.0645	92	0
1527800509.935176000	26.0659	180	0
1527800509.936128000	26.0669	103	1
1527800510.103432000	26.2342	764	1
1527800510.103521000	26.2343	257	1
1527800510.121480000	26.2522	87	0
1527800510.265101000	26.3959	235	0
1527800510.266471000	26.3972	148	0
1527800510.268240000	26.399	106	1
1527800510.268960000	26.3997	92	0
1527800510.270374000	26.4011	165	0
1527800510.271144000	26.4019	103	1
1527800510.573676000	26.7044	416	1
1527800510.573769000	26.7045	261	1
1527800510.591593000	26.7224	87	0
1527800510.777551000	26.9083	258	0
1527800510.778973000	26.9097	148	0
1527800510.780284000	26.911	106	1
1527800510.780323000	26.9111	92	0
1527800510.781855000	26.9126	269	0
1527800510.783188000	26.9139	103	1
1527800511.015871000	27.1466	390	1
1527800511.015945000	27.1467	261	1
1527800511.034413000	27.1652	87	0
1527800511.140890000	27.2716	235	0
1527800511.142248000	27.273	148	0
1527800511.144283000	27.275	106	1
1527800511.145078000	27.2758	92	0
1527800511.146457000	27.2772	272	0
1527800511.148280000	27.279	103	1
1527800511.525661000	27.6564	393	1
1527800511.525724000	27.6565	259	1
1527800511.543235000	27.674	87	0
1527800511.631830000	27.7626	300	0
1527800511.633272000	27.764	148	0
1527800511.634318000	27.7651	106	1
1527800511.636823000	27.7676	92	0
1527800511.638313000	27.7691	90	0
1527800511.639219000	27.77	103	1
1527800511.845581000	27.9763	390	1
1527800511.845672000	27.9764	256	1
1527800511.864687000	27.9954	87	0
1527800511.957420000	28.0882	231	0
1527800511.958833000	28.0896	148	0
1527800511.960250000	28.091	106	1
1527800511.961183000	28.0919	92	0
1527800511.962620000	28.0934	275	0
1527800511.964264000	28.095	103	1
1527800512.281628000	28.4124	387	1
1527800512.281712000	28.4125	260	1
1527800512.298500000	28.4293	87	0
1527800512.393430000	28.5242	312	0
1527800512.394840000	28.5256	148	0
1527800512.396357000	28.5271	106	1
1527800512.398532000	28.5293	92	0
1527800512.399986000	28.5307	177	0
1527800512.401284000	28.532	103	1
1527800512.574663000	28.7054	389	1
1527800512.574754000	28.7055	259	1
1527800512.592535000	28.7233	87	0
1527800512.694053000	28.8248	256	0
1527800512.695467000	28.8262	148	0
1527800512.697295000	28.8281	106	1
1527800512.699019000	28.8298	92	0
1527800512.700473000	28.8312	256	0
1527800512.702295000	28.8331	103	1
1527800513.015674000	29.1464	389	1
1527800513.015769000	29.1465	261	1
1527800513.034355000	29.1651	87	0
1527800513.116426000	29.2472	232	0
1527800513.117951000	29.2487	148	0
1527800513.119417000	29.2502	106	1
1527800513.119780000	29.2505	92	0
1527800513.121209000	29.252	295	0
1527800513.122313000	29.2531	103	1
1527800513.460682000	29.5914	388	1
1527800513.460774000	29.5915	259	1
1527800513.478393000	29.6092	87	0
1527800513.746665000	29.8774	258	0
1527800513.748179000	29.8789	148	0
1527800513.749362000	29.8801	106	1
1527800513.750370000	29.8811	92	0
1527800513.751806000	29.8826	226	0
1527800513.753354000	29.8841	103	1
1527800513.927593000	30.0584	390	1
1527800513.927660000	30.0584	261	1
1527800513.946779000	30.0775	87	0
1527800514.047126000	30.1779	233	0
1527800514.048614000	30.1794	148	0
1527800514.050383000	30.1811	106	1
1527800514.051818000	30.1826	92	0
1527800514.053255000	30.184	270	0
1527800514.054367000	30.1851	103	1
1527800517.267322000	33.3981	392	1
1527800517.267409000	33.3982	260	1
1527800517.284996000	33.4158	87	0
1527800517.378615000	33.5094	304	0
1527800517.379999000	33.5108	148	0
1527800517.382039000	33.5128	106	1
1527800517.382939000	33.5137	92	0
1527800517.384376000	33.5151	323	0
1527800517.386045000	33.5168	103	1
1527800517.495202000	33.626	995	1
1527800517.495264000	33.626	258	1
1527800517.524406000	33.6552	87	0
1527800517.663766000	33.7945	259	0
1527800517.665192000	33.796	148	0
1527800517.667059000	33.7978	106	1
1527800517.667795000	33.7986	92	0
1527800517.669179000	33.7999	316	0
1527800517.671059000	33.8018	103	1
1527800517.915280000	34.046	583	1
1527800517.915378000	34.0461	261	1
1527800517.934072000	34.0648	87	0
1527800518.039057000	34.1698	303	0
1527800518.040535000	34.1713	148	0
1527800518.042074000	34.1728	106	1
1527800518.042973000	34.1737	92	0
1527800518.044375000	34.1751	218	0
1527800518.046062000	34.1768	103	1
1527800518.178424000	34.3092	765	1
1527800518.178517000	34.3093	260	1
1527800518.210173000	34.3409	87	0
1527800518.379639000	34.5104	279	0
1527800518.381054000	34.5118	148	0
1527800518.382088000	34.5128	106	1
1527800518.384411000	34.5152	92	0
1527800518.385900000	34.5167	319	0
1527800518.387007000	34.5178	103	1
1527800518.658436000	34.7892	416	1
1527800518.658515000	34.7893	271	1
1527800518.676121000	34.8069	87	0
1527800518.779598000	34.9104	256	0
1527800518.780960000	34.9117	148	0
1527800518.782046000	34.9128	106	1
1527800518.784511000	34.9153	92	0
1527800518.785973000	34.9167	233	0
1527800518.787036000	34.9178	103	1
1527800519.077336000	35.2081	389	1
1527800519.077428000	35.2082	260	1
1527800519.096474000	35.2272	87	0
1527800519.183381000	35.3141	235	0
1527800519.184840000	35.3156	148	0
1527800519.186140000	35.3169	106	1
1527800519.187254000	35.318	92	0
1527800519.188744000	35.3195	219	0
1527800519.190059000	35.3208	103	1
1527800519.481614000	35.6124	393	1
1527800519.481702000	35.6125	257	1
1527800519.498575000	35.6293	87	0
1527800519.659865000	35.7906	256	0
1527800519.661288000	35.792	148	0
1527800519.663182000	35.7939	106	1
1527800519.663309000	35.7941	92	0
1527800519.664815000	35.7956	257	0
1527800519.666162000	35.7969	103	1
1527800520.016292000	36.1471	389	1
1527800520.016347000	36.1471	260	1
1527800520.034306000	36.1651	87	0
1527800520.176138000	36.3069	232	0
1527800520.177612000	36.3084	148	0
1527800520.179031000	36.3098	92	0
1527800520.179259000	36.31	109	1
1527800520.180455000	36.3112	339	0
1527800520.183199000	36.314	100	1
1527800520.265708000	36.3965	388	1
1527800520.265802000	36.3966	258	1
1527800520.284118000	36.4149	87	0
1527800520.366030000	36.4968	275	0
1527800520.367543000	36.4983	148	0
1527800520.369210000	36.5	106	1
1527800520.370804000	36.5016	92	0
1527800520.372166000	36.5029	88	0
1527800520.373119000	36.5039	103	1
1527800520.496629000	36.6274	389	1
1527800520.496713000	36.6275	258	1
1527800520.514374000	36.6451	87	0
1527800520.668855000	36.7996	255	0
1527800520.670211000	36.801	148	0
1527800520.672226000	36.803	106	1
1527800520.673395000	36.8042	92	0
1527800520.674812000	36.8056	142	0
1527800520.676147000	36.8069	103	1
1527800520.796288000	36.927	388	1
1527800520.796362000	36.9271	257	1
1527800520.814594000	36.9454	87	0
1527800520.913505000	37.0443	312	0
1527800520.914992000	37.0458	148	0
1527800520.916231000	37.047	106	1
1527800520.919344000	37.0501	92	0
1527800520.920783000	37.0515	238	0
1527800520.922228000	37.053	103	1
1527800521.466806000	37.5976	389	1
1527800521.466904000	37.5977	257	1
1527800521.486114000	37.6169	87	0
1527800521.652200000	37.783	256	0
1527800521.653624000	37.7844	148	0
1527800521.655039000	37.7858	92	0
1527800521.655270000	37.786	109	1
1527800521.656429000	37.7872	178	0
1527800521.659205000	37.79	100	1
1527800521.817639000	37.9484	391	1
1527800521.817729000	37.9485	270	1
1527800521.832828000	37.9636	100	0
1527800521.835266000	37.966	100	1
1527800521.835455000	37.9662	87	0
1527800521.922587000	38.0533	233	0
1527800521.924004000	38.0548	148	0
1527800521.925298000	38.0561	106	1
1527800521.925470000	38.0562	92	0
1527800521.926937000	38.0577	140	0
1527800521.928292000	38.0591	103	1
1527800522.213501000	38.3443	388	1
1527800522.213569000	38.3443	257	1
1527800522.230636000	38.3614	87	0
1527800522.339949000	38.4707	232	0
1527800522.341297000	38.4721	148	0
1527800522.343322000	38.4741	106	1
1527800522.343646000	38.4744	92	0
1527800522.345083000	38.4758	219	0
1527800522.346236000	38.477	103	1
1527800522.646967000	38.7777	995	1
1527800522.647027000	38.7778	259	1
1527800522.667191000	38.798	87	0
1527800522.686927000	38.8177	87	0
1527800522.817686000	38.9484	258	0
1527800522.819113000	38.9499	148	0
1527800522.820336000	38.9511	109	1
1527800522.821236000	38.952	92	0
1527800522.822667000	38.9534	166	0
1527800522.824343000	38.9551	103	1
1527800523.395700000	39.5265	585	1
1527800523.395761000	39.5265	259	1
1527800523.414262000	39.545	87	0
1527800523.524649000	39.6554	305	0
1527800523.526076000	39.6568	148	0
1527800523.527377000	39.6581	106	1
1527800523.528347000	39.6591	92	0
1527800523.529732000	39.6605	278	0
1527800523.531379000	39.6621	103	1
1527800526.580751000	42.7115	746	1
1527800526.580816000	42.7116	1412	1
1527800526.580858000	42.7116	1412	1
1527800526.580912000	42.7117	1412	1
1527800526.580932000	42.7117	256	1
1527800526.599398000	42.7302	87	0
1527800526.672655000	42.8034	416	0
1527800526.675709000	42.8065	103	1
1527800526.678708000	42.8095	80	0
1527800526.681770000	42.8125	100	1
1527800526.783285000	42.914	415	1
1527800526.783377000	42.9141	258	1
1527800526.800559000	42.9313	87	0
1527800526.910607000	43.0414	351	0
1527800526.912022000	43.0428	148	0
1527800526.913804000	43.0446	106	1
1527800526.914165000	43.0449	92	0
1527800526.915617000	43.0464	209	0
1527800526.916709000	43.0475	103	1
1527800526.995910000	43.1267	393	1
1527800526.996006000	43.1268	260	1
1527800527.013589000	43.1443	87	0
1527800527.109768000	43.2405	236	0
1527800527.111233000	43.242	148	0
1527800527.112815000	43.2436	106	1
1527800527.115295000	43.2461	92	0
1527800527.116724000	43.2475	213	0
1527800527.117709000	43.2485	103	1
1527800527.233161000	43.3639	391	1
1527800527.233255000	43.364	259	1
1527800527.250966000	43.3817	87	0
1527800527.353705000	43.4845	233	0
1527800527.355125000	43.4859	148	0
1527800527.356812000	43.4876	106	1
1527800527.357020000	43.4878	92	0
1527800527.358469000	43.4892	117	0
1527800527.359718000	43.4905	103	1
1527800527.444917000	43.5757	389	1
1527800527.444985000	43.5757	258	1
1527800527.463140000	43.5939	87	0
1527800527.551772000	43.6825	256	0
1527800527.553196000	43.684	148	0
1527800527.554819000	43.6856	106	1
1527800527.556770000	43.6875	92	0
1527800527.558283000	43.689	210	0
1527800527.559803000	43.6906	103	1
1527800527.777296000	43.9081	393	1
1527800527.777363000	43.9081	261	1
1527800527.796659000	43.9274	87	0
1527800527.895466000	44.0262	275	0
1527800527.896882000	44.0276	148	0
1527800527.898775000	44.0295	106	1
1527800527.904870000	44.0356	92	0
1527800527.906280000	44.037	130	0
1527800527.907794000	44.0386	103	1
1527800528.091661000	44.2224	389	1
1527800528.091758000	44.2225	259	1
1527800528.108702000	44.2395	87	0
1527800528.286016000	44.4168	235	0
1527800528.287432000	44.4182	148	0
1527800528.288866000	44.4196	106	1
1527800528.289734000	44.4205	92	0
1527800528.291170000	44.4219	163	0
1527800528.292847000	44.4236	103	1
1527800528.571193000	44.702	394	1
1527800528.571253000	44.702	263	1
1527800528.589069000	44.7198	87	0
1527800528.745877000	44.8766	255	0
1527800528.747415000	44.8782	148	0
1527800528.748889000	44.8796	106	1
1527800528.750677000	44.8814	92	0
1527800528.752105000	44.8829	90	0
1527800528.753876000	44.8846	103	1
1527800528.811399000	44.9422	388	1
1527800528.811497000	44.9423	258	1
1527800528.831609000	44.9624	87	0
1527800528.931867000	45.0626	312	0
1527800528.933321000	45.0641	148	0
1527800528.934923000	45.0657	106	1
1527800528.936834000	45.0676	92	0
1527800528.938341000	45.0691	211	0
1527800528.939886000	45.0706	103	1
1527800529.087707000	45.2185	393	1
1527800529.087802000	45.2186	262	1
1527800529.107623000	45.2384	87	0
1527800529.220560000	45.3513	235	0
1527800529.221980000	45.3527	148	0
1527800529.223917000	45.3547	106	1
1527800529.225147000	45.3559	92	0
1527800529.226579000	45.3573	252	0
1527800529.227818000	45.3586	103	1
1527800529.520209000	45.651	998	1
1527800529.520304000	45.6511	257	1
1527800529.539163000	45.6699	87	0
1527800529.703414000	45.8342	258	0
1527800529.704829000	45.8356	148	0
1527800529.705875000	45.8366	106	1
1527800529.707647000	45.8384	92	0
1527800529.709072000	45.8398	324	0
1527800529.709851000	45.8406	103	1
1527800529.993729000	46.1245	588	1
1527800529.993806000	46.1246	270	1
1527800530.010612000	46.1414	87	0
1527800530.097890000	46.2286	235	0
1527800530.099326000	46.2301	148	0
1527800530.100903000	46.2317	106	1
1527800530.102619000	46.2334	92	0
1527800530.104067000	46.2348	272	0
1527800530.104876000	46.2356	103	1
1527800530.227482000	46.3582	766	1
1527800530.227558000	46.3583	262	1
1527800530.245226000	46.376	87	0
1527800530.339163000	46.4699	233	0
1527800530.340590000	46.4713	148	0
1527800530.341973000	46.4727	106	1
1527800530.343355000	46.4741	92	0
1527800530.344789000	46.4755	306	0
1527800530.345916000	46.4767	103	1
1527800530.925411000	47.0562	415	1
1527800530.925473000	47.0562	258	1
1527800530.946231000	47.077	87	0
1527800531.089276000	47.22	304	0
1527800531.090672000	47.2214	148	0
1527800531.092027000	47.2228	106	1
1527800531.093283000	47.224	92	0
1527800531.094714000	47.2255	209	0
1527800531.095945000	47.2267	103	1
1527800531.187256000	47.318	388	1
1527800531.187332000	47.3181	262	1
1527800531.205836000	47.3366	87	0
1527800531.304361000	47.4351	232	0
1527800531.305775000	47.4365	148	0
1527800531.307038000	47.4378	106	1
1527800531.309221000	47.44	92	0
1527800531.310883000	47.4416	85	0
1527800531.311987000	47.4427	103	1
1527800531.397223000	47.528	388	1
1527800531.397302000	47.5281	262	1
1527800531.415177000	47.5459	87	0
1527800531.521158000	47.6519	260	0
1527800531.522582000	47.6533	148	0
1527800531.524051000	47.6548	106	1
1527800531.525572000	47.6563	92	0
1527800531.527000000	47.6578	309	0
1527800531.528033000	47.6588	103	1
1527800531.741358000	47.8721	389	1
1527800531.741432000	47.8722	261	1
1527800531.758388000	47.8891	87	0
1527800531.864800000	47.9956	349	0
1527800531.866211000	47.997	148	0
1527800531.868063000	47.9988	106	1
1527800531.868670000	47.9994	92	0
1527800531.870052000	48.0008	200	0
1527800531.870973000	48.0017	103	1
1527800532.054123000	48.1849	392	1
1527800532.054187000	48.1849	259	1
1527800532.086085000	48.2168	392	1
1527800532.087413000	48.2182	87	0
1527800532.104951000	48.2357	87	0
1527800532.173383000	48.3041	235	0
1527800532.174778000	48.3055	148	0
1527800532.176083000	48.3068	109	1
1527800532.177254000	48.308	92	0
1527800532.178747000	48.3095	224	0
1527800532.180081000	48.3108	103	1
1527800532.275581000	48.4063	390	1
1527800532.275674000	48.4064	262	1
1527800532.293059000	48.4238	87	0
1527800532.394305000	48.5251	235	0
1527800532.395727000	48.5265	148	0
1527800532.397094000	48.5279	106	1
1527800532.399036000	48.5298	92	0
1527800532.400417000	48.5312	253	0
1527800532.402080000	48.5328	103	1
1527800532.485458000	48.6162	390	1
1527800532.485519000	48.6163	259	1
1527800532.504402000	48.6352	87	0
1527800532.596791000	48.7276	258	0
1527800532.598265000	48.729	148	0
1527800532.600062000	48.7308	92	0
1527800532.600155000	48.7309	106	1
1527800532.601554000	48.7323	240	0
1527800532.603089000	48.7338	103	1
1527800532.706201000	48.837	394	1
1527800532.706298000	48.8371	261	1
1527800532.723644000	48.8544	87	0
1527800532.832681000	48.9634	272	0
1527800532.834077000	48.9648	148	0
1527800532.836118000	48.9669	106	1
1527800532.836455000	48.9672	92	0
1527800532.837992000	48.9688	300	0
1527800532.839031000	48.9698	103	1
1527800532.965430000	49.0962	386	1
1527800532.965497000	49.0963	259	1
1527800532.982898000	49.1137	87	0
1527800533.260249000	49.391	233	0
1527800533.261673000	49.3924	148	0
1527800533.263134000	49.3939	106	1
1527800533.264108000	49.3949	92	0
1527800533.265594000	49.3964	250	0
1527800533.267128000	49.3979	103	1
1527800536.034673000	52.1654	993	1
1527800536.034763000	52.1655	258	1
1527800536.053695000	52.1845	87	0
1527800536.216368000	52.3471	256	0
1527800536.217854000	52.3486	148	0
1527800536.219104000	52.3499	106	1
1527800536.220452000	52.3512	92	0
1527800536.221928000	52.3527	130	0
1527800536.223020000	52.3538	103	1
1527800536.283383000	52.4141	389	1
1527800536.283448000	52.4142	261	1
1527800536.300270000	52.431	87	0
1527800536.403789000	52.5345	314	0
1527800536.405188000	52.5359	148	0
1527800536.407056000	52.5378	106	1
1527800536.407646000	52.5384	92	0
1527800536.409074000	52.5398	179	0
1527800536.410029000	52.5408	103	1
1527800536.793484000	52.9242	588	1
1527800536.793541000	52.9243	263	1
1527800536.810777000	52.9415	87	0
1527800536.912365000	53.0431	255	0
1527800536.913862000	53.0446	148	0
1527800536.915158000	53.0459	106	1
1527800536.916685000	53.0474	92	0
1527800536.918103000	53.0489	99	0
1527800536.919060000	53.0498	103	1
1527800537.206534000	53.3373	764	1
1527800537.206619000	53.3374	258	1
1527800537.233228000	53.364	100	0
1527800537.236149000	53.3669	100	1
1527800537.400363000	53.5311	235	0
1527800537.401783000	53.5325	148	0
1527800537.403175000	53.5339	103	1
1527800537.403617000	53.5344	92	0
1527800537.405056000	53.5358	116	0
1527800537.406088000	53.5368	103	1
1527800537.454199000	53.585	416	1
1527800537.454258000	53.585	260	1
1527800537.471028000	53.6018	87	0
1527800537.562199000	53.693	255	0
1527800537.563696000	53.6945	148	0
1527800537.565201000	53.696	106	1
1527800537.566347000	53.6971	92	0
1527800537.567900000	53.6987	104	0
1527800537.569102000	53.6999	103	1
1527800537.786990000	53.9177	391	1
1527800537.787081000	53.9178	258	1
1527800537.804293000	53.9351	87	0
1527800537.907318000	54.0381	233	0
1527800537.908805000	54.0396	148	0
1527800537.910204000	54.041	106	1
1527800537.912083000	54.0428	92	0
1527800537.913581000	54.0443	199	0
1527800537.915197000	54.046	103	1
1527800538.925748000	55.0565	389	1
1527800538.925815000	55.0566	258	1
1527800538.945267000	55.076	87	0
1527800539.057757000	55.1885	307	0
1527800539.059181000	55.1899	148	0
1527800539.060262000	55.191	106	1
1527800539.061392000	55.1922	92	0
1527800539.062887000	55.1936	150	0
1527800539.064187000	55.1949	103	1
1527800539.342320000	55.4731	371	1
1527800539.342382000	55.4731	1412	1
1527800539.342421000	55.4732	1412	1
1527800539.342474000	55.4732	1412	1
1527800539.342498000	55.4733	1376	1
1527800539.365195000	55.496	87	0
1527800539.434760000	55.5655	418	0
1527800539.437290000	55.568	103	1
1527800539.443667000	55.5744	80	0
1527800539.446283000	55.577	100	1
1527800539.989564000	56.1203	389	1
1527800539.989657000	56.1204	261	1
1527800540.008331000	56.1391	87	0
1527800540.108432000	56.2392	349	0
1527800540.109921000	56.2407	148	0
1527800540.111119000	56.2419	106	1
1527800540.113904000	56.2447	92	0
1527800540.115343000	56.2461	307	0
1527800540.117120000	56.2479	103	1
1527800540.335460000	56.4662	389	1
1527800540.335552000	56.4663	258	1
1527800540.352884000	56.4836	87	0
1527800540.453808000	56.5846	255	0
1527800540.455225000	56.586	148	0
1527800540.457161000	56.5879	106	1
1527800540.457459000	56.5882	92	0
1527800540.458925000	56.5897	246	0
1527800540.460062000	56.5908	103	1
1527800541.306920000	57.4377	388	1
1527800541.306985000	57.4377	260	1
1527800541.324100000	57.4549	87	0
1527800541.334572000	57.4653	87	0
1527800541.437186000	57.5679	255	0
1527800541.438748000	57.5695	148	0
1527800541.440208000	57.571	109	1
1527800541.441029000	57.5718	92	0
1527800541.442471000	57.5732	173	0
1527800541.444133000	57.5749	103	1
1527800541.530598000	57.6614	392	1
1527800541.530657000	57.6614	261	1
1527800541.559576000	57.6903	87	0
1527800541.722952000	57.8537	277	0
1527800541.724361000	57.8551	148	0
1527800541.726141000	57.8569	106	1
1527800541.726612000	57.8574	92	0
1527800541.728110000	57.8589	313	0
1527800541.729167000	57.8599	103	1
1527800541.958791000	58.0896	998	1
1527800541.958870000	58.0896	262	1
1527800541.977391000	58.1082	87	0
1527800542.059571000	58.1903	235	0
1527800542.060999000	58.1918	148	0
1527800542.062231000	58.193	106	1
1527800542.063197000	58.194	92	0
1527800542.064678000	58.1954	140	0
1527800542.066143000	58.1969	103	1
1527800542.164650000	58.2954	390	1
1527800542.164716000	58.2955	258	1
1527800542.181892000	58.3127	87	0
1527800542.275614000	58.4064	233	0
1527800542.277108000	58.4079	148	0
1527800542.278253000	58.409	106	1
1527800542.280033000	58.4108	92	0
1527800542.281411000	58.4122	151	0
1527800542.283250000	58.414	103	1
1527800542.394780000	58.5255	588	1
1527800542.394869000	58.5256	263	1
1527800542.422475000	58.5532	87	0
1527800542.517846000	58.6486	338	0
1527800542.519261000	58.65	148	0
1527800542.520180000	58.6509	106	1
1527800542.522755000	58.6535	92	0
1527800542.524181000	58.6549	192	0
1527800542.525172000	58.6559	103	1
1527800542.696655000	58.8274	766	1
1527800542.696719000	58.8275	262	1
1527800542.715431000	58.8462	87	0
1527800542.883470000	59.0142	233	0
1527800542.884888000	59.0156	148	0
1527800542.886206000	59.017	106	1
1527800542.888658000	59.0194	92	0
1527800542.890083000	59.0208	138	0
1527800542.891221000	59.022	103	1
1527800543.176663000	59.3074	416	1
1527800543.176746000	59.3075	267	1
1527800543.193772000	59.3245	87	0
1527800543.299388000	59.4301	235	0
1527800543.300828000	59.4316	148	0
1527800543.302310000	59.4331	106	1
1527800543.304267000	59.435	92	0
1527800543.305730000	59.4365	285	0
1527800543.307296000	59.4381	103	1
1527800543.434001000	59.5648	394	1
1527800543.434096000	59.5649	257	1
1527800543.451342000	59.5821	87	0
1527800543.594246000	59.725	255	0
1527800543.595601000	59.7264	148	0
1527800543.597341000	59.7281	106	1
1527800543.597639000	59.7284	92	0
1527800543.599076000	59.7298	299	0
1527800543.600241000	59.731	103	1
1527800543.866400000	59.9972	391	1
1527800543.866469000	59.9972	260	1
1527800543.883410000	60.0142	87	0
1527800543.990245000	60.121	233	0
1527800543.991710000	60.1225	148	0
1527800543.993356000	60.1241	106	1
1527800543.995761000	60.1265	92	0
1527800543.997197000	60.128	127	0
1527800543.998261000	60.129	103	1
1527800544.304763000	60.4355	389	1
1527800544.304859000	60.4356	263	1
1527800544.322626000	60.4534	87	0
1527800544.471434000	60.6022	305	0
1527800544.472908000	60.6037	148	0
1527800544.474374000	60.6051	106	1
1527800544.475704000	60.6065	92	0
1527800544.477140000	60.6079	291	0
1527800544.478293000	60.6091	103	1
1527800548.357458000	64.4882	389	1
1527800548.357556000	64.4883	262	1
1527800548.375324000	64.5061	87	0
1527800548.541907000	64.6727	255	0
1527800548.543319000	64.6741	148	0
1527800548.544536000	64.6753	106	1
1527800548.546863000	64.6776	92	0
1527800548.548397000	64.6792	258	0
1527800548.549546000	64.6803	103	1
1527800548.749210000	64.88	387	1
1527800548.749285000	64.88	262	1
1527800548.767408000	64.8982	87	0
1527800548.859602000	64.9904	233	0
1527800548.861050000	64.9918	148	0
1527800548.862638000	64.9934	106	1
1527800548.863433000	64.9942	92	0
1527800548.864926000	64.9957	210	0
1527800548.866634000	64.9974	103	1
1527800549.208308000	65.3391	388	1
1527800549.208394000	65.3392	260	1
1527800549.225693000	65.3565	87	0
1527800549.313185000	65.4439	237	0
1527800549.314625000	65.4454	148	0
1527800549.315655000	65.4464	106	1
1527800549.317718000	65.4485	92	0
1527800549.319218000	65.45	309	0
1527800549.320642000	65.4514	103	1
1527800549.428855000	65.5596	392	1
1527800549.428940000	65.5597	258	1
1527800549.447211000	65.578	87	0
1527800549.594604000	65.7254	374	0
1527800549.595961000	65.7267	148	0
1527800549.597671000	65.7284	106	1
1527800549.599378000	65.7301	92	0
1527800549.600872000	65.7316	320	0
1527800549.601574000	65.7323	103	1
1527800550.099896000	66.2307	998	1
1527800550.099989000	66.2307	261	1
1527800550.118109000	66.2489	87	0
1527800550.231158000	66.3619	233	0
1527800550.232575000	66.3633	148	0
1527800550.233662000	66.3644	106	1
1527800550.234019000	66.3648	92	0
1527800550.235444000	66.3662	109	0
1527800550.236623000	66.3674	103	1
1527800550.347772000	66.4785	389	1
1527800550.347863000	66.4786	257	1
1527800550.366040000	66.4968	87	0
1527800550.451596000	66.5824	256	0
1527800550.453070000	66.5838	148	0
1527800550.454673000	66.5854	106	1
1527800550.455412000	66.5862	92	0
1527800550.456850000	66.5876	274	0
1527800550.457629000	66.5884	103	1
1527800550.569598000	66.7004	584	1
1527800550.569683000	66.7004	260	1
1527800550.587542000	66.7183	87	0
1527800550.691706000	66.8225	275	0
1527800550.693184000	66.8239	148	0
1527800550.694741000	66.8255	106	1
1527800550.696129000	66.8269	92	0
1527800550.697611000	66.8284	263	0
1527800550.698653000	66.8294	103	1
1527800550.890696000	67.0215	769	1
1527800550.890772000	67.0215	262	1
1527800550.908492000	67.0393	87	0
1527800551.020554000	67.1513	233	0
1527800551.021982000	67.1527	148	0
1527800551.023751000	67.1545	106	1
1527800551.025003000	67.1558	92	0
1527800551.026382000	67.1571	162	0
1527800551.027665000	67.1584	103	1
1527800551.300109000	67.4309	416	1
1527800551.300201000	67.431	263	1
1527800551.317587000	67.4483	87	0
1527800551.482924000	67.6137	258	0
1527800551.484352000	67.6151	148	0
1527800551.485770000	67.6165	106	1
1527800551.486730000	67.6175	92	0
1527800551.488219000	67.619	279	0
1527800551.489774000	67.6205	103	1
1527800552.159369000	68.2901	390	1
1527800552.159460000	68.2902	263	1
1527800552.176150000	68.3069	87	0
1527800552.268011000	68.3988	312	0
1527800552.269384000	68.4001	148	0
1527800552.270820000	68.4016	106	1
1527800552.271251000	68.402	92	0
1527800552.272688000	68.4034	290	0
1527800552.273737000	68.4045	103	1
1527800552.447899000	68.5787	369	1
1527800552.448004000	68.5788	1412	1
1527800552.448040000	68.5788	1412	1
1527800552.448068000	68.5788	1148	1
1527800552.465471000	68.5962	87	0
1527800552.490032000	68.6208	325	1
1527800552.490098000	68.6209	259	1
1527800552.508303000	68.6391	87	0
1527800552.535638000	68.6664	414	0
1527800552.538874000	68.6696	106	1
1527800552.542113000	68.6729	80	0
1527800552.544773000	68.6755	100	1
1527800552.591649000	68.7224	242	0
1527800552.593089000	68.7238	148	0
1527800552.594804000	68.7256	103	1
1527800552.595374000	68.7261	92	0
1527800552.596799000	68.7276	277	0
1527800552.597758000	68.7285	103	1
1527800552.920108000	69.0509	388	1
1527800552.920202000	69.051	263	1
1527800552.938321000	69.0691	87	0
1527800553.094723000	69.2255	258	0
1527800553.096141000	69.2269	148	0
1527800553.097886000	69.2286	106	1
1527800553.097937000	69.2287	92	0
1527800553.099393000	69.2302	219	0
1527800553.100860000	69.2316	103	1
1527800553.330202000	69.461	393	1
1527800553.330261000	69.461	260	1
1527800553.348664000	69.4794	87	0
1527800553.437271000	69.568	284	0
1527800553.438749000	69.5695	148	0
1527800553.439903000	69.5707	106	1
1527800553.442627000	69.5734	92	0
1527800553.444131000	69.5749	240	0
1527800553.445819000	69.5766	103	1
1527800553.632381000	69.7631	390	1
1527800553.632476000	69.7632	263	1
1527800553.651267000	69.782	87	0
1527800553.746546000	69.8773	232	0
1527800553.748097000	69.8789	148	0
1527800553.749929000	69.8807	106	1
1527800553.750868000	69.8816	92	0
1527800553.752382000	69.8831	289	0
1527800553.753903000	69.8847	103	1
1527800553.882178000	70.0129	388	1
1527800553.882240000	70.013	261	1
1527800553.904382000	70.0351	87	0
1527800554.062917000	70.1937	235	0
1527800554.064383000	70.1951	148	0
1527800554.065917000	70.1967	106	1
1527800554.067163000	70.1979	92	0
1527800554.068655000	70.1994	181	0
1527800554.069846000	70.2006	103	1
1527800554.361516000	70.4923	390	1
1527800554.361593000	70.4924	260	1
1527800554.378770000	70.5095	87	0
1527800554.465265000	70.596	259	0
1527800554.466726000	70.5975	148	0
1527800554.467950000	70.5987	106	1
1527800554.468282000	70.599	92	0
1527800554.470658000	70.6014	164	0
1527800554.470904000	70.6017	103	1
1527800554.801438000	70.9322	996	1
1527800554.801494000	70.9323	261	1
1527800554.819672000	70.9504	87	0
1527800554.910773000	71.0415	351	0
1527800554.912191000	71.0429	148	0
1527800554.913974000	71.0447	106	1
1527800554.914585000	71.0453	92	0
1527800554.915964000	71.0467	295	0
1527800554.916886000	71.0476	103	1
1527800555.212324000	71.3431	390	1
1527800555.212388000	71.3431	262	1
1527800555.229302000	71.3601	87	0
1527800555.326907000	71.4577	232	0
1527800555.328395000	71.4592	148	0
1527800555.330002000	71.4608	106	1
1527800555.332377000	71.4631	92	0
1527800555.333855000	71.4646	97	0
1527800555.334917000	71.4657	103	1
1527800555.449488000	71.5802	565	1
1527800555.449601000	71.5804	1412	1
1527800555.449638000	71.5804	1412	1
1527800555.449666000	71.5804	1412	1
1527800555.449689000	71.5804	1412	1
1527800555.449729000	71.5805	1412	1
1527800555.449776000	71.5805	1412	1
1527800555.449816000	71.5806	1412	1
1527800555.449872000	71.5806	1412	1
1527800555.449895000	71.5807	1412	1
1527800555.449916000	71.5807	1412	1
1527800555.449962000	71.5807	1412	1
1527800555.449998000	71.5808	1412	1
1527800555.450034000	71.5808	1412	1
1527800555.450058000	71.5808	157	1
1527800555.468801000	71.5996	87	0
1527800555.471560000	71.6023	698	1
1527800555.471631000	71.6024	261	1
1527800555.473379000	71.6041	87	0
1527800555.490854000	71.6216	87	0
1527800555.549489000	71.6802	437	0
1527800555.552015000	71.6828	109	1
1527800555.554940000	71.6857	80	0
1527800555.557948000	71.6887	100	1
1527800555.574109000	71.7049	245	0
1527800555.575488000	71.7062	148	0
1527800555.577016000	71.7078	103	1
1527800555.578183000	71.7089	92	0
1527800555.579679000	71.7104	203	0
1527800555.580937000	71.7117	103	1
1527800555.713386000	71.8441	394	1
1527800555.713447000	71.8442	262	1
1527800555.745082000	71.8758	87	0
1527800555.855587000	71.9863	233	0
1527800555.856988000	71.9877	148	0
1527800555.858036000	71.9888	106	1
1527800555.858987000	71.9897	92	0
1527800555.860430000	71.9912	144	0
1527800555.861960000	71.9927	103	1
1527800558.343599000	74.4744	412	1
1527800558.343686000	74.4744	261	1
1527800558.372718000	74.5035	87	0
1527800558.500053000	74.6308	334	0
1527800558.501418000	74.6322	148	0
1527800558.503188000	74.6339	106	1
1527800558.503974000	74.6347	92	0
1527800558.505380000	74.6361	283	0
1527800558.507175000	74.6379	103	1
1527800558.657742000	74.7885	392	1
1527800558.657823000	74.7886	266	1
1527800558.675137000	74.8059	87	0
1527800558.767116000	74.8979	235	0
1527800558.768582000	74.8993	148	0
1527800558.770157000	74.9009	92	0
1527800558.770227000	74.901	106	1
1527800558.771637000	74.9024	154	0
1527800558.773186000	74.9039	103	1
1527800558.924083000	75.0548	389	1
1527800558.924172000	75.0549	259	1
1527800558.946605000	75.0774	87	0
1527800559.112755000	75.2435	233	0
1527800559.114176000	75.2449	148	0
1527800559.115213000	75.246	106	1
1527800559.117948000	75.2487	92	0
1527800559.119378000	75.2501	229	0
1527800559.120130000	75.2509	103	1
1527800559.693725000	75.8245	393	1
1527800559.693824000	75.8246	263	1
1527800559.711097000	75.8419	87	0
1527800559.816024000	75.9468	256	0
1527800559.817474000	75.9482	148	0
1527800559.819220000	75.95	106	1
1527800559.819718000	75.9505	92	0
1527800559.821194000	75.952	172	0
1527800559.822180000	75.9529	103	1
1527800559.953633000	76.0844	388	1
1527800559.953718000	76.0845	262	1
1527800559.980920000	76.1117	87	0
1527800560.140004000	76.2708	259	0
1527800560.141708000	76.2725	148	0
1527800560.143212000	76.274	106	1
1527800560.146326000	76.2771	92	0
1527800560.149192000	76.28	100	1
1527800560.149328000	76.2801	86	0
1527800560.152210000	76.283	100	1
1527800560.363663000	76.4944	393	1
1527800560.363758000	76.4945	269	1
1527800560.381791000	76.5126	87	0
1527800560.543901000	76.6747	281	0
1527800560.545257000	76.676	148	0
1527800560.547232000	76.678	92	0
1527800560.547301000	76.6781	106	1
1527800560.549721000	76.6805	214	0
1527800560.550217000	76.681	103	1
1527800560.787801000	76.9186	392	1
1527800560.787899000	76.9187	264	1
1527800560.804906000	76.9357	87	0
1527800560.908891000	77.0396	235	0
1527800560.910279000	77.041	148	0
1527800560.912258000	77.043	106	1
1527800560.914130000	77.0449	92	0
1527800560.915556000	77.0463	100	0
1527800560.917313000	77.0481	103	1
1527800561.198787000	77.3295	389	1
1527800561.198853000	77.3296	264	1
1527800561.219828000	77.3506	87	0
1527800561.314252000	77.445	233	0
1527800561.315667000	77.4464	148	0
1527800561.317362000	77.4481	106	1
1527800561.319291000	77.4501	92	0
1527800561.320727000	77.4515	191	0
1527800561.322331000	77.4531	103	1
1527800561.609879000	77.7406	993	1
1527800561.609960000	77.7407	266	1
1527800561.627873000	77.7586	87	0
1527800561.734039000	77.8648	260	0
1527800561.735463000	77.8662	148	0
1527800561.737294000	77.8681	106	1
1527800561.739342000	77.8701	92	0
1527800561.740836000	77.8716	156	0
1527800561.742350000	77.8731	103	1
1527800562.019614000	78.1504	389	1
1527800562.019690000	78.1504	266	1
1527800562.038417000	78.1692	87	0
1527800562.134995000	78.2658	347	0
1527800562.136381000	78.2671	148	0
1527800562.138396000	78.2692	106	1
1527800562.140293000	78.2711	92	0
1527800562.141722000	78.2725	119	0
1527800562.143380000	78.2741	103	1
1527800562.328891000	78.4597	582	1
1527800562.328980000	78.4597	264	1
1527800562.347233000	78.478	87	0
1527800562.434386000	78.5651	256	0
1527800562.435831000	78.5666	148	0
1527800562.437409000	78.5682	106	1
1527800562.439584000	78.5703	92	0
1527800562.441022000	78.5718	170	0
1527800562.442321000	78.5731	103	1
1527800562.548959000	78.6797	765	1
1527800562.549044000	78.6798	264	1
1527800562.569654000	78.7004	87	0
1527800562.654126000	78.7849	232	0
1527800562.655540000	78.7863	148	0
1527800562.657143000	78.7879	92	0
1527800562.657367000	78.7881	109	1
1527800562.658654000	78.7894	172	0
1527800562.661466000	78.7922	100	1
1527800562.809702000	78.9405	411	1
1527800562.809794000	78.9406	263	1
1527800562.826897000	78.9577	87	0
1527800562.918128000	79.0489	274	0
1527800562.919560000	79.0503	148	0
1527800562.921361000	79.0521	106	1
1527800562.922939000	79.0537	92	0
1527800562.924374000	79.0551	175	0
1527800562.925346000	79.0561	103	1
1527800563.121009000	79.2518	391	1
1527800563.121105000	79.2519	260	1
1527800563.138384000	79.2691	87	0
1527800563.219680000	79.3504	235	0
1527800563.221107000	79.3519	148	0
1527800563.222431000	79.3532	106	1
1527800563.224730000	79.3555	92	0
1527800563.226166000	79.3569	275	0
1527800563.227364000	79.3581	103	1
1527800563.556536000	79.6873	393	1
1527800563.556626000	79.6874	265	1
1527800563.574691000	79.7055	87	0
1527800563.680986000	79.8117	255	0
1527800563.682384000	79.8131	148	0
1527800563.683444000	79.8142	106	1
1527800563.685319000	79.8161	92	0
1527800563.686755000	79.8175	222	0
1527800563.688413000	79.8192	103	1
1527800563.993026000	80.1238	388	1
1527800563.993114000	80.1239	265	1
1527800564.011277000	80.142	87	0
1527800564.105800000	80.2366	314	0
1527800564.107222000	80.238	148	0
1527800564.108442000	80.2392	106	1
1527800564.110226000	80.241	92	0
1527800564.111592000	80.2424	162	0
1527800564.112417000	80.2432	103	1
1527800564.823002000	80.9538	390	1
1527800564.823069000	80.9538	264	1
1527800564.844935000	80.9757	87	0
1527800564.939390000	81.0701	258	0
1527800564.940802000	81.0716	148	0
1527800564.942478000	81.0732	106	1
1527800564.944618000	81.0754	92	0
1527800564.946050000	81.0768	201	0
1527800564.947465000	81.0782	103	1
1527800565.144767000	81.2755	392	1
1527800565.144841000	81.2756	259	1
1527800565.162828000	81.2936	87	0
1527800565.264712000	81.3955	233	0
1527800565.266138000	81.3969	148	0
1527800565.267536000	81.3983	106	1
1527800565.269757000	81.4005	92	0
1527800565.271191000	81.4019	145	0
1527800565.272505000	81.4033	103	1
1527800567.265340000	83.3961	393	1
1527800567.265436000	83.3962	261	1
1527800567.284166000	83.4149	87	0
1527800567.373436000	83.5042	256	0
1527800567.374849000	83.5056	148	0
1527800567.375801000	83.5066	106	1
1527800567.377082000	83.5078	92	0
1527800567.378529000	83.5093	184	0
1527800567.379804000	83.5106	103	1
1527800567.506781000	83.6375	389	1
1527800567.506856000	83.6376	260	1
1527800567.524811000	83.6556	87	0
1527800567.633183000	83.7639	281	0
1527800567.634601000	83.7654	148	0
1527800567.635890000	83.7666	106	1
1527800567.639179000	83.7699	92	0
1527800567.640612000	83.7714	299	0
1527800567.641811000	83.7726	103	1
1527800568.125285000	84.256	998	1
1527800568.125346000	84.2561	262	1
1527800568.143561000	84.2743	87	0
1527800568.249399000	84.3802	261	0
1527800568.250810000	84.3816	148	0
1527800568.251880000	84.3826	106	1
1527800568.252306000	84.3831	92	0
1527800568.253738000	84.3845	115	0
1527800568.254840000	84.3856	103	1
1527800568.385466000	84.5162	394	1
1527800568.385533000	84.5163	263	1
1527800568.403148000	84.5339	87	0
1527800568.502120000	84.6329	256	0
1527800568.503738000	84.6345	148	0
1527800568.504944000	84.6357	106	1
1527800568.509667000	84.6404	92	0
1527800568.511034000	84.6418	309	0
1527800568.511866000	84.6426	103	1
1527800568.614903000	84.7457	584	1
1527800568.614982000	84.7457	259	1
1527800568.632778000	84.7635	87	0
1527800568.734351000	84.8651	233	0
1527800568.735801000	84.8666	148	0
1527800568.736887000	84.8676	106	1
1527800568.738645000	84.8694	92	0
1527800568.740081000	84.8708	158	0
1527800568.740859000	84.8716	103	1
1527800568.855515000	84.9863	769	1
1527800568.855593000	84.9864	264	1
1527800568.872929000	85.0037	87	0
1527800568.952590000	85.0833	326	1
1527800568.952684000	85.0834	1412	1
1527800568.952721000	85.0835	1412	1
1527800568.952755000	85.0835	1412	1
1527800568.952789000	85.0835	781	1
1527800568.970144000	85.1009	87	0
1527800568.975770000	85.1065	237	0
1527800568.977196000	85.108	148	0
1527800568.978983000	85.1097	109	1
1527800568.979419000	85.1102	92	0
1527800568.980906000	85.1117	263	0
1527800568.981882000	85.1126	103	1
1527800569.042912000	85.1737	468	0
1527800569.045991000	85.1767	100	1
1527800569.050253000	85.181	80	0
1527800569.052967000	85.1837	100	1
1527800569.212081000	85.3428	389	1
1527800569.212155000	85.3429	259	1
1527800569.229539000	85.3603	87	0
1527800569.539951000	85.6707	346	0
1527800569.541367000	85.6721	148	0
1527800569.543019000	85.6738	106	1
1527800569.544849000	85.6756	92	0
1527800569.546285000	85.677	122	0
1527800569.547997000	85.6788	103	1
1527800569.570943000	85.7017	392	1
1527800569.571032000	85.7018	260	1
1527800569.587940000	85.7187	87	0
1527800569.752399000	85.8832	235	0
1527800569.753839000	85.8846	148	0
1527800569.755016000	85.8858	106	1
1527800569.756185000	85.8869	92	0
1527800569.757680000	85.8884	211	0
1527800569.758932000	85.8897	103	1
1527800569.871756000	86.0025	389	1
1527800569.871842000	86.0026	263	1
1527800569.890198000	86.021	87	0
1527800569.967012000	86.0978	233	0
1527800569.968544000	86.0993	148	0
1527800569.970026000	86.1008	106	1
1527800569.970870000	86.1016	92	0
1527800569.972310000	86.1031	302	0
1527800569.974033000	86.1048	103	1
1527800570.141779000	86.2725	389	1
1527800570.141855000	86.2726	260	1
1527800570.158908000	86.2897	87	0
1527800570.242746000	86.3735	232	0
1527800570.244151000	86.3749	148	0
1527800570.245972000	86.3767	106	1
1527800570.247748000	86.3785	92	0
1527800570.249185000	86.3799	201	0
1527800570.249951000	86.3807	103	1
1527800570.551681000	86.6824	387	1
1527800570.551778000	86.6825	262	1
1527800570.569561000	86.7003	87	0
1527800570.675087000	86.8058	335	0
1527800570.676548000	86.8073	148	0
1527800570.678084000	86.8088	106	1
1527800570.678354000	86.8091	92	0
1527800570.679827000	86.8106	102	0
1527800570.680983000	86.8117	103	1
1527800571.072136000	87.2029	393	1
1527800571.072236000	87.203	266	1
1527800571.089727000	87.2205	87	0
1527800571.194502000	87.3253	235	0
1527800571.196164000	87.3269	148	0
1527800571.197097000	87.3279	106	1
1527800571.198056000	87.3288	92	0
1527800571.200281000	87.331	334	0
1527800571.200986000	87.3317	103	1
1527800571.333503000	87.4643	390	1
1527800571.333563000	87.4643	260	1
1527800571.352948000	87.4837	87	0
1527800571.442660000	87.5734	256	0
1527800571.444099000	87.5749	148	0
1527800571.445106000	87.5759	106	1
1527800571.446378000	87.5771	92	0
1527800571.447930000	87.5787	317	0
1527800571.449023000	87.5798	103	1
1527800571.851423000	87.9822	392	1
1527800571.851515000	87.9823	259	1
1527800571.868669000	87.9994	87	0
1527800571.967209000	88.098	233	0
1527800571.968680000	88.0994	148	0
1527800571.970065000	88.1008	106	1
1527800571.970801000	88.1016	92	0
1527800571.972251000	88.103	188	0
1527800571.973043000	88.1038	103	1
1527800572.061506000	88.1923	993	1
1527800572.061584000	88.1923	264	1
1527800572.079359000	88.2101	87	0
1527800572.174179000	88.3049	256	0
1527800572.175645000	88.3064	148	0
1527800572.177161000	88.3079	106	1
1527800572.179262000	88.31	92	0
1527800572.180702000	88.3115	292	0
1527800572.182161000	88.3129	103	1
1527800572.465513000	88.5963	389	1
1527800572.465604000	88.5964	260	1
1527800572.483775000	88.6145	87	0
1527800572.626904000	88.7577	284	0
1527800572.628385000	88.7591	148	0
1527800572.630177000	88.7609	106	1
1527800572.630389000	88.7611	92	0
1527800572.631881000	88.7626	179	0
1527800572.633100000	88.7639	103	1
1527800574.825865000	90.9566	588	1
1527800574.825956000	90.9567	262	1
1527800574.843382000	90.9741	87	0
1527800574.947649000	91.0784	256	0
1527800574.949085000	91.0798	148	0
1527800574.950295000	91.0811	106	1
1527800574.950917000	91.0817	92	0
1527800574.952292000	91.0831	211	0
1527800574.953224000	91.084	103	1
1527800575.240948000	91.3717	765	1
1527800575.241024000	91.3718	260	1
1527800575.268199000	91.399	87	0
1527800575.358480000	91.4892	235	0
1527800575.359952000	91.4907	148	0
1527800575.361337000	91.4921	106	1
1527800575.363160000	91.4939	92	0
1527800575.364593000	91.4954	118	0
1527800575.366345000	91.4971	103	1
1527800575.693488000	91.8242	412	1
1527800575.693555000	91.8243	266	1
1527800575.711036000	91.8418	87	0
1527800575.814350000	91.9451	260	0
1527800575.815892000	91.9467	148	0
1527800575.817379000	91.9481	106	1
1527800575.819266000	91.95	92	0
1527800575.820621000	91.9514	317	0
1527800575.822262000	91.953	103	1
1527800575.958865000	92.0896	393	1
1527800575.958931000	92.0897	263	1
1527800575.976819000	92.1076	87	0
1527800576.082949000	92.2137	305	0
1527800576.084336000	92.2151	148	0
1527800576.085369000	92.2161	106	1
1527800576.088051000	92.2188	92	0
1527800576.089427000	92.2202	85	0
1527800576.090291000	92.2211	103	1
1527800576.619780000	92.7505	394	1
1527800576.619841000	92.7506	264	1
1527800576.638060000	92.7688	87	0
1527800576.755332000	92.8861	256	0
1527800576.756737000	92.8875	148	0
1527800576.758416000	92.8892	106	1
1527800576.758500000	92.8893	92	0
1527800576.760012000	92.8908	333	0
1527800576.761355000	92.8921	103	1
1527800576.930859000	93.0616	389	1
1527800576.930919000	93.0617	263	1
1527800576.948698000	93.0795	87	0
1527800577.051877000	93.1826	321	0
1527800577.053301000	93.1841	148	0
1527800577.054411000	93.1852	106	1
1527800577.056159000	93.1869	92	0
1527800577.057648000	93.1884	115	0
1527800577.058321000	93.1891	103	1
1527800577.299608000	93.4304	392	1
1527800577.299674000	93.4304	260	1
1527800577.317115000	93.4479	87	0
1527800577.423118000	93.5539	256	0
1527800577.424512000	93.5553	148	0
1527800577.426435000	93.5572	106	1
1527800577.427126000	93.5579	92	0
1527800577.428557000	93.5593	95	0
1527800577.429386000	93.5601	103	1
1527800577.759641000	93.8904	389	1
1527800577.759706000	93.8905	263	1
1527800577.776790000	93.9075	87	0
1527800577.873139000	94.0039	233	0
1527800577.874516000	94.0053	148	0
1527800577.876426000	94.0072	106	1
1527800577.877782000	94.0085	92	0
1527800577.879276000	94.01	146	0
1527800577.880399000	94.0112	103	1
1527800578.187121000	94.3179	389	1
1527800578.187186000	94.3179	263	1
1527800578.204488000	94.3352	87	0
1527800578.323931000	94.4547	290	0
1527800578.325355000	94.4561	148	0
1527800578.326450000	94.4572	106	1
1527800578.328322000	94.4591	92	0
1527800578.329753000	94.4605	205	0
1527800578.331440000	94.4622	103	1
1527800578.549596000	94.6804	389	1
1527800578.549695000	94.6805	260	1
1527800578.566873000	94.6976	87	0
1527800578.660249000	94.791	280	0
1527800578.661592000	94.7924	148	0
1527800578.663465000	94.7942	106	1
1527800578.664289000	94.795	92	0
1527800578.665787000	94.7965	176	0
1527800578.667488000	94.7982	103	1
1527800578.852238000	94.983	993	1
1527800578.852331000	94.9831	262	1
1527800578.869852000	95.0006	87	0
1527800578.981510000	95.1123	235	0
1527800578.982976000	95.1137	148	0
1527800578.984509000	95.1153	106	1
1527800578.985457000	95.1162	92	0
1527800578.986931000	95.1177	276	0
1527800578.988495000	95.1193	103	1
1527800579.140600000	95.2714	393	1
1527800579.140682000	95.2714	259	1
1527800579.158719000	95.2895	87	0
1527800579.257018000	95.3878	233	0
1527800579.258448000	95.3892	148	0
1527800579.259522000	95.3903	106	1
1527800579.260762000	95.3915	92	0
1527800579.262252000	95.393	177	0
1527800579.263479000	95.3942	103	1
1527800579.430630000	95.5614	584	1
1527800579.430693000	95.5615	259	1
1527800579.448435000	95.5792	87	0
1527800579.534216000	95.665	256	0
1527800579.535602000	95.6664	148	0
1527800579.537551000	95.6683	106	1
1527800579.553859000	95.6846	92	0
1527800579.555291000	95.686	227	0
1527800579.556487000	95.6872	103	1
1527800579.870781000	96.0015	765	1
1527800579.870842000	96.0016	259	1
1527800579.889874000	96.0206	87	0
1527800579.997026000	96.1278	256	0
1527800579.998497000	96.1293	148	0
1527800579.999527000	96.1303	106	1
1527800580.001267000	96.132	92	0
1527800580.002704000	96.1335	220	0
1527800580.003636000	96.1344	103	1
1527800580.201298000	96.3321	412	1
1527800580.201383000	96.3321	260	1
1527800580.219578000	96.3503	87	0
1527800580.376091000	96.5069	259	0
1527800580.377556000	96.5083	148	0
1527800580.378550000	96.5093	106	1
1527800580.381393000	96.5122	92	0
1527800580.382830000	96.5136	192	0
1527800580.383533000	96.5143	103	1
1527800580.631073000	96.7618	393	1
1527800580.631164000	96.7619	265	1
1527800580.650217000	96.781	87	0
1527800580.751180000	96.8819	256	0
1527800580.753436000	96.8842	148	0
1527800580.753682000	96.8844	106	1
1527800580.755607000	96.8864	92	0
1527800580.757040000	96.8878	117	0
1527800580.758563000	96.8893	103	1
1527800580.962845000	97.0936	389	1
1527800580.962932000	97.0937	259	1
1527800580.980605000	97.1114	87	0
1527800581.141951000	97.2727	232	0
1527800581.143362000	97.2741	148	0
1527800581.144678000	97.2754	106	1
1527800581.153316000	97.2841	92	0
1527800581.154750000	97.2855	256	0
1527800581.155575000	97.2863	103	1
1527800581.405152000	97.5359	392	1
1527800581.405249000	97.536	267	1
1527800581.422381000	97.5531	87	0
1527800581.508125000	97.6389	260	0
1527800581.509559000	97.6403	148	0
1527800581.510693000	97.6415	106	1
1527800581.513970000	97.6447	92	0
1527800581.515358000	97.6461	192	0
1527800581.516626000	97.6474	103	1
1527800581.789952000	97.9207	392	1
1527800581.790049000	97.9208	260	1
1527800581.809115000	97.9399	87	0
1527800581.960113000	98.0909	301	0
1527800581.961539000	98.0923	148	0
1527800581.962722000	98.0935	106	1
1527800581.964641000	98.0954	92	0
1527800581.966141000	98.0969	335	0
1527800581.967705000	98.0985	103	1
1527800582.707395000	98.8382	387	1
1527800582.707462000	98.8382	260	1
1527800582.724979000	98.8557	87	0
1527800582.832626000	98.9634	255	0
1527800582.834039000	98.9648	148	0
1527800582.835763000	98.9665	106	1
1527800582.837058000	98.9678	92	0
1527800582.838548000	98.9693	161	0
1527800582.839685000	98.9704	103	1
1527800582.936859000	99.0676	388	1
1527800582.936952000	99.0677	259	1
1527800582.954943000	99.0857	87	0
1527800583.047511000	99.1783	321	0
1527800583.048964000	99.1797	148	0
1527800583.050777000	99.1815	106	1
1527800583.051380000	99.1821	92	0
1527800583.052864000	99.1836	171	0
1527800583.053689000	99.1844	103	1
1527800583.156775000	99.2875	392	1
1527800583.156866000	99.2876	262	1
1527800583.174398000	99.3052	87	0
1527800583.262641000	99.3934	236	0
1527800583.264057000	99.3948	148	0
1527800583.265817000	99.3966	106	1
1527800583.267654000	99.3984	92	0
1527800583.269090000	99.3998	264	0
1527800583.270778000	99.4015	103	1
1527800583.655086000	99.7858	998	1
1527800583.655149000	99.7859	263	1
1527800583.672158000	99.8029	87	0
1527800583.770798000	99.9016	256	0
1527800583.772250000	99.903	148	0
1527800583.773815000	99.9046	106	1
1527800583.774475000	99.9052	92	0
1527800583.775941000	99.9067	146	0
1527800583.776728000	99.9075	103	1
1527800583.973173000	100.104	389	1
1527800583.973266000	100.104	262	1
1527800583.991326000	100.122	87	0
1527800583.999740000	100.13	87	0
1527800584.112139000	100.243	288	0
1527800584.113558000	100.244	148	0
1527800584.114835000	100.246	109	1
1527800584.116383000	100.247	92	0
1527800584.117922000	100.249	290	0
1527800584.118746000	100.25	103	1
1527800584.396992000	100.528	587	1
1527800584.397080000	100.528	259	1
1527800584.414378000	100.545	87	0
1527800584.528836000	100.66	280	0
1527800584.530260000	100.661	148	0
1527800584.531879000	100.663	106	1
1527800584.532602000	100.663	92	0
1527800584.534043000	100.665	276	0
1527800584.534762000	100.666	103	1
1527800584.695368000	100.826	769	1
1527800584.695460000	100.826	261	1
1527800584.713245000	100.844	87	0
1527800584.825385000	100.956	233	0
1527800584.826812000	100.958	148	0
1527800584.827870000	100.959	106	1
1527800584.829112000	100.96	92	0
1527800584.830548000	100.961	134	0
1527800584.831792000	100.963	103	1
1527800584.911063000	101.042	412	1
1527800584.911123000	101.042	259	1
1527800584.929591000	101.06	87	0
1527800585.237402000	101.368	233	0
1527800585.238821000	101.37	148	0
1527800585.239911000	101.371	106	1
1527800585.241995000	101.373	92	0
1527800585.243384000	101.374	118	0
1527800585.244823000	101.376	103	1
1527800585.359220000	101.49	393	1
1527800585.359311000	101.49	264	1
1527800585.376868000	101.508	87	0
1527800585.490882000	101.622	258	0
1527800585.493710000	101.624	148	0
1527800585.493941000	101.625	106	1
1527800585.497833000	101.629	92	0
1527800585.500687000	101.631	99	0
1527800585.500931000	101.632	103	1
1527800585.786015000	101.917	389	1
1527800585.786078000	101.917	261	1
1527800585.803863000	101.935	87	0
1527800585.906220000	102.037	255	0
1527800585.907707000	102.038	148	0
1527800585.908957000	102.04	106	1
1527800585.910735000	102.041	92	0
1527800585.912170000	102.043	155	0
1527800585.913937000	102.045	103	1
1527800586.456297000	102.587	388	1
1527800586.456391000	102.587	259	1
1527800586.474212000	102.605	87	0
1527800586.561696000	102.692	284	0
1527800586.563125000	102.694	148	0
1527800586.564976000	102.696	106	1
1527800586.565421000	102.696	92	0
1527800586.566903000	102.698	123	0
1527800586.567891000	102.699	103	1
1527800587.790665000	103.921	393	1
1527800587.790762000	103.922	260	1
1527800587.807982000	103.939	87	0
1527800587.906212000	104.037	258	0
1527800587.907746000	104.039	148	0
1527800587.909058000	104.04	106	1
1527800587.909112000	104.04	92	0
1527800587.910631000	104.041	265	0
1527800587.911975000	104.043	103	1
1527800588.040150000	104.171	389	1
1527800588.040215000	104.171	259	1
1527800588.057414000	104.188	87	0
1527800588.147603000	104.278	235	0
1527800588.149035000	104.28	148	0
1527800588.150061000	104.281	106	1
1527800588.152548000	104.283	92	0
1527800588.153981000	104.285	233	0
1527800588.154977000	104.286	103	1
1527800588.400434000	104.531	389	1
1527800588.400528000	104.531	260	1
1527800588.418038000	104.549	87	0
1527800588.523063000	104.654	262	0
1527800588.524473000	104.655	148	0
1527800588.526013000	104.657	106	1
1527800588.526857000	104.658	92	0
1527800588.528349000	104.659	112	0
1527800588.530011000	104.661	103	1
1527800588.670454000	104.801	393	1
1527800588.670549000	104.801	265	1
1527800588.689086000	104.82	87	0
1527800588.840345000	104.971	305	0
1527800588.841761000	104.973	148	0
1527800588.843123000	104.974	106	1
1527800588.844961000	104.976	92	0
1527800588.846384000	104.977	325	0
1527800588.848098000	104.979	103	1
1527800589.141579000	105.272	994	1
1527800589.141658000	105.272	264	1
1527800589.159802000	105.291	87	0
1527800589.235771000	105.367	233	0
1527800589.237150000	105.368	148	0
1527800589.239131000	105.37	106	1
1527800589.240119000	105.371	92	0
1527800589.241606000	105.372	134	0
1527800589.243137000	105.374	103	1
1527800589.585367000	105.716	393	1
1527800589.585462000	105.716	263	1
1527800589.603121000	105.734	87	0
1527800589.711571000	105.842	346	0
1527800589.712979000	105.844	148	0
1527800589.714160000	105.845	106	1
1527800589.714878000	105.846	92	0
1527800589.716314000	105.847	232	0
1527800589.718152000	105.849	103	1
1527800590.011732000	106.142	589	1
1527800590.011822000	106.143	262	1
1527800590.030362000	106.161	87	0
1527800590.193491000	106.324	236	0
1527800590.194907000	106.326	148	0
1527800590.196109000	106.327	106	1
1527800590.197457000	106.328	92	0
1527800590.198890000	106.33	206	0
1527800590.200103000	106.331	103	1
1527800590.393560000	106.524	766	1
1527800590.393639000	106.524	260	1
1527800590.413071000	106.544	87	0
1527800590.575396000	106.706	256	0
1527800590.576822000	106.708	148	0
1527800590.578132000	106.709	106	1
1527800590.579020000	106.71	92	0
1527800590.580457000	106.711	183	0
1527800590.582118000	106.713	103	1
1527800590.821509000	106.952	412	1
1527800590.821600000	106.952	265	1
1527800590.839116000	106.97	87	0
1527800590.933556000	107.064	291	0
1527800590.934980000	107.066	148	0
1527800590.936221000	107.067	106	1
1527800590.936368000	107.067	92	0
1527800590.937908000	107.069	204	0
1527800590.939218000	107.07	103	1
1527800591.691730000	107.822	393	1
1527800591.691827000	107.823	259	1
1527800591.708960000	107.84	87	0
1527800591.791024000	107.922	279	0
1527800591.792391000	107.923	148	0
1527800591.794266000	107.925	106	1
1527800591.795083000	107.926	92	0
1527800591.796482000	107.927	247	0
1527800591.798261000	107.929	103	1
1527800592.023358000	108.154	388	1
1527800592.023431000	108.154	259	1
1527800592.040460000	108.171	87	0
1527800592.144763000	108.276	233	0
1527800592.146246000	108.277	148	0
1527800592.147383000	108.278	106	1
1527800592.147765000	108.279	92	0
1527800592.149252000	108.28	325	0
1527800592.150208000	108.281	103	1
1527800592.436689000	108.567	393	1
1527800592.436745000	108.568	261	1
1527800592.454071000	108.585	87	0
1527800592.538250000	108.669	258	0
1527800592.539678000	108.67	148	0
1527800592.541097000	108.672	92	0
1527800592.541341000	108.672	109	1
1527800592.542556000	108.673	303	0
1527800592.545303000	108.676	100	1
1527800592.864900000	108.996	392	1
1527800592.864993000	108.996	260	1
1527800592.881837000	109.013	87	0
1527800592.976947000	109.108	258	0
1527800592.978378000	109.109	148	0
1527800592.979336000	109.11	106	1
1527800592.981937000	109.113	92	0
1527800592.983301000	109.114	128	0
1527800592.984251000	109.115	103	1
1527800593.284519000	109.415	389	1
1527800593.284584000	109.415	261	1
1527800593.302019000	109.433	87	0
1527800593.462218000	109.593	282	0
1527800593.463645000	109.594	148	0
1527800593.465362000	109.596	106	1
1527800593.467676000	109.598	92	0
1527800593.469135000	109.6	329	0
1527800593.470277000	109.601	103	1
1527800593.834643000	109.965	389	1
1527800593.834708000	109.965	260	1
1527800593.852962000	109.984	87	0
1527800593.943266000	110.074	233	0
1527800593.944696000	110.075	148	0
1527800593.946387000	110.077	106	1
1527800593.951354000	110.082	92	0
1527800593.952849000	110.084	90	0
1527800593.954342000	110.085	103	1
1527800594.335792000	110.467	389	1
1527800594.335883000	110.467	262	1
1527800594.354260000	110.485	87	0
1527800594.444449000	110.575	256	0
1527800594.445930000	110.577	148	0
1527800594.447434000	110.578	106	1
1527800594.449209000	110.58	92	0
1527800594.450649000	110.581	329	0
1527800594.452414000	110.583	103	1
1527800594.624718000	110.755	993	1
1527800594.624810000	110.756	259	1
1527800594.642785000	110.774	87	0
1527800594.740257000	110.871	233	0
1527800594.741686000	110.872	148	0
1527800594.743428000	110.874	106	1
1527800594.744385000	110.875	92	0
1527800594.745827000	110.877	291	0
1527800594.747414000	110.878	103	1
1527800595.044823000	111.176	389	1
1527800595.044885000	111.176	260	1
1527800595.061783000	111.193	87	0
1527800595.170326000	111.301	237	0
1527800595.171744000	111.303	148	0
1527800595.173429000	111.304	106	1
1527800595.176539000	111.307	92	0
1527800595.179425000	111.31	100	1
1527800595.181108000	111.312	90	0
1527800595.183413000	111.314	100	1
1527800595.344664000	111.475	389	1
1527800595.344725000	111.475	259	1
1527800595.361168000	111.492	87	0
1527800595.638662000	111.769	325	0
1527800595.640089000	111.771	148	0
1527800595.641428000	111.772	106	1
1527800595.641988000	111.773	92	0
1527800595.643387000	111.774	265	0
1527800595.644411000	111.775	103	1
1527800595.964742000	112.096	587	1
1527800595.964817000	112.096	264	1
1527800595.982431000	112.113	87	0
1527800596.088178000	112.219	233	0
1527800596.089594000	112.22	148	0
1527800596.091466000	112.222	106	1
1527800596.092444000	112.223	92	0
1527800596.093880000	112.225	167	0
1527800596.095474000	112.226	103	1
1527800596.274708000	112.405	765	1
1527800596.274785000	112.406	260	1
1527800596.292400000	112.423	87	0
1527800596.386546000	112.517	321	0
1527800596.388070000	112.519	148	0
1527800596.389475000	112.52	106	1
1527800596.389581000	112.52	92	0
1527800596.391071000	112.522	177	0
1527800596.392457000	112.523	103	1
1527800596.684863000	112.816	416	1
1527800596.684935000	112.816	263	1
1527800596.703008000	112.834	87	0
1527800596.807969000	112.939	256	0
1527800596.809376000	112.94	148	0
1527800596.810522000	112.941	106	1
1527800596.813177000	112.944	92	0
1527800596.814632000	112.945	265	0
1527800596.815453000	112.946	103	1
1527800597.153404000	113.284	393	1
1527800597.153500000	113.284	262	1
1527800597.171680000	113.302	87	0
1527800597.272749000	113.404	233	0
1527800597.274165000	113.405	148	0
1527800597.275650000	113.406	106	1
1527800597.276192000	113.407	92	0
1527800597.277677000	113.408	233	0
1527800597.279508000	113.41	103	1
1527800597.574987000	113.706	393	1
1527800597.575046000	113.706	261	1
1527800597.604714000	113.735	87	0
1527800597.713856000	113.845	311	0
1527800597.715282000	113.846	148	0
1527800597.716577000	113.847	106	1
1527800597.716733000	113.847	92	0
1527800597.718214000	113.849	149	0
1527800597.719534000	113.85	103	1
1527800597.834130000	113.965	389	1
1527800597.834216000	113.965	264	1
1527800597.851749000	113.983	87	0
1527800597.957309000	114.088	259	0
1527800597.958779000	114.09	148	0
1527800597.960638000	114.091	106	1
1527800597.961761000	114.093	92	0
1527800597.963197000	114.094	260	0
1527800597.964625000	114.095	103	1
1527800598.119941000	114.251	389	1
1527800598.120002000	114.251	262	1
1527800598.137264000	114.268	87	0
1527800598.220967000	114.352	233	0
1527800598.222394000	114.353	148	0
1527800598.223638000	114.354	106	1
1527800598.225601000	114.356	92	0
1527800598.226972000	114.358	114	0
1527800598.228565000	114.359	103	1
1527800598.598028000	114.729	388	1
1527800598.598088000	114.729	261	1
1527800598.615884000	114.747	87	0
1527800598.716601000	114.847	256	0
1527800598.718091000	114.849	148	0
1527800598.719670000	114.85	106	1
1527800598.723277000	114.854	92	0
1527800598.724636000	114.855	89	0
1527800598.725580000	114.856	103	1
