1527745520.191845000	0	295	1
1527745520.210813000	0.0189681	87	0
1527745520.563186000	0.371341	344	0
1527745520.564492000	0.372647	1412	0
1527745520.565821000	0.373976	1412	0
1527745520.567080000	0.375235	1412	0
1527745520.567175000	0.37533	107	1
1527745520.568484000	0.376639	186	0
1527745520.569755000	0.37791	1412	0
1527745520.571076000	0.379231	1412	0
1527745520.571142000	0.379297	104	1
1527745520.572397000	0.380552	1412	0
1527745520.573592000	0.381747	188	0
1527745520.574892000	0.383047	726	0
1527745520.575055000	0.38321	107	1
1527745520.576209000	0.384364	1412	0
1527745520.577601000	0.385756	1412	0
1527745520.578842000	0.386997	694	0
1527745520.580093000	0.388248	104	1
1527745520.580123000	0.388278	1412	0
1527745520.581478000	0.389633	1412	0
1527745520.582713000	0.390868	1412	0
1527745520.584098000	0.392253	104	1
1527745520.584144000	0.392299	1298	0
1527745520.586502000	0.394657	1412	0
1527745520.587825000	0.39598	1412	0
1527745520.588054000	0.396209	104	1
1527745520.589109000	0.397264	1412	0
1527745520.590472000	0.398627	1347	0
1527745520.591705000	0.39986	1412	0
1527745520.593050000	0.401205	1412	0
1527745520.593064000	0.401219	104	1
1527745520.594340000	0.402495	972	0
1527745520.595615000	0.40377	1412	0
1527745520.596923000	0.405078	1017	0
1527745520.597136000	0.405291	107	1
1527745520.598322000	0.406477	1412	0
1527745520.599607000	0.407762	1412	0
1527745520.600957000	0.409112	1412	0
1527745520.602115000	0.41027	104	1
1527745520.602195000	0.41035	1412	0
1527745520.603510000	0.411665	288	0
1527745520.604773000	0.412928	1412	0
1527745520.606078000	0.414233	1412	0
1527745520.606087000	0.414242	104	1
1527745520.607404000	0.415559	1412	0
1527745520.608698000	0.416853	1412	0
1527745520.610013000	0.418168	255	0
1527745520.610026000	0.418181	104	1
1527745520.611334000	0.419489	1412	0
1527745520.612623000	0.420778	1412	0
1527745520.613913000	0.422068	1412	0
1527745520.614155000	0.42231	107	1
1527745520.615134000	0.423289	895	0
1527745520.616488000	0.424643	1412	0
1527745520.617780000	0.425935	1412	0
1527745520.619088000	0.427243	104	1
1527745520.619133000	0.427288	1412	0
1527745520.620477000	0.428632	861	0
1527745520.623090000	0.431245	101	1
1527745521.076512000	0.884667	367	1
1527745521.076596000	0.884751	1412	1
1527745521.076619000	0.884774	916	1
1527745521.077354000	0.885509	218	1
1527745521.099693000	0.907848	87	0
1527745521.193878000	1.00203	258	0
1527745521.195187000	1.00334	1412	0
1527745521.196477000	1.00463	1412	0
1527745521.197829000	1.00598	1412	0
1527745521.198080000	1.00624	110	1
1527745521.199164000	1.00732	1412	0
1527745521.200464000	1.00862	1412	0
1527745521.201732000	1.00989	1169	0
1527745521.203098000	1.01125	92	0
1527745521.203116000	1.01127	104	1
1527745521.204396000	1.01255	244	0
1527745521.205838000	1.01399	372	0
1527745521.207077000	1.01523	104	1
1527745521.207287000	1.01544	80	0
1527745521.211082000	1.01924	98	1
1527745521.367559000	1.17571	214	1
1527745521.386673000	1.19483	87	0
1527745521.660093000	1.46825	425	0
1527745521.661418000	1.46957	1116	0
1527745521.663762000	1.47192	92	0
1527745521.665083000	1.47324	292	0
1527745521.723694000	1.53185	110	1
1527745523.289210000	3.09737	230	1
1527745523.310887000	3.11904	87	0
1527745523.648257000	3.45641	257	0
1527745523.649569000	3.45772	1412	0
1527745523.650853000	3.45901	996	0
1527745523.652120000	3.46028	92	0
1527745523.652298000	3.46045	107	1
1527745523.653439000	3.46159	89	0
1527745523.656700000	3.46485	98	1
1527745523.661536000	3.46969	98	1
1527745524.335508000	4.14366	291	1
1527745524.335612000	4.14377	1412	1
1527745524.335651000	4.14381	1412	1
1527745524.335704000	4.14386	1412	1
1527745524.335741000	4.1439	1412	1
1527745524.335794000	4.14395	1412	1
1527745524.335830000	4.14399	1412	1
1527745524.335880000	4.14404	1412	1
1527745524.335903000	4.14406	1412	1
1527745524.335939000	4.14409	1412	1
1527745524.335972000	4.14413	1412	1
1527745524.336007000	4.14416	1412	1
1527745524.336055000	4.14421	1412	1
1527745524.337301000	4.14546	1281	1
1527745524.356946000	4.1651	87	0
1527745524.360454000	4.16861	87	0
1527745524.529721000	4.33788	467	0
1527745524.532052000	4.34021	80	0
1527745524.533272000	4.34143	107	1
1527745526.105608000	5.91376	325	1
1527745526.105707000	5.91386	1412	1
1527745526.105745000	5.9139	989	1
1527745526.107518000	5.91567	224	1
1527745526.107587000	5.91574	1412	1
1527745526.107612000	5.91577	1412	1
1527745526.107632000	5.91579	768	1
1527745526.127019000	5.93517	165	1
1527745526.128934000	5.93709	101	1
1527745526.131428000	5.93958	87	0
1527745526.146382000	5.95454	104	0
1527745526.149719000	5.95787	101	1
1527745526.256315000	6.06447	397	0
1527745526.260285000	6.06844	80	0
1527745526.260714000	6.06887	101	1
1527745526.302935000	6.11109	501	0
1527745526.304208000	6.11236	304	0
1527745526.305084000	6.11324	118	1
1527745526.305521000	6.11368	219	0
1527745526.307476000	6.11563	264	1
1527745526.323125000	6.13128	87	0
1527745526.685604000	6.49376	898	0
1527745526.686830000	6.49499	1412	0
1527745526.688210000	6.49637	1412	0
1527745526.689561000	6.49772	1412	0
1527745526.689815000	6.49797	110	1
1527745526.690770000	6.49892	186	0
1527745526.692098000	6.50025	1412	0
1527745526.693438000	6.50159	1344	0
1527745526.694786000	6.50294	104	1
1527745526.695035000	6.50319	1412	0
1527745526.696328000	6.50448	1412	0
1527745526.697681000	6.50584	1412	0
1527745526.698783000	6.50694	104	1
1527745526.698907000	6.50706	188	0
1527745526.700203000	6.50836	1220	0
1527745526.701711000	6.50987	1412	0
1527745526.702784000	6.51094	104	1
1527745526.702972000	6.51113	1412	0
1527745526.704252000	6.51241	1412	0
1527745526.705684000	6.51384	1412	0
1527745526.706782000	6.51494	104	1
1527745526.706954000	6.51511	842	0
1527745526.710782000	6.51894	98	1
1527745526.715499000	6.52365	1412	0
1527745526.716774000	6.52493	1412	0
1527745526.718136000	6.52629	1412	0
1527745526.719433000	6.52759	1412	0
1527745526.719783000	6.52794	107	1
1527745526.720738000	6.52889	1412	0
1527745526.722047000	6.5302	1412	0
1527745526.723273000	6.53143	286	0
1527745526.724631000	6.53279	1412	0
1527745526.724846000	6.533	107	1
1527745526.725923000	6.53408	1412	0
1527745526.727171000	6.53533	1412	0
1527745526.728695000	6.53685	1412	0
1527745526.729811000	6.53797	104	1
1527745526.729888000	6.53804	418	0
1527745526.731235000	6.53939	1412	0
1527745526.732540000	6.54069	184	0
1527745526.733793000	6.54195	104	1
1527745526.733872000	6.54203	1412	0
1527745526.735170000	6.54332	1412	0
1527745526.736511000	6.54467	1412	0
1527745526.737785000	6.54594	104	1
1527745526.737819000	6.54597	190	0
1527745526.739148000	6.5473	1198	0
1527745526.740549000	6.5487	1412	0
1527745526.741780000	6.54994	1412	0
1527745526.741782000	6.54994	104	1
1527745526.743134000	6.55129	1412	0
1527745526.744428000	6.55258	1412	0
1527745526.745717000	6.55387	1412	0
1527745526.745730000	6.55388	104	1
1527745526.747020000	6.55518	960	0
1527745526.748434000	6.55659	1412	0
1527745526.749718000	6.55787	1412	0
1527745526.749731000	6.55789	104	1
1527745526.751000000	6.55915	660	0
1527745526.752254000	6.56041	1412	0
1527745526.753526000	6.56168	1412	0
1527745526.753722000	6.56188	107	1
1527745526.754812000	6.56297	327	0
1527745526.756075000	6.56423	342	0
1527745526.758728000	6.56688	101	1
1527745526.835442000	6.6436	1412	0
1527745526.838746000	6.6469	98	1
1527745529.433681000	9.24184	512	1
1527745529.433753000	9.24191	294	1
1527745529.435859000	9.24401	1309	1
1527745529.435943000	9.2441	1412	1
1527745529.435983000	9.24414	1412	1
1527745529.436034000	9.24419	979	1
1527745529.454042000	9.2622	87	0
1527745529.459926000	9.26808	87	0
1527745529.471296000	9.27945	87	0
1527745529.493566000	9.30172	401	1
1527745529.513139000	9.32129	87	0
1527745529.658147000	9.4663	349	0
1527745529.659455000	9.46761	1400	0
1527745529.660814000	9.46897	513	0
1527745529.662104000	9.47026	592	0
1527745529.662887000	9.47104	110	1
1527745529.663422000	9.47158	635	0
1527745529.664865000	9.47302	467	0
1527745529.666296000	9.47445	697	0
1527745529.666882000	9.47504	104	1
1527745529.667634000	9.47579	484	0
1527745529.668942000	9.4771	835	0
1527745529.670226000	9.47838	649	0
1527745529.670885000	9.47904	104	1
1527745529.671661000	9.47982	519	0
1527745529.673057000	9.48121	439	0
1527745529.674350000	9.48251	701	0
1527745529.675084000	9.48324	101	1
1527745529.675632000	9.48379	616	0
1527745529.676988000	9.48514	558	0
1527745529.678433000	9.48659	654	0
1527745529.678885000	9.48704	107	1
1527745529.679716000	9.48787	583	0
1527745529.681007000	9.48916	689	0
1527745529.682899000	9.49105	101	1
1527745529.701791000	9.50995	102	0
1527745529.703071000	9.51123	206	0
1527745529.705897000	9.51405	101	1
1527745529.823749000	9.6319	406	0
1527745529.825051000	9.63321	370	0
1527745529.826336000	9.63449	103	0
1527745529.827798000	9.63595	191	0
1527745529.827966000	9.63612	104	1
1527745529.829080000	9.63724	80	0
1527745529.831968000	9.64012	101	1
1527745531.184056000	10.9922	396	1
1527745531.184131000	10.9923	109	1
1527745531.186352000	10.9945	302	1
1527745531.188423000	10.9966	476	1
1527745531.188487000	10.9966	87	1
1527745531.207715000	11.0159	87	0
1527745531.216924000	11.0251	87	0
1527745531.306695000	11.1149	311	0
1527745531.308029000	11.1162	151	0
1527745531.309988000	11.1181	107	1
1527745531.311539000	11.1197	92	0
1527745531.312833000	11.121	227	0
1527745531.314992000	11.1231	101	1
1527745531.344098000	11.1523	246	0
1527745531.345367000	11.1535	103	0
1527745531.348003000	11.1562	101	1
1527745531.348043000	11.1562	92	0
1527745531.349365000	11.1575	113	0
1527745531.352006000	11.1602	101	1
1527745531.406436000	11.2146	235	0
1527745531.407772000	11.2159	141	0
1527745531.409993000	11.2181	101	1
1527745531.410443000	11.2186	102	0
1527745531.411741000	11.2199	211	0
1527745531.414014000	11.2222	101	1
1527745531.498882000	11.307	484	1
1527745531.498973000	11.3071	94	1
1527745531.499890000	11.308	374	1
1527745531.499948000	11.3081	253	1
1527745531.519781000	11.3279	87	0
1527745531.658626000	11.4668	244	0
1527745531.659909000	11.4681	368	0
1527745531.662020000	11.4702	104	1
1527745531.662200000	11.4704	108	0
1527745531.666053000	11.4742	98	1
1527745532.109163000	11.9173	324	0
1527745532.110502000	11.9187	146	0
1527745532.113104000	11.9213	101	1
1527745532.121068000	11.9292	92	0
1527745532.122413000	11.9306	302	0
1527745532.125095000	11.9332	101	1
1527745532.380633000	12.1888	371	1
1527745532.380763000	12.1889	1412	1
1527745532.380800000	12.189	1412	1
1527745532.380828000	12.189	1412	1
1527745532.380871000	12.189	1412	1
1527745532.380898000	12.1891	1412	1
1527745532.380927000	12.1891	1412	1
1527745532.380974000	12.1891	1412	1
1527745532.381032000	12.1892	1412	1
1527745532.381069000	12.1892	1412	1
1527745532.381103000	12.1893	1412	1
1527745532.381139000	12.1893	1412	1
1527745532.383114000	12.1913	1412	1
1527745532.383153000	12.1913	1412	1
1527745532.383215000	12.1914	1412	1
1527745532.383251000	12.1914	1412	1
1527745532.385104000	12.1933	1412	1
1527745532.385166000	12.1933	1412	1
1527745532.385202000	12.1934	1412	1
1527745532.385260000	12.1934	1412	1
1527745532.387106000	12.1953	1412	1
1527745532.387166000	12.1953	1412	1
1527745532.387211000	12.1954	1412	1
1527745532.389113000	12.1973	1412	1
1527745532.389172000	12.1973	1412	1
1527745532.389209000	12.1974	1412	1
1527745532.389266000	12.1974	1412	1
1527745532.391104000	12.1993	1412	1
1527745532.391166000	12.1993	1412	1
1527745532.391204000	12.1994	1412	1
1527745532.393103000	12.2013	1412	1
1527745532.393162000	12.2013	1412	1
1527745532.393199000	12.2014	1412	1
1527745532.393257000	12.2014	1412	1
1527745532.395107000	12.2033	753	1
1527745532.399033000	12.2072	87	0
1527745532.402893000	12.211	87	0
1527745532.406786000	12.2149	87	0
1527745532.410706000	12.2189	100	0
1527745532.414103000	12.2223	107	1
1527745532.415422000	12.2236	87	0
1527745532.574834000	12.383	358	1
1527745532.575651000	12.3838	294	1
1527745532.580960000	12.3891	376	0
1527745532.585051000	12.3932	101	1
1527745532.587576000	12.3957	80	0
1527745532.591641000	12.3998	98	1
1527745532.596783000	12.4049	87	0
1527745532.604204000	12.4124	87	0
1527745532.614835000	12.423	461	1
1527745532.636702000	12.4449	87	0
1527745532.675246000	12.4834	325	1
1527745532.675331000	12.4835	447	1
1527745532.695376000	12.5035	87	0
1527745532.697572000	12.5057	235	0
1527745532.698850000	12.507	118	0
1527745532.701105000	12.5093	107	1
1527745532.702235000	12.5104	92	0
1527745532.703537000	12.5117	271	0
1527745532.706848000	12.515	278	0
1527745532.707151000	12.5153	104	1
1527745532.708234000	12.5164	279	0
1527745532.712114000	12.5203	98	1
1527745532.720800000	12.529	92	0
1527745532.723063000	12.5312	162	0
1527745532.725094000	12.5332	101	1
1527745532.804111000	12.6123	612	0
1527745532.805397000	12.6136	801	0
1527745532.806663000	12.6148	92	0
1527745532.808024000	12.6162	266	0
1527745532.808121000	12.6163	104	1
1527745532.812143000	12.6203	98	1
1527745533.020590000	12.8287	312	0
1527745533.021874000	12.83	146	0
1527745533.024085000	12.8322	101	1
1527745533.025706000	12.8339	92	0
1527745533.027007000	12.8352	309	0
1527745533.029152000	12.8373	101	1
1527745533.211182000	13.0193	392	1
1527745533.211260000	13.0194	260	1
1527745533.239366000	13.0475	87	0
1527745533.406153000	13.2143	306	0
1527745533.407484000	13.2156	146	0
1527745533.409895000	13.2181	92	0
1527745533.410155000	13.2183	107	1
1527745533.411142000	13.2193	206	0
1527745533.415176000	13.2233	98	1
1527745533.641614000	13.4498	392	1
1527745533.641713000	13.4499	258	1
1527745533.660171000	13.4683	87	0
1527745533.781905000	13.5901	258	0
1527745533.784313000	13.5925	146	0
1527745533.785596000	13.5938	92	0
1527745533.786140000	13.5943	107	1
1527745533.786885000	13.595	297	0
1527745533.790139000	13.5983	98	1
1527745534.071658000	13.8798	529	1
1527745534.071722000	13.8799	258	1
1527745534.090176000	13.8983	87	0
1527745534.254817000	14.063	259	0
1527745534.256091000	14.0642	146	0
1527745534.257841000	14.066	92	0
1527745534.259084000	14.0672	184	0
1527745534.259171000	14.0673	107	1
1527745534.263257000	14.0714	98	1
1527745534.416926000	14.2251	1399	1
1527745534.416987000	14.2251	255	1
1527745534.435889000	14.244	87	0
1527745534.545625000	14.3538	235	0
1527745534.546905000	14.3551	146	0
1527745534.548332000	14.3565	92	0
1527745534.549222000	14.3574	107	1
1527745534.549649000	14.3578	207	0
1527745534.553183000	14.3613	98	1
1527745534.886411000	14.6946	392	1
1527745534.886502000	14.6947	254	1
1527745534.905322000	14.7135	87	0
1527745535.022447000	14.8306	267	0
1527745535.023726000	14.8319	146	0
1527745535.026220000	14.8344	104	1
1527745535.026606000	14.8348	92	0
1527745535.027966000	14.8361	122	0
1527745535.030210000	14.8384	101	1
1527745535.226898000	15.0351	388	1
1527745535.226964000	15.0351	258	1
1527745535.246406000	15.0546	87	0
1527745535.555936000	15.3641	267	0
1527745535.557212000	15.3654	146	0
1527745535.560253000	15.3684	104	1
1527745535.560494000	15.3686	92	0
1527745535.561783000	15.3699	157	0
1527745535.564231000	15.3724	101	1
1527745535.870521000	15.6787	392	1
1527745535.870582000	15.6787	263	1
1527745535.907297000	15.7155	392	1
1527745535.925900000	15.7341	87	0
1527745535.929979000	15.7381	87	0
1527745536.038047000	15.8462	281	0
1527745536.039274000	15.8474	148	0
1527745536.041062000	15.8492	92	0
1527745536.042290000	15.8504	110	1
1527745536.042304000	15.8505	140	0
1527745536.046268000	15.8544	98	1
1527745536.298047000	16.1062	438	1
1527745536.298124000	16.1063	260	1
1527745536.316179000	16.1243	87	0
1527745536.467997000	16.2762	236	0
1527745536.469227000	16.2774	148	0
1527745536.472244000	16.2804	92	0
1527745536.472357000	16.2805	104	1
1527745536.473602000	16.2818	142	0
1527745536.476309000	16.2845	101	1
1527745536.569612000	16.3778	393	1
1527745536.569698000	16.3779	256	1
1527745536.588936000	16.3971	87	0
1527745536.729275000	16.5374	235	0
1527745536.730549000	16.5387	148	0
1527745536.732689000	16.5408	92	0
1527745536.733300000	16.5415	107	1
1527745536.734007000	16.5422	242	0
1527745536.737288000	16.5454	98	1
1527745536.781752000	16.5899	391	1
1527745536.781814000	16.59	259	1
1527745536.800040000	16.6082	87	0
1527745537.101512000	16.9097	301	0
1527745537.102789000	16.9109	148	0
1527745537.105404000	16.9136	104	1
1527745537.105851000	16.914	92	0
1527745537.107074000	16.9152	171	0
1527745537.109382000	16.9175	101	1
1527745537.373820000	17.182	392	1
1527745537.373964000	17.1821	266	1
1527745537.394495000	17.2027	87	0
1527745537.716842000	17.525	235	0
1527745537.718175000	17.5263	148	0
1527745537.720354000	17.5285	104	1
1527745537.720814000	17.529	92	0
1527745537.722119000	17.5303	243	0
1527745537.724362000	17.5325	101	1
1527745537.893637000	17.7018	392	1
1527745537.893715000	17.7019	261	1
1527745537.916155000	17.7243	87	0
1527745538.037347000	17.8455	260	0
1527745538.038621000	17.8468	148	0
1527745538.040612000	17.8488	92	0
1527745538.041442000	17.8496	107	1
1527745538.041933000	17.8501	119	0
1527745538.045350000	17.8535	98	1
1527745538.366725000	18.1749	392	1
1527745538.366811000	18.175	257	1
1527745538.384416000	18.1926	87	0
1527745538.512790000	18.3209	235	0
1527745538.514071000	18.3222	148	0
1527745538.516465000	18.3246	104	1
1527745538.518447000	18.3266	92	0
1527745538.519828000	18.328	96	0
1527745538.522446000	18.3306	101	1
1527745538.758719000	18.5669	530	1
1527745538.758816000	18.567	255	1
1527745538.780567000	18.5887	87	0
1527745538.914116000	18.7223	283	0
1527745538.915391000	18.7235	148	0
1527745538.917746000	18.7259	92	0
1527745538.918450000	18.7266	107	1
1527745538.919057000	18.7272	322	0
1527745538.923441000	18.7316	98	1
1527745539.058807000	18.867	1400	1
1527745539.058860000	18.867	262	1
1527745539.083245000	18.8914	87	0
1527745539.204770000	19.0129	301	0
1527745539.206053000	19.0142	148	0
1527745539.207525000	19.0157	92	0
1527745539.208460000	19.0166	107	1
1527745539.208846000	19.017	313	0
1527745539.212451000	19.0206	98	1
1527745539.474146000	19.2823	391	1
1527745539.474246000	19.2824	264	1
1527745539.495430000	19.3036	87	0
1527745539.788722000	19.5969	330	0
1527745539.790025000	19.5982	148	0
1527745539.791518000	19.5997	92	0
1527745539.792469000	19.6006	107	1
1527745539.792996000	19.6012	183	0
1527745539.796464000	19.6046	98	1
1527745539.952311000	19.7605	393	1
1527745539.952419000	19.7606	260	1
1527745539.972395000	19.7806	87	0
1527745539.975698000	19.7839	87	0
1527745540.106200000	19.9144	258	0
1527745540.107542000	19.9157	148	0
1527745540.110162000	19.9183	92	0
1527745540.110552000	19.9187	110	1
1527745540.111467000	19.9196	232	0
1527745540.115547000	19.9237	98	1
1527745540.391122000	20.1993	388	1
1527745540.391189000	20.1993	256	1
1527745540.411071000	20.2192	87	0
1527745540.540833000	20.349	233	0
1527745540.542110000	20.3503	148	0
1527745540.543771000	20.3519	92	0
1527745540.544506000	20.3527	107	1
1527745540.545086000	20.3532	120	0
1527745540.548521000	20.3567	98	1
1527745540.898734000	20.7069	437	1
1527745540.898818000	20.707	256	1
1527745540.919298000	20.7275	87	0
1527745541.072550000	20.8807	256	0
1527745541.073874000	20.882	148	0
1527745541.075227000	20.8834	92	0
1527745541.076519000	20.8847	223	0
1527745541.076566000	20.8847	107	1
1527745541.080567000	20.8887	98	1
1527745541.257122000	21.0653	386	1
1527745541.257201000	21.0654	257	1
1527745541.294611000	21.1028	386	1
1527745541.322460000	21.1306	87	0
1527745541.357920000	21.1661	87	0
1527745541.439855000	21.248	243	0
1527745541.441129000	21.2493	148	0
1527745541.442949000	21.2511	92	0
1527745541.443606000	21.2518	110	1
1527745541.444272000	21.2524	250	0
1527745541.447561000	21.2557	98	1
1527745541.748441000	21.5566	388	1
1527745541.748538000	21.5567	261	1
1527745541.770619000	21.5788	87	0
1527745542.121375000	21.9295	292	0
1527745542.122718000	21.9309	148	0
1527745542.124463000	21.9326	92	0
1527745542.125701000	21.9339	170	0
1527745542.125715000	21.9339	107	1
1527745542.129673000	21.9378	98	1
1527745542.209024000	22.0172	392	1
1527745542.209101000	22.0173	258	1
1527745542.227702000	22.0359	87	0
1527745542.342219000	22.1504	255	0
1527745542.343558000	22.1517	148	0
1527745542.344843000	22.153	92	0
1527745542.345709000	22.1539	107	1
1527745542.346164000	22.1543	327	0
1527745542.349700000	22.1579	98	1
1527745542.741014000	22.5492	388	1
1527745542.741076000	22.5492	261	1
1527745542.761002000	22.5692	87	0
1527745542.879469000	22.6876	259	0
1527745542.880685000	22.6888	148	0
1527745542.882985000	22.6911	92	0
1527745542.883741000	22.6919	107	1
1527745542.884271000	22.6924	242	0
1527745542.887646000	22.6958	98	1
1527745543.003015000	22.8112	388	1
1527745543.003104000	22.8113	262	1
1527745543.022848000	22.831	87	0
1527745543.038485000	22.8466	87	0
1527745543.148229000	22.9564	235	0
1527745543.149509000	22.9577	148	0
1527745543.151700000	22.9599	107	1
1527745543.151744000	22.9599	92	0
1527745543.153069000	22.9612	105	0
1527745543.155699000	22.9639	101	1
1527745543.234099000	23.0423	391	1
1527745543.234191000	23.0423	259	1
1527745543.252705000	23.0609	87	0
1527745543.367173000	23.1753	275	0
1527745543.368572000	23.1767	148	0
1527745543.370639000	23.1788	92	0
1527745543.370701000	23.1789	104	1
1527745543.371949000	23.1801	124	0
1527745543.374750000	23.1829	101	1
1527745543.643417000	23.4516	529	1
1527745543.643484000	23.4516	260	1
1527745543.664039000	23.4722	87	0
1527745543.830391000	23.6385	257	0
1527745543.831665000	23.6398	148	0
1527745543.833044000	23.6412	92	0
1527745543.834715000	23.6429	107	1
1527745543.835132000	23.6433	176	0
1527745543.838735000	23.6469	98	1
1527745543.903086000	23.7112	399	1
1527745543.903174000	23.7113	258	1
1527745543.949782000	23.7579	399	1
1527745543.959327000	23.7675	87	0
1527745543.972156000	23.7803	87	0
1527745544.046278000	23.8544	236	0
1527745544.047605000	23.8558	148	0
1527745544.049002000	23.8572	92	0
1527745544.049714000	23.8579	110	1
1527745544.050321000	23.8585	211	0
1527745544.053792000	23.8619	98	1
1527745544.173426000	23.9816	1389	1
1527745544.173518000	23.9817	261	1
1527745544.193398000	24.0016	87	0
1527745544.199635000	24.0078	87	0
1527745544.336500000	24.1447	233	0
1527745544.337895000	24.146	148	0
1527745544.340251000	24.1484	92	0
1527745544.340798000	24.149	110	1
1527745544.341589000	24.1497	243	0
1527745544.345821000	24.154	98	1
1527745544.594138000	24.4023	391	1
1527745544.594214000	24.4024	266	1
1527745544.612785000	24.4209	87	0
1527745544.933774000	24.7419	283	0
1527745544.935004000	24.7432	148	0
1527745544.937838000	24.746	104	1
1527745544.938186000	24.7463	92	0
1527745544.939542000	24.7477	255	0
1527745544.941826000	24.75	101	1
1527745545.118206000	24.9264	389	1
1527745545.118267000	24.9264	258	1
1527745545.137208000	24.9454	87	0
1527745545.451980000	25.2601	302	0
1527745545.453232000	25.2614	148	0
1527745545.455481000	25.2636	92	0
1527745545.455836000	25.264	107	1
1527745545.456835000	25.265	213	0
1527745545.460871000	25.269	98	1
1527745545.568857000	25.377	439	1
1527745545.568945000	25.3771	267	1
1527745545.588332000	25.3965	87	0
1527745545.693586000	25.5017	302	0
1527745545.694807000	25.503	148	0
1527745545.697454000	25.5056	92	0
1527745545.697891000	25.506	107	1
1527745545.698956000	25.5071	210	0
1527745545.702813000	25.511	98	1
1527745545.831351000	25.6395	387	1
1527745545.831428000	25.6396	261	1
1527745545.861365000	25.6695	87	0
1527745545.863174000	25.6713	87	0
1527745545.961678000	25.7698	282	0
1527745545.962973000	25.7711	148	0
1527745545.964446000	25.7726	92	0
1527745545.965855000	25.774	110	1
1527745545.965867000	25.774	91	0
1527745545.969904000	25.7781	98	1
1527745546.244082000	26.0522	392	1
1527745546.244169000	26.0523	265	1
1527745546.268237000	26.0764	87	0
1527745546.417628000	26.2258	233	0
1527745546.418835000	26.227	148	0
1527745546.421936000	26.2301	104	1
1527745546.421942000	26.2301	92	0
1527745546.423385000	26.2315	101	0
1527745546.425912000	26.2341	101	1
1527745546.716185000	26.5243	391	1
1527745546.716239000	26.5244	256	1
1527745546.747066000	26.5552	87	0
1527745547.062905000	26.8711	260	0
1527745547.064172000	26.8723	148	0
1527745547.066966000	26.8751	104	1
1527745547.067770000	26.8759	92	0
1527745547.069070000	26.8772	146	0
1527745547.071955000	26.8801	101	1
1527745547.143072000	26.9512	393	1
1527745547.143165000	26.9513	260	1
1527745547.189970000	26.9981	393	1
1527745547.193495000	27.0017	87	0
1527745547.225593000	27.0337	87	0
1527745547.302940000	27.1111	243	0
1527745547.304218000	27.1124	148	0
1527745547.306801000	27.115	92	0
1527745547.307049000	27.1152	110	1
1527745547.308160000	27.1163	137	0
1527745547.311971000	27.1201	98	1
1527745547.568728000	27.3769	391	1
1527745547.568799000	27.377	257	1
1527745547.589595000	27.3978	87	0
1527745547.594904000	27.4031	87	0
1527745547.916950000	27.7251	291	0
1527745547.918246000	27.7264	148	0
1527745547.919976000	27.7281	92	0
1527745547.921025000	27.7292	110	1
1527745547.921393000	27.7295	192	0
1527745547.925001000	27.7332	98	1
1527745547.999125000	27.8073	530	1
1527745547.999214000	27.8074	261	1
1527745548.036445000	27.8446	87	0
1527745548.148781000	27.9569	257	0
1527745548.150011000	27.9582	148	0
1527745548.152784000	27.9609	92	0
1527745548.153042000	27.9612	107	1
1527745548.154103000	27.9623	186	0
1527745548.157947000	27.9661	98	1
1527745548.410389000	28.2185	404	1
1527745548.410483000	28.2186	262	1
1527745548.433151000	28.2413	87	0
1527745548.552185000	28.3603	235	0
1527745548.553405000	28.3616	148	0
1527745548.556052000	28.3642	104	1
1527745548.556530000	28.3647	92	0
1527745548.557887000	28.366	280	0
1527745548.560003000	28.3682	101	1
1527745548.662337000	28.4705	1383	1
1527745548.662433000	28.4706	257	1
1527745548.680426000	28.4886	100	0
1527745548.683491000	28.4916	87	0
1527745548.684040000	28.4922	101	1
1527745548.849877000	28.658	259	0
1527745548.851148000	28.6593	148	0
1527745548.852919000	28.6611	92	0
1527745548.854070000	28.6622	104	1
1527745548.854175000	28.6623	176	0
1527745548.858049000	28.6662	98	1
1527745549.235701000	29.0439	392	1
1527745549.235792000	29.0439	266	1
1527745549.255671000	29.0638	87	0
1527745549.549066000	29.3572	277	0
1527745549.550302000	29.3585	148	0
1527745549.553112000	29.3613	104	1
1527745549.553605000	29.3618	92	0
1527745549.554909000	29.3631	310	0
1527745549.557107000	29.3653	101	1
1527745549.662410000	29.4706	391	1
1527745549.662504000	29.4707	258	1
1527745549.681637000	29.4898	87	0
1527745549.691662000	29.4998	87	0
1527745549.793917000	29.6021	260	0
1527745549.795131000	29.6033	148	0
1527745549.797770000	29.6059	92	0
1527745549.798049000	29.6062	110	1
1527745549.799138000	29.6073	224	0
1527745549.803116000	29.6113	98	1
1527745549.893515000	29.7017	441	1
1527745549.893576000	29.7017	259	1
1527745549.929422000	29.7376	87	0
1527745549.933356000	29.7415	87	0
1527745550.059052000	29.8672	235	0
1527745550.060263000	29.8684	148	0
1527745550.061839000	29.87	92	0
1527745550.063094000	29.8712	172	0
1527745550.063174000	29.8713	110	1
1527745550.067145000	29.8753	98	1
1527745550.165955000	29.9741	388	1
1527745550.166050000	29.9742	260	1
1527745550.197830000	30.006	87	0
1527745550.342383000	30.1505	235	0
1527745550.343658000	30.1518	148	0
1527745550.346006000	30.1542	92	0
1527745550.346156000	30.1543	104	1
1527745550.347391000	30.1555	285	0
1527745550.350091000	30.1582	101	1
1527745550.428751000	30.2369	388	1
1527745550.428836000	30.237	256	1
1527745550.446518000	30.2547	87	0
1527745550.582633000	30.3908	259	0
1527745550.583835000	30.392	148	0
1527745550.585657000	30.3938	92	0
1527745550.586217000	30.3944	107	1
1527745550.586981000	30.3951	317	0
1527745550.591150000	30.3993	98	1
1527745550.875289000	30.6834	388	1
1527745550.875368000	30.6835	262	1
1527745550.918407000	30.7266	87	0
1527745551.046086000	30.8542	326	0
1527745551.047430000	30.8556	148	0
1527745551.050127000	30.8583	104	1
1527745551.050225000	30.8584	92	0
1527745551.051512000	30.8597	130	0
1527745551.054143000	30.8623	101	1
1527745551.290837000	31.099	388	1
1527745551.290907000	31.0991	262	1
1527745551.343146000	31.1513	388	1
1527745551.349800000	31.158	87	0
1527745551.359007000	31.1672	87	0
1527745551.364195000	31.1724	87	0
1527745551.469791000	31.2779	305	0
1527745551.471065000	31.2792	148	0
1527745551.473188000	31.2813	92	0
1527745551.474201000	31.2824	113	1
1527745551.474578000	31.2827	241	0
1527745551.478245000	31.2864	98	1
1527745551.702533000	31.5107	392	1
1527745551.702624000	31.5108	263	1
1527745551.726563000	31.5347	87	0
1527745551.863916000	31.6721	283	0
1527745551.865153000	31.6733	148	0
1527745551.866689000	31.6748	92	0
1527745551.868062000	31.6762	202	0
1527745551.868310000	31.6765	110	1
1527745551.900340000	31.7085	283	0
1527745551.904197000	31.7124	98	1
1527745552.133952000	31.9421	393	1
1527745552.134014000	31.9422	261	1
1527745552.152738000	31.9609	87	0
1527745552.280141000	32.0883	235	0
1527745552.281380000	32.0895	148	0
1527745552.282784000	32.0909	92	0
1527745552.284078000	32.0922	153	0
1527745552.284292000	32.0924	110	1
1527745552.551620000	32.3598	529	1
1527745552.551708000	32.3599	259	1
1527745552.571977000	32.3801	87	0
1527745552.733070000	32.5412	237	0
1527745552.734342000	32.5425	148	0
1527745552.736722000	32.5449	92	0
1527745552.737224000	32.5454	107	1
1527745552.738142000	32.5463	131	0
1527745552.742208000	32.5504	98	1
1527745552.870453000	32.6786	402	1
1527745552.870521000	32.6787	258	1
1527745552.889544000	32.6977	87	0
1527745553.191792000	32.9999	265	0
1527745553.193014000	33.0012	148	0
1527745553.195271000	33.0034	104	1
1527745553.195478000	33.0036	92	0
1527745553.196776000	33.0049	164	0
1527745553.199243000	33.0074	101	1
1527745553.283440000	33.0916	1386	1
1527745553.283498000	33.0917	260	1
1527745553.306887000	33.115	87	0
1527745553.438935000	33.2471	265	0
1527745553.440171000	33.2483	148	0
1527745553.442483000	33.2506	92	0
1527745553.443282000	33.2514	107	1
1527745553.443798000	33.252	212	0
1527745553.447275000	33.2554	98	1
1527745553.813865000	33.622	390	1
1527745553.813930000	33.6221	257	1
1527745553.853211000	33.6614	87	0
1527745553.856914000	33.6651	87	0
1527745553.977036000	33.7852	279	0
1527745553.978323000	33.7865	148	0
1527745553.979860000	33.788	92	0
1527745553.981161000	33.7893	259	0
1527745553.981427000	33.7896	113	1
1527745554.074394000	33.8825	392	1
1527745554.074468000	33.8826	262	1
1527745554.092110000	33.9003	87	0
1527745554.101330000	33.9095	87	0
1527745554.206174000	34.0143	233	0
1527745554.207540000	34.0157	148	0
1527745554.210324000	34.0185	92	0
1527745554.210379000	34.0185	107	1
1527745554.211577000	34.0197	252	0
1527745554.214324000	34.0225	101	1
1527745554.345722000	34.1539	440	1
1527745554.345809000	34.154	259	1
1527745554.374023000	34.1822	87	0
1527745554.528637000	34.3368	236	0
1527745554.529931000	34.3381	148	0
1527745554.532093000	34.3402	92	0
1527745554.532334000	34.3405	107	1
1527745554.533524000	34.3417	148	0
1527745554.537424000	34.3456	98	1
1527745554.784674000	34.5928	389	1
1527745554.784766000	34.5929	259	1
1527745554.805889000	34.614	87	0
1527745554.915182000	34.7233	298	0
1527745554.916411000	34.7246	148	0
1527745554.919161000	34.7273	92	0
1527745554.919392000	34.7275	107	1
1527745554.920430000	34.7286	262	0
1527745554.924398000	34.7326	98	1
1527745555.284807000	35.093	391	1
1527745555.284895000	35.0931	265	1
1527745555.306196000	35.1144	87	0
1527745555.310400000	35.1186	87	0
1527745555.430188000	35.2383	236	0
1527745555.431467000	35.2396	148	0
1527745555.433629000	35.2418	92	0
1527745555.434436000	35.2426	110	1
1527745555.434948000	35.2431	313	0
1527745555.438420000	35.2466	98	1
1527745555.670684000	35.4788	390	1
1527745555.670771000	35.4789	261	1
1527745555.691926000	35.5001	87	0
1527745555.813187000	35.6213	258	0
1527745555.814538000	35.6227	148	0
1527745555.816007000	35.6242	92	0
1527745555.817394000	35.6255	155	0
1527745555.817447000	35.6256	107	1
1527745555.821442000	35.6296	98	1
1527745555.980008000	35.7882	389	1
1527745555.980074000	35.7882	257	1
1527745556.010422000	35.8186	87	0
1527745556.015892000	35.824	87	0
1527745556.120686000	35.9288	233	0
1527745556.121914000	35.9301	148	0
1527745556.124108000	35.9323	92	0
1527745556.124400000	35.9326	110	1
1527745556.125427000	35.9336	214	0
1527745556.129467000	35.9376	98	1
1527745558.294315000	38.1025	388	1
1527745558.294396000	38.1026	261	1
1527745558.314569000	38.1227	87	0
1527745558.604173000	38.4123	283	0
1527745558.605456000	38.4136	148	0
1527745558.607378000	38.4155	92	0
1527745558.608623000	38.4168	107	1
1527745558.608672000	38.4168	228	0
1527745558.612607000	38.4208	98	1
1527745558.772939000	38.5811	388	1
1527745558.773031000	38.5812	265	1
1527745558.794683000	38.6028	87	0
1527745558.921097000	38.7293	329	0
1527745558.922388000	38.7305	148	0
1527745558.924448000	38.7326	92	0
1527745558.924674000	38.7328	107	1
1527745558.925773000	38.7339	277	0
1527745558.929645000	38.7378	98	1
1527745559.165505000	38.9737	534	1
1527745559.165596000	38.9738	261	1
1527745559.186361000	38.9945	87	0
1527745559.509167000	39.3173	305	0
1527745559.510504000	39.3187	148	0
1527745559.512209000	39.3204	92	0
1527745559.512664000	39.3208	107	1
1527745559.513577000	39.3217	176	0
1527745559.517591000	39.3257	98	1
1527745559.584309000	39.3925	400	1
1527745559.584401000	39.3926	265	1
1527745559.609643000	39.4178	87	0
1527745559.726099000	39.5343	256	0
1527745559.727447000	39.5356	148	0
1527745559.729678000	39.5378	104	1
1527745559.731645000	39.5398	92	0
1527745559.732981000	39.5411	169	0
1527745559.735668000	39.5438	101	1
1527745559.825223000	39.6334	1386	1
1527745559.825315000	39.6335	260	1
1527745559.862386000	39.6705	87	0
1527745559.969366000	39.7775	256	0
1527745559.970586000	39.7787	148	0
1527745559.973705000	39.7819	104	1
1527745559.974057000	39.7822	92	0
1527745559.975349000	39.7835	155	0
1527745559.977625000	39.7858	101	1
1527745560.076077000	39.8842	389	1
1527745560.076139000	39.8843	258	1
1527745560.101617000	39.9098	87	0
1527745560.405346000	40.2135	232	0
1527745560.406567000	40.2147	148	0
1527745560.408868000	40.217	92	0
1527745560.409719000	40.2179	107	1
1527745560.410118000	40.2183	142	0
1527745560.413729000	40.2219	98	1
1527745560.647348000	40.4555	386	1
1527745560.647435000	40.4556	259	1
1527745560.669034000	40.4772	87	0
1527745560.814108000	40.6223	267	0
1527745560.815381000	40.6235	148	0
1527745560.817712000	40.6259	104	1
1527745560.818122000	40.6263	92	0
1527745560.819429000	40.6276	251	0
1527745560.821714000	40.6299	101	1
1527745561.073316000	40.8815	441	1
1527745561.073446000	40.8816	263	1
1527745561.091583000	40.8997	87	0
1527745561.222899000	41.0311	265	0
1527745561.224175000	41.0323	148	0
1527745561.225458000	41.0336	92	0
1527745561.226756000	41.0349	281	0
1527745561.226832000	41.035	107	1
1527745561.230720000	41.0389	98	1
1527745561.429376000	41.2375	391	1
1527745561.429435000	41.2376	257	1
1527745561.450853000	41.259	87	0
1527745561.459365000	41.2675	87	0
1527745561.565882000	41.374	257	0
1527745561.567101000	41.3753	148	0
1527745561.569738000	41.3779	92	0
1527745561.569787000	41.3779	107	1
1527745561.571057000	41.3792	234	0
1527745561.573777000	41.3819	101	1
1527745561.727400000	41.5356	388	1
1527745561.727465000	41.5356	258	1
1527745561.751321000	41.5595	87	0
1527745561.752762000	41.5609	87	0
1527745562.074797000	41.883	257	0
1527745562.076099000	41.8843	148	0
1527745562.078820000	41.887	107	1
1527745562.080012000	41.8882	92	0
1527745562.081273000	41.8894	202	0
1527745562.083822000	41.892	101	1
1527745562.202907000	42.0111	388	1
1527745562.202998000	42.0112	261	1
1527745562.222989000	42.0311	87	0
1527745562.528386000	42.3365	233	0
1527745562.529605000	42.3378	148	0
1527745562.531947000	42.3401	92	0
1527745562.532840000	42.341	107	1
1527745562.533426000	42.3416	289	0
1527745562.536753000	42.3449	98	1
1527745562.594004000	42.4022	388	1
1527745562.594079000	42.4022	260	1
1527745562.613458000	42.4216	87	0
1527745562.742178000	42.5503	275	0
1527745562.743452000	42.5516	148	0
1527745562.745821000	42.554	92	0
1527745562.745909000	42.5541	104	1
1527745562.747169000	42.5553	144	0
1527745562.749860000	42.558	101	1
1527745562.826908000	42.6351	388	1
1527745562.826978000	42.6351	257	1
1527745562.846837000	42.655	87	0
1527745563.048188000	42.8563	256	0
1527745563.049399000	42.8576	148	0
1527745563.050752000	42.8589	92	0
1527745563.051869000	42.86	107	1
1527745563.052071000	42.8602	158	0
1527745563.055797000	42.864	98	1
1527745563.154941000	42.9631	389	1
1527745563.155033000	42.9632	259	1
1527745563.175805000	42.984	87	0
1527745563.477497000	43.2857	233	0
1527745563.480041000	43.2882	148	0
1527745563.481896000	43.2901	104	1
1527745563.482168000	43.2903	92	0
1527745563.483497000	43.2917	272	0
1527745563.485884000	43.294	101	1
1527745563.595299000	43.4035	533	1
1527745563.595359000	43.4035	264	1
1527745563.616165000	43.4243	87	0
1527745563.744188000	43.5523	233	0
1527745563.745512000	43.5537	148	0
1527745563.747905000	43.5561	104	1
1527745563.750078000	43.5582	92	0
1527745563.751380000	43.5595	280	0
1527745563.753835000	43.562	101	1
1527745563.912307000	43.7205	400	1
1527745563.912368000	43.7205	257	1
1527745563.951934000	43.7601	400	1
1527745563.964913000	43.7731	87	0
1527745563.977891000	43.786	87	0
1527745563.988380000	43.7965	87	0
1527745564.248835000	44.057	281	0
1527745564.250174000	44.0583	148	0
1527745564.252761000	44.0609	92	0
1527745564.252996000	44.0612	113	1
1527745564.254011000	44.0622	218	0
1527745564.257950000	44.0661	98	1
1527745564.421462000	44.2296	1387	1
1527745564.421552000	44.2297	260	1
1527745564.441202000	44.2494	87	0
1527745564.445168000	44.2533	87	0
1527745564.567826000	44.376	302	0
1527745564.569104000	44.3773	148	0
1527745564.571699000	44.3799	92	0
1527745564.571924000	44.3801	110	1
1527745564.572960000	44.3811	102	0
1527745564.576952000	44.3851	98	1
1527745564.863601000	44.6718	390	1
1527745564.863698000	44.6719	267	1
1527745564.885839000	44.694	87	0
1527745564.996637000	44.8048	328	0
1527745564.997975000	44.8061	148	0
1527745564.999503000	44.8077	92	0
1527745565.000795000	44.8089	236	0
1527745565.000986000	44.8091	110	1
1527745565.195125000	45.0033	393	1
1527745565.195220000	45.0034	256	1
1527745565.216315000	45.0245	87	0
1527745565.338407000	45.1466	256	0
1527745565.339702000	45.1479	148	0
1527745565.341738000	45.1499	92	0
1527745565.341992000	45.1501	107	1
1527745565.342987000	45.1511	146	0
1527745565.347037000	45.1552	98	1
1527745567.340491000	47.1486	436	1
1527745567.340582000	47.1487	259	1
1527745567.382142000	47.1903	87	0
1527745567.499482000	47.3076	256	0
1527745567.500717000	47.3089	148	0
1527745567.502529000	47.3107	92	0
1527745567.503444000	47.3116	107	1
1527745567.503906000	47.3121	155	0
1527745567.507450000	47.3156	98	1
1527745567.710881000	47.519	391	1
1527745567.710956000	47.5191	261	1
1527745567.732492000	47.5406	87	0
1527745567.847416000	47.6556	257	0
1527745567.848643000	47.6568	148	0
1527745567.850169000	47.6583	92	0
1527745567.851499000	47.6597	152	0
1527745567.851589000	47.6597	107	1
1527745567.855516000	47.6637	98	1
1527745568.011851000	47.82	388	1
1527745568.011941000	47.8201	261	1
1527745568.030520000	47.8387	87	0
1527745568.141205000	47.9494	244	0
1527745568.142510000	47.9507	148	0
1527745568.144517000	47.9527	92	0
1527745568.145540000	47.9537	107	1
1527745568.145847000	47.954	275	0
1527745568.149557000	47.9577	98	1
1527745568.520090000	48.3282	392	1
1527745568.520156000	48.3283	258	1
1527745568.539380000	48.3475	87	0
1527745568.669465000	48.4776	265	0
1527745568.670748000	48.4789	148	0
1527745568.673604000	48.4818	104	1
1527745568.675169000	48.4833	92	0
1527745568.676490000	48.4846	140	0
1527745568.678579000	48.4867	101	1
1527745570.593786000	50.4019	368	1
1527745570.593878000	50.402	1412	1
1527745570.593918000	50.4021	1412	1
1527745570.593970000	50.4021	1412	1
1527745570.593989000	50.4021	253	1
1527745570.630625000	50.4388	87	0
1527745570.640012000	50.4482	87	0
1527745570.737688000	50.5458	415	0
1527745570.741693000	50.5498	104	1
1527745570.744549000	50.5527	80	0
1527745570.748615000	50.5568	98	1
1527745570.794790000	50.6029	391	1
1527745570.794872000	50.603	257	1
1527745570.813730000	50.6219	87	0
1527745570.944189000	50.7523	323	0
1527745570.945468000	50.7536	148	0
1527745570.947688000	50.7558	104	1
1527745570.950096000	50.7583	92	0
1527745570.951399000	50.7596	94	0
1527745570.953618000	50.7618	101	1
1527745570.991622000	50.7998	323	0
1527745570.995669000	50.8038	98	1
1527745571.013694000	50.8218	530	1
1527745571.013775000	50.8219	256	1
1527745571.056904000	50.8651	87	0
1527745571.185188000	50.9933	232	0
1527745571.186441000	50.9946	148	0
1527745571.187962000	50.9961	92	0
1527745571.188704000	50.9969	107	1
1527745571.189202000	50.9974	303	0
1527745571.192714000	51.0009	98	1
1527745571.303493000	51.1116	399	1
1527745571.303554000	51.1117	260	1
1527745571.357719000	51.1659	87	0
1527745571.357810000	51.166	399	1
1527745571.397047000	51.2052	87	0
1527745571.469407000	51.2776	237	0
1527745571.470629000	51.2788	148	0
1527745571.473708000	51.2819	107	1
1527745571.481353000	51.2895	92	0
1527745571.482650000	51.2908	334	0
1527745571.484707000	51.2929	101	1
1527745571.743139000	51.5513	1388	1
1527745571.743214000	51.5514	259	1
1527745571.763123000	51.5713	87	0
1527745571.808604000	51.6168	87	0
1527745571.894745000	51.7029	257	0
1527745571.896083000	51.7042	148	0
1527745571.897536000	51.7057	92	0
1527745571.898762000	51.7069	110	1
1527745571.898780000	51.7069	230	0
1527745571.902750000	51.7109	98	1
1527745572.447227000	52.2554	388	1
1527745572.447313000	52.2555	261	1
1527745572.466929000	52.2751	87	0
1527745572.619481000	52.4276	256	0
1527745572.620700000	52.4289	148	0
1527745572.623330000	52.4315	92	0
1527745572.623786000	52.4319	107	1
1527745572.624645000	52.4328	113	0
1527745572.628735000	52.4369	98	1
1527745572.656007000	52.4642	387	1
1527745572.656069000	52.4642	257	1
1527745572.675173000	52.4833	87	0
1527745572.805500000	52.6137	328	0
1527745572.806713000	52.6149	148	0
1527745572.809741000	52.6179	92	0
1527745572.809872000	52.618	104	1
1527745572.811060000	52.6192	171	0
1527745572.813793000	52.6219	101	1
1527745572.895805000	52.704	393	1
1527745572.895896000	52.7041	256	1
1527745572.935440000	52.7436	87	0
1527745573.068537000	52.8767	305	0
1527745573.069743000	52.8779	148	0
1527745573.071727000	52.8799	92	0
1527745573.072811000	52.881	107	1
1527745573.073047000	52.8812	322	0
1527745573.076810000	52.885	98	1
1527745575.073501000	54.8817	437	1
1527745575.073594000	54.8817	257	1
1527745575.093141000	54.9013	87	0
1527745575.206902000	55.0151	278	0
1527745575.208206000	55.0164	148	0
1527745575.210286000	55.0184	92	0
1527745575.210929000	55.0191	107	1
1527745575.211681000	55.0198	274	0
1527745575.215846000	55.024	98	1
1527745575.291966000	55.1001	387	1
1527745575.292031000	55.1002	256	1
1527745575.324459000	55.1326	87	0
1527745575.330751000	55.1389	87	0
1527745575.446947000	55.2551	235	0
1527745575.448355000	55.2565	148	0
1527745575.449645000	55.2578	92	0
1527745575.450899000	55.2591	113	0
1527745575.450958000	55.2591	110	1
1527745575.454930000	55.2631	98	1
1527745575.608218000	55.4164	392	1
1527745575.608298000	55.4165	263	1
1527745575.631811000	55.44	87	0
1527745575.770731000	55.5789	233	0
1527745575.772015000	55.5802	148	0
1527745575.774909000	55.5831	104	1
1527745575.775398000	55.5836	92	0
1527745575.776736000	55.5849	160	0
1527745575.778950000	55.5871	101	1
1527745575.936124000	55.7443	391	1
1527745575.936191000	55.7443	261	1
1527745575.958808000	55.767	87	0
1527745576.082841000	55.891	264	0
1527745576.084135000	55.8923	148	0
1527745576.086934000	55.8951	92	0
1527745576.087017000	55.8952	104	1
1527745576.088272000	55.8964	116	0
1527745576.090971000	55.8991	101	1
1527745576.326274000	56.1344	388	1
1527745576.326367000	56.1345	259	1
1527745576.345555000	56.1537	87	0
1527745576.459880000	56.268	265	0
1527745576.461166000	56.2693	148	0
1527745576.462448000	56.2706	92	0
1527745576.463741000	56.2719	219	0
1527745576.464047000	56.2722	110	1
1527745576.738215000	56.5464	391	1
1527745576.738272000	56.5464	258	1
1527745576.783352000	56.5915	87	0
1527745576.938071000	56.7462	256	0
1527745576.939392000	56.7475	148	0
1527745576.941168000	56.7493	92	0
1527745576.942036000	56.7502	107	1
1527745576.942635000	56.7508	195	0
1527745576.945940000	56.7541	98	1
1527745576.977010000	56.7852	532	1
1527745576.977069000	56.7852	257	1
1527745577.001351000	56.8095	87	0
1527745577.004845000	56.813	87	0
1527745577.126100000	56.9343	233	0
1527745577.129999000	56.9382	104	1
1527745577.130917000	56.9391	148	0
1527745577.132221000	56.9404	92	0
1527745577.133517000	56.9417	190	0
1527745577.135017000	56.9432	104	1
1527745577.227361000	57.0355	400	1
1527745577.227420000	57.0356	261	1
1527745577.246591000	57.0547	87	0
1527745577.359034000	57.1672	235	0
1527745577.360332000	57.1685	148	0
1527745577.363007000	57.1712	104	1
1527745577.363124000	57.1713	92	0
1527745577.364338000	57.1725	1379	1
1527745577.364416000	57.1726	159	0
1527745577.364450000	57.1726	1412	1
1527745577.364477000	57.1726	1412	1
1527745577.364519000	57.1727	1412	1
1527745577.364552000	57.1727	1368	1
1527745577.367993000	57.1761	98	1
1527745577.389400000	57.1976	87	0
1527745577.409603000	57.2178	87	0
1527745577.657017000	57.4652	338	1
1527745577.657108000	57.4653	256	1
1527745577.668643000	57.4768	431	0
1527745577.672050000	57.4802	98	1
1527745577.673508000	57.4817	90	0
1527745577.677029000	57.4852	98	1
1527745577.805953000	57.6141	289	0
1527745577.807228000	57.6154	147	0
1527745577.810089000	57.6182	101	1
1527745577.813579000	57.6217	91	0
1527745577.815623000	57.6238	252	0
1527745577.817070000	57.6252	101	1
1527745578.118885000	57.927	392	1
1527745578.118984000	57.9271	262	1
1527745578.140006000	57.9482	85	0
1527745578.254328000	58.0625	232	0
1527745578.255636000	58.0638	147	0
1527745578.257028000	58.0652	91	0
1527745578.258098000	58.0663	107	1
1527745578.258388000	58.0665	280	0
1527745578.262087000	58.0702	98	1
1527745578.526721000	58.3349	388	1
1527745578.526800000	58.335	262	1
1527745578.544948000	58.3531	85	0
1527745578.664578000	58.4727	257	0
1527745578.665782000	58.4739	148	0
1527745578.668084000	58.4762	92	0
1527745578.668145000	58.4763	104	1
1527745578.669416000	58.4776	325	0
1527745578.672110000	58.4803	101	1
1527745578.786428000	58.5946	388	1
1527745578.786506000	58.5947	261	1
1527745578.804650000	58.6128	87	0
1527745578.819409000	58.6276	87	0
1527745578.950140000	58.7583	328	0
1527745578.951418000	58.7596	148	0
1527745578.954145000	58.7623	107	1
1527745578.955760000	58.7639	92	0
1527745578.957060000	58.7652	230	0
1527745578.959053000	58.7672	101	1
1527745578.997257000	58.8054	437	1
1527745578.997332000	58.8055	263	1
1527745579.016543000	58.8247	87	0
1527745579.132994000	58.9411	303	0
1527745579.134227000	58.9424	148	0
1527745579.136329000	58.9445	92	0
1527745579.137153000	58.9453	107	1
1527745579.137780000	58.9459	210	0
1527745579.141156000	58.9493	98	1
1527745579.205249000	59.0134	391	1
1527745579.205312000	59.0135	260	1
1527745579.224725000	59.0329	87	0
1527745579.340105000	59.1483	258	0
1527745579.341384000	59.1495	148	0
1527745579.343610000	59.1518	92	0
1527745579.344157000	59.1523	107	1
1527745579.344986000	59.1531	172	0
1527745579.349163000	59.1573	98	1
1527745579.645404000	59.4536	391	1
1527745579.645489000	59.4536	259	1
1527745579.670182000	59.4783	87	0
1527745579.797107000	59.6053	259	0
1527745579.801135000	59.6093	101	1
1527745579.801817000	59.61	148	0
1527745579.803778000	59.6119	92	0
1527745579.805125000	59.6133	101	1
1527745579.805144000	59.6133	240	0
1527745579.809175000	59.6173	98	1
1527745579.893818000	59.702	392	1
1527745579.893874000	59.702	263	1
1527745579.918152000	59.7263	87	0
1527745579.921698000	59.7299	87	0
1527745580.051870000	59.86	233	0
1527745580.053123000	59.8613	148	0
1527745580.055771000	59.8639	92	0
1527745580.056197000	59.8644	110	1
1527745580.057148000	59.8653	309	0
1527745580.061192000	59.8693	98	1
1527745580.145472000	59.9536	388	1
1527745580.145566000	59.9537	259	1
1527745580.167702000	59.9759	87	0
1527745580.287138000	60.0953	243	0
1527745580.288484000	60.0966	148	0
1527745580.290472000	60.0986	92	0
1527745580.291197000	60.0994	107	1
1527745580.291797000	60.1	222	0
1527745580.295116000	60.1033	98	1
1527745580.537793000	60.3459	392	1
1527745580.537857000	60.346	261	1
1527745580.556658000	60.3648	87	0
1527745580.567597000	60.3758	87	0
1527745580.679491000	60.4876	267	0
1527745580.680749000	60.4889	148	0
1527745580.683185000	60.4913	107	1
1527745580.684999000	60.4932	92	0
1527745580.686239000	60.4944	158	0
1527745580.689215000	60.4974	101	1
1527745580.983630000	60.7918	533	1
1527745580.983704000	60.7919	264	1
1527745581.002386000	60.8105	87	0
1527745581.133049000	60.9412	257	0
1527745581.134325000	60.9425	148	0
1527745581.136246000	60.9444	92	0
1527745581.137183000	60.9453	107	1
1527745581.137700000	60.9459	235	0
1527745581.141209000	60.9494	98	1
1527745581.213614000	61.0218	400	1
1527745581.213671000	61.0218	263	1
1527745581.236013000	61.0442	87	0
1527745581.367702000	61.1759	232	0
1527745581.368993000	61.1771	148	0
1527745581.371203000	61.1794	104	1
1527745581.371804000	61.18	92	0
1527745581.373177000	61.1813	243	0
1527745581.375284000	61.1834	101	1
1527745581.414605000	61.2228	232	0
1527745581.418214000	61.2264	98	1
1527745581.578788000	61.3869	1382	1
1527745581.578879000	61.387	264	1
1527745581.602257000	61.4104	87	0
1527745581.765562000	61.5737	233	0
1527745581.766856000	61.575	148	0
1527745581.768602000	61.5768	92	0
1527745581.769250000	61.5774	107	1
1527745581.769922000	61.5781	258	0
1527745581.773228000	61.5814	98	1
1527745581.852464000	61.6606	388	1
1527745581.852556000	61.6607	263	1
1527745581.884643000	61.6928	87	0
1527745581.904304000	61.7125	87	0
1527745581.992268000	61.8004	257	0
1527745581.993545000	61.8017	148	0
1527745581.996253000	61.8044	107	1
1527745581.997872000	61.806	92	0
1527745581.999199000	61.8074	306	0
1527745582.001243000	61.8094	101	1
1527745582.071950000	61.8801	388	1
1527745582.072007000	61.8802	263	1
1527745582.111773000	61.9199	87	0
1527745582.225404000	62.0336	277	0
1527745582.226606000	62.0348	148	0
1527745582.229266000	62.0374	104	1
1527745582.229602000	62.0378	92	0
1527745582.231010000	62.0392	127	0
1527745582.233249000	62.0414	101	1
1527745582.321814000	62.13	389	1
1527745582.321905000	62.1301	260	1
1527745582.371155000	62.1793	87	0
1527745582.489951000	62.2981	257	0
1527745582.491158000	62.2993	148	0
1527745582.494342000	62.3025	104	1
1527745582.494360000	62.3025	92	0
1527745582.495723000	62.3039	97	0
1527745582.498281000	62.3064	101	1
1527745582.532433000	62.3406	437	1
1527745582.532513000	62.3407	261	1
1527745582.552188000	62.3603	87	0
1527745582.672407000	62.4806	233	0
1527745582.673619000	62.4818	148	0
1527745582.676341000	62.4845	104	1
1527745582.676548000	62.4847	92	0
1527745582.677957000	62.4861	124	0
1527745582.680428000	62.4886	101	1
1527745582.751226000	62.5594	387	1
1527745582.751314000	62.5595	259	1
1527745582.785038000	62.5932	87	0
1527745582.909175000	62.7173	283	0
1527745582.910453000	62.7186	148	0
1527745582.912737000	62.7209	92	0
1527745582.913364000	62.7215	107	1
1527745582.914058000	62.7222	186	0
1527745582.917266000	62.7254	98	1
1527745583.220476000	63.0286	389	1
1527745583.220554000	63.0287	263	1
1527745583.258847000	63.067	87	0
1527745583.385241000	63.1934	302	0
1527745583.386572000	63.1947	148	0
1527745583.388743000	63.1969	92	0
1527745583.389385000	63.1975	107	1
1527745583.390071000	63.1982	243	0
1527745583.393381000	63.2015	98	1
1527745583.686861000	63.495	391	1
1527745583.686943000	63.4951	262	1
1527745583.711644000	63.5198	87	0
1527745583.718169000	63.5263	87	0
1527745583.837758000	63.6459	327	0
1527745583.839046000	63.6472	148	0
1527745583.840955000	63.6491	92	0
1527745583.841409000	63.6496	110	1
1527745583.842328000	63.6505	176	0
1527745583.846399000	63.6546	98	1
1527745584.243214000	64.0514	388	1
1527745584.243305000	64.0515	264	1
1527745584.264232000	64.0724	87	0
1527745584.379185000	64.1873	256	0
1527745584.380423000	64.1886	148	0
1527745584.383211000	64.1914	92	0
1527745584.383446000	64.1916	107	1
1527745584.384585000	64.1927	305	0
1527745584.388456000	64.1966	98	1
1527745584.480804000	64.289	388	1
1527745584.480864000	64.289	262	1
1527745584.500684000	64.3088	87	0
1527745584.615085000	64.4232	233	0
1527745584.616315000	64.4245	148	0
1527745584.618611000	64.4268	92	0
1527745584.619458000	64.4276	107	1
1527745584.619933000	64.4281	124	0
1527745584.623375000	64.4315	98	1
1527745584.700081000	64.5082	392	1
1527745584.700145000	64.5083	261	1
1527745584.720007000	64.5282	87	0
1527745584.881609000	64.6898	259	0
1527745584.882882000	64.691	148	0
1527745584.884554000	64.6927	92	0
1527745584.885401000	64.6936	107	1
1527745584.885862000	64.694	180	0
1527745584.889445000	64.6976	98	1
1527745585.050859000	64.859	534	1
1527745585.050922000	64.8591	264	1
1527745585.085190000	64.8933	87	0
1527745585.191783000	64.9999	241	0
1527745585.193068000	65.0012	148	0
1527745585.195440000	65.0036	92	0
1527745585.195491000	65.0036	104	1
1527745585.196759000	65.0049	256	0
1527745585.199510000	65.0077	101	1
1527745585.531939000	65.3401	400	1
1527745585.531999000	65.3402	261	1
1527745585.551648000	65.3598	87	0
1527745585.673761000	65.4819	265	0
1527745585.675045000	65.4832	148	0
1527745585.678153000	65.4863	92	0
1527745585.678449000	65.4866	104	1
1527745585.679447000	65.4876	194	0
1527745585.682481000	65.4906	101	1
1527745585.954288000	65.7624	1387	1
1527745585.954375000	65.7625	266	1
1527745585.978771000	65.7869	87	0
1527745586.107192000	65.9153	256	0
1527745586.108510000	65.9167	148	0
1527745586.110383000	65.9185	92	0
1527745586.111561000	65.9197	107	1
1527745586.111614000	65.9198	254	0
1527745586.115552000	65.9237	98	1
1527745586.239922000	66.0481	387	1
1527745586.240014000	66.0482	262	1
1527745586.259264000	66.0674	87	0
1527745586.265959000	66.0741	87	0
1527745586.393271000	66.2014	233	0
1527745586.394516000	66.2027	148	0
1527745586.397512000	66.2057	107	1
1527745586.398208000	66.2064	92	0
1527745586.399521000	66.2077	175	0
1527745586.401487000	66.2096	101	1
1527745586.590489000	66.3986	392	1
1527745586.590585000	66.3987	263	1
1527745586.610418000	66.4186	87	0
1527745586.616906000	66.4251	87	0
1527745586.738874000	66.547	235	0
1527745586.740078000	66.5482	148	0
1527745586.741429000	66.5496	92	0
1527745586.742578000	66.5507	110	1
1527745586.743594000	66.5517	283	0
1527745586.747593000	66.5557	98	1
1527745587.051067000	66.8592	438	1
1527745587.051132000	66.8593	262	1
1527745587.074573000	66.8827	87	0
1527745587.187962000	66.9961	257	0
1527745587.189272000	66.9974	148	0
1527745587.190672000	66.9988	92	0
1527745587.191628000	66.9998	107	1
1527745587.192031000	67.0002	287	0
1527745587.195594000	67.0037	98	1
1527745587.413918000	67.2221	387	1
1527745587.414009000	67.2222	263	1
1527745587.442612000	67.2508	87	0
1527745587.755027000	67.5632	277	0
1527745587.756264000	67.5644	148	0
1527745587.758452000	67.5666	92	0
1527745587.758706000	67.5669	107	1
1527745587.759685000	67.5678	193	0
1527745587.763631000	67.5718	98	1
1527745587.804697000	67.6129	388	1
1527745587.804761000	67.6129	262	1
1527745587.850640000	67.6588	388	1
1527745587.870135000	67.6783	87	0
1527745587.880612000	67.6888	87	0
1527745587.914581000	67.7227	87	0
1527745587.994853000	67.803	282	0
1527745587.996175000	67.8043	148	0
1527745587.998418000	67.8066	92	0
1527745587.998654000	67.8068	113	1
1527745587.999743000	67.8079	249	0
1527745588.003641000	67.8118	98	1
1527745588.096200000	67.9044	392	1
1527745588.096294000	67.9044	259	1
1527745588.117258000	67.9254	87	0
1527745588.235485000	68.0436	233	0
1527745588.236705000	68.0449	148	0
1527745588.239657000	68.0478	104	1
1527745588.240367000	68.0485	92	0
1527745588.241628000	68.0498	321	0
1527745588.243679000	68.0518	101	1
1527745588.617299000	68.4255	391	1
1527745588.617374000	68.4255	258	1
1527745588.646936000	68.4551	87	0
1527745588.774491000	68.5826	257	0
1527745588.775776000	68.5839	148	0
1527745588.777812000	68.586	92	0
1527745588.778636000	68.5868	107	1
1527745588.779132000	68.5873	103	0
1527745588.782612000	68.5908	98	1
1527745589.046702000	68.8549	387	1
1527745589.046787000	68.8549	258	1
1527745589.086857000	68.895	87	0
1527745589.207233000	69.0154	328	0
1527745589.208482000	69.0166	148	0
1527745589.209977000	69.0181	92	0
1527745589.210665000	69.0188	107	1
1527745589.211298000	69.0195	265	0
1527745589.214871000	69.023	98	1
1527745589.367091000	69.1752	392	1
1527745589.367181000	69.1753	260	1
1527745589.371096000	69.1793	443	1
1527745589.371178000	69.1793	1412	1
1527745589.371203000	69.1794	1412	1
1527745589.371240000	69.1794	1412	1
1527745589.371261000	69.1794	836	1
1527745589.390441000	69.1986	87	0
1527745589.399533000	69.2077	87	0
1527745589.530674000	69.3388	462	0
1527745589.534689000	69.3428	104	1
1527745589.537846000	69.346	80	0
1527745589.541744000	69.3499	98	1
1527745589.562899000	69.3711	259	0
1527745589.564109000	69.3723	148	0
1527745589.566738000	69.3749	101	1
1527745589.567635000	69.3758	102	0
1527745589.568935000	69.3771	99	0
1527745589.571751000	69.3799	101	1
1527745589.807138000	69.6153	394	1
1527745589.807198000	69.6154	264	1
1527745589.845155000	69.6533	87	0
1527745590.024584000	69.8327	259	0
1527745590.025802000	69.834	148	0
1527745590.028768000	69.8369	104	1
1527745590.029363000	69.8375	92	0
1527745590.030664000	69.8388	149	0
1527745590.032755000	69.8409	101	1
1527745590.228873000	70.037	401	1
1527745590.228940000	70.0371	264	1
1527745590.249925000	70.0581	87	0
1527745590.379487000	70.1876	243	0
1527745590.380758000	70.1889	148	0
1527745590.382125000	70.1903	92	0
1527745590.383420000	70.1916	255	0
1527745590.383951000	70.1921	110	1
1527745590.642442000	70.4506	1383	1
1527745590.642503000	70.4507	263	1
1527745590.690896000	70.4991	87	0
1527745590.833426000	70.6416	291	0
1527745590.834627000	70.6428	148	0
1527745590.837520000	70.6457	92	0
1527745590.837770000	70.6459	107	1
1527745590.838789000	70.6469	164	0
1527745590.842802000	70.651	98	1
1527745591.060189000	70.8683	392	1
1527745591.060279000	70.8684	265	1
1527745591.079792000	70.8879	87	0
1527745591.086028000	70.8942	87	0
1527745591.214985000	71.0231	235	0
1527745591.216213000	71.0244	148	0
1527745591.218002000	71.0262	92	0
1527745591.218846000	71.027	110	1
1527745591.219270000	71.0274	333	0
1527745591.222765000	71.0309	98	1
1527745591.500245000	71.3084	442	1
1527745591.500337000	71.3085	266	1
1527745591.531061000	71.3392	87	0
1527745591.643766000	71.4519	235	0
1527745591.645054000	71.4532	148	0
1527745591.646773000	71.4549	92	0
1527745591.647861000	71.456	107	1
1527745591.648166000	71.4563	319	0
1527745591.651846000	71.46	98	1
1527745591.689392000	71.4975	235	0
1527745591.692890000	71.501	98	1
1527745592.165222000	71.9734	388	1
1527745592.165300000	71.9735	259	1
1527745592.194930000	72.0031	87	0
1527745592.317763000	72.1259	260	0
1527745592.318993000	72.1271	148	0
1527745592.321925000	72.1301	104	1
1527745592.323135000	72.1313	92	0
1527745592.324433000	72.1326	300	0
1527745592.326828000	72.135	101	1
1527745592.373563000	72.1817	371	1
1527745592.373680000	72.1818	1412	1
1527745592.373717000	72.1819	1412	1
1527745592.373746000	72.1819	1412	1
1527745592.373768000	72.1819	1412	1
1527745592.373836000	72.182	1412	1
1527745592.373871000	72.182	1412	1
1527745592.373920000	72.1821	1412	1
1527745592.373944000	72.1821	1412	1
1527745592.373967000	72.1821	1412	1
1527745592.374013000	72.1822	1412	1
1527745592.374051000	72.1822	1412	1
1527745592.375940000	72.1841	1412	1
1527745592.376003000	72.1842	1412	1
1527745592.376047000	72.1842	146	1
1527745592.393731000	72.2019	325	1
1527745592.393822000	72.202	261	1
1527745592.394619000	72.2028	87	0
1527745592.399170000	72.2073	87	0
1527745592.425961000	72.2341	87	0
1527745592.527009000	72.3352	415	0
1527745592.530900000	72.3391	107	1
1527745592.532540000	72.3407	80	0
1527745592.533843000	72.342	257	0
1527745592.535132000	72.3433	148	0
1527745592.535905000	72.3441	104	1
1527745592.538374000	72.3465	92	0
1527745592.541860000	72.35	98	1
1527745592.543182000	72.3513	149	0
1527745592.546852000	72.355	98	1
1527745592.744287000	72.5524	393	1
1527745592.744379000	72.5525	263	1
1527745592.775739000	72.5839	87	0
1527745592.907601000	72.7158	283	0
1527745592.908812000	72.717	148	0
1527745592.910540000	72.7187	92	0
1527745592.911859000	72.72	107	1
1527745592.911979000	72.7201	87	0
1527745592.915867000	72.724	98	1
1527745593.186711000	72.9949	392	1
1527745593.186803000	72.995	267	1
1527745593.214163000	73.0223	87	0
1527745593.229025000	73.0372	87	0
1527745593.357998000	73.1662	258	0
1527745593.359269000	73.1674	148	0
1527745593.360855000	73.169	92	0
1527745593.361956000	73.1701	110	1
1527745593.362173000	73.1703	237	0
1527745593.365965000	73.1741	98	1
1527745593.936489000	73.7446	391	1
1527745593.936552000	73.7447	259	1
1527745593.970909000	73.7791	87	0
1527745594.091578000	73.8997	303	0
1527745594.092874000	73.901	148	0
1527745594.094172000	73.9023	92	0
1527745594.094992000	73.9031	107	1
1527745594.095514000	73.9037	183	0
1527745594.098993000	73.9071	98	1
1527745594.616500000	74.4247	532	1
1527745594.616591000	74.4247	262	1
1527745594.654847000	74.463	87	0
1527745594.772414000	74.5806	303	0
1527745594.773701000	74.5819	148	0
1527745594.775972000	74.5841	92	0
1527745594.776043000	74.5842	104	1
1527745594.777350000	74.5855	318	0
1527745594.779967000	74.5881	101	1
1527745595.359614000	75.1678	387	1
1527745595.359689000	75.1678	259	1
1527745595.395337000	75.2035	87	0
1527745595.509904000	75.3181	256	0
1527745595.511105000	75.3193	148	0
1527745595.514084000	75.3222	104	1
1527745595.515014000	75.3232	92	0
1527745595.516277000	75.3244	309	0
1527745595.519242000	75.3274	101	1
1527745595.679625000	75.4878	399	1
1527745595.679714000	75.4879	263	1
1527745595.740174000	75.5483	399	1
1527745595.752822000	75.561	87	0
1527745595.759150000	75.5673	87	0
1527745595.772080000	75.5802	87	0
1527745595.812027000	75.6202	280	0
1527745595.813310000	75.6215	148	0
1527745595.816119000	75.6243	92	0
1527745595.816264000	75.6244	110	1
1527745595.817462000	75.6256	103	0
1527745595.820099000	75.6283	101	1
1527745596.150524000	75.9587	1383	1
1527745596.150614000	75.9588	262	1
1527745596.170773000	75.9789	87	0
1527745596.175393000	75.9835	87	0
1527745596.298571000	76.1067	241	0
1527745596.299895000	76.1081	148	0
1527745596.302060000	76.1102	107	1
1527745596.304657000	76.1128	92	0
1527745596.305976000	76.1141	110	0
1527745596.308081000	76.1162	101	1
1527745596.420502000	76.2287	391	1
1527745596.420566000	76.2287	264	1
1527745596.441105000	76.2493	87	0
1527745596.574752000	76.3829	267	0
1527745596.576034000	76.3842	148	0
1527745596.577371000	76.3855	92	0
1527745596.578669000	76.3868	335	0
1527745596.579160000	76.3873	110	1
1527745596.710483000	76.5186	437	1
1527745596.710545000	76.5187	259	1
1527745596.745476000	76.5536	87	0
1527745596.871604000	76.6798	257	0
1527745596.872890000	76.681	148	0
1527745596.875153000	76.6833	104	1
1527745596.876714000	76.6849	92	0
1527745596.878071000	76.6862	92	0
1527745596.880172000	76.6883	101	1
1527745597.160502000	76.9687	387	1
1527745597.160584000	76.9687	262	1
1527745597.178893000	76.987	87	0
1527745597.305498000	77.1137	233	0
1527745597.306771000	77.1149	148	0
1527745597.309113000	77.1173	104	1
1527745597.309191000	77.1173	92	0
1527745597.310494000	77.1186	157	0
1527745597.313104000	77.1213	101	1
1527745597.612604000	77.4208	388	1
1527745597.612695000	77.4209	263	1
1527745597.647904000	77.4561	87	0
1527745597.793380000	77.6015	259	0
1527745597.794610000	77.6028	148	0
1527745597.795970000	77.6041	92	0
1527745597.797205000	77.6054	107	1
1527745597.797259000	77.6054	169	0
1527745597.801215000	77.6094	98	1
1527745597.891375000	77.6995	389	1
1527745597.891441000	77.6996	259	1
1527745597.914814000	77.723	87	0
1527745598.033710000	77.8419	235	0
1527745598.035003000	77.8432	148	0
1527745598.037169000	77.8453	92	0
1527745598.037210000	77.8454	104	1
1527745598.038493000	77.8466	179	0
1527745598.041193000	77.8493	101	1
1527745598.272909000	78.0811	389	1
1527745598.272981000	78.0811	259	1
1527745598.295855000	78.104	87	0
1527745598.415197000	78.2234	235	0
1527745598.416472000	78.2246	148	0
1527745598.419229000	78.2274	104	1
1527745598.425703000	78.2339	92	0
1527745598.427044000	78.2352	86	0
1527745598.429203000	78.2374	101	1
1527745598.613433000	78.4216	392	1
1527745598.613508000	78.4217	268	1
1527745598.635308000	78.4435	87	0
1527745598.765420000	78.5736	275	0
1527745598.766705000	78.5749	148	0
1527745598.769209000	78.5774	104	1
1527745598.769593000	78.5777	92	0
1527745598.770895000	78.5791	205	0
1527745598.773218000	78.5814	101	1
1527745598.999379000	78.8075	388	1
1527745598.999444000	78.8076	262	1
1527745599.018260000	78.8264	87	0
1527745599.131217000	78.9394	279	0
1527745599.132505000	78.9407	148	0
1527745599.133894000	78.942	92	0
1527745599.135190000	78.9433	197	0
1527745599.135343000	78.9435	107	1
1527745599.139264000	78.9474	98	1
1527745599.330430000	79.1386	392	1
1527745599.330497000	79.1387	260	1
1527745599.350213000	79.1584	87	0
1527745599.359274000	79.1674	87	0
1527745599.478037000	79.2862	256	0
1527745599.479310000	79.2875	148	0
1527745599.481433000	79.2896	92	0
1527745599.482299000	79.2905	110	1
1527745599.482734000	79.2909	153	0
1527745599.486237000	79.2944	98	1
1527745599.583575000	79.3917	531	1
1527745599.583666000	79.3918	263	1
1527745599.615843000	79.424	87	0
1527745599.767222000	79.5754	258	0
1527745599.768558000	79.5767	148	0
1527745599.771286000	79.5794	104	1
1527745599.780401000	79.5886	92	0
1527745599.781819000	79.59	300	0
1527745599.784289000	79.5924	101	1
1527745599.792155000	79.6003	391	1
1527745599.792219000	79.6004	258	1
1527745599.808735000	79.6169	92	0
1527745599.812295000	79.6205	98	1
1527745599.842280000	79.6504	391	1
1527745599.844968000	79.6531	87	0
1527745599.882087000	79.6902	87	0
1527745599.992193000	79.8003	306	0
1527745599.993668000	79.8018	148	0
1527745599.995085000	79.8032	92	0
1527745599.996305000	79.8045	110	1
1527745599.996358000	79.8045	226	0
1527745600.000314000	79.8085	98	1
1527745600.092936000	79.9011	1397	1
1527745600.093025000	79.9012	260	1
1527745600.119190000	79.9273	87	0
1527745600.123192000	79.9313	87	0
1527745600.235675000	80.0438	306	0
1527745600.236958000	80.0451	148	0
1527745600.239183000	80.0473	92	0
1527745600.239377000	80.0475	110	1
1527745600.240483000	80.0486	298	0
1527745600.244275000	80.0524	98	1
1527745600.445132000	80.2533	389	1
1527745600.445192000	80.2533	258	1
1527745600.467336000	80.2755	87	0
1527745600.469993000	80.2781	87	0
1527745600.587666000	80.3958	233	0
1527745600.588960000	80.3971	148	0
1527745600.591361000	80.3995	107	1
1527745600.593097000	80.4013	92	0
1527745600.594340000	80.4025	117	0
1527745600.596386000	80.4045	101	1
1527745600.842984000	80.6511	388	1
1527745600.843049000	80.6512	263	1
1527745600.864406000	80.6726	87	0
1527745600.869100000	80.6773	87	0
1527745600.993186000	80.8013	283	0
1527745600.994533000	80.8027	148	0
1527745600.997394000	80.8055	107	1
1527745600.998107000	80.8063	92	0
1527745600.999360000	80.8075	228	0
1527745601.002405000	80.8106	101	1
1527745601.517505000	81.3257	442	1
1527745601.517583000	81.3257	262	1
1527745601.537226000	81.3454	87	0
1527745601.656966000	81.4651	241	0
1527745601.658310000	81.4665	148	0
1527745601.659962000	81.4681	92	0
1527745601.660354000	81.4685	107	1
1527745601.661264000	81.4694	281	0
1527745601.665367000	81.4735	98	1
1527745601.711565000	81.5197	241	0
1527745601.715435000	81.5236	98	1
1527745601.744781000	81.5529	391	1
1527745601.744846000	81.553	261	1
1527745601.768358000	81.5765	87	0
1527745601.775654000	81.5838	87	0
1527745601.894536000	81.7027	291	0
1527745601.895764000	81.7039	148	0
1527745601.897649000	81.7058	92	0
1527745601.898452000	81.7066	110	1
1527745601.899624000	81.7078	137	0
1527745601.903434000	81.7116	98	1
1527745602.004928000	81.8131	388	1
1527745602.005026000	81.8132	261	1
1527745602.026381000	81.8345	87	0
1527745602.028890000	81.837	87	0
1527745602.137861000	81.946	235	0
1527745602.139136000	81.9473	148	0
1527745602.140872000	81.949	92	0
1527745602.141384000	81.9495	110	1
1527745602.142164000	81.9503	127	0
1527745602.145405000	81.9536	98	1
1527745602.304854000	82.113	388	1
1527745602.304914000	82.1131	260	1
1527745602.325580000	82.1337	87	0
1527745602.438184000	82.2463	236	0
1527745602.439461000	82.2476	148	0
1527745602.442469000	82.2506	104	1
1527745602.443834000	82.252	92	0
1527745602.445132000	82.2533	324	0
1527745602.447490000	82.2556	101	1
1527745602.768578000	82.5767	393	1
1527745602.768702000	82.5769	266	1
1527745602.789754000	82.5979	87	0
1527745602.897375000	82.7055	259	0
1527745602.898582000	82.7067	148	0
1527745602.901434000	82.7096	92	0
1527745602.901524000	82.7097	104	1
1527745602.903355000	82.7115	114	0
1527745602.905492000	82.7136	101	1
1527745603.184803000	82.993	392	1
1527745603.184866000	82.993	267	1
1527745603.216737000	83.0249	87	0
1527745603.334525000	83.1427	233	0
1527745603.335790000	83.1439	148	0
1527745603.338145000	83.1463	92	0
1527745603.338539000	83.1467	107	1
1527745603.339469000	83.1476	141	0
1527745603.343527000	83.1517	98	1
1527745603.526940000	83.3351	391	1
1527745603.527031000	83.3352	264	1
1527745603.550083000	83.3582	87	0
1527745603.690160000	83.4983	235	0
1527745603.691378000	83.4995	148	0
1527745603.693727000	83.5019	92	0
1527745603.694496000	83.5027	107	1
1527745603.695080000	83.5032	174	0
1527745603.698479000	83.5066	98	1
1527745603.875991000	83.6841	530	1
1527745603.876080000	83.6842	261	1
1527745603.896710000	83.7049	87	0
1527745604.021829000	83.83	301	0
1527745604.023073000	83.8312	148	0
1527745604.025078000	83.8332	92	0
1527745604.025563000	83.8337	107	1
1527745604.026401000	83.8346	240	0
1527745604.030580000	83.8387	98	1
1527745604.315934000	84.1241	392	1
1527745604.316023000	84.1242	260	1
1527745604.333952000	84.1421	87	0
1527745604.455730000	84.2639	255	0
1527745604.456948000	84.2651	148	0
1527745604.459593000	84.2677	104	1
1527745604.463531000	84.2717	92	0
1527745604.464771000	84.2729	222	0
1527745604.467597000	84.2758	101	1
1527745604.755990000	84.5641	1397	1
1527745604.756056000	84.5642	269	1
1527745604.777601000	84.5858	87	0
1527745604.911408000	84.7196	283	0
1527745604.912684000	84.7208	148	0
1527745604.915570000	84.7237	104	1
1527745604.915835000	84.724	92	0
1527745604.917204000	84.7254	282	0
1527745604.919584000	84.7277	101	1
1527745605.201139000	85.0093	389	1
1527745605.201203000	85.0094	264	1
1527745605.219915000	85.0281	87	0
1527745605.350048000	85.1582	256	0
1527745605.351333000	85.1595	148	0
1527745605.352613000	85.1608	92	0
1527745605.353573000	85.1617	107	1
1527745605.353915000	85.1621	174	0
1527745605.357576000	85.1657	98	1
1527745605.561895000	85.37	440	1
1527745605.561962000	85.3701	259	1
1527745605.581484000	85.3896	87	0
1527745605.592674000	85.4008	87	0
1527745605.706405000	85.5146	279	0
1527745605.707744000	85.5159	148	0
1527745605.710176000	85.5183	92	0
1527745605.710676000	85.5188	110	1
1527745605.711591000	85.5197	321	0
1527745605.715657000	85.5238	98	1
1527745606.015799000	85.824	391	1
1527745606.015863000	85.824	258	1
1527745606.034711000	85.8429	87	0
1527745606.148699000	85.9569	329	0
1527745606.150034000	85.9582	148	0
1527745606.152696000	85.9609	104	1
1527745606.155024000	85.9632	92	0
1527745606.156286000	85.9644	235	0
1527745606.158692000	85.9668	101	1
1527745606.521393000	86.3295	392	1
1527745606.521482000	86.3296	262	1
1527745606.542317000	86.3505	87	0
1527745606.665379000	86.4735	235	0
1527745606.666600000	86.4748	148	0
1527745606.668542000	86.4767	92	0
1527745606.669654000	86.4778	107	1
1527745606.669860000	86.478	148	0
1527745606.674807000	86.483	98	1
1527745606.765234000	86.5734	389	1
1527745606.765329000	86.5735	262	1
1527745606.784150000	86.5923	87	0
1527745606.909290000	86.7174	280	0
1527745606.910601000	86.7188	148	0
1527745606.912549000	86.7207	92	0
1527745606.912807000	86.721	107	1
1527745606.913871000	86.722	340	0
1527745606.917757000	86.7259	98	1
1527745606.952428000	86.7606	280	0
1527745606.955720000	86.7639	98	1
1527745607.075357000	86.8835	387	1
1527745607.075488000	86.8836	260	1
1527745607.096082000	86.9042	87	0
1527745607.208742000	87.0169	241	0
1527745607.210094000	87.0182	148	0
1527745607.212746000	87.0209	104	1
1527745607.213033000	87.0212	92	0
1527745607.214271000	87.0224	126	0
1527745607.216683000	87.0248	101	1
1527745607.546157000	87.3543	388	1
1527745607.546221000	87.3544	260	1
1527745607.568791000	87.3769	87	0
1527745607.699196000	87.5074	265	0
1527745607.700472000	87.5086	148	0
1527745607.702799000	87.511	104	1
1527745607.705107000	87.5133	92	0
1527745607.706375000	87.5145	288	0
1527745607.708711000	87.5169	101	1
1527745607.806377000	87.6145	388	1
1527745607.806439000	87.6146	264	1
1527745607.825573000	87.6337	87	0
1527745607.946888000	87.755	257	0
1527745607.948226000	87.7564	148	0
1527745607.950201000	87.7584	92	0
1527745607.950756000	87.7589	107	1
1527745607.951590000	87.7597	117	0
1527745607.955887000	87.764	98	1
1527745608.146178000	87.9543	391	1
1527745608.146273000	87.9544	261	1
1527745608.166028000	87.9742	87	0
1527745608.197764000	88.0059	87	0
1527745608.301272000	88.1094	235	0
1527745608.302599000	88.1108	148	0
1527745608.304812000	88.113	107	1
1527745608.305780000	88.1139	92	0
1527745608.307170000	88.1153	140	0
1527745608.309832000	88.118	101	1
1527745608.566668000	88.3748	534	1
1527745608.566758000	88.3749	265	1
1527745608.588963000	88.3971	87	0
1527745608.705232000	88.5134	236	0
1527745608.706563000	88.5147	148	0
1527745608.708932000	88.5171	104	1
1527745608.709174000	88.5173	92	0
1527745608.710479000	88.5186	90	0
1527745608.712827000	88.521	101	1
1527745608.986191000	88.7943	389	1
1527745608.986249000	88.7944	261	1
1527745609.005824000	88.814	87	0
1527745609.143844000	88.952	256	0
1527745609.145123000	88.9533	148	0
1527745609.147872000	88.956	104	1
1527745609.148754000	88.9569	92	0
1527745609.150053000	88.9582	297	0
1527745609.152878000	88.961	101	1
1527745609.276524000	89.0847	1394	1
1527745609.276601000	89.0848	258	1
1527745609.301623000	89.1098	87	0
1527745609.416180000	89.2243	235	0
1527745609.417538000	89.2257	148	0
1527745609.419911000	89.2281	104	1
1527745609.421034000	89.2292	92	0
1527745609.422317000	89.2305	114	0
1527745609.424898000	89.2331	101	1
1527745609.746236000	89.5544	392	1
1527745609.746297000	89.5545	260	1
1527745609.766148000	89.5743	87	0
1527745609.902188000	89.7103	299	0
1527745609.903508000	89.7117	148	0
1527745609.905906000	89.7141	104	1
1527745609.907384000	89.7155	92	0
1527745609.908680000	89.7168	150	0
1527745609.910916000	89.7191	101	1
1527745611.795180000	91.6033	441	1
1527745611.795270000	91.6034	264	1
1527745611.817419000	91.6256	87	0
1527745611.823564000	91.6317	87	0
1527745611.949499000	91.7577	282	0
1527745611.951605000	91.7598	148	0
1527745611.952979000	91.7611	92	0
1527745611.953071000	91.7612	107	1
1527745611.954228000	91.7624	233	0
1527745611.956935000	91.7651	101	1
1527745612.095378000	91.9035	389	1
1527745612.095440000	91.9036	261	1
1527745612.134853000	91.943	87	0
1527745612.282940000	92.0911	259	0
1527745612.284176000	92.0923	148	0
1527745612.286846000	92.095	92	0
1527745612.286988000	92.0951	107	1
1527745612.288224000	92.0964	333	0
1527745612.291966000	92.1001	98	1
1527745612.504739000	92.3129	388	1
1527745612.504825000	92.313	265	1
1527745612.542243000	92.3504	87	0
1527745612.654817000	92.463	258	0
1527745612.656122000	92.4643	148	0
1527745612.658737000	92.4669	92	0
1527745612.658969000	92.4671	107	1
1527745612.660056000	92.4682	233	0
1527745612.664086000	92.4722	98	1
1527745612.856429000	92.6646	388	1
1527745612.856494000	92.6646	260	1
1527745612.877129000	92.6853	87	0
1527745612.889713000	92.6979	87	0
1527745613.001090000	92.8092	303	0
1527745613.002365000	92.8105	148	0
1527745613.005018000	92.8132	107	1
1527745613.006510000	92.8147	92	0
1527745613.007884000	92.816	151	0
1527745613.010008000	92.8182	101	1
1527745613.085301000	92.8935	388	1
1527745613.085363000	92.8935	261	1
1527745613.110468000	92.9186	87	0
1527745613.248810000	93.057	305	0
1527745613.250120000	93.0583	148	0
1527745613.253078000	93.0612	104	1
1527745613.253230000	93.0614	92	0
1527745613.254584000	93.0627	283	0
1527745613.257073000	93.0652	101	1
1527745613.724394000	93.5325	389	1
1527745613.724455000	93.5326	261	1
1527745613.771091000	93.5792	87	0
1527745613.772593000	93.5807	87	0
1527745613.872859000	93.681	257	0
1527745613.874060000	93.6822	148	0
1527745613.875869000	93.684	92	0
1527745613.877116000	93.6853	110	1
1527745613.877273000	93.6854	331	0
1527745613.881136000	93.6893	98	1
1527745613.976476000	93.7846	388	1
1527745613.976563000	93.7847	261	1
1527745613.995328000	93.8035	87	0
1527745613.999640000	93.8078	87	0
1527745614.117236000	93.9254	259	0
1527745614.118606000	93.9268	148	0
1527745614.121001000	93.9292	92	0
1527745614.121119000	93.9293	107	1
1527745614.122285000	93.9304	268	0
1527745614.125057000	93.9332	101	1
1527745614.206214000	94.0144	389	1
1527745614.206277000	94.0144	264	1
1527745614.226480000	94.0346	87	0
1527745614.360812000	94.169	243	0
1527745614.362102000	94.1703	148	0
1527745614.364770000	94.1729	92	0
1527745614.365147000	94.1733	107	1
1527745614.366090000	94.1742	208	0
1527745614.370130000	94.1783	98	1
1527745614.619452000	94.4276	393	1
1527745614.619514000	94.4277	263	1
1527745614.669092000	94.4772	393	1
1527745614.719132000	94.5273	263	1
1527745614.736469000	94.5446	87	0
1527745614.742260000	94.5504	87	0
1527745614.747666000	94.5558	87	0
1527745614.871909000	94.6801	288	0
1527745614.873126000	94.6813	148	0
1527745614.875206000	94.6834	92	0
1527745614.876220000	94.6844	113	1
1527745614.876604000	94.6848	300	0
1527745614.880102000	94.6883	98	1
1527745615.076753000	94.8849	529	1
1527745615.076820000	94.885	264	1
1527745615.108168000	94.9163	87	0
1527745615.230164000	95.0383	232	0
1527745615.231523000	95.0397	148	0
1527745615.234198000	95.0424	104	1
1527745615.235446000	95.0436	92	0
1527745615.236740000	95.0449	156	0
1527745615.239107000	95.0473	101	1
1527745615.448955000	95.2571	387	1
1527745615.449029000	95.2572	260	1
1527745615.474171000	95.2823	87	0
1527745615.601011000	95.4092	232	0
1527745615.602259000	95.4104	148	0
1527745615.603717000	95.4119	92	0
1527745615.605011000	95.4132	113	0
1527745615.605256000	95.4134	110	1
1527745615.863569000	95.6717	1397	1
1527745615.863661000	95.6718	262	1
1527745615.896983000	95.7051	87	0
1527745616.006629000	95.8148	256	0
1527745616.007973000	95.8161	148	0
1527745616.010211000	95.8184	104	1
1527745616.011099000	95.8193	92	0
1527745616.012398000	95.8206	230	0
1527745616.015151000	95.8233	101	1
1527745616.614701000	96.4229	391	1
1527745616.614795000	96.423	259	1
1527745616.656486000	96.4646	87	0
1527745616.803896000	96.6121	259	0
1527745616.805127000	96.6133	148	0
1527745616.806470000	96.6146	92	0
1527745616.807825000	96.616	180	0
1527745616.808321000	96.6165	110	1
1527745616.847180000	96.6553	259	0
1527745616.851226000	96.6594	98	1
1527745617.425712000	97.2339	438	1
1527745617.425788000	97.2339	263	1
1527745617.445716000	97.2539	87	0
1527745617.560219000	97.3684	237	0
1527745617.561480000	97.3696	148	0
1527745617.563096000	97.3713	92	0
1527745617.564294000	97.3724	107	1
1527745617.564338000	97.3725	274	0
1527745617.568309000	97.3765	98	1
1527745617.636799000	97.445	395	1
1527745617.636866000	97.445	265	1
1527745617.666989000	97.4751	87	0
1527745617.671597000	97.4798	87	0
1527745617.777518000	97.5857	277	0
1527745617.778938000	97.5871	148	0
1527745617.781311000	97.5895	107	1
1527745617.792169000	97.6003	92	0
1527745617.794809000	97.603	139	0
1527745617.796291000	97.6044	101	1
1527745617.889996000	97.6982	389	1
1527745617.890064000	97.6982	263	1
1527745617.917659000	97.7258	87	0
1527745618.051818000	97.86	281	0
1527745618.055307000	97.8635	101	1
1527745618.062131000	97.8703	158	0
1527745618.065547000	97.8737	181	0
1527745618.066293000	97.8744	101	1
1527745618.260698000	98.0689	391	1
1527745618.260758000	98.0689	258	1
1527745618.287133000	98.0953	87	0
1527745618.441349000	98.2495	259	0
1527745618.442647000	98.2508	148	0
1527745618.444074000	98.2522	92	0
1527745618.445351000	98.2535	226	0
1527745618.445431000	98.2536	107	1
1527745618.449391000	98.2575	98	1
1527745618.820426000	98.6286	392	1
1527745618.820493000	98.6286	260	1
1527745618.858023000	98.6662	87	0
1527745619.102089000	98.9102	280	0
1527745619.103365000	98.9115	148	0
1527745619.105728000	98.9139	92	0
1527745619.106353000	98.9145	107	1
1527745619.107111000	98.9153	292	0
1527745619.110339000	98.9185	98	1
1527745619.283778000	99.0919	391	1
1527745619.283839000	99.092	269	1
1527745619.316078000	99.1242	87	0
1527745619.431175000	99.2393	279	0
1527745619.432498000	99.2407	148	0
1527745619.435159000	99.2433	92	0
1527745619.435375000	99.2435	107	1
1527745619.436492000	99.2446	98	0
1527745619.440458000	99.2486	98	1
1527745619.622583000	99.4307	392	1
1527745619.622681000	99.4308	261	1
1527745619.641256000	99.4494	100	0
1527745619.645434000	99.4536	98	1
1527745619.647421000	99.4556	87	0
1527745619.760095000	99.5682	302	0
1527745619.761373000	99.5695	148	0
1527745619.763279000	99.5714	92	0
1527745619.764562000	99.5727	107	1
1527745619.764577000	99.5727	267	0
1527745619.768469000	99.5766	98	1
1527745619.854057000	99.6622	528	1
1527745619.854118000	99.6623	260	1
1527745619.888335000	99.6965	87	0
1527745620.018968000	99.8271	259	0
1527745620.020199000	99.8284	148	0
1527745620.022467000	99.8306	104	1
1527745620.023177000	99.8313	92	0
1527745620.024477000	99.8326	235	0
1527745620.026469000	99.8346	101	1
1527745620.069114000	99.8773	92	0
1527745620.073479000	99.8816	98	1
1527745620.122859000	99.931	393	1
1527745620.122951000	99.9311	263	1
1527745620.152451000	99.9606	87	0
1527745620.273805000	100.082	256	0
1527745620.275084000	100.083	148	0
1527745620.276730000	100.085	92	0
1527745620.277485000	100.086	107	1
1527745620.278090000	100.086	161	0
1527745620.281418000	100.09	98	1
1527745620.367193000	100.175	1395	1
1527745620.367287000	100.175	259	1
1527745620.389849000	100.198	87	0
1527745620.396802000	100.205	87	0
1527745620.503459000	100.312	240	0
1527745620.504732000	100.313	148	0
1527745620.507618000	100.316	107	1
1527745620.508050000	100.316	92	0
1527745620.509296000	100.317	112	0
1527745620.511434000	100.32	101	1
1527745620.556402000	100.365	240	0
1527745620.560493000	100.369	98	1
1527745620.704053000	100.512	387	1
1527745620.704139000	100.512	265	1
1527745620.726950000	100.535	87	0
1527745620.855691000	100.664	291	0
1527745620.856982000	100.665	148	0
1527745620.858382000	100.667	92	0
1527745620.859571000	100.668	107	1
1527745620.859779000	100.668	305	0
1527745620.863529000	100.672	98	1
1527745621.155032000	100.963	389	1
1527745621.155093000	100.963	263	1
1527745621.172271000	100.98	87	0
1527745621.309207000	101.117	236	0
1527745621.310517000	101.119	148	0
1527745621.311834000	101.12	92	0
1527745621.313130000	101.121	305	0
1527745621.313614000	101.122	110	1
1527745621.422667000	101.231	439	1
1527745621.422760000	101.231	258	1
1527745621.444420000	101.253	87	0
1527745621.578347000	101.387	233	0
1527745621.579630000	101.388	148	0
1527745621.582416000	101.391	92	0
1527745621.582520000	101.391	104	1
1527745621.586545000	101.395	98	1
1527745621.590141000	101.398	139	0
1527745621.593566000	101.402	98	1
1527745621.633479000	101.442	388	1
1527745621.633570000	101.442	258	1
1527745621.675386000	101.484	87	0
1527745621.764553000	101.573	236	0
1527745621.765915000	101.574	148	0
1527745621.768568000	101.577	104	1
1527745621.769177000	101.577	92	0
1527745621.770496000	101.579	276	0
1527745621.772558000	101.581	101	1
1527745621.984413000	101.793	389	1
1527745621.984500000	101.793	260	1
1527745622.002892000	101.811	87	0
1527745622.118143000	101.926	259	0
1527745622.119374000	101.928	148	0
1527745622.121505000	101.93	92	0
1527745622.122590000	101.931	107	1
1527745622.122787000	101.931	108	0
1527745622.126590000	101.935	98	1
1527745622.206639000	102.015	392	1
1527745622.206703000	102.015	262	1
1527745622.224497000	102.033	87	0
1527745622.231720000	102.04	87	0
1527745622.359713000	102.168	236	0
1527745622.360990000	102.169	148	0
1527745622.363608000	102.172	107	1
1527745622.364340000	102.172	92	0
1527745622.365572000	102.174	313	0
1527745622.368616000	102.177	101	1
1527745622.482870000	102.291	392	1
1527745622.482959000	102.291	259	1
1527745622.505714000	102.314	87	0
1527745622.508142000	102.316	87	0
1527745622.627848000	102.436	277	0
1527745622.629052000	102.437	148	0
1527745622.631624000	102.44	107	1
1527745622.633835000	102.442	92	0
1527745622.635138000	102.443	317	0
1527745622.637607000	102.446	101	1
1527745622.709730000	102.518	391	1
1527745622.709793000	102.518	258	1
1527745622.731803000	102.54	87	0
1527745622.738177000	102.546	87	0
1527745622.865730000	102.674	279	0
1527745622.867059000	102.675	148	0
1527745622.869643000	102.678	107	1
1527745622.870716000	102.679	92	0
1527745622.872041000	102.68	254	0
1527745622.874561000	102.683	101	1
1527745622.988917000	102.797	388	1
1527745622.988985000	102.797	262	1
1527745623.027380000	102.836	87	0
1527745623.184796000	102.993	259	0
1527745623.186126000	102.994	148	0
1527745623.187479000	102.996	92	0
1527745623.188676000	102.997	107	1
1527745623.188705000	102.997	117	0
1527745623.192646000	103.001	98	1
1527745623.485381000	103.294	388	1
1527745623.485435000	103.294	263	1
1527745623.530651000	103.339	87	0
1527745623.663781000	103.472	258	0
1527745623.665100000	103.473	148	0
1527745623.666494000	103.475	92	0
1527745623.667683000	103.476	107	1
1527745623.667786000	103.476	251	0
1527745623.671691000	103.48	98	1
1527745623.752303000	103.56	533	1
1527745623.752384000	103.561	264	1
1527745623.773223000	103.581	87	0
1527745623.898471000	103.707	302	0
1527745623.899750000	103.708	148	0
1527745623.902719000	103.711	104	1
1527745623.903446000	103.712	92	0
1527745623.904683000	103.713	221	0
1527745623.907691000	103.716	101	1
1527745624.139126000	103.947	387	1
1527745624.139193000	103.947	258	1
1527745624.157678000	103.966	87	0
1527745624.275122000	104.083	302	0
1527745624.276459000	104.085	148	0
1527745624.277876000	104.086	92	0
1527745624.278716000	104.087	107	1
1527745624.279177000	104.087	328	0
1527745624.282631000	104.091	98	1
1527745624.491385000	104.3	1398	1
1527745624.491463000	104.3	266	1
1527745624.515180000	104.323	87	0
1527745624.519945000	104.328	87	0
1527745624.626036000	104.434	233	0
1527745624.627382000	104.436	148	0
1527745624.629743000	104.438	107	1
1527745624.629842000	104.438	92	0
1527745624.631135000	104.439	104	0
1527745624.633775000	104.442	101	1
1527745624.942006000	104.75	387	1
1527745624.942070000	104.75	262	1
1527745624.961572000	104.77	87	0
1527745625.080511000	104.889	279	0
1527745625.081780000	104.89	148	0
1527745625.083147000	104.891	92	0
1527745625.084497000	104.893	117	0
1527745625.084745000	104.893	110	1
1527745625.270087000	105.078	437	1
1527745625.270150000	105.078	258	1
1527745625.291149000	105.099	87	0
1527745625.419557000	105.228	241	0
1527745625.420836000	105.229	148	0
1527745625.423738000	105.232	104	1
1527745625.425080000	105.233	92	0
1527745625.426377000	105.235	225	0
1527745625.428722000	105.237	101	1
1527745625.600516000	105.409	387	1
1527745625.600592000	105.409	262	1
1527745625.627671000	105.436	87	0
1527745625.629849000	105.438	87	0
1527745625.742245000	105.55	264	0
1527745625.743504000	105.552	148	0
1527745625.744917000	105.553	92	0
1527745625.745721000	105.554	110	1
1527745625.746217000	105.554	328	0
1527745625.749744000	105.558	98	1
1527745625.805144000	105.613	390	1
1527745625.805236000	105.613	263	1
1527745625.823254000	105.631	87	0
1527745625.955742000	105.764	258	0
1527745625.957096000	105.765	148	0
1527745625.959755000	105.768	104	1
1527745625.959902000	105.768	92	0
1527745625.961222000	105.769	160	0
1527745625.963739000	105.772	101	1
1527745626.026317000	105.834	389	1
1527745626.026395000	105.835	263	1
1527745626.044952000	105.853	87	0
1527745626.170246000	105.978	235	0
1527745626.171525000	105.98	148	0
1527745626.173363000	105.982	92	0
1527745626.173826000	105.982	107	1
1527745626.174689000	105.983	304	0
1527745626.178747000	105.987	98	1
1527745626.214978000	106.023	235	0
1527745626.218827000	106.027	98	1
1527745626.256200000	106.064	392	1
1527745626.256257000	106.064	262	1
1527745626.275053000	106.083	87	0
1527745626.385595000	106.194	235	0
1527745626.386830000	106.195	148	0
1527745626.388704000	106.197	92	0
1527745626.389835000	106.198	107	1
1527745626.390028000	106.198	316	0
1527745626.393850000	106.202	98	1
1527745626.495975000	106.304	391	1
1527745626.496035000	106.304	259	1
1527745626.520035000	106.328	87	0
1527745626.625988000	106.434	233	0
1527745626.627351000	106.436	148	0
1527745626.629569000	106.438	92	0
1527745626.629795000	106.438	107	1
1527745626.630831000	106.439	151	0
1527745626.634863000	106.443	98	1
1527745628.851757000	108.66	387	1
1527745628.851824000	108.66	259	1
1527745628.873992000	108.682	87	0
1527745629.021526000	108.83	259	0
1527745629.022818000	108.831	148	0
1527745629.024976000	108.833	104	1
1527745629.027578000	108.836	92	0
1527745629.030165000	108.838	192	0
1527745629.030900000	108.839	101	1
1527745629.471472000	109.28	389	1
1527745629.471564000	109.28	262	1
1527745629.491027000	109.299	87	0
1527745629.620272000	109.428	277	0
1527745629.621586000	109.43	148	0
1527745629.623757000	109.432	92	0
1527745629.623987000	109.432	107	1
1527745629.625026000	109.433	277	0
1527745629.629031000	109.437	98	1
1527745629.690924000	109.499	389	1
1527745629.691002000	109.499	259	1
1527745629.731980000	109.54	87	0
1527745629.732068000	109.54	389	1
1527745629.753566000	109.562	87	0
1527745629.862958000	109.671	279	0
1527745629.864236000	109.672	148	0
1527745629.866973000	109.675	107	1
1527745629.867576000	109.676	92	0
1527745629.868876000	109.677	144	0
1527745629.870953000	109.679	101	1
1527745629.940395000	109.749	533	1
1527745629.940457000	109.749	260	1
1527745629.961259000	109.769	87	0
1527745630.073044000	109.881	257	0
1527745630.074315000	109.882	148	0
1527745630.077048000	109.885	104	1
1527745630.077212000	109.885	92	0
1527745630.078557000	109.887	302	0
1527745630.080967000	109.889	101	1
1527745630.150994000	109.959	400	1
1527745630.151070000	109.959	262	1
1527745630.173535000	109.982	87	0
1527745630.286168000	110.094	258	0
1527745630.287520000	110.096	148	0
1527745630.289867000	110.098	92	0
1527745630.290100000	110.098	107	1
1527745630.291130000	110.099	280	0
1527745630.294963000	110.103	98	1
1527745630.392121000	110.2	1384	1
1527745630.392183000	110.2	259	1
1527745630.415220000	110.223	87	0
1527745630.550669000	110.359	279	0
1527745630.551894000	110.36	148	0
1527745630.553481000	110.362	92	0
1527745630.554779000	110.363	279	0
1527745630.555014000	110.363	110	1
1527745630.591136000	110.399	279	0
1527745630.595036000	110.403	98	1
1527745630.673641000	110.482	440	1
1527745630.673733000	110.482	261	1
1527745630.691792000	110.5	87	0
1527745630.818067000	110.626	329	0
1527745630.819331000	110.627	148	0
1527745630.821719000	110.63	92	0
1527745630.822021000	110.63	107	1
1527745630.823017000	110.631	163	0
1527745630.827102000	110.635	98	1
1527745630.862865000	110.671	329	0
1527745630.867095000	110.675	98	1
1527745630.880621000	110.689	389	1
1527745630.880683000	110.689	262	1
1527745630.903869000	110.712	87	0
1527745631.031270000	110.839	232	0
1527745631.032545000	110.841	148	0
1527745631.035097000	110.843	104	1
1527745631.035601000	110.844	92	0
1527745631.036893000	110.845	159	0
1527745631.039085000	110.847	101	1
1527745631.121320000	110.929	387	1
1527745631.121395000	110.93	259	1
1527745631.140213000	110.948	87	0
1527745631.275355000	111.084	258	0
1527745631.276683000	111.085	148	0
1527745631.280049000	111.088	92	0
1527745631.280148000	111.088	104	1
1527745631.281368000	111.09	194	0
1527745631.284052000	111.092	101	1
1527745631.383517000	111.192	392	1
1527745631.383594000	111.192	265	1
1527745631.411001000	111.219	87	0
1527745631.545907000	111.354	240	0
1527745631.547454000	111.356	148	0
1527745631.550079000	111.358	104	1
1527745631.550296000	111.358	92	0
1527745631.551599000	111.36	293	0
1527745631.554037000	111.362	101	1
1527745631.597369000	111.406	240	0
1527745631.601071000	111.409	98	1
1527745631.669406000	111.478	390	1
1527745631.669493000	111.478	263	1
1527745631.705175000	111.513	87	0
1527745631.856129000	111.664	291	0
1527745631.857543000	111.666	148	0
1527745631.859623000	111.668	92	0
1527745631.860147000	111.668	107	1
1527745631.860982000	111.669	247	0
1527745631.865160000	111.673	98	1
1527745631.941034000	111.749	392	1
1527745631.941135000	111.749	259	1
1527745631.962589000	111.771	87	0
1527745631.971870000	111.78	87	0
1527745632.109554000	111.918	235	0
1527745632.110784000	111.919	148	0
1527745632.112394000	111.921	92	0
1527745632.113159000	111.921	110	1
1527745632.113702000	111.922	190	0
1527745632.117175000	111.925	98	1
1527745632.182119000	111.99	392	1
1527745632.182193000	111.99	258	1
1527745632.203934000	112.012	87	0
1527745632.331799000	112.14	232	0
1527745632.333086000	112.141	148	0
1527745632.336170000	112.144	104	1
1527745632.336610000	112.145	92	0
1527745632.338017000	112.146	319	0
1527745632.340202000	112.148	101	1
1527745632.554384000	112.363	387	1
1527745632.554450000	112.363	259	1
1527745632.574436000	112.383	87	0
1527745632.708133000	112.516	233	0
1527745632.709413000	112.518	148	0
1527745632.712132000	112.52	104	1
1527745632.712326000	112.52	92	0
1527745632.713686000	112.522	190	0
1527745632.716120000	112.524	101	1
1527745632.974902000	112.783	392	1
1527745632.974987000	112.783	264	1
1527745632.994915000	112.803	87	0
1527745633.001085000	112.809	87	0
1527745633.111179000	112.919	257	0
1527745633.112490000	112.921	148	0
1527745633.113766000	112.922	92	0
1527745633.115058000	112.923	239	0
1527745633.115180000	112.923	110	1
1527745633.119222000	112.927	98	1
1527745633.527548000	113.336	533	1
1527745633.527639000	113.336	260	1
1527745633.569214000	113.377	533	1
1527745633.572473000	113.381	87	0
1527745633.577907000	113.386	87	0
1527745633.598857000	113.407	87	0
1527745633.695976000	113.504	231	0
1527745633.697284000	113.505	148	0
1527745633.699125000	113.507	92	0
1527745633.700222000	113.508	113	1
1527745633.700441000	113.509	112	0
1527745633.704220000	113.512	98	1
1527745633.927866000	113.736	1393	1
1527745633.927960000	113.736	263	1
1527745633.950158000	113.758	87	0
1527745634.073186000	113.881	299	0
1527745634.074454000	113.883	148	0
1527745634.077227000	113.885	104	1
1527745634.078001000	113.886	92	0
1527745634.079261000	113.887	184	0
1527745634.081178000	113.889	101	1
1527745634.178375000	113.987	388	1
1527745634.178474000	113.987	259	1
1527745634.200122000	114.008	87	0
1527745634.310181000	114.118	257	0
1527745634.311467000	114.12	148	0
1527745634.314239000	114.122	104	1
1527745634.314585000	114.123	92	0
1527745634.315884000	114.124	271	0
1527745634.318250000	114.126	101	1
1527745634.458495000	114.267	442	1
1527745634.458557000	114.267	261	1
1527745634.480194000	114.288	87	0
1527745634.610480000	114.419	259	0
1527745634.611768000	114.42	148	0
1527745634.613045000	114.421	92	0
1527745634.614268000	114.422	107	1
1527745634.614282000	114.422	120	0
1527745634.618250000	114.426	98	1
1527745634.939314000	114.747	388	1
1527745634.939378000	114.748	259	1
1527745634.980180000	114.788	87	0
1527745635.096505000	114.905	281	0
1527745635.097845000	114.906	148	0
1527745635.100300000	114.908	104	1
1527745635.100642000	114.909	92	0
1527745635.101942000	114.91	229	0
1527745635.104243000	114.912	101	1
1527745635.247442000	115.056	389	1
1527745635.247541000	115.056	259	1
1527745635.265900000	115.074	87	0
1527745635.272005000	115.08	87	0
1527745635.397321000	115.205	278	0
1527745635.398666000	115.207	148	0
1527745635.400180000	115.208	92	0
1527745635.401335000	115.209	110	1
1527745635.401494000	115.21	245	0
1527745635.405324000	115.213	98	1
