1527867083.370095000	0	294	1
1527867083.398662000	0.0285671	87	0
1527867083.623388000	0.253293	299	0
1527867083.623645000	0.25355	1412	0
1527867083.623855000	0.25376	1412	0
1527867083.624041000	0.253946	1412	0
1527867083.624203000	0.254108	180	0
1527867083.624436000	0.254341	1412	0
1527867083.624640000	0.254545	1412	0
1527867083.624840000	0.254745	1412	0
1527867083.625009000	0.254914	188	0
1527867083.625224000	0.255129	726	0
1527867083.625442000	0.255347	1412	0
1527867083.625647000	0.255552	1412	0
1527867083.625801000	0.255706	128	1
1527867083.625829000	0.255734	693	0
1527867083.627062000	0.256967	1412	0
1527867083.627279000	0.257184	1412	0
1527867083.627595000	0.2575	1412	0
1527867083.628349000	0.258254	1295	0
1527867083.629389000	0.259294	116	1
1527867083.632738000	0.262643	1412	0
1527867083.632972000	0.262877	1412	0
1527867083.633615000	0.26352	1412	0
1527867083.634254000	0.264159	1412	0
1527867083.634557000	0.264462	1412	0
1527867083.634874000	0.264779	1412	0
1527867083.635595000	0.2655	1412	0
1527867083.635919000	0.265824	1412	0
1527867083.636241000	0.266146	1412	0
1527867083.636378000	0.266283	122	1
1527867083.637011000	0.266916	1412	0
1527867083.637282000	0.267187	1412	0
1527867083.637591000	0.267496	1412	0
1527867083.639018000	0.268923	1412	0
1527867083.639232000	0.269137	1412	0
1527867083.639436000	0.269341	1412	0
1527867083.639632000	0.269537	1412	0
1527867083.639847000	0.269752	1412	0
1527867083.640051000	0.269956	1412	0
1527867083.640387000	0.270292	122	1
1527867083.641955000	0.27186	1412	0
1527867083.642164000	0.272069	1412	0
1527867083.642365000	0.27227	1412	0
1527867083.642569000	0.272474	1412	0
1527867083.642779000	0.272684	1412	0
1527867083.643254000	0.273159	1214	0
1527867083.645387000	0.275292	113	1
1527867084.805039000	1.43494	327	1
1527867084.805120000	1.43502	1412	1
1527867084.805143000	1.43505	916	1
1527867084.811307000	1.44121	318	1
1527867084.822861000	1.45277	87	0
1527867084.831142000	1.46105	87	0
1527867084.926345000	1.55625	279	0
1527867084.926564000	1.55647	1412	0
1527867084.926771000	1.55668	1412	0
1527867084.926973000	1.55688	1412	0
1527867084.927513000	1.55742	186	0
1527867084.927897000	1.5578	1412	0
1527867084.928606000	1.55851	1412	0
1527867084.928804000	1.55871	1065	0
1527867084.930153000	1.56006	92	0
1527867084.930366000	1.56027	337	0
1527867084.930566000	1.56047	131	1
1527867085.051435000	1.68134	215	1
1527867085.069764000	1.69967	87	0
1527867085.171471000	1.80138	488	0
1527867085.174621000	1.80453	80	0
1527867085.175488000	1.80539	104	1
1527867085.241491000	1.8714	427	0
1527867085.241698000	1.8716	1115	0
1527867085.245546000	1.87545	101	1
1527867085.250019000	1.87992	92	0
1527867085.250214000	1.88012	185	0
1527867085.278099000	1.908	92	0
1527867085.278459000	1.90836	101	1
1527867085.284816000	1.91472	98	1
1527867085.531346000	2.16125	436	1
1527867085.548875000	2.17878	87	0
1527867085.566985000	2.19689	277	0
1527867085.567182000	2.19709	360	0
1527867085.567380000	2.19728	209	0
1527867085.570524000	2.20043	107	1
1527867086.714815000	3.34472	1066	1
1527867086.733016000	3.36292	87	0
1527867086.881187000	3.51109	1412	1
1527867086.881228000	3.51113	1412	1
1527867086.881253000	3.51116	319	1
1527867086.881313000	3.51122	844	1
1527867086.899353000	3.52926	87	0
1527867086.921660000	3.55156	551	0
1527867086.921964000	3.55187	202	0
1527867086.925635000	3.55554	107	1
1527867086.951890000	3.58179	231	0
1527867086.952496000	3.5824	1412	0
1527867086.952689000	3.58259	995	0
1527867086.955597000	3.5855	104	1
1527867086.969909000	3.59981	92	0
1527867086.970096000	3.6	154	0
1527867086.973628000	3.60353	101	1
1527867087.810169000	4.44007	771	1
1527867087.810282000	4.44019	1412	1
1527867087.810319000	4.44022	1412	1
1527867087.810348000	4.44025	1412	1
1527867087.810390000	4.44029	1412	1
1527867087.810412000	4.44032	1412	1
1527867087.810446000	4.44035	1412	1
1527867087.810483000	4.44039	1412	1
1527867087.810518000	4.44042	1412	1
1527867087.810554000	4.44046	1412	1
1527867087.810590000	4.4405	1412	1
1527867087.810637000	4.44054	1412	1
1527867087.810660000	4.44056	1412	1
1527867087.810683000	4.44059	1281	1
1527867087.823588000	4.45349	100	0
1527867087.828029000	4.45793	98	1
1527867087.828087000	4.45799	1412	1
1527867087.828897000	4.4588	87	0
1527867087.840219000	4.47012	87	0
1527867087.845886000	4.47579	87	0
1527867087.956336000	4.58624	394	0
1527867087.960479000	4.59038	80	0
1527867087.971259000	4.60116	110	1
1527867089.219122000	5.84903	332	1
1527867089.219205000	5.84911	1412	1
1527867089.219229000	5.84913	989	1
1527867089.219609000	5.84951	223	1
1527867089.219646000	5.84955	1412	1
1527867089.219682000	5.84959	1412	1
1527867089.219709000	5.84961	768	1
1527867089.231812000	5.86172	101	1
1527867089.235192000	5.8651	100	0
1527867089.238820000	5.86873	98	1
1527867089.240035000	5.86994	251	1
1527867089.245209000	5.87511	94	0
1527867089.248832000	5.87874	87	0
1527867089.248989000	5.87889	98	1
1527867089.275142000	5.90505	87	0
1527867089.436953000	6.06686	529	0
1527867089.437148000	6.06705	306	0
1527867089.437347000	6.06725	174	0
1527867089.439356000	6.06926	127	1
1527867089.441761000	6.07167	252	1
1527867089.455701000	6.08561	87	0
1527867089.534784000	6.16469	487	0
1527867089.538385000	6.16829	80	0
1527867089.538879000	6.16878	104	1
1527867089.908770000	6.53868	899	0
1527867089.908962000	6.53887	1412	0
1527867089.909298000	6.5392	1412	0
1527867089.909582000	6.53949	1412	0
1527867089.909750000	6.53965	180	0
1527867089.909983000	6.53989	1412	0
1527867089.910183000	6.54009	1350	0
1527867089.910390000	6.54029	1412	0
1527867089.910594000	6.5405	1412	0
1527867089.910798000	6.5407	1412	0
1527867089.910903000	6.54081	125	1
1527867089.910981000	6.54089	188	0
1527867089.911216000	6.54112	1218	0
1527867089.914796000	6.5447	1412	0
1527867089.914916000	6.54482	101	1
1527867089.915067000	6.54497	1412	0
1527867089.915461000	6.54537	1412	0
1527867089.915635000	6.54554	188	0
1527867089.915829000	6.54573	84	0
1527867089.916606000	6.54651	1412	0
1527867089.916789000	6.54669	739	0
1527867089.918903000	6.54881	116	1
1527867089.940909000	6.57081	1412	0
1527867089.941100000	6.571	1412	0
1527867089.941389000	6.57129	1412	0
1527867089.941558000	6.57146	198	0
1527867089.941791000	6.5717	1412	0
1527867089.941996000	6.5719	1412	0
1527867089.942202000	6.57211	1412	0
1527867089.942374000	6.57228	180	0
1527867089.942605000	6.57251	1412	0
1527867089.942778000	6.57268	323	0
1527867089.942873000	6.57278	125	1
1527867089.943789000	6.57369	1412	0
1527867089.944045000	6.57395	1412	0
1527867089.944362000	6.57427	1412	0
1527867089.944533000	6.57444	188	0
1527867089.944768000	6.57467	1412	0
1527867089.944936000	6.57484	184	0
1527867089.945446000	6.57535	1412	0
1527867089.945747000	6.57565	1412	0
1527867089.946072000	6.57598	1412	0
1527867089.946245000	6.57615	188	0
1527867089.946435000	6.57634	84	0
1527867089.946468000	6.57637	125	1
1527867089.946686000	6.57659	1196	0
1527867089.949441000	6.57935	1412	0
1527867089.949642000	6.57955	1412	0
1527867089.949851000	6.57976	1412	0
1527867089.949867000	6.57977	107	1
1527867089.950048000	6.57995	188	0
1527867089.950248000	6.58015	84	0
1527867089.950473000	6.58038	963	0
1527867089.951226000	6.58113	1412	0
1527867089.951428000	6.58133	1304	0
1527867089.951632000	6.58154	1412	0
1527867089.951836000	6.58174	1412	0
1527867089.952014000	6.58192	666	0
1527867089.952379000	6.58228	1412	0
1527867089.952527000	6.58243	125	1
1527867089.952690000	6.58259	1412	0
1527867089.952870000	6.58277	342	0
1527867089.953059000	6.58296	92	0
1527867089.953266000	6.58317	116	0
1527867089.955876000	6.58578	107	1
1527867091.444792000	8.0747	1412	1
1527867091.444871000	8.07478	1412	1
1527867091.444892000	8.0748	323	1
1527867091.444963000	8.07487	844	1
1527867091.463699000	8.0936	87	0
1527867091.485286000	8.11519	548	0
1527867091.485488000	8.11539	292	0
1527867091.489019000	8.11892	104	1
1527867092.437624000	9.06753	963	1
1527867092.437701000	9.06761	294	1
1527867092.439836000	9.06974	302	1
1527867092.439922000	9.06983	1412	1
1527867092.439961000	9.06987	1412	1
1527867092.440013000	9.06992	989	1
1527867092.455765000	9.08567	87	0
1527867092.484196000	9.1141	382	1
1527867092.501757000	9.13166	87	0
1527867092.577969000	9.20787	322	0
1527867092.578236000	9.20814	1400	0
1527867092.579075000	9.20898	513	0
1527867092.581643000	9.21155	592	0
1527867092.582035000	9.21194	113	1
1527867092.583520000	9.21342	635	0
1527867092.585556000	9.21546	467	0
1527867092.586491000	9.2164	697	0
1527867092.587031000	9.21694	104	1
1527867092.588022000	9.21793	484	0
1527867092.590543000	9.22045	835	0
1527867092.591716000	9.22162	649	0
1527867092.592031000	9.22194	104	1
1527867092.592990000	9.22289	519	0
1527867092.594270000	9.22417	439	0
1527867092.595853000	9.22576	701	0
1527867092.597038000	9.22694	104	1
1527867092.597267000	9.22717	616	0
1527867092.599136000	9.22904	558	0
1527867092.600410000	9.23031	664	0
1527867092.601030000	9.23094	104	1
1527867092.601526000	9.23143	583	0
1527867092.601920000	9.23182	689	0
1527867092.605047000	9.23495	101	1
1527867092.608303000	9.23821	92	0
1527867092.609386000	9.23929	302	0
1527867092.612030000	9.24194	101	1
1527867092.630434000	9.26034	286	0
1527867092.630670000	9.26058	103	0
1527867092.632944000	9.26285	116	0
1527867092.634032000	9.26394	104	1
1527867092.749738000	9.37964	374	0
1527867092.754095000	9.384	98	1
1527867092.754777000	9.38468	80	0
1527867092.758203000	9.38811	98	1
1527867094.333475000	10.9634	398	1
1527867094.333568000	10.9635	109	1
1527867094.344564000	10.9745	302	1
1527867094.347963000	10.9779	477	1
1527867094.348049000	10.978	87	1
1527867094.349984000	10.9799	87	0
1527867094.361536000	10.9914	87	0
1527867094.367589000	10.9975	87	0
1527867094.445178000	11.0751	422	0
1527867094.445359000	11.0753	151	0
1527867094.449163000	11.0791	110	1
1527867094.449178000	11.0791	92	0
1527867094.449690000	11.0796	93	0
1527867094.477371000	11.1073	92	0
1527867094.505209000	11.1351	82	0
1527867094.530203000	11.1601	107	1
1527867094.531844000	11.1617	484	1
1527867094.531909000	11.1618	94	1
1527867094.538900000	11.1688	325	1
1527867094.538975000	11.1689	255	1
1527867094.548390000	11.1783	87	0
1527867094.555931000	11.1858	87	0
1527867094.651335000	11.2812	267	0
1527867094.651518000	11.2814	141	0
1527867094.654967000	11.2849	92	0
1527867094.655403000	11.2853	107	1
1527867094.655438000	11.2853	273	0
1527867094.659215000	11.2891	101	1
1527867094.689757000	11.3197	246	0
1527867094.689967000	11.3199	103	0
1527867094.694023000	11.3239	92	0
1527867094.694219000	11.3241	213	0
1527867094.694291000	11.3242	104	1
1527867094.701234000	11.3311	98	1
1527867094.838784000	11.4687	248	0
1527867094.838977000	11.4689	367	0
1527867094.841368000	11.4713	146	0
1527867094.842177000	11.4721	104	1
1527867095.014859000	11.6448	305	0
1527867095.015042000	11.6449	146	0
1527867095.016126000	11.646	92	0
1527867095.016331000	11.6462	248	0
1527867095.019182000	11.6491	107	1
1527867095.388356000	12.0183	371	1
1527867095.388513000	12.0184	1412	1
1527867095.388540000	12.0184	1412	1
1527867095.388582000	12.0185	1412	1
1527867095.388635000	12.0185	1412	1
1527867095.388672000	12.0186	1412	1
1527867095.388705000	12.0186	1412	1
1527867095.388742000	12.0186	1412	1
1527867095.388782000	12.0187	1412	1
1527867095.388833000	12.0187	1412	1
1527867095.388870000	12.0188	1412	1
1527867095.388903000	12.0188	1412	1
1527867095.388938000	12.0188	1412	1
1527867095.388975000	12.0189	1412	1
1527867095.389009000	12.0189	1412	1
1527867095.390218000	12.0201	1412	1
1527867095.390275000	12.0202	1412	1
1527867095.390313000	12.0202	1412	1
1527867095.390347000	12.0203	1412	1
1527867095.390385000	12.0203	1412	1
1527867095.390450000	12.0204	1412	1
1527867095.390474000	12.0204	1412	1
1527867095.390498000	12.0204	1412	1
1527867095.390523000	12.0204	1412	1
1527867095.392233000	12.0221	1412	1
1527867095.392268000	12.0222	1412	1
1527867095.392307000	12.0222	1412	1
1527867095.392362000	12.0223	1412	1
1527867095.392400000	12.0223	1412	1
1527867095.392455000	12.0224	1412	1
1527867095.392496000	12.0224	1412	1
1527867095.392549000	12.0225	1412	1
1527867095.392573000	12.0225	1412	1
1527867095.392610000	12.0225	1412	1
1527867095.394210000	12.0241	774	1
1527867095.406271000	12.0362	87	0
1527867095.407760000	12.0377	87	0
1527867095.410717000	12.0406	87	0
1527867095.412531000	12.0424	87	0
1527867095.586401000	12.2163	381	1
1527867095.587547000	12.2175	294	1
1527867095.603407000	12.2333	87	0
1527867095.620746000	12.2507	376	1
1527867095.638543000	12.2684	87	0
1527867095.695643000	12.3255	232	0
1527867095.695829000	12.3257	118	0
1527867095.697690000	12.3276	232	0
1527867095.697886000	12.3278	279	0
1527867095.699079000	12.329	92	0
1527867095.699226000	12.3291	116	1
1527867095.699304000	12.3292	241	0
1527867095.702236000	12.3321	92	0
1527867095.702442000	12.3323	222	0
1527867095.703203000	12.3331	104	1
1527867095.721568000	12.3515	391	1
1527867095.721644000	12.3515	442	1
1527867095.739312000	12.3692	87	0
1527867095.758420000	12.3883	375	0
1527867095.762246000	12.3922	101	1
1527867095.765081000	12.395	80	0
1527867095.769252000	12.3992	98	1
1527867095.823191000	12.4531	585	0
1527867095.823381000	12.4533	800	0
1527867095.826686000	12.4566	92	0
1527867095.827215000	12.4571	104	1
1527867095.840385000	12.4703	181	0
1527867095.844250000	12.4742	98	1
1527867096.073141000	12.703	334	0
1527867096.073244000	12.7031	146	0
1527867096.075500000	12.7054	92	0
1527867096.076573000	12.7065	326	0
1527867096.077240000	12.7071	107	1
1527867096.235974000	12.8659	513	1
1527867096.236062000	12.866	256	1
1527867096.254572000	12.8845	87	0
1527867096.376797000	13.0067	232	0
1527867096.376941000	13.0068	146	0
1527867096.380032000	13.0099	92	0
1527867096.380299000	13.0102	107	1
1527867096.380616000	13.0105	279	0
1527867096.384283000	13.0142	98	1
1527867096.652316000	13.2822	871	1
1527867096.652398000	13.2823	261	1
1527867096.669362000	13.2993	87	0
1527867096.807617000	13.4375	301	0
1527867096.807731000	13.4376	146	0
1527867096.810990000	13.4409	92	0
1527867096.811139000	13.441	153	0
1527867096.811268000	13.4412	107	1
1527867096.815320000	13.4452	98	1
1527867097.083410000	13.7133	984	1
1527867097.083488000	13.7134	257	1
1527867097.101186000	13.7311	87	0
1527867097.236656000	13.8666	301	0
1527867097.236769000	13.8667	146	0
1527867097.240383000	13.8703	104	1
1527867097.241175000	13.8711	92	0
1527867097.241325000	13.8712	325	0
1527867097.245366000	13.8753	101	1
1527867097.389841000	14.0197	391	1
1527867097.389905000	14.0198	254	1
1527867097.407854000	14.0378	87	0
1527867097.505899000	14.1358	270	0
1527867097.506047000	14.136	146	0
1527867097.509351000	14.1393	92	0
1527867097.509396000	14.1393	104	1
1527867097.509510000	14.1394	188	0
1527867097.513388000	14.1433	101	1
1527867097.630971000	14.2609	391	1
1527867097.631063000	14.261	258	1
1527867097.649560000	14.2795	87	0
1527867097.771555000	14.4015	234	0
1527867097.771729000	14.4016	146	0
1527867097.775222000	14.4051	92	0
1527867097.775415000	14.4053	286	0
1527867097.775463000	14.4054	107	1
1527867097.779400000	14.4093	98	1
1527867098.005894000	14.6358	392	1
1527867098.005981000	14.6359	253	1
1527867098.023334000	14.6532	87	0
1527867098.164380000	14.7943	255	0
1527867098.164499000	14.7944	146	0
1527867098.168440000	14.7983	104	1
1527867098.168731000	14.7986	92	0
1527867098.168891000	14.7988	202	0
1527867098.172370000	14.8023	101	1
1527867098.461626000	15.0915	388	1
1527867098.461709000	15.0916	253	1
1527867098.479185000	15.1091	87	0
1527867098.922200000	15.5521	302	0
1527867098.922327000	15.5522	148	0
1527867098.924383000	15.5543	92	0
1527867098.924518000	15.5544	340	0
1527867098.926482000	15.5564	110	1
1527867099.019858000	15.6498	387	1
1527867099.019923000	15.6498	254	1
1527867099.036574000	15.6665	87	0
1527867099.169884000	15.7998	235	0
1527867099.170067000	15.8	148	0
1527867099.173451000	15.8034	104	1
1527867099.174276000	15.8042	92	0
1527867099.174463000	15.8044	266	0
1527867099.178588000	15.8085	101	1
1527867102.525075000	19.155	392	1
1527867102.525140000	19.155	259	1
1527867102.541982000	19.1719	87	0
1527867102.841908000	19.4718	255	0
1527867102.842012000	19.4719	148	0
1527867102.845535000	19.4754	92	0
1527867102.845782000	19.4757	314	0
1527867102.846250000	19.4762	110	1
1527867102.935477000	19.5654	392	1
1527867102.935537000	19.5654	255	1
1527867102.952183000	19.5821	87	0
1527867103.053630000	19.6835	255	0
1527867103.053755000	19.6837	148	0
1527867103.056978000	19.6869	92	0
1527867103.057233000	19.6871	107	1
1527867103.057434000	19.6873	285	0
1527867103.061248000	19.6912	98	1
1527867103.184712000	19.8146	392	1
1527867103.184806000	19.8147	262	1
1527867103.202184000	19.8321	87	0
1527867103.345524000	19.9754	234	0
1527867103.346126000	19.976	148	0
1527867103.349072000	19.979	92	0
1527867103.349314000	19.9792	107	1
1527867103.349522000	19.9794	334	0
1527867103.353246000	19.9832	98	1
1527867103.655202000	20.2851	514	1
1527867103.655274000	20.2852	256	1
1527867103.673396000	20.3033	87	0
1527867103.810900000	20.4408	234	0
1527867103.811101000	20.441	148	0
1527867103.813766000	20.4437	92	0
1527867103.814198000	20.4441	240	0
1527867103.815271000	20.4452	110	1
1527867104.048717000	20.6786	868	1
1527867104.048794000	20.6787	258	1
1527867104.067001000	20.6969	87	0
1527867104.204193000	20.8341	279	0
1527867104.204373000	20.8343	148	0
1527867104.207973000	20.8379	92	0
1527867104.208172000	20.8381	240	0
1527867104.208376000	20.8383	110	1
1527867104.466600000	21.0965	983	1
1527867104.466674000	21.0966	255	1
1527867104.485275000	21.1152	87	0
1527867104.787361000	21.4173	257	0
1527867104.787544000	21.4174	148	0
1527867104.787919000	21.4178	92	0
1527867104.788232000	21.4181	86	0
1527867104.791436000	21.4213	110	1
1527867105.746006000	22.3759	392	1
1527867105.746067000	22.376	257	1
1527867105.762822000	22.3927	87	0
1527867105.904754000	22.5347	301	0
1527867105.904870000	22.5348	148	0
1527867105.905985000	22.5359	92	0
1527867105.906176000	22.5361	326	0
1527867105.908865000	22.5388	110	1
1527867106.265742000	22.8956	391	1
1527867106.265836000	22.8957	260	1
1527867106.282085000	22.912	87	0
1527867106.583524000	23.2134	305	0
1527867106.583642000	23.2135	148	0
1527867106.586795000	23.2167	92	0
1527867106.586935000	23.2168	297	0
1527867106.587805000	23.2177	110	1
1527867106.767407000	23.3973	392	1
1527867106.767471000	23.3974	258	1
1527867106.784424000	23.4143	87	0
1527867106.921868000	23.5518	303	0
1527867106.922036000	23.5519	148	0
1527867106.925662000	23.5556	92	0
1527867106.925798000	23.5557	323	0
1527867106.925955000	23.5559	110	1
1527867107.227385000	23.8573	388	1
1527867107.227478000	23.8574	259	1
1527867107.244497000	23.8744	87	0
1527867107.248449000	23.8784	87	0
1527867107.349569000	23.9795	270	0
1527867107.349677000	23.9796	148	0
1527867107.351841000	23.9817	92	0
1527867107.351991000	23.9819	211	0
1527867107.353922000	23.9838	113	1
1527867107.568499000	24.1984	388	1
1527867107.568592000	24.1985	258	1
1527867107.586387000	24.2163	87	0
1527867107.687408000	24.3173	234	0
1527867107.687603000	24.3175	148	0
1527867107.690426000	24.3203	92	0
1527867107.690830000	24.3207	139	0
1527867107.690892000	24.3208	107	1
1527867107.694934000	24.3248	98	1
1527867107.999471000	24.6294	388	1
1527867107.999554000	24.6295	257	1
1527867108.016916000	24.6468	87	0
1527867108.337152000	24.9671	255	0
1527867108.337264000	24.9672	148	0
1527867108.338206000	24.9681	92	0
1527867108.338627000	24.9685	301	0
1527867108.340981000	24.9709	110	1
1527867109.184195000	25.8141	387	1
1527867109.184282000	25.8142	255	1
1527867109.201475000	25.8314	87	0
1527867109.502292000	26.1322	302	0
1527867109.502461000	26.1324	148	0
1527867109.506038000	26.1359	104	1
1527867109.506616000	26.1365	92	0
1527867109.506768000	26.1367	319	0
1527867109.510026000	26.1399	101	1
1527867109.580173000	26.2101	388	1
1527867109.580266000	26.2102	260	1
1527867109.597570000	26.2275	87	0
1527867109.897228000	26.5271	257	0
1527867109.897425000	26.5273	148	0
1527867109.900357000	26.5303	92	0
1527867109.900829000	26.5307	251	0
1527867109.901086000	26.531	110	1
1527867111.089442000	27.7193	393	1
1527867111.089505000	27.7194	255	1
1527867111.107582000	27.7375	87	0
1527867111.295171000	27.9251	255	0
1527867111.295291000	27.9252	148	0
1527867111.297894000	27.9278	92	0
1527867111.298114000	27.928	125	0
1527867111.298846000	27.9288	110	1
1527867111.408491000	28.0384	509	1
1527867111.408584000	28.0385	258	1
1527867111.425599000	28.0555	87	0
1527867111.435342000	28.0652	87	0
1527867111.535140000	28.165	232	0
1527867111.535325000	28.1652	148	0
1527867111.538499000	28.1684	92	0
1527867111.538708000	28.1686	205	0
1527867111.538847000	28.1688	113	1
1527867111.754614000	28.3845	871	1
1527867111.754733000	28.3846	256	1
1527867111.772861000	28.4028	87	0
1527867111.897102000	28.527	255	0
1527867111.897236000	28.5271	148	0
1527867111.900482000	28.5304	92	0
1527867111.900681000	28.5306	191	0
1527867111.900880000	28.5308	110	1
1527867112.145539000	28.7754	982	1
1527867112.145629000	28.7755	257	1
1527867112.162140000	28.792	87	0
1527867112.297609000	28.9275	234	0
1527867112.297748000	28.9277	148	0
1527867112.301441000	28.9313	92	0
1527867112.301770000	28.9317	129	0
1527867112.302014000	28.9319	110	1
1527867112.579300000	29.2092	388	1
1527867112.579371000	29.2093	256	1
1527867112.596816000	29.2267	87	0
1527867112.696926000	29.3268	253	0
1527867112.697041000	29.3269	148	0
1527867112.699645000	29.3296	92	0
1527867112.699793000	29.3297	157	0
1527867112.700936000	29.3308	110	1
1527867112.989319000	29.6192	390	1
1527867112.989402000	29.6193	257	1
1527867113.007917000	29.6378	87	0
1527867113.144451000	29.7744	278	0
1527867113.144660000	29.7746	148	0
1527867113.145438000	29.7753	92	0
1527867113.145887000	29.7758	149	0
1527867113.148033000	29.7779	110	1
1527867113.320302000	29.9502	388	1
1527867113.320396000	29.9503	256	1
1527867113.338642000	29.9685	87	0
1527867113.472459000	30.1024	277	0
1527867113.472566000	30.1025	148	0
1527867113.476044000	30.1059	104	1
1527867113.476161000	30.1061	92	0
1527867113.476678000	30.1066	229	0
1527867113.480054000	30.11	101	1
1527867113.819316000	30.4492	390	1
1527867113.819391000	30.4493	258	1
1527867113.835731000	30.4656	87	0
1527867113.939976000	30.5699	327	0
1527867113.940095000	30.57	148	0
1527867113.943518000	30.5734	92	0
1527867113.943977000	30.5739	316	0
1527867113.943999000	30.5739	107	1
1527867113.948163000	30.5781	98	1
1527867114.062109000	30.692	388	1
1527867114.062196000	30.6921	257	1
1527867114.081052000	30.711	87	0
1527867114.218174000	30.8481	280	0
1527867114.218377000	30.8483	148	0
1527867114.222103000	30.852	104	1
1527867114.222689000	30.8526	92	0
1527867114.222827000	30.8527	110	0
1527867114.226074000	30.856	101	1
1527867115.055271000	31.6852	388	1
1527867115.055364000	31.6853	258	1
1527867115.071685000	31.7016	87	0
1527867115.171151000	31.8011	291	0
1527867115.171324000	31.8012	148	0
1527867115.174768000	31.8047	92	0
1527867115.175074000	31.805	107	1
1527867115.175265000	31.8052	326	0
1527867115.179063000	31.809	98	1
1527867115.476533000	32.1064	388	1
1527867115.476627000	32.1065	256	1
1527867115.494516000	32.1244	87	0
1527867115.595626000	32.2255	235	0
1527867115.595856000	32.2258	148	0
1527867115.596263000	32.2262	92	0
1527867115.596466000	32.2264	203	0
1527867115.599112000	32.229	110	1
1527867115.797573000	32.4275	390	1
1527867115.797669000	32.4276	256	1
1527867115.813754000	32.4437	87	0
1527867116.117206000	32.7471	255	0
1527867116.117391000	32.7473	148	0
1527867116.121144000	32.751	92	0
1527867116.121234000	32.7511	104	1
1527867116.121267000	32.7512	196	0
1527867116.125192000	32.7551	101	1
1527867117.256477000	33.8864	388	1
1527867117.256550000	33.8865	257	1
1527867117.273390000	33.9033	87	0
1527867117.591154000	34.2211	304	0
1527867117.591260000	34.2212	148	0
1527867117.594667000	34.2246	92	0
1527867117.594807000	34.2247	153	0
1527867117.594953000	34.2249	110	1
1527867117.876471000	34.5064	492	1
1527867117.876556000	34.5065	1412	1
1527867117.876581000	34.5065	1412	1
1527867117.876622000	34.5065	1412	1
1527867117.876657000	34.5066	1382	1
1527867117.894415000	34.5243	87	0
1527867117.993459000	34.6234	415	0
1527867117.996853000	34.6268	101	1
1527867118.000134000	34.63	80	0
1527867118.003846000	34.6338	98	1
1527867118.194281000	34.8242	388	1
1527867118.194342000	34.8242	258	1
1527867118.212237000	34.8421	87	0
1527867118.350092000	34.98	235	0
1527867118.350204000	34.9801	148	0
1527867118.353922000	34.9838	104	1
1527867118.354491000	34.9844	92	0
1527867118.354675000	34.9846	207	0
1527867118.357913000	34.9878	101	1
1527867118.522814000	35.1527	873	1
1527867118.522897000	35.1528	256	1
1527867118.541085000	35.171	87	0
1527867118.642564000	35.2725	232	0
1527867118.642712000	35.2726	148	0
1527867118.646316000	35.2762	92	0
1527867118.646517000	35.2764	241	0
1527867118.647087000	35.277	110	1
1527867118.923439000	35.5533	987	1
1527867118.923532000	35.5534	260	1
1527867118.941593000	35.5715	87	0
1527867119.155537000	35.7854	255	0
1527867119.155652000	35.7856	148	0
1527867119.159184000	35.7891	92	0
1527867119.159343000	35.7892	317	0
1527867119.159878000	35.7898	110	1
1527867120.339492000	36.9694	388	1
1527867120.339588000	36.9695	258	1
1527867120.357142000	36.987	87	0
1527867120.460870000	37.0908	277	0
1527867120.460950000	37.0909	148	0
1527867120.464761000	37.0947	104	1
1527867120.465262000	37.0952	92	0
1527867120.465565000	37.0955	246	0
1527867120.468754000	37.0987	101	1
1527867120.579998000	37.2099	388	1
1527867120.580108000	37.21	258	1
1527867120.597434000	37.2273	87	0
1527867120.698062000	37.328	258	0
1527867120.698254000	37.3282	148	0
1527867120.701288000	37.3312	92	0
1527867120.701463000	37.3314	198	0
1527867120.701848000	37.3318	110	1
1527867120.887266000	37.5172	392	1
1527867120.887328000	37.5172	257	1
1527867120.904610000	37.5345	87	0
1527867121.205970000	37.8359	301	0
1527867121.206086000	37.836	148	0
1527867121.208528000	37.8384	92	0
1527867121.209149000	37.8391	104	0
1527867121.209791000	37.8397	110	1
1527867121.407445000	38.0373	391	1
1527867121.407509000	38.0374	259	1
1527867121.424948000	38.0549	87	0
1527867121.529611000	38.1595	304	0
1527867121.529731000	38.1596	148	0
1527867121.533731000	38.1636	92	0
1527867121.533870000	38.1638	104	1
1527867121.533885000	38.1638	101	0
1527867121.537870000	38.1678	101	1
1527867121.717323000	38.3472	388	1
1527867121.717416000	38.3473	257	1
1527867121.734758000	38.3647	87	0
1527867122.033601000	38.6635	303	0
1527867122.033724000	38.6636	148	0
1527867122.037942000	38.6678	104	1
1527867122.037959000	38.6679	92	0
1527867122.038187000	38.6681	297	0
1527867122.041850000	38.6718	101	1
1527867122.311310000	38.9412	393	1
1527867122.311369000	38.9413	261	1
1527867122.329528000	38.9594	87	0
1527867122.624363000	39.2543	271	0
1527867122.624552000	39.2545	148	0
1527867122.628369000	39.2583	92	0
1527867122.628853000	39.2588	271	0
1527867122.628858000	39.2588	107	1
1527867122.632873000	39.2628	98	1
1527867122.825356000	39.4553	393	1
1527867122.825415000	39.4553	263	1
1527867122.842557000	39.4725	87	0
1527867122.981920000	39.6118	254	0
1527867122.982050000	39.612	148	0
1527867122.985541000	39.6154	92	0
1527867122.985940000	39.6158	329	0
1527867122.985994000	39.6159	107	1
1527867122.989875000	39.6198	98	1
1527867123.245224000	39.8751	387	1
1527867123.245303000	39.8752	256	1
1527867123.262551000	39.8925	87	0
1527867123.395628000	40.0255	232	0
1527867123.395774000	40.0257	148	0
1527867123.399405000	40.0293	92	0
1527867123.399549000	40.0295	147	0
1527867123.400013000	40.0299	110	1
1527867124.226671000	40.8566	510	1
1527867124.226761000	40.8567	257	1
1527867124.243570000	40.8735	87	0
1527867124.538890000	41.1688	301	0
1527867124.539093000	41.169	148	0
1527867124.542010000	41.1719	92	0
1527867124.542435000	41.1723	114	0
1527867124.543055000	41.173	110	1
1527867124.587498000	41.2174	387	1
1527867124.587572000	41.2175	259	1
1527867124.604396000	41.2343	87	0
1527867124.708931000	41.3388	232	0
1527867124.709057000	41.339	148	0
1527867124.712836000	41.3427	92	0
1527867124.713113000	41.343	107	1
1527867124.713277000	41.3432	213	0
1527867124.717056000	41.347	98	1
1527867124.860506000	41.4904	866	1
1527867124.860570000	41.4905	257	1
1527867124.878550000	41.5085	87	0
1527867125.182900000	41.8128	257	0
1527867125.183082000	41.813	148	0
1527867125.187037000	41.8169	104	1
1527867125.187966000	41.8179	92	0
1527867125.188166000	41.8181	187	0
1527867125.192033000	41.8219	101	1
1527867125.227869000	41.8578	983	1
1527867125.227942000	41.8578	259	1
1527867125.246189000	41.8761	87	0
1527867125.349974000	41.9799	234	0
1527867125.350258000	41.9802	148	0
1527867125.353562000	41.9835	92	0
1527867125.353761000	41.9837	337	0
1527867125.354189000	41.9841	110	1
1527867125.706775000	42.3367	392	1
1527867125.706841000	42.3367	256	1
1527867125.724163000	42.3541	87	0
1527867125.867075000	42.497	257	0
1527867125.867186000	42.4971	148	0
1527867125.871155000	42.5011	104	1
1527867125.871834000	42.5017	92	0
1527867125.875125000	42.505	98	1
1527867125.902212000	42.5321	115	0
1527867125.906133000	42.536	98	1
1527867125.926169000	42.5561	388	1
1527867125.926221000	42.5561	259	1
1527867125.942585000	42.5725	87	0
1527867126.260213000	42.8901	234	0
1527867126.260459000	42.8904	148	0
1527867126.263907000	42.8938	92	0
1527867126.264145000	42.894	107	1
1527867126.264736000	42.8946	256	0
1527867126.268144000	42.898	98	1
1527867126.769018000	43.3989	392	1
1527867126.769096000	43.399	257	1
1527867126.787042000	43.4169	87	0
1527867126.942014000	43.5719	276	0
1527867126.942143000	43.572	148	0
1527867126.944353000	43.5743	92	0
1527867126.944784000	43.5747	175	0
1527867126.946132000	43.576	110	1
1527867127.069339000	43.6992	386	1
1527867127.069403000	43.6993	257	1
1527867127.086775000	43.7167	87	0
1527867127.189272000	43.8192	254	0
1527867127.189473000	43.8194	148	0
1527867127.192939000	43.8228	92	0
1527867127.193084000	43.823	297	0
1527867127.193258000	43.8232	110	1
1527867127.310562000	43.9405	390	1
1527867127.310658000	43.9406	258	1
1527867127.329438000	43.9593	87	0
1527867127.432309000	44.0622	234	0
1527867127.432816000	44.0627	148	0
1527867127.436182000	44.0661	92	0
1527867127.436241000	44.0661	104	1
1527867127.436348000	44.0663	146	0
1527867127.440218000	44.0701	101	1
1527867127.859315000	44.4892	388	1
1527867127.859390000	44.4893	257	1
1527867127.876701000	44.5066	87	0
1527867127.978587000	44.6085	303	0
1527867127.978696000	44.6086	148	0
1527867127.981985000	44.6119	92	0
1527867127.982249000	44.6122	107	1
1527867127.982429000	44.6123	167	0
1527867127.986218000	44.6161	98	1
1527867128.262383000	44.8923	392	1
1527867128.262436000	44.8923	259	1
1527867128.279781000	44.9097	87	0
1527867128.416068000	45.046	305	0
1527867128.416173000	45.0461	148	0
1527867128.420175000	45.0501	92	0
1527867128.420269000	45.0502	104	1
1527867128.420304000	45.0502	97	0
1527867128.424273000	45.0542	101	1
1527867128.742611000	45.3725	390	1
1527867128.742676000	45.3726	257	1
1527867128.761283000	45.3912	87	0
1527867128.863348000	45.4933	301	0
1527867128.863513000	45.4934	148	0
1527867128.867090000	45.497	92	0
1527867128.867359000	45.4973	107	1
1527867128.867553000	45.4975	286	0
1527867128.871229000	45.5011	98	1
1527867129.102634000	45.7325	510	1
1527867129.102727000	45.7326	257	1
1527867129.120245000	45.7501	87	0
1527867129.224640000	45.8545	268	0
1527867129.224783000	45.8547	148	0
1527867129.228265000	45.8582	104	1
1527867129.228875000	45.8588	92	0
1527867129.229028000	45.8589	294	0
1527867129.232249000	45.8622	101	1
1527867129.494652000	46.1246	388	1
1527867129.494744000	46.1246	256	1
1527867129.512014000	46.1419	87	0
1527867129.662694000	46.2926	231	0
1527867129.662811000	46.2927	148	0
1527867129.666316000	46.2962	104	1
1527867129.666578000	46.2965	92	0
1527867129.666736000	46.2966	133	0
1527867129.670319000	46.3002	101	1
1527867129.811678000	46.4416	866	1
1527867129.811766000	46.4417	256	1
1527867129.829444000	46.4593	87	0
1527867129.964966000	46.5949	254	0
1527867129.965094000	46.595	148	0
1527867129.968590000	46.5985	92	0
1527867129.968981000	46.5989	215	0
1527867129.969574000	46.5995	110	1
1527867130.222716000	46.8526	986	1
1527867130.222808000	46.8527	261	1
1527867130.240430000	46.8703	87	0
1527867130.346308000	46.9762	281	0
1527867130.346487000	46.9764	148	0
1527867130.350320000	46.9802	104	1
1527867130.351212000	46.9811	92	0
1527867130.352781000	46.9827	284	0
1527867130.355318000	46.9852	101	1
1527867130.641809000	47.2717	388	1
1527867130.641901000	47.2718	259	1
1527867130.658896000	47.2888	87	0
1527867130.761794000	47.3917	232	0
1527867130.761984000	47.3919	148	0
1527867130.766313000	47.3962	92	0
1527867130.766358000	47.3963	104	1
1527867130.766530000	47.3964	221	0
1527867130.770319000	47.4002	101	1
1527867130.945070000	47.575	387	1
1527867130.945165000	47.5751	258	1
1527867130.962804000	47.5927	87	0
1527867131.068546000	47.6985	257	0
1527867131.068733000	47.6986	148	0
1527867131.072045000	47.702	92	0
1527867131.072244000	47.7021	146	0
1527867131.072381000	47.7023	110	1
1527867131.202602000	47.8325	388	1
1527867131.202698000	47.8326	259	1
1527867131.220032000	47.8499	87	0
1527867131.321366000	47.9513	232	0
1527867131.321498000	47.9514	148	0
1527867131.325188000	47.9551	92	0
1527867131.325337000	47.9552	199	0
1527867131.325475000	47.9554	110	1
1527867131.755115000	48.385	388	1
1527867131.755178000	48.3851	258	1
1527867131.771910000	48.4018	87	0
1527867131.875111000	48.505	257	0
1527867131.875229000	48.5051	148	0
1527867131.879485000	48.5094	104	1
1527867131.879762000	48.5097	92	0
1527867131.880184000	48.5101	136	0
1527867131.883407000	48.5133	101	1
1527867132.044648000	48.6746	389	1
1527867132.044742000	48.6746	258	1
1527867132.061806000	48.6917	87	0
1527867132.204499000	48.8344	231	0
1527867132.204692000	48.8346	148	0
1527867132.208506000	48.8384	104	1
1527867132.208813000	48.8387	92	0
1527867132.208969000	48.8389	196	0
1527867132.212482000	48.8424	101	1
1527867132.314801000	48.9447	390	1
1527867132.314895000	48.9448	257	1
1527867132.332154000	48.9621	87	0
1527867132.640830000	49.2707	254	0
1527867132.640947000	49.2709	148	0
1527867132.644339000	49.2742	92	0
1527867132.644566000	49.2745	107	1
1527867132.644799000	49.2747	133	0
1527867132.648447000	49.2784	98	1
1527867132.845917000	49.4758	388	1
1527867132.846002000	49.4759	261	1
1527867132.863186000	49.4931	87	0
1527867132.966570000	49.5965	261	1
1527867132.980190000	49.6101	90	0
1527867133.174504000	49.8044	277	0
1527867133.174694000	49.8046	148	0
1527867133.178555000	49.8085	107	1
1527867133.178863000	49.8088	92	0
1527867133.179014000	49.8089	104	0
1527867133.182505000	49.8124	101	1
1527867133.331820000	49.9617	390	1
1527867133.331913000	49.9618	258	1
1527867133.349136000	49.979	87	0
1527867133.452257000	50.0822	234	0
1527867133.452463000	50.0824	148	0
1527867133.456588000	50.0865	104	1
1527867133.457224000	50.0871	92	0
1527867133.457629000	50.0875	308	0
1527867133.460551000	50.0905	101	1
1527867133.872033000	50.5019	514	1
1527867133.872130000	50.502	256	1
1527867133.891047000	50.521	87	0
1527867134.188986000	50.8189	301	0
1527867134.189159000	50.8191	148	0
1527867134.192180000	50.8221	92	0
1527867134.192536000	50.8224	107	1
1527867134.192632000	50.8225	109	0
1527867134.196529000	50.8264	98	1
1527867134.315858000	50.9458	390	1
1527867134.315947000	50.9459	259	1
1527867134.333869000	50.9638	87	0
1527867134.435374000	51.0653	304	0
1527867134.435559000	51.0655	148	0
1527867134.439568000	51.0695	104	1
1527867134.439933000	51.0698	92	0
1527867134.440147000	51.0701	246	0
1527867134.443573000	51.0735	101	1
1527867134.578040000	51.2079	867	1
1527867134.578104000	51.208	257	1
1527867134.595394000	51.2253	87	0
1527867134.700854000	51.3308	278	0
1527867134.701049000	51.331	148	0
1527867134.704666000	51.3346	104	1
1527867134.704975000	51.3349	92	0
1527867134.705118000	51.335	99	0
1527867134.708640000	51.3385	101	1
1527867134.969121000	51.599	983	1
1527867134.969183000	51.5991	256	1
1527867134.987187000	51.6171	87	0
1527867135.088980000	51.7189	291	0
1527867135.089174000	51.7191	148	0
1527867135.093600000	51.7235	104	1
1527867135.094804000	51.7247	92	0
1527867135.095012000	51.7249	164	0
1527867135.098572000	51.7285	101	1
1527867135.220034000	51.8499	392	1
1527867135.220117000	51.85	260	1
1527867135.237363000	51.8673	87	0
1527867135.338597000	51.9685	234	0
1527867135.338761000	51.9687	148	0
1527867135.342690000	51.9726	104	1
1527867135.342698000	51.9726	92	0
1527867135.342975000	51.9729	117	0
1527867135.346681000	51.9766	101	1
1527867135.561855000	52.1918	388	1
1527867135.561931000	52.1918	257	1
1527867135.579343000	52.2092	87	0
1527867135.682189000	52.3121	234	0
1527867135.682329000	52.3122	148	0
1527867135.685684000	52.3156	92	0
1527867135.685715000	52.3156	104	1
1527867135.686233000	52.3161	315	0
1527867135.689689000	52.3196	101	1
1527867136.063505000	52.6934	388	1
1527867136.063571000	52.6935	258	1
1527867136.081061000	52.711	87	0
1527867136.195330000	52.8252	301	0
1527867136.195507000	52.8254	148	0
1527867136.199653000	52.8296	104	1
1527867136.199909000	52.8298	92	0
1527867136.200123000	52.83	199	0
1527867136.203733000	52.8336	101	1
1527867136.301976000	52.9319	387	1
1527867136.302042000	52.9319	258	1
1527867136.319620000	52.9495	87	0
1527867136.420452000	53.0504	232	0
1527867136.420591000	53.0505	148	0
1527867136.423701000	53.0536	92	0
1527867136.423877000	53.0538	225	0
1527867136.424672000	53.0546	110	1
1527867136.643054000	53.273	388	1
1527867136.643137000	53.273	258	1
1527867136.659523000	53.2894	87	0
1527867136.772935000	53.4028	234	0
1527867136.773132000	53.403	148	0
1527867136.776684000	53.4066	104	1
1527867136.776878000	53.4068	92	0
1527867136.777093000	53.407	254	0
1527867136.780698000	53.4106	101	1
1527867136.983036000	53.6129	391	1
1527867136.983129000	53.613	257	1
1527867137.000067000	53.63	87	0
1527867137.112133000	53.742	255	0
1527867137.112240000	53.7421	148	0
1527867137.115059000	53.745	92	0
1527867137.115555000	53.7455	199	0
1527867137.115838000	53.7457	110	1
1527867138.153629000	54.7835	388	1
1527867138.153705000	54.7836	257	1
1527867138.181308000	54.8112	388	1
1527867138.182389000	54.8123	87	0
1527867138.198272000	54.8282	87	0
1527867138.285862000	54.9158	255	0
1527867138.286003000	54.9159	148	0
1527867138.288218000	54.9181	92	0
1527867138.288420000	54.9183	125	0
1527867138.290243000	54.9201	113	1
1527867138.654617000	55.2845	391	1
1527867138.654677000	55.2846	258	1
1527867138.673192000	55.3031	87	0
1527867138.776002000	55.4059	232	0
1527867138.776142000	55.406	148	0
1527867138.780032000	55.4099	92	0
1527867138.780240000	55.4101	141	0
1527867138.780314000	55.4102	107	1
1527867138.784218000	55.4141	98	1
1527867139.173687000	55.8036	514	1
1527867139.173748000	55.8037	256	1
1527867139.191496000	55.8214	87	0
1527867139.493378000	56.1233	277	0
1527867139.493549000	56.1235	148	0
1527867139.497261000	56.1272	104	1
1527867139.498004000	56.1279	92	0
1527867139.498398000	56.1283	251	0
1527867139.501242000	56.1311	101	1
1527867139.633820000	56.2637	392	1
1527867139.633942000	56.2638	262	1
1527867139.651545000	56.2815	87	0
1527867139.753982000	56.3839	255	0
1527867139.754091000	56.384	148	0
1527867139.758278000	56.3882	104	1
1527867139.763065000	56.393	92	0
1527867139.763225000	56.3931	177	0
1527867139.767277000	56.3972	101	1
1527867139.786980000	56.4169	92	0
1527867139.790255000	56.4202	98	1
1527867140.056243000	56.6861	866	1
1527867140.056323000	56.6862	257	1
1527867140.073964000	56.7039	87	0
1527867140.178411000	56.8083	254	0
1527867140.178541000	56.8084	148	0
1527867140.182304000	56.8122	104	1
1527867140.183030000	56.8129	92	0
1527867140.183172000	56.8131	233	0
1527867140.186320000	56.8162	101	1
1527867140.944877000	57.5748	982	1
1527867140.944942000	57.5748	257	1
1527867140.963698000	57.5936	87	0
1527867141.065962000	57.6959	303	0
1527867141.066092000	57.696	148	0
1527867141.068579000	57.6985	92	0
1527867141.068888000	57.6988	176	0
1527867141.069322000	57.6992	110	1
1527867141.179049000	57.809	389	1
1527867141.179141000	57.809	258	1
1527867141.195920000	57.8258	87	0
1527867141.200769000	57.8307	87	0
1527867141.299736000	57.9296	347	0
1527867141.299918000	57.9298	148	0
1527867141.303341000	57.9332	92	0
1527867141.303375000	57.9333	107	1
1527867141.303548000	57.9335	306	0
1527867141.307427000	57.9373	101	1
1527867141.471813000	58.1017	391	1
1527867141.471904000	58.1018	260	1
1527867141.489171000	58.1191	87	0
1527867141.493931000	58.1238	87	0
1527867141.594760000	58.2247	266	0
1527867141.594979000	58.2249	148	0
1527867141.597390000	58.2273	92	0
1527867141.597818000	58.2277	147	0
1527867141.598355000	58.2283	113	1
1527867141.942739000	58.5726	391	1
1527867141.942830000	58.5727	259	1
1527867141.960099000	58.59	87	0
1527867142.063423000	58.6933	259	0
1527867142.063562000	58.6935	148	0
1527867142.067456000	58.6974	104	1
1527867142.068848000	58.6988	92	0
1527867142.069000000	58.6989	137	0
1527867142.072446000	58.7024	101	1
1527867142.295855000	58.9258	388	1
1527867142.295922000	58.9258	262	1
1527867142.316130000	58.946	87	0
1527867142.425791000	59.0557	231	0
1527867142.425897000	59.0558	148	0
1527867142.429481000	59.0594	104	1
1527867142.430107000	59.06	92	0
1527867142.430737000	59.0606	203	0
1527867142.433385000	59.0633	101	1
1527867142.724432000	59.3543	391	1
1527867142.724510000	59.3544	263	1
1527867142.741929000	59.3718	87	0
1527867142.843414000	59.4733	257	0
1527867142.843511000	59.4734	148	0
1527867142.847003000	59.4769	92	0
1527867142.847124000	59.477	227	0
1527867142.847510000	59.4774	110	1
1527867143.532056000	60.162	388	1
1527867143.532153000	60.1621	260	1
1527867143.549477000	60.1794	87	0
1527867143.660450000	60.2904	279	0
1527867143.660634000	60.2905	148	0
1527867143.663221000	60.2931	92	0
1527867143.663420000	60.2933	161	0
1527867143.664469000	60.2944	110	1
1527867143.763929000	60.3938	387	1
1527867143.764023000	60.3939	258	1
1527867143.782480000	60.4124	87	0
1527867143.921639000	60.5515	255	0
1527867143.921824000	60.5517	148	0
1527867143.924809000	60.5547	92	0
1527867143.925562000	60.5555	107	1
1527867143.926521000	60.5564	325	0
1527867143.930491000	60.5604	98	1
1527867143.975928000	60.6058	387	1
1527867143.976020000	60.6059	259	1
1527867143.992973000	60.6229	87	0
1527867144.097492000	60.7274	234	0
1527867144.097627000	60.7275	148	0
1527867144.101090000	60.731	92	0
1527867144.101226000	60.7311	232	0
1527867144.101612000	60.7315	110	1
1527867144.338222000	60.9681	514	1
1527867144.338315000	60.9682	261	1
1527867144.356651000	60.9866	87	0
1527867144.457835000	61.0877	232	0
1527867144.458030000	61.0879	148	0
1527867144.460609000	61.0905	92	0
1527867144.460813000	61.0907	103	0
1527867144.461506000	61.0914	110	1
1527867144.698682000	61.3286	391	1
1527867144.698769000	61.3287	257	1
1527867144.716176000	61.3461	87	0
1527867144.816390000	61.4463	232	0
1527867144.816615000	61.4465	148	0
1527867144.820414000	61.4503	92	0
1527867144.820577000	61.4505	104	1
1527867144.820611000	61.4505	212	0
1527867144.824576000	61.4545	101	1
1527867145.158213000	61.7881	867	1
1527867145.158302000	61.7882	259	1
1527867145.175637000	61.8055	87	0
1527867145.291501000	61.9214	257	0
1527867145.291678000	61.9216	148	0
1527867145.295033000	61.9249	92	0
1527867145.295493000	61.9254	171	0
1527867145.295595000	61.9255	107	1
1527867145.299660000	61.9296	98	1
1527867145.599238000	62.2291	986	1
1527867145.599313000	62.2292	258	1
1527867145.616906000	62.2468	87	0
1527867145.726577000	62.3565	257	0
1527867145.726694000	62.3566	148	0
1527867145.729625000	62.3595	92	0
1527867145.730665000	62.3606	107	1
1527867145.730782000	62.3607	211	0
1527867145.734651000	62.3646	98	1
1527867145.808822000	62.4387	390	1
1527867145.808874000	62.4388	258	1
1527867145.826097000	62.456	87	0
1527867145.926997000	62.5569	278	0
1527867145.927116000	62.557	148	0
1527867145.929925000	62.5598	92	0
1527867145.930344000	62.5602	300	0
1527867145.930963000	62.5609	110	1
1527867146.102983000	62.7329	387	1
1527867146.103069000	62.733	259	1
1527867146.120493000	62.7504	87	0
1527867146.219077000	62.849	234	0
1527867146.219226000	62.8491	148	0
1527867146.222622000	62.8525	92	0
1527867146.222674000	62.8526	104	1
1527867146.223188000	62.8531	199	0
1527867146.226681000	62.8566	101	1
1527867146.515007000	63.1449	389	1
1527867146.515091000	63.145	261	1
1527867146.532498000	63.1624	87	0
1527867146.633186000	63.2631	277	0
1527867146.633301000	63.2632	148	0
1527867146.636747000	63.2667	104	1
1527867146.637384000	63.2673	92	0
1527867146.637583000	63.2675	228	0
1527867146.640716000	63.2706	101	1
1527867147.004928000	63.6348	391	1
1527867147.005014000	63.6349	260	1
1527867147.022207000	63.6521	87	0
1527867147.318931000	63.9488	373	0
1527867147.319043000	63.9489	148	0
1527867147.322466000	63.9524	92	0
1527867147.322706000	63.9526	107	1
1527867147.322884000	63.9528	102	0
1527867147.326745000	63.9567	98	1
1527867147.600396000	64.2303	392	1
1527867147.600457000	64.2304	262	1
1527867147.618406000	64.2483	87	0
1527867147.724970000	64.3549	263	0
1527867147.725254000	64.3552	148	0
1527867147.728448000	64.3584	92	0
1527867147.728649000	64.3586	222	0
1527867147.728744000	64.3586	107	1
1527867147.732782000	64.3627	98	1
1527867147.850098000	64.48	386	1
1527867147.850194000	64.4801	262	1
1527867147.868267000	64.4982	87	0
1527867147.968784000	64.5987	259	0
1527867147.968973000	64.5989	148	0
1527867147.972156000	64.6021	92	0
1527867147.972454000	64.6024	121	0
1527867147.972910000	64.6028	110	1
1527867148.060476000	64.6904	388	1
1527867148.060573000	64.6905	260	1
1527867148.077290000	64.7072	87	0
1527867148.180702000	64.8106	234	0
1527867148.180827000	64.8107	148	0
1527867148.184806000	64.8147	104	1
1527867148.185375000	64.8153	92	0
1527867148.186243000	64.8161	212	0
1527867148.188796000	64.8187	101	1
1527867148.506022000	65.1359	389	1
1527867148.506087000	65.136	260	1
1527867148.523191000	65.1531	87	0
1527867148.819154000	65.4491	254	0
1527867148.819279000	65.4492	148	0
1527867148.822630000	65.4525	92	0
1527867148.822817000	65.4527	107	1
1527867148.823041000	65.4529	114	0
1527867148.826921000	65.4568	98	1
1527867149.016575000	65.6465	509	1
1527867149.016646000	65.6466	260	1
1527867149.034023000	65.6639	87	0
1527867149.150195000	65.7801	281	0
1527867149.150365000	65.7803	148	0
1527867149.153873000	65.7838	104	1
1527867149.154957000	65.7849	92	0
1527867149.155270000	65.7852	93	0
1527867149.158787000	65.7887	101	1
1527867151.440646000	68.0706	787	1
1527867151.457462000	68.0874	87	0
1527867151.824280000	68.4542	449	0
1527867151.824492000	68.4544	1412	0
1527867151.825359000	68.4553	994	0
1527867151.825534000	68.4554	92	0
1527867151.825733000	68.4556	187	0
1527867151.827946000	68.4579	113	1
1527867151.992466000	68.6224	245	1
1527867152.012888000	68.6428	87	0
1527867152.377149000	69.0071	885	1
1527867152.377214000	69.0071	1412	1
1527867152.377259000	69.0072	1412	1
1527867152.377297000	69.0072	1156	1
1527867152.384385000	69.0143	255	0
1527867152.384554000	69.0145	1412	0
1527867152.384740000	69.0146	998	0
1527867152.386481000	69.0164	92	0
1527867152.386787000	69.0167	227	0
1527867152.387960000	69.0179	113	1
1527867152.396380000	69.0263	87	0
1527867152.487570000	69.1175	390	0
1527867152.490757000	69.1207	80	0
1527867152.491965000	69.1219	104	1
1527867152.551336000	69.1812	283	1
1527867152.569154000	69.1991	87	0
1527867152.898545000	69.5285	435	0
1527867152.898674000	69.5286	322	0
1527867152.898875000	69.5288	244	0
1527867152.899753000	69.5297	124	1
1527867152.903499000	69.5334	274	1
1527867152.916620000	69.5465	87	0
1527867152.920986000	69.5509	87	0
1527867153.001414000	69.6313	242	0
1527867153.001555000	69.6315	473	0
1527867153.001759000	69.6317	215	0
1527867153.005040000	69.6349	110	1
1527867153.044555000	69.6745	516	1
1527867153.062054000	69.692	87	0
1527867153.165544000	69.7954	348	0
1527867153.165702000	69.7956	1412	0
1527867153.166821000	69.7967	833	0
1527867153.167684000	69.7976	92	0
1527867153.169493000	69.7994	110	1
1527867153.207405000	69.8373	141	0
1527867153.211078000	69.841	98	1
1527867153.796696000	70.4266	392	1
1527867153.796763000	70.4267	258	1
1527867153.813929000	70.4438	87	0
1527867154.109976000	70.7399	362	0
1527867154.110103000	70.74	148	0
1527867154.112672000	70.7426	92	0
1527867154.113198000	70.7431	187	0
1527867154.114078000	70.744	110	1
1527867154.181255000	70.8112	432	1
1527867154.198221000	70.8281	804	1
1527867154.198309000	70.8282	262	1
1527867154.198914000	70.8288	87	0
1527867154.215466000	70.8454	87	0
1527867154.275711000	70.9056	334	0
1527867154.275903000	70.9058	509	0
1527867154.278512000	70.9084	92	0
1527867154.278719000	70.9086	337	0
1527867154.280196000	70.9101	113	1
1527867154.333520000	70.9634	258	0
1527867154.333635000	70.9635	148	0
1527867154.337085000	70.967	92	0
1527867154.337182000	70.9671	101	1
1527867154.337267000	70.9672	173	0
1527867154.341163000	70.9711	101	1
1527867154.477523000	71.1074	393	1
1527867154.477584000	71.1075	261	1
1527867154.495783000	71.1257	87	0
1527867154.641148000	71.2711	232	0
1527867154.641294000	71.2712	148	0
1527867154.645178000	71.2751	104	1
1527867154.648850000	71.2788	92	0
1527867154.649065000	71.279	156	0
1527867154.652184000	71.2821	101	1
1527867155.381463000	72.0114	965	1
1527867155.381561000	72.0115	1412	1
1527867155.381592000	72.0115	1412	1
1527867155.381628000	72.0115	1412	1
1527867155.381664000	72.0116	1412	1
1527867155.381698000	72.0116	1412	1
1527867155.381735000	72.0116	1412	1
1527867155.381783000	72.0117	1412	1
1527867155.381806000	72.0117	1412	1
1527867155.381842000	72.0117	1412	1
1527867155.381876000	72.0118	1412	1
1527867155.381911000	72.0118	1412	1
1527867155.381947000	72.0119	1412	1
1527867155.381979000	72.0119	1412	1
1527867155.383155000	72.0131	143	1
1527867155.399782000	72.0297	87	0
1527867155.403220000	72.0331	87	0
1527867155.531591000	72.1615	394	0
1527867155.534959000	72.1649	104	1
1527867155.538035000	72.1679	80	0
1527867155.541979000	72.1719	98	1
1527867155.890414000	72.5203	388	1
1527867155.890502000	72.5204	261	1
1527867155.907490000	72.5374	87	0
1527867156.013886000	72.6438	257	0
1527867156.014017000	72.6439	148	0
1527867156.016925000	72.6468	92	0
1527867156.017057000	72.647	302	0
1527867156.017988000	72.6479	110	1
1527867156.140427000	72.7703	392	1
1527867156.140487000	72.7704	260	1
1527867156.159401000	72.7893	87	0
1527867156.469580000	73.0995	232	0
1527867156.469706000	73.0996	148	0
1527867156.472788000	73.1027	92	0
1527867156.473188000	73.1031	302	0
1527867156.474014000	73.1039	110	1
1527867156.632813000	73.2627	388	1
1527867156.632875000	73.2628	262	1
1527867156.650500000	73.2804	87	0
1527867156.752469000	73.3824	234	0
1527867156.752807000	73.3827	148	0
1527867156.756086000	73.386	104	1
1527867156.758007000	73.3879	92	0
1527867156.758163000	73.3881	196	0
1527867156.762082000	73.392	101	1
1527867157.571431000	74.2013	389	1
1527867157.571517000	74.2014	261	1
1527867157.589161000	74.2191	87	0
1527867157.727000000	74.3569	257	0
1527867157.727191000	74.3571	148	0
1527867157.731110000	74.361	92	0
1527867157.731235000	74.3611	104	1
1527867157.731253000	74.3612	126	0
1527867157.735155000	74.3651	101	1
1527867157.892336000	74.5222	389	1
1527867157.892395000	74.5223	260	1
1527867157.910747000	74.5407	87	0
1527867158.012804000	74.6427	280	0
1527867158.012983000	74.6429	148	0
1527867158.016329000	74.6462	92	0
1527867158.016530000	74.6464	268	0
1527867158.017131000	74.647	110	1
1527867158.213357000	74.8433	389	1
1527867158.213450000	74.8434	258	1
1527867158.240151000	74.8701	87	0
1527867158.345516000	74.9754	232	0
1527867158.345649000	74.9756	148	0
1527867158.349179000	74.9791	104	1
1527867158.349844000	74.9797	92	0
1527867158.349995000	74.9799	304	0
1527867158.353179000	74.9831	101	1
1527867158.744999000	75.3749	391	1
1527867158.745098000	75.375	259	1
1527867158.762372000	75.3923	87	0
1527867158.896489000	75.5264	255	0
1527867158.896640000	75.5265	148	0
1527867158.899517000	75.5294	92	0
1527867158.899970000	75.5299	290	0
1527867158.900221000	75.5301	110	1
1527867159.007095000	75.637	392	1
1527867159.007206000	75.6371	263	1
1527867159.024790000	75.6547	87	0
1527867159.128525000	75.7584	348	0
1527867159.128652000	75.7586	148	0
1527867159.131733000	75.7616	92	0
1527867159.132162000	75.7621	191	0
1527867159.132253000	75.7622	107	1
1527867159.136156000	75.7661	98	1
1527867160.236911000	76.8668	387	1
1527867160.236982000	76.8669	259	1
1527867160.254916000	76.8848	87	0
1527867160.355663000	76.9856	363	0
1527867160.355900000	76.9858	148	0
1527867160.358588000	76.9885	92	0
1527867160.358793000	76.9887	174	0
1527867160.359206000	76.9891	110	1
1527867164.912525000	81.5424	511	1
1527867164.912704000	81.5426	262	1
1527867164.929380000	81.5593	87	0
1527867165.060632000	81.6905	278	0
1527867165.060877000	81.6908	148	0
1527867165.063685000	81.6936	92	0
1527867165.063886000	81.6938	154	0
1527867165.064482000	81.6944	110	1
1527867165.139211000	81.7691	871	1
1527867165.139276000	81.7692	262	1
1527867165.155730000	81.7856	87	0
1527867165.257735000	81.8876	258	0
1527867165.257848000	81.8878	148	0
1527867165.261507000	81.8914	92	0
1527867165.261604000	81.8915	104	1
1527867165.261642000	81.8915	162	0
1527867165.265596000	81.8955	101	1
1527867165.425805000	82.0557	987	1
1527867165.425869000	82.0558	258	1
1527867165.443421000	82.0733	87	0
1527867165.546939000	82.1768	235	0
1527867165.547060000	82.177	148	0
1527867165.550590000	82.1805	104	1
1527867165.550625000	82.1805	92	0
1527867165.551605000	82.1815	211	0
1527867165.554600000	82.1845	101	1
1527867165.900039000	82.5299	389	1
1527867165.900106000	82.53	259	1
1527867165.916780000	82.5467	87	0
1527867166.021547000	82.6515	258	0
1527867166.021653000	82.6516	148	0
1527867166.023811000	82.6537	92	0
1527867166.024190000	82.6541	164	0
1527867166.025561000	82.6555	110	1
1527867166.121910000	82.7518	389	1
1527867166.121973000	82.7519	259	1
1527867166.139191000	82.7691	87	0
1527867166.240976000	82.8709	232	0
1527867166.243305000	82.8732	148	0
1527867166.244632000	82.8745	104	1
1527867166.246086000	82.876	92	0
1527867166.246881000	82.8768	157	0
1527867166.249625000	82.8795	101	1
1527867166.610004000	83.2399	387	1
1527867166.610097000	83.24	262	1
1527867166.628949000	83.2589	87	0
1527867166.733203000	83.3631	235	0
1527867166.733363000	83.3633	148	0
1527867166.737192000	83.3671	92	0
1527867166.737692000	83.3676	107	1
1527867166.737708000	83.3676	200	0
1527867166.741657000	83.3716	98	1
1527867167.092238000	83.7221	393	1
1527867167.092337000	83.7222	261	1
1527867167.108781000	83.7387	87	0
1527867167.213031000	83.8429	258	0
1527867167.213229000	83.8431	148	0
1527867167.216688000	83.8466	92	0
1527867167.216723000	83.8466	104	1
1527867167.217271000	83.8472	261	0
1527867167.220760000	83.8507	101	1
1527867167.371215000	84.0011	389	1
1527867167.371277000	84.0012	259	1
1527867167.389186000	84.0191	87	0
1527867167.489464000	84.1194	234	0
1527867167.489586000	84.1195	148	0
1527867167.492420000	84.1223	92	0
1527867167.492926000	84.1228	310	0
1527867167.493669000	84.1236	110	1
1527867167.647048000	84.277	523	1
1527867167.647130000	84.277	910	1
1527867167.662416000	84.2923	100	0
1527867167.666732000	84.2966	98	1
1527867167.778929000	84.4088	228	0
1527867167.779062000	84.409	80	0
1527867167.782671000	84.4126	101	1
1527867167.860904000	84.4908	392	1
1527867167.860965000	84.4909	263	1
1527867167.878630000	84.5085	87	0
1527867167.980920000	84.6108	276	0
1527867167.981114000	84.611	148	0
1527867167.984697000	84.6146	104	1
1527867167.985220000	84.6151	92	0
1527867167.985649000	84.6156	337	0
1527867167.988674000	84.6186	101	1
1527867168.195291000	84.8252	512	1
1527867168.195352000	84.8253	259	1
1527867168.213565000	84.8435	87	0
1527867168.321996000	84.9519	234	0
1527867168.322099000	84.952	148	0
1527867168.325214000	84.9551	92	0
1527867168.325406000	84.9553	262	0
1527867168.325860000	84.9558	110	1
1527867168.713153000	85.3431	389	1
1527867168.713217000	85.3431	261	1
1527867168.731672000	85.3616	87	0
1527867168.939482000	85.5694	257	0
1527867168.939607000	85.5695	148	0
1527867168.942764000	85.5727	92	0
1527867168.942978000	85.5729	235	0
1527867168.943746000	85.5737	110	1
1527867169.052887000	85.6828	868	1
1527867169.052979000	85.6829	261	1
1527867169.071441000	85.7013	87	0
1527867169.170736000	85.8006	348	0
1527867169.170960000	85.8009	148	0
1527867169.173734000	85.8036	92	0
1527867169.174094000	85.804	325	0
1527867169.174734000	85.8046	110	1
1527867169.440352000	86.0703	985	1
1527867169.440415000	86.0703	258	1
1527867169.454487000	86.0844	90	0
1527867169.457781000	86.0877	87	0
1527867169.458805000	86.0887	101	1
1527867169.556629000	86.1865	287	0
1527867169.556822000	86.1867	148	0
1527867169.559724000	86.1896	92	0
1527867169.560559000	86.1905	256	0
1527867169.560779000	86.1907	107	1
1527867169.860024000	86.4899	391	1
1527867169.860116000	86.49	260	1
1527867169.877947000	86.5079	87	0
1527867169.978398000	86.6083	305	0
1527867169.978522000	86.6084	148	0
1527867169.982812000	86.6127	92	0
1527867169.982923000	86.6128	104	1
1527867169.983032000	86.6129	313	0
1527867169.986780000	86.6167	101	1
1527867170.150134000	86.78	387	1
1527867170.150224000	86.7801	261	1
1527867170.167159000	86.7971	87	0
1527867170.471014000	87.1009	257	0
1527867170.471164000	87.1011	148	0
1527867170.474191000	87.1041	92	0
1527867170.474338000	87.1042	171	0
1527867170.474815000	87.1047	110	1
1527867170.670685000	87.3006	388	1
1527867170.670766000	87.3007	259	1
1527867170.687996000	87.3179	87	0
1527867170.787061000	87.417	256	0
1527867170.787230000	87.4171	148	0
1527867170.790863000	87.4208	92	0
1527867170.790943000	87.4208	104	1
1527867170.791061000	87.421	236	0
1527867170.794893000	87.4248	101	1
1527867171.139415000	87.7693	392	1
1527867171.139510000	87.7694	262	1
1527867171.158201000	87.7881	87	0
1527867171.258599000	87.8885	257	0
1527867171.258725000	87.8886	148	0
1527867171.262118000	87.892	92	0
1527867171.262306000	87.8922	177	0
1527867171.262842000	87.8927	110	1
1527867171.411787000	88.0417	389	1
1527867171.411918000	88.0418	263	1
1527867171.428868000	88.0588	87	0
1527867171.529605000	88.1595	231	0
1527867171.529737000	88.1596	148	0
1527867171.533533000	88.1634	92	0
1527867171.533939000	88.1638	107	1
1527867171.535009000	88.1649	177	0
1527867171.538856000	88.1688	98	1
1527867171.700765000	88.3307	386	1
1527867171.700829000	88.3307	260	1
1527867171.727263000	88.3572	87	0
1527867172.034820000	88.6647	255	0
1527867172.034935000	88.6648	148	0
1527867172.038976000	88.6689	104	1
1527867172.039289000	88.6692	92	0
1527867172.039801000	88.6697	142	0
1527867172.042956000	88.6729	101	1
1527867172.344520000	88.9744	387	1
1527867172.344610000	88.9745	262	1
1527867172.361877000	88.9918	87	0
1527867172.462141000	89.092	234	0
1527867172.462287000	89.0922	148	0
1527867172.465998000	89.0959	104	1
1527867172.466567000	89.0965	92	0
1527867172.466719000	89.0966	185	0
1527867172.470002000	89.0999	101	1
1527867172.710578000	89.3405	388	1
1527867172.710675000	89.3406	262	1
1527867172.728585000	89.3585	87	0
1527867172.825775000	89.4557	235	0
1527867172.825909000	89.4558	148	0
1527867172.829733000	89.4596	92	0
1527867172.830022000	89.4599	107	1
1527867172.860924000	89.4908	102	0
1527867172.865014000	89.4949	98	1
1527867173.019309000	89.6492	514	1
1527867173.019401000	89.6493	259	1
1527867173.036872000	89.6668	87	0
1527867173.160739000	89.7906	255	0
1527867173.160850000	89.7908	148	0
1527867173.164505000	89.7944	92	0
1527867173.164627000	89.7945	187	0
1527867173.165061000	89.795	110	1
1527867173.400268000	90.0302	392	1
1527867173.400337000	90.0302	261	1
1527867173.417630000	90.0475	87	0
1527867173.522386000	90.1523	232	0
1527867173.522508000	90.1524	148	0
1527867173.526026000	90.1559	92	0
1527867173.526099000	90.156	104	1
1527867173.526252000	90.1562	220	0
1527867173.530043000	90.1599	101	1
1527867173.680272000	90.3102	867	1
1527867173.680336000	90.3102	258	1
1527867173.697400000	90.3273	87	0
1527867173.799539000	90.4294	254	0
1527867173.799682000	90.4296	148	0
1527867173.803080000	90.433	104	1
1527867173.803380000	90.4333	92	0
1527867173.803532000	90.4334	113	0
1527867173.807063000	90.437	101	1
1527867174.141397000	90.7713	983	1
1527867174.141486000	90.7714	260	1
1527867174.158382000	90.7883	87	0
1527867174.471858000	91.1018	255	0
1527867174.471973000	91.1019	148	0
1527867174.475474000	91.1054	92	0
1527867174.475909000	91.1058	92	0
1527867174.476140000	91.106	110	1
1527867174.652680000	91.2826	391	1
1527867174.652753000	91.2827	258	1
1527867174.669129000	91.299	87	0
1527867174.964915000	91.5948	257	0
1527867174.965088000	91.595	148	0
1527867174.968330000	91.5982	92	0
1527867174.969141000	91.599	107	1
1527867175.000099000	91.63	273	0
1527867175.004133000	91.634	98	1
1527867175.461333000	92.0912	392	1
1527867175.461428000	92.0913	260	1
1527867175.479443000	92.1093	87	0
1527867175.578881000	92.2088	348	0
1527867175.578996000	92.2089	148	0
1527867175.583134000	92.213	92	0
1527867175.583206000	92.2131	104	1
1527867175.583800000	92.2137	247	0
1527867175.587167000	92.2171	101	1
1527867175.682963000	92.3129	388	1
1527867175.683063000	92.313	261	1
1527867175.700668000	92.3306	87	0
1527867175.800469000	92.4304	288	0
1527867175.800605000	92.4305	148	0
1527867175.804196000	92.4341	104	1
1527867175.804280000	92.4342	92	0
1527867175.804511000	92.4344	126	0
1527867175.808171000	92.4381	101	1
1527867176.160707000	92.7906	387	1
1527867176.160776000	92.7907	259	1
1527867176.178129000	92.808	87	0
1527867176.297243000	92.9271	306	0
1527867176.297473000	92.9274	148	0
1527867176.301171000	92.9311	104	1
1527867176.301718000	92.9316	92	0
1527867176.302337000	92.9322	133	0
1527867176.305228000	92.9351	101	1
1527867176.599445000	93.2294	392	1
1527867176.599513000	93.2294	262	1
1527867176.617580000	93.2475	87	0
1527867176.723623000	93.3535	256	0
1527867176.723737000	93.3536	148	0
1527867176.727251000	93.3572	104	1
1527867176.727270000	93.3572	92	0
1527867176.727969000	93.3579	233	0
1527867176.731235000	93.3611	101	1
1527867176.981445000	93.6114	387	1
1527867176.981520000	93.6114	261	1
1527867176.999118000	93.629	87	0
1527867177.097659000	93.7276	282	0
1527867177.098220000	93.7281	148	0
1527867177.101199000	93.7311	104	1
1527867177.101735000	93.7316	92	0
1527867177.101942000	93.7318	255	0
1527867177.105203000	93.7351	101	1
1527867177.302675000	93.9326	389	1
1527867177.302741000	93.9326	259	1
1527867177.320541000	93.9504	87	0
1527867177.423201000	94.0531	236	0
1527867177.423310000	94.0532	148	0
1527867177.426768000	94.0567	92	0
1527867177.427231000	94.0571	107	1
1527867177.427857000	94.0578	104	0
1527867177.431212000	94.0611	98	1
1527867178.433368000	95.0633	389	1
1527867178.433466000	95.0634	259	1
1527867178.450471000	95.0804	87	0
1527867178.550399000	95.1803	258	0
1527867178.550518000	95.1804	148	0
1527867178.554210000	95.1841	92	0
1527867178.554404000	95.1843	196	0
1527867178.554863000	95.1848	110	1
1527867178.694248000	95.3242	513	1
1527867178.694311000	95.3242	259	1
1527867178.712551000	95.3425	87	0
1527867178.715705000	95.3456	87	0
1527867178.814521000	95.4444	233	0
1527867178.814649000	95.4446	148	0
1527867178.818047000	95.448	92	0
1527867178.818755000	95.4487	110	1
1527867178.818818000	95.4487	212	0
1527867178.822768000	95.4527	98	1
1527867179.175171000	95.8051	392	1
1527867179.175248000	95.8052	263	1
1527867179.191345000	95.8212	87	0
1527867179.329479000	95.9594	256	0
1527867179.329605000	95.9595	148	0
1527867179.333692000	95.9636	92	0
1527867179.333765000	95.9637	104	1
1527867179.333826000	95.9637	225	0
1527867179.337781000	95.9677	101	1
1527867179.589478000	96.2194	870	1
1527867179.589570000	96.2195	264	1
1527867179.608597000	96.2385	87	0
1527867179.711567000	96.3415	235	0
1527867179.711684000	96.3416	148	0
1527867179.715479000	96.3454	92	0
1527867179.715620000	96.3455	283	0
1527867179.715751000	96.3457	110	1
1527867179.993126000	96.623	987	1
1527867179.993212000	96.6231	261	1
1527867180.010192000	96.6401	87	0
1527867180.111691000	96.7416	256	0
1527867180.111803000	96.7417	148	0
1527867180.114783000	96.7447	92	0
1527867180.115038000	96.7449	339	0
1527867180.115758000	96.7457	110	1
1527867181.628927000	98.2588	388	1
1527867181.628996000	98.2589	260	1
1527867181.646905000	98.2768	87	0
1527867181.746788000	98.3767	280	0
1527867181.746917000	98.3768	148	0
1527867181.750468000	98.3804	92	0
1527867181.750610000	98.3805	120	0
1527867181.751016000	98.3809	110	1
1527867182.194844000	98.8247	388	1
1527867182.194943000	98.8248	262	1
1527867182.212001000	98.8419	87	0
1527867182.316804000	98.9467	258	0
1527867182.316985000	98.9469	148	0
1527867182.319002000	98.9489	92	0
1527867182.319197000	98.9491	95	0
1527867182.320869000	98.9508	110	1
1527867182.423263000	99.0532	388	1
1527867182.423355000	99.0533	263	1
1527867182.440853000	99.0708	87	0
1527867182.543500000	99.1734	235	0
1527867182.543687000	99.1736	148	0
1527867182.546908000	99.1768	92	0
1527867182.546983000	99.1769	104	1
1527867182.547997000	99.1779	110	0
1527867182.550891000	99.1808	101	1
1527867182.711545000	99.3414	389	1
1527867182.711629000	99.3415	262	1
1527867182.729647000	99.3596	87	0
1527867182.831754000	99.4617	349	0
1527867182.831863000	99.4618	148	0
1527867182.834971000	99.4649	92	0
1527867182.835428000	99.4653	320	0
1527867182.835982000	99.4659	110	1
1527867183.134301000	99.7642	392	1
1527867183.134365000	99.7643	265	1
1527867183.152185000	99.7821	87	0
1527867183.255060000	99.885	313	0
1527867183.255240000	99.8851	148	0
1527867183.258942000	99.8888	104	1
1527867183.260412000	99.8903	92	0
1527867183.260617000	99.8905	104	0
1527867183.263923000	99.8938	101	1
1527867183.576294000	100.206	392	1
1527867183.576381000	100.206	260	1
1527867183.604541000	100.234	87	0
1527867183.728495000	100.358	283	0
1527867183.728611000	100.359	148	0
1527867183.732035000	100.362	104	1
1527867183.733285000	100.363	92	0
1527867183.733462000	100.363	112	0
1527867183.737028000	100.367	101	1
1527867183.825200000	100.455	391	1
1527867183.825268000	100.455	262	1
1527867183.841997000	100.472	87	0
1527867183.946940000	100.577	279	0
1527867183.947056000	100.577	148	0
1527867183.950239000	100.58	92	0
1527867183.950431000	100.58	327	0
1527867183.951027000	100.581	110	1
1527867184.095446000	100.725	513	1
1527867184.095538000	100.725	258	1
1527867184.123023000	100.753	87	0
1527867184.223343000	100.853	259	0
1527867184.223514000	100.853	148	0
1527867184.226624000	100.857	92	0
1527867184.226762000	100.857	236	0
1527867184.227147000	100.857	110	1
1527867184.555245000	101.185	388	1
1527867184.555333000	101.185	262	1
1527867184.583507000	101.213	87	0
1527867184.685824000	101.316	235	0
1527867184.685935000	101.316	148	0
1527867184.689787000	101.32	92	0
1527867184.690039000	101.32	107	1
1527867184.690235000	101.32	227	0
1527867184.694132000	101.324	98	1
1527867184.979646000	101.61	389	1
1527867184.979710000	101.61	262	1
1527867184.996935000	101.627	87	0
1527867185.006826000	101.637	87	0
1527867185.104985000	101.735	256	0
1527867185.105110000	101.735	148	0
1527867185.108869000	101.739	92	0
1527867185.109134000	101.739	110	1
1527867185.109233000	101.739	161	0
1527867185.113098000	101.743	98	1
1527867185.247315000	101.877	866	1
1527867185.247398000	101.877	258	1
1527867185.264376000	101.894	87	0
1527867185.568158000	102.198	236	0
1527867185.568337000	102.198	148	0
1527867185.571384000	102.201	92	0
1527867185.571538000	102.201	285	0
1527867185.572047000	102.202	110	1
1527867185.687001000	102.317	984	1
1527867185.687081000	102.317	260	1
1527867185.714732000	102.345	87	0
1527867185.815692000	102.446	236	0
1527867185.815897000	102.446	148	0
1527867185.818988000	102.449	92	0
1527867185.819114000	102.449	104	1
1527867185.819359000	102.449	152	0
1527867185.823098000	102.453	101	1
1527867185.945294000	102.575	389	1
1527867185.945389000	102.575	258	1
1527867185.962106000	102.592	87	0
1527867186.061858000	102.692	256	0
1527867186.062000000	102.692	148	0
1527867186.065417000	102.695	92	0
1527867186.065558000	102.695	136	0
1527867186.066069000	102.696	110	1
1527867186.348695000	102.979	368	1
1527867186.348798000	102.979	1412	1
1527867186.348836000	102.979	1412	1
1527867186.348895000	102.979	1412	1
1527867186.348917000	102.979	1069	1
1527867186.366571000	102.996	87	0
1527867186.458721000	103.089	389	0
1527867186.462189000	103.092	101	1
1527867186.463547000	103.093	80	0
1527867186.467185000	103.097	98	1
1527867187.094353000	103.724	392	1
1527867187.094407000	103.724	264	1
1527867187.111253000	103.741	87	0
1527867187.209751000	103.84	281	0
1527867187.209934000	103.84	148	0
1527867187.213360000	103.843	92	0
1527867187.213592000	103.843	152	0
1527867187.213781000	103.844	110	1
1527867187.404114000	104.034	390	1
1527867187.404179000	104.034	258	1
1527867187.421111000	104.051	87	0
1527867187.523968000	104.154	235	0
1527867187.524110000	104.154	148	0
1527867187.527158000	104.157	92	0
1527867187.527674000	104.158	322	0
1527867187.527919000	104.158	110	1
1527867187.834210000	104.464	392	1
1527867187.834286000	104.464	259	1
1527867187.851925000	104.482	87	0
1527867187.957588000	104.587	258	0
1527867187.957704000	104.588	148	0
1527867187.961184000	104.591	92	0
1527867187.961558000	104.591	212	0
1527867187.961817000	104.592	110	1
1527867188.235452000	104.865	392	1
1527867188.235513000	104.865	265	1
1527867188.252027000	104.882	87	0
1527867188.263990000	104.894	87	0
1527867188.365426000	104.995	349	0
1527867188.365543000	104.995	148	0
1527867188.368897000	104.999	107	1
1527867188.369729000	105	92	0
1527867188.369873000	105	303	0
1527867188.373885000	105.004	101	1
1527867188.713184000	105.343	388	1
1527867188.713272000	105.343	259	1
1527867188.729670000	105.36	87	0
1527867188.835742000	105.466	290	0
1527867188.835883000	105.466	148	0
1527867188.839920000	105.47	104	1
1527867188.840608000	105.471	92	0
1527867188.840765000	105.471	272	0
1527867188.843844000	105.474	101	1
1527867190.064370000	106.694	514	1
1527867190.064437000	106.694	260	1
1527867190.081414000	106.711	87	0
1527867190.184581000	106.814	308	0
1527867190.184690000	106.815	148	0
1527867190.188803000	106.819	104	1
1527867190.189047000	106.819	92	0
1527867190.189174000	106.819	98	0
1527867190.192696000	106.823	101	1
1527867190.403874000	107.034	392	1
1527867190.404008000	107.034	263	1
1527867190.420499000	107.05	87	0
1527867190.529201000	107.159	256	0
1527867190.529374000	107.159	148	0
1527867190.532805000	107.163	104	1
1527867190.535223000	107.165	92	0
1527867190.535430000	107.165	328	0
1527867190.538803000	107.169	101	1
1527867191.173432000	107.803	869	1
1527867191.173496000	107.803	258	1
1527867191.191794000	107.822	87	0
1527867191.366866000	107.997	280	0
1527867191.367049000	107.997	148	0
1527867191.370602000	108.001	92	0
1527867191.370744000	108.001	270	0
1527867191.370916000	108.001	110	1
1527867191.497055000	108.127	982	1
1527867191.497120000	108.127	259	1
1527867191.514245000	108.144	87	0
1527867191.614868000	108.245	235	0
1527867191.615164000	108.245	148	0
1527867191.618458000	108.248	92	0
1527867191.618813000	108.249	247	0
1527867191.618908000	108.249	107	1
1527867191.622868000	108.253	98	1
1527867191.743314000	108.373	392	1
1527867191.743375000	108.373	261	1
1527867191.760701000	108.391	87	0
1527867191.860168000	108.49	255	0
1527867191.860286000	108.49	148	0
1527867191.863893000	108.494	104	1
1527867191.864179000	108.494	92	0
1527867191.864643000	108.495	180	0
1527867191.867877000	108.498	101	1
1527867191.983255000	108.613	387	1
1527867191.983316000	108.613	259	1
1527867192.000004000	108.63	87	0
1527867192.104785000	108.735	233	0
1527867192.106000000	108.736	148	0
1527867192.106553000	108.736	92	0
1527867192.107677000	108.738	160	0
1527867192.108820000	108.739	110	1
1527867192.234445000	108.864	392	1
1527867192.234509000	108.864	262	1
1527867192.251736000	108.882	87	0
1527867192.356619000	108.987	233	0
1527867192.356746000	108.987	148	0
1527867192.359843000	108.99	92	0
1527867192.360251000	108.99	277	0
1527867192.360832000	108.991	110	1
1527867192.506261000	109.136	388	1
1527867192.506353000	109.136	259	1
1527867192.523194000	109.153	87	0
1527867192.625462000	109.255	235	0
1527867192.625606000	109.256	148	0
1527867192.628098000	109.258	92	0
1527867192.628565000	109.258	308	0
1527867192.629133000	109.259	110	1
1527867193.663800000	110.294	389	1
1527867193.663897000	110.294	258	1
1527867193.680445000	110.31	87	0
1527867193.799836000	110.43	256	0
1527867193.799971000	110.43	148	0
1527867193.803602000	110.434	104	1
1527867193.804191000	110.434	92	0
1527867193.804313000	110.434	236	0
1527867193.807582000	110.437	101	1
1527867193.921733000	110.552	388	1
1527867193.921784000	110.552	258	1
1527867193.939513000	110.569	87	0
1527867194.045898000	110.676	258	0
1527867194.046027000	110.676	148	0
1527867194.048554000	110.678	92	0
1527867194.048698000	110.679	268	0
1527867194.049537000	110.679	110	1
1527867194.415934000	111.046	391	1
1527867194.416016000	111.046	259	1
1527867194.434452000	111.064	87	0
1527867194.537724000	111.168	255	0
1527867194.537852000	111.168	148	0
1527867194.541299000	111.171	92	0
1527867194.541471000	111.171	248	0
1527867194.541609000	111.172	110	1
1527867195.510393000	112.14	388	1
1527867195.510462000	112.14	261	1
1527867195.527623000	112.158	87	0
1527867195.634003000	112.264	258	0
1527867195.634203000	112.264	148	0
1527867195.635291000	112.265	92	0
1527867195.635500000	112.265	287	0
1527867195.637640000	112.268	110	1
1527867195.769133000	112.399	510	1
1527867195.769192000	112.399	259	1
1527867195.786611000	112.417	87	0
1527867195.890853000	112.521	258	0
1527867195.890968000	112.521	148	0
1527867195.894723000	112.525	104	1
1527867195.895273000	112.525	92	0
1527867195.895476000	112.525	318	0
1527867195.898706000	112.529	101	1
1527867196.011600000	112.642	388	1
1527867196.011682000	112.642	262	1
1527867196.028532000	112.658	87	0
1527867196.141859000	112.772	348	0
1527867196.142105000	112.772	148	0
1527867196.145669000	112.776	104	1
1527867196.145672000	112.776	92	0
1527867196.147058000	112.777	200	0
1527867196.149743000	112.78	101	1
1527867196.222215000	112.852	387	1
1527867196.222310000	112.852	259	1
1527867196.239433000	112.869	87	0
1527867196.344090000	112.974	291	0
1527867196.344195000	112.974	148	0
1527867196.347750000	112.978	104	1
1527867196.349513000	112.979	92	0
1527867196.349664000	112.98	303	0
1527867196.353727000	112.984	101	1
1527867196.609493000	113.239	872	1
1527867196.609585000	113.239	260	1
1527867196.627023000	113.257	87	0
1527867196.731923000	113.362	283	0
1527867196.732108000	113.362	148	0
1527867196.735248000	113.365	92	0
1527867196.735469000	113.365	333	0
1527867196.735948000	113.366	110	1
1527867196.901073000	113.531	983	1
1527867196.901133000	113.531	260	1
1527867196.919938000	113.55	87	0
1527867197.032379000	113.662	281	0
1527867197.032496000	113.662	148	0
1527867197.036744000	113.667	92	0
1527867197.036863000	113.667	104	1
1527867197.037193000	113.667	213	0
1527867197.040773000	113.671	101	1
1527867197.410039000	114.04	392	1
1527867197.410128000	114.04	263	1
1527867197.428091000	114.058	87	0
1527867197.533421000	114.163	257	0
1527867197.533558000	114.163	148	0
1527867197.536771000	114.167	92	0
1527867197.536972000	114.167	237	0
1527867197.537747000	114.168	110	1
1527867197.813464000	114.443	390	1
1527867197.813540000	114.443	258	1
1527867197.829812000	114.46	87	0
1527867197.936041000	114.566	258	0
1527867197.936182000	114.566	148	0
1527867197.939841000	114.57	104	1
1527867197.940466000	114.57	92	0
1527867197.940673000	114.571	258	0
1527867197.943823000	114.574	101	1
1527867199.306607000	115.937	388	1
