1527934927.451964000	0	296	1
1527934927.469017000	0.0170531	87	0
1527934927.640173000	0.188209	329	0
1527934927.640901000	0.188937	1412	0
1527934927.641592000	0.189628	1412	0
1527934927.642281000	0.190317	1412	0
1527934927.642936000	0.190972	180	0
1527934927.643583000	0.191619	104	1
1527934927.643650000	0.191686	1412	0
1527934927.644343000	0.192379	1412	0
1527934927.645029000	0.193065	1412	0
1527934927.645784000	0.19382	188	0
1527934927.646316000	0.194352	113	1
1527934927.646504000	0.19454	680	0
1527934927.647217000	0.195253	1412	0
1527934927.647904000	0.19594	1412	0
1527934927.648572000	0.196608	694	0
1527934927.649278000	0.197314	1412	0
1527934927.649967000	0.198003	1412	0
1527934927.650657000	0.198693	1412	0
1527934927.651311000	0.199347	188	0
1527934927.657562000	0.205598	1192	0
1527934927.670394000	0.21843	125	1
1527934927.683954000	0.23199	1412	0
1527934927.684629000	0.232665	1412	0
1527934927.685317000	0.233353	1412	0
1527934927.686046000	0.234082	198	0
1527934927.686302000	0.234338	107	1
1527934927.686774000	0.23481	1412	0
1527934927.687461000	0.235497	1412	0
1527934927.688146000	0.236182	1412	0
1527934927.688842000	0.236878	1412	0
1527934927.689285000	0.237321	107	1
1527934927.689524000	0.23756	1412	0
1527934927.690209000	0.238245	1412	0
1527934927.690903000	0.238939	1412	0
1527934927.691587000	0.239623	1412	0
1527934927.692434000	0.24047	107	1
1527934927.692721000	0.240757	1412	0
1527934927.693434000	0.24147	582	0
1527934927.694142000	0.242178	1412	0
1527934927.694832000	0.242868	1412	0
1527934927.695287000	0.243323	107	1
1527934927.695520000	0.243556	1412	0
1527934927.696271000	0.244307	1412	0
1527934927.696934000	0.24497	262	0
1527934927.697651000	0.245687	1412	0
1527934927.698276000	0.246312	107	1
1527934927.698336000	0.246372	1412	0
1527934927.699032000	0.247068	1412	0
1527934927.699708000	0.247744	897	0
1527934927.700487000	0.248523	1412	0
1527934927.701181000	0.249217	1412	0
1527934927.701378000	0.249414	107	1
1527934927.701870000	0.249906	1412	0
1527934927.702538000	0.250574	776	0
1527934927.704308000	0.252344	104	1
1527934928.064643000	0.612679	331	1
1527934928.064724000	0.61276	1412	1
1527934928.064748000	0.612784	906	1
1527934928.071049000	0.619085	218	1
1527934928.081128000	0.629164	87	0
1527934928.087350000	0.635386	87	0
1527934928.203567000	0.751603	395	0
1527934928.205713000	0.753749	80	0
1527934928.206390000	0.754426	107	1
1527934928.313681000	0.861717	215	1
1527934928.330316000	0.878352	87	0
1527934928.621760000	1.1698	796	1
1527934928.623052000	1.17109	426	1
1527934928.625891000	1.17393	278	0
1527934928.626610000	1.17465	1412	0
1527934928.627305000	1.17534	1412	0
1527934928.628012000	1.17605	1412	0
1527934928.628359000	1.1764	110	1
1527934928.628706000	1.17674	1412	0
1527934928.629398000	1.17743	1412	0
1527934928.630082000	1.17812	1169	0
1527934928.630891000	1.17893	92	0
1527934928.631337000	1.17937	107	1
1527934928.631585000	1.17962	182	0
1527934928.634368000	1.1824	98	1
1527934928.638512000	1.18655	87	0
1527934928.683260000	1.2313	484	1
1527934928.699076000	1.24711	87	0
1527934928.718507000	1.26654	304	0
1527934928.719187000	1.26722	526	0
1527934928.729408000	1.27744	107	1
1527934928.827378000	1.37541	474	0
1527934928.828037000	1.37607	115	1
1527934928.828050000	1.37609	80	0
1527934928.831374000	1.37941	98	1
1527934928.837248000	1.38528	515	0
1527934928.837938000	1.38597	1115	0
1527934928.840330000	1.38837	92	0
1527934928.840426000	1.38846	101	1
1527934928.841032000	1.38907	298	0
1527934928.843354000	1.39139	101	1
1527934928.844076000	1.39211	87	0
1527934928.960665000	1.5087	465	0
1527934928.961352000	1.50939	991	0
1527934928.963405000	1.51144	104	1
1527934929.006023000	1.55406	323	1
1527934929.006109000	1.55415	144	1
1527934929.024326000	1.57236	87	0
1527934929.097762000	1.6458	1412	0
1527934929.098440000	1.64648	1412	0
1527934929.099130000	1.64717	1412	0
1527934929.099797000	1.64783	492	0
1527934929.100379000	1.64842	110	1
1527934929.100489000	1.64852	92	0
1527934929.101185000	1.64922	221	0
1527934929.103368000	1.6514	101	1
1527934929.109874000	1.65791	178	1
1527934929.109958000	1.65799	190	1
1527934929.124133000	1.67217	100	0
1527934929.127425000	1.67546	98	1
1527934929.127444000	1.67548	87	0
1527934929.242084000	1.79012	593	0
1527934929.242739000	1.79078	92	0
1527934929.243426000	1.79146	102	0
1527934929.245444000	1.79348	107	1
1527934929.961127000	2.50916	1412	1
1527934929.961168000	2.5092	1412	1
1527934929.961192000	2.50923	304	1
1527934929.961252000	2.50929	844	1
1527934929.978647000	2.52668	653	1
1527934929.979020000	2.52706	87	0
1527934929.995042000	2.54308	1318	1
1527934929.995411000	2.54345	87	0
1527934930.008578000	2.55661	483	0
1527934930.009236000	2.55727	111	0
1527934930.012990000	2.56103	87	0
1527934930.017494000	2.56553	107	1
1527934930.323607000	2.87164	434	0
1527934930.324306000	2.87234	1412	0
1527934930.324995000	2.87303	1412	0
1527934930.325758000	2.87379	1412	0
1527934930.326435000	2.87447	343	0
1527934930.326459000	2.8745	110	1
1527934930.327120000	2.87516	329	0
1527934930.329424000	2.87746	101	1
1527934930.347159000	2.8952	328	0
1527934930.347871000	2.89591	1412	0
1527934930.348547000	2.89658	996	0
1527934930.349205000	2.89724	92	0
1527934930.349978000	2.89801	174	0
1527934930.350438000	2.89847	110	1
1527934930.677977000	3.22601	1388	1
1527934930.694325000	3.24236	87	0
1527934930.849851000	3.39789	943	0
1527934930.850463000	3.3985	171	0
1527934930.863755000	3.41179	104	1
1527934931.103600000	3.65164	341	1
1527934931.103712000	3.65175	1412	1
1527934931.103750000	3.65179	1412	1
1527934931.103779000	3.65182	1412	1
1527934931.103816000	3.65185	1412	1
1527934931.103849000	3.65189	1412	1
1527934931.103884000	3.65192	1412	1
1527934931.103925000	3.65196	1412	1
1527934931.103958000	3.65199	1412	1
1527934931.103993000	3.65203	1412	1
1527934931.104027000	3.65206	1412	1
1527934931.104060000	3.6521	1412	1
1527934931.104099000	3.65214	1412	1
1527934931.105686000	3.65372	1266	1
1527934931.121025000	3.66906	87	0
1527934931.123925000	3.67196	87	0
1527934931.450415000	3.99845	1340	1
1527934931.469200000	4.01724	87	0
1527934931.594254000	4.14229	399	0
1527934931.594922000	4.14296	281	0
1527934931.596707000	4.14474	104	1
1527934931.675168000	4.2232	378	0
1527934931.676709000	4.22475	98	1
1527934931.679016000	4.22705	80	0
1527934931.692300000	4.24034	98	1
1527934933.306503000	5.85454	334	1
1527934933.306585000	5.85462	1412	1
1527934933.306609000	5.85465	981	1
1527934933.308126000	5.85616	224	1
1527934933.308188000	5.85622	1412	1
1527934933.308212000	5.85625	1412	1
1527934933.308233000	5.85627	758	1
1527934933.324336000	5.87237	87	0
1527934933.324743000	5.87278	165	1
1527934933.328732000	5.87677	101	1
1527934933.330112000	5.87815	87	0
1527934933.343273000	5.89131	104	0
1527934933.345919000	5.89395	104	1
1527934933.452417000	6.00045	395	0
1527934933.454897000	6.00293	98	1
1527934933.456119000	6.00416	80	0
1527934933.499543000	6.04758	98	1
1527934933.600343000	6.14838	543	0
1527934933.601004000	6.14904	303	0
1527934933.601691000	6.14973	238	0
1527934933.602474000	6.15051	115	1
1527934933.605298000	6.15333	101	1
1527934933.605721000	6.15376	252	1
1527934933.618955000	6.16699	87	0
1527934933.623750000	6.17179	87	0
1527934934.006017000	6.55405	848	0
1527934934.011203000	6.55924	104	1
1527934934.071676000	6.61971	1412	0
1527934934.072354000	6.62039	1412	0
1527934934.073047000	6.62108	1412	0
1527934934.073703000	6.62174	186	0
1527934934.074481000	6.62252	1412	0
1527934934.074954000	6.62299	110	1
1527934934.075201000	6.62324	1347	0
1527934934.076159000	6.6242	1412	0
1527934934.076847000	6.62488	1412	0
1527934934.077535000	6.62557	1412	0
1527934934.077919000	6.62596	107	1
1527934934.078193000	6.62623	188	0
1527934934.078912000	6.62695	1412	0
1527934934.079595000	6.62763	1412	0
1527934934.080286000	6.62832	1412	0
1527934934.080918000	6.62895	107	1
1527934934.080971000	6.62901	1327	0
1527934934.081664000	6.6297	1412	0
1527934934.082336000	6.63037	732	0
1527934934.083220000	6.63126	1412	0
1527934934.083910000	6.63195	1412	0
1527934934.083954000	6.63199	107	1
1527934934.084597000	6.63263	1412	0
1527934934.085251000	6.63329	190	0
1527934934.086014000	6.63405	794	0
1527934934.086915000	6.63495	107	1
1527934934.090487000	6.63852	1412	0
1527934934.091178000	6.63921	1412	0
1527934934.091859000	6.6399	1412	0
1527934934.092541000	6.64058	1080	0
1527934934.092923000	6.64096	107	1
1527934934.138376000	6.68641	1412	0
1527934934.139049000	6.68709	1412	0
1527934934.139744000	6.68778	1412	0
1527934934.140393000	6.68843	198	0
1527934934.141070000	6.68911	84	0
1527934934.141793000	6.68983	1412	0
1527934934.141944000	6.68998	113	1
1527934934.142476000	6.69051	183	0
1527934934.144135000	6.69217	1412	0
1527934934.144821000	6.69286	1412	0
1527934934.144968000	6.693	104	1
1527934934.145537000	6.69357	1412	0
1527934934.146264000	6.6943	188	0
1527934934.146949000	6.69499	84	0
1527934934.147917000	6.69595	104	1
1527934934.148412000	6.69645	1195	0
1527934934.150956000	6.69899	98	1
1527934934.151921000	6.69996	1412	0
1527934934.152611000	6.70065	1412	0
1527934934.153301000	6.70134	1412	0
1527934934.154159000	6.7022	1072	0
1527934934.154856000	6.70289	1412	0
1527934934.154943000	6.70298	107	1
1527934934.155563000	6.7036	1299	0
1527934934.157522000	6.70556	749	0
1527934934.157924000	6.70596	104	1
1527934934.160777000	6.70881	1412	0
1527934934.161459000	6.7095	1328	0
1527934934.163851000	6.71189	1412	0
1527934934.164529000	6.71257	1412	0
1527934934.165191000	6.71323	358	0
1527934934.165925000	6.71396	92	0
1527934934.166645000	6.71468	152	0
1527934934.168740000	6.71678	101	1
1527934934.174967000	6.723	110	1
1527934935.497171000	8.04521	431	1
1527934935.497260000	8.0453	144	1
1527934935.518281000	8.06632	87	0
1527934935.596126000	8.14416	1412	0
1527934935.596810000	8.14485	1412	0
1527934935.597500000	8.14554	1412	0
1527934935.598169000	8.14621	723	0
1527934935.598834000	8.14687	92	0
1527934935.599013000	8.14705	113	1
1527934935.599551000	8.14759	199	0
1527934935.602004000	8.15004	98	1
1527934936.614595000	9.16263	861	1
1527934936.614675000	9.16271	294	1
1527934936.619348000	9.16738	406	1
1527934936.619429000	9.16747	1412	1
1527934936.619454000	9.16749	1412	1
1527934936.619493000	9.16753	969	1
1527934936.630869000	9.17891	87	0
1527934936.638225000	9.18626	87	0
1527934936.755817000	9.30385	401	1
1527934936.772874000	9.32091	87	0
1527934936.781913000	9.32995	301	0
1527934936.784832000	9.33287	1400	0
1527934936.785113000	9.33315	104	1
1527934936.785534000	9.33357	1023	0
1527934936.786489000	9.33453	635	0
1527934936.788072000	9.33611	101	1
1527934936.788520000	9.33656	467	0
1527934936.789666000	9.3377	697	0
1527934936.791003000	9.33904	484	0
1527934936.791211000	9.33925	101	1
1527934936.792881000	9.34092	835	0
1527934936.794083000	9.34212	101	1
1527934936.794665000	9.3427	649	0
1527934936.796090000	9.34413	519	0
1527934936.797264000	9.3453	101	1
1527934936.797828000	9.34586	439	0
1527934936.800086000	9.34812	98	1
1527934936.800258000	9.34829	701	0
1527934936.800952000	9.34899	616	0
1527934936.802468000	9.3505	87	0
1527934936.803070000	9.35111	104	1
1527934936.803192000	9.35123	558	0
1527934936.804878000	9.35291	654	0
1527934936.805698000	9.35373	583	0
1527934936.806082000	9.35412	104	1
1527934936.806424000	9.35446	689	0
1527934936.809105000	9.35714	98	1
1527934936.812758000	9.36079	102	0
1527934936.813438000	9.36147	280	0
1527934936.815094000	9.36313	101	1
1527934936.896438000	9.44447	1412	1
1527934936.896513000	9.44455	1412	1
1527934936.896545000	9.44458	346	1
1527934936.896603000	9.44464	843	1
1527934936.914055000	9.46209	87	0
1527934936.935066000	9.4831	482	0
1527934936.935796000	9.48383	210	0
1527934936.938103000	9.48614	104	1
1527934937.164312000	9.71235	377	0
1527934937.167107000	9.71514	98	1
1527934937.172092000	9.72013	80	0
1527934937.175105000	9.72314	98	1
1527934937.301868000	9.8499	285	0
1527934937.302530000	9.85057	103	0
1527934937.305145000	9.85318	101	1
1527934937.307758000	9.85579	88	0
1527934937.310123000	9.85816	98	1
1527934938.647287000	11.1953	994	1
1527934938.647365000	11.1954	109	1
1527934938.650063000	11.1981	305	1
1527934938.652712000	11.2007	481	1
1527934938.652793000	11.2008	87	1
1527934938.664079000	11.2121	87	0
1527934938.669315000	11.2174	87	0
1527934939.099395000	11.6474	345	1
1527934939.099482000	11.6475	266	1
1527934939.115423000	11.6635	87	0
1527934939.195680000	11.7437	284	0
1527934939.196365000	11.7444	151	0
1527934939.198254000	11.7463	104	1
1527934939.200450000	11.7485	92	0
1527934939.201132000	11.7492	136	0
1527934939.203200000	11.7512	101	1
1527934939.220903000	11.7689	275	0
1527934939.221560000	11.7696	103	0
1527934939.226570000	11.7746	92	0
1527934939.227245000	11.7753	116	0
1527934939.254975000	11.803	265	0
1527934939.260224000	11.8083	110	1
1527934939.310403000	11.8584	235	0
1527934939.311074000	11.8591	141	0
1527934939.314412000	11.8624	92	0
1527934939.315127000	11.8632	235	0
1527934939.317227000	11.8653	107	1
1527934939.401404000	11.9494	489	1
1527934939.401477000	11.9495	94	1
1527934939.418682000	11.9667	87	0
1527934939.541845000	12.0899	259	0
1527934939.545284000	12.0933	101	1
1527934939.547906000	12.0959	373	1
1527934939.548012000	12.096	1412	1
1527934939.548050000	12.0961	1412	1
1527934939.548103000	12.0961	1412	1
1527934939.548137000	12.0962	1412	1
1527934939.548172000	12.0962	1412	1
1527934939.548212000	12.0962	1412	1
1527934939.548251000	12.0963	1412	1
1527934939.548284000	12.0963	1412	1
1527934939.548323000	12.0964	1412	1
1527934939.548359000	12.0964	1412	1
1527934939.548408000	12.0964	1412	1
1527934939.548430000	12.0965	1412	1
1527934939.550290000	12.0983	1412	1
1527934939.550326000	12.0984	1412	1
1527934939.550392000	12.0984	1412	1
1527934939.550433000	12.0985	1412	1
1527934939.550469000	12.0985	1412	1
1527934939.552251000	12.1003	1412	1
1527934939.552309000	12.1003	1412	1
1527934939.552364000	12.1004	1412	1
1527934939.552387000	12.1004	1412	1
1527934939.554269000	12.1023	1412	1
1527934939.554334000	12.1024	1412	1
1527934939.554379000	12.1024	1412	1
1527934939.554404000	12.1024	1412	1
1527934939.554445000	12.1025	1412	1
1527934939.556311000	12.1043	1412	1
1527934939.556340000	12.1044	1412	1
1527934939.556437000	12.1045	1412	1
1527934939.556475000	12.1045	1412	1
1527934939.556528000	12.1046	1412	1
1527934939.559010000	12.107	1412	1
1527934939.559041000	12.1071	1412	1
1527934939.559081000	12.1071	730	1
1527934939.563542000	12.1116	87	0
1527934939.567257000	12.1153	87	0
1527934939.569291000	12.1173	87	0
1527934939.571648000	12.1197	377	0
1527934939.572310000	12.1203	190	0
1527934939.574259000	12.1223	110	1
1527934939.574414000	12.1225	100	0
1527934939.577253000	12.1253	98	1
1527934940.198731000	12.7468	405	0
1527934940.201310000	12.7493	98	1
1527934940.207575000	12.7556	80	0
1527934940.210349000	12.7584	98	1
1527934940.261835000	12.8099	378	0
1527934940.262499000	12.8105	146	0
1527934940.264278000	12.8123	101	1
1527934940.268067000	12.8161	92	0
1527934940.268759000	12.8168	227	0
1527934940.270883000	12.8189	101	1
1527934940.314249000	12.8623	363	1
1527934940.315406000	12.8634	297	1
1527934940.331552000	12.8796	87	0
1527934940.352767000	12.9008	377	1
1527934940.369488000	12.9175	87	0
1527934940.380061000	12.9281	345	1
1527934940.380149000	12.9282	273	1
1527934940.396344000	12.9444	87	0
1527934940.453884000	13.0019	256	0
1527934940.456379000	13.0044	101	1
1527934940.487348000	13.0354	279	0
1527934940.488011000	13.036	92	0
1527934940.488703000	13.0367	335	0
1527934940.490326000	13.0384	104	1
1527934940.562641000	13.1107	564	0
1527934940.563323000	13.1114	801	0
1527934940.565304000	13.1133	101	1
1527934940.565811000	13.1138	92	0
1527934940.566512000	13.1145	109	0
1527934940.568371000	13.1164	101	1
1527934940.610358000	13.1584	1412	1
1527934940.610415000	13.1585	407	1
1527934940.627652000	13.1757	87	0
1527934940.746740000	13.2948	731	0
1527934940.747402000	13.2954	231	0
1527934940.750323000	13.2984	104	1
1527934940.775160000	13.3232	631	1
1527934940.792644000	13.3407	87	0
1527934940.857183000	13.4052	281	0
1527934940.857852000	13.4059	118	0
1527934940.860353000	13.4084	104	1
1527934940.862120000	13.4102	92	0
1527934940.862814000	13.4109	128	0
1527934940.864329000	13.4124	101	1
1527934940.919298000	13.4673	321	0
1527934940.919904000	13.4679	513	0
1527934940.922422000	13.4705	101	1
1527934940.964189000	13.5122	265	0
1527934940.964862000	13.5129	146	0
1527934940.967308000	13.5153	101	1
1527934940.969179000	13.5172	92	0
1527934940.969902000	13.5179	104	0
1527934940.972475000	13.5205	101	1
1527934941.033910000	13.5819	828	1
1527934941.034020000	13.5821	269	1
1527934941.050735000	13.5988	87	0
1527934941.585816000	14.1339	256	0
1527934941.586500000	14.1345	146	0
1527934941.588445000	14.1365	104	1
1527934941.589849000	14.1379	92	0
1527934941.591136000	14.1392	202	0
1527934941.592380000	14.1404	101	1
1527934941.667461000	14.2155	395	1
1527934941.667550000	14.2156	280	1
1527934941.685088000	14.2331	87	0
1527934941.689810000	14.2378	87	0
1527934941.885684000	14.4337	233	0
1527934941.886385000	14.4344	146	0
1527934941.888370000	14.4364	107	1
1527934941.890282000	14.4383	92	0
1527934941.890982000	14.439	302	0
1527934941.893384000	14.4414	101	1
1527934942.082712000	14.6307	395	1
1527934942.082787000	14.6308	260	1
1527934942.099212000	14.6472	87	0
1527934942.230567000	14.7786	256	0
1527934942.233401000	14.7814	101	1
1527934942.254385000	14.8024	146	0
1527934942.254983000	14.803	92	0
1527934942.255802000	14.8038	120	0
1527934942.257444000	14.8055	104	1
1527934942.294804000	14.8428	395	1
1527934942.294893000	14.8429	256	1
1527934942.311934000	14.86	87	0
1527934942.866166000	15.4142	232	0
1527934942.866771000	15.4148	146	0
1527934942.869523000	15.4176	104	1
1527934942.872336000	15.4204	92	0
1527934942.872959000	15.421	207	0
1527934942.875526000	15.4236	101	1
1527934942.919880000	15.4679	394	1
1527934942.919941000	15.468	265	1
1527934942.937257000	15.4853	87	0
1527934943.797530000	16.3456	391	0
1527934943.798173000	16.3462	146	0
1527934943.800505000	16.3485	104	1
1527934943.801467000	16.3495	92	0
1527934943.802632000	16.3507	93	0
1527934943.804482000	16.3525	101	1
1527934944.152858000	16.7009	395	1
1527934944.152926000	16.701	739	1
1527934944.169861000	16.7179	87	0
1527934944.707919000	17.256	279	0
1527934944.708526000	17.2566	146	0
1527934944.710551000	17.2586	104	1
1527934944.712384000	17.2604	92	0
1527934944.713081000	17.2611	292	0
1527934944.715560000	17.2636	101	1
1527934944.772032000	17.3201	390	1
1527934944.772092000	17.3201	260	1
1527934944.788934000	17.337	87	0
1527934945.338132000	17.8862	258	0
1527934945.338776000	17.8868	148	0
1527934945.340594000	17.8886	104	1
1527934945.341794000	17.8898	92	0
1527934945.342520000	17.8906	235	0
1527934945.344583000	17.8926	101	1
1527934945.351628000	17.8997	396	1
1527934945.351715000	17.8998	255	1
1527934945.369350000	17.9174	87	0
1527934945.918259000	18.4663	232	0
1527934945.918858000	18.4669	148	0
1527934945.921661000	18.4697	104	1
1527934945.922681000	18.4707	92	0
1527934945.923445000	18.4715	175	0
1527934945.925641000	18.4737	101	1
1527934945.992979000	18.541	394	1
1527934945.993065000	18.5411	266	1
1527934946.011193000	18.5592	87	0
1527934946.209776000	18.7578	256	0
1527934946.210387000	18.7584	148	0
1527934946.212713000	18.7607	104	1
1527934946.216256000	18.7643	92	0
1527934946.216888000	18.7649	290	0
1527934946.218624000	18.7667	101	1
1527934946.451627000	18.9997	992	1
1527934946.451731000	18.9998	260	1
1527934946.468712000	19.0167	87	0
1527934947.016755000	19.5648	260	0
1527934947.017389000	19.5654	148	0
1527934947.019774000	19.5678	104	1
1527934947.021816000	19.5699	92	0
1527934947.022515000	19.5706	233	0
1527934947.024741000	19.5728	101	1
1527934947.121282000	19.6693	553	1
1527934947.121344000	19.6694	265	1
1527934947.138723000	19.6868	87	0
1527934947.687755000	20.2358	235	0
1527934947.688429000	20.2365	148	0
1527934947.690749000	20.2388	104	1
1527934947.694057000	20.2421	92	0
1527934947.694740000	20.2428	155	0
1527934947.696726000	20.2448	101	1
1527934947.827135000	20.3752	827	1
1527934947.827210000	20.3752	262	1
1527934947.843481000	20.3915	87	0
1527934948.058110000	20.6061	302	0
1527934948.058774000	20.6068	148	0
1527934948.060776000	20.6088	104	1
1527934948.063179000	20.6112	92	0
1527934948.063862000	20.6119	92	0
1527934948.065744000	20.6138	101	1
1527934948.297783000	20.8458	391	1
1527934948.297904000	20.8459	260	1
1527934948.314779000	20.8628	87	0
1527934948.452513000	21.0005	261	0
1527934948.453138000	21.0012	148	0
1527934948.455848000	21.0039	104	1
1527934948.456512000	21.0045	92	0
1527934948.457238000	21.0053	284	0
1527934948.458821000	21.0069	101	1
1527934948.766434000	21.3145	395	1
1527934948.766526000	21.3146	220	1
1527934948.787288000	21.3353	87	0
1527934949.337161000	21.8852	290	0
1527934949.337826000	21.8859	148	0
1527934949.339905000	21.8879	104	1
1527934949.342532000	21.8906	92	0
1527934949.343217000	21.8913	210	0
1527934949.344803000	21.8928	101	1
1527934949.404793000	21.9528	396	1
1527934949.404885000	21.9529	631	1
1527934949.421816000	21.9699	87	0
1527934949.629705000	22.1777	256	0
1527934949.630376000	22.1784	148	0
1527934949.632833000	22.1809	104	1
1527934949.634687000	22.1827	92	0
1527934949.635376000	22.1834	123	0
1527934949.637838000	22.1859	101	1
1527934949.826009000	22.374	394	1
1527934949.826094000	22.3741	263	1
1527934949.842601000	22.3906	87	0
1527934950.401104000	22.9491	256	0
1527934950.401772000	22.9498	148	0
1527934950.403874000	22.9519	104	1
1527934950.406148000	22.9542	92	0
1527934950.406836000	22.9549	274	0
1527934950.408896000	22.9569	101	1
1527934950.475488000	23.0235	393	1
1527934950.475563000	23.0236	267	1
1527934950.491883000	23.0399	87	0
1527934950.627161000	23.1752	232	0
1527934950.627832000	23.1759	148	0
1527934950.630203000	23.1782	104	1
1527934950.632926000	23.181	92	0
1527934950.633603000	23.1816	216	0
1527934950.635962000	23.184	101	1
1527934950.823540000	23.3716	394	1
1527934950.823636000	23.3717	260	1
1527934950.840748000	23.3888	87	0
1527934950.995457000	23.5435	258	0
1527934950.996224000	23.5443	148	0
1527934950.997924000	23.546	104	1
1527934950.999324000	23.5474	92	0
1527934951.000023000	23.5481	338	0
1527934951.001916000	23.55	101	1
1527934951.237509000	23.7855	396	1
1527934951.237601000	23.7856	264	1
1527934951.254006000	23.802	87	0
1527934951.458703000	24.0067	842	1
1527934951.479508000	24.0275	87	0
1527934951.583128000	24.1312	563	0
1527934951.583825000	24.1319	1412	0
1527934951.584564000	24.1326	995	0
1527934951.586086000	24.1341	110	1
1527934951.599702000	24.1477	92	0
1527934951.603010000	24.151	98	1
1527934951.626487000	24.1745	293	0
1527934951.628940000	24.177	98	1
1527934951.771777000	24.3198	234	1
1527934951.789590000	24.3376	87	0
1527934951.791593000	24.3396	256	0
1527934951.792264000	24.3403	148	0
1527934951.793950000	24.342	104	1
1527934951.798109000	24.3461	92	0
1527934951.798785000	24.3468	191	0
1527934951.800982000	24.349	101	1
1527934951.904216000	24.4523	555	1
1527934951.904289000	24.4523	265	1
1527934951.921534000	24.4696	87	0
1527934952.166025000	24.7141	254	0
1527934952.166739000	24.7148	1412	0
1527934952.167415000	24.7155	997	0
1527934952.168985000	24.717	107	1
1527934952.183026000	24.7311	92	0
1527934952.183705000	24.7317	179	0
1527934952.186414000	24.7345	101	1
1527934952.475845000	25.0239	245	0
1527934952.476471000	25.0245	148	0
1527934952.479096000	25.0271	101	1
1527934952.480812000	25.0288	92	0
1527934952.481460000	25.0295	280	0
1527934952.484073000	25.0321	101	1
1527934952.669099000	25.2171	829	1
1527934952.669191000	25.2172	268	1
1527934952.686267000	25.2343	87	0
1527934953.230991000	25.779	256	0
1527934953.231614000	25.7797	148	0
1527934953.234103000	25.7821	104	1
1527934953.236059000	25.7841	92	0
1527934953.236759000	25.7848	130	0
1527934953.239096000	25.7871	101	1
1527934953.317837000	25.8659	391	1
1527934953.317897000	25.8659	265	1
1527934953.334848000	25.8829	87	0
1527934953.464222000	26.0123	241	0
1527934953.464885000	26.0129	148	0
1527934953.467057000	26.0151	104	1
1527934953.469955000	26.018	92	0
1527934953.470647000	26.0187	297	0
1527934953.473090000	26.0211	101	1
1527934953.555802000	26.1038	393	1
1527934953.555856000	26.1039	263	1
1527934953.571530000	26.1196	87	0
1527934954.123663000	26.6717	302	0
1527934954.124334000	26.6724	148	0
1527934954.126094000	26.6741	104	1
1527934954.128811000	26.6768	92	0
1527934954.129511000	26.6775	248	0
1527934954.131141000	26.6792	101	1
1527934954.218722000	26.7668	390	1
1527934954.218783000	26.7668	265	1
1527934954.234769000	26.7828	87	0
1527934954.795424000	27.3435	259	0
1527934954.796093000	27.3441	148	0
1527934954.798124000	27.3462	104	1
1527934954.799910000	27.3479	92	0
1527934954.800550000	27.3486	198	0
1527934954.802205000	27.3502	101	1
1527934954.848710000	27.3967	394	1
1527934954.848803000	27.3968	263	1
1527934954.865168000	27.4132	87	0
1527934955.426374000	27.9744	288	0
1527934955.426980000	27.975	148	0
1527934955.429173000	27.9772	104	1
1527934955.430861000	27.9789	92	0
1527934955.431578000	27.9796	287	0
1527934955.433153000	27.9812	101	1
1527934955.498597000	28.0466	395	1
1527934955.498687000	28.0467	266	1
1527934955.515202000	28.0632	87	0
1527934956.055238000	28.6033	278	0
1527934956.055939000	28.604	148	0
1527934956.058201000	28.6062	104	1
1527934956.061109000	28.6091	92	0
1527934956.061826000	28.6099	237	0
1527934956.064254000	28.6123	101	1
1527934956.159637000	28.7077	393	1
1527934956.159727000	28.7078	256	1
1527934956.176747000	28.7248	87	0
1527934956.736350000	29.2844	233	0
1527934956.737020000	29.2851	148	0
1527934956.739269000	29.2873	104	1
1527934956.742304000	29.2903	92	0
1527934956.742991000	29.291	289	0
1527934956.745397000	29.2934	101	1
1527934956.809608000	29.3576	395	1
1527934956.809700000	29.3577	500	1
1527934956.825879000	29.3739	87	0
1527934957.388862000	29.9369	256	0
1527934957.389466000	29.9375	148	0
1527934957.391348000	29.9394	104	1
1527934957.393203000	29.9412	92	0
1527934957.393905000	29.9419	306	0
1527934957.396322000	29.9444	101	1
1527934957.458434000	30.0065	394	1
1527934957.458497000	30.0065	314	1
1527934957.475619000	30.0237	87	0
1527934958.029497000	30.5775	258	0
1527934958.030097000	30.5781	148	0
1527934958.034136000	30.5822	92	0
1527934958.034903000	30.5829	186	0
1527934958.038000000	30.586	110	1
1527934960.762128000	33.3102	974	1
1527934960.762224000	33.3103	1412	1
1527934960.762261000	33.3103	1412	1
1527934960.762313000	33.3103	1412	1
1527934960.762331000	33.3104	243	1
1527934960.779861000	33.3279	87	0
1527934960.790524000	33.3386	1412	1
1527934960.790770000	33.3388	87	0
1527934960.808152000	33.3562	87	0
1527934960.962732000	33.5108	504	1
1527934960.962827000	33.5109	256	1
1527934960.979341000	33.5274	87	0
1527934961.113324000	33.6614	256	0
1527934961.113978000	33.662	148	0
1527934961.116484000	33.6645	104	1
1527934961.119562000	33.6676	92	0
1527934961.120524000	33.6686	333	0
1527934961.122520000	33.6706	101	1
1527934961.287883000	33.8359	394	1
1527934961.287951000	33.836	257	1
1527934961.302617000	33.8507	510	0
1527934961.305533000	33.8536	98	1
1527934961.307910000	33.8559	87	0
1527934961.309737000	33.8578	80	0
1527934961.312523000	33.8606	101	1
1527934961.872343000	34.4204	292	0
1527934961.872961000	34.421	148	0
1527934961.875575000	34.4236	101	1
1527934961.877668000	34.4257	92	0
1527934961.878370000	34.4264	318	0
1527934961.880538000	34.4286	101	1
1527934961.916763000	34.4648	825	1
1527934961.916857000	34.4649	257	1
1527934961.933442000	34.4815	87	0
1527934962.503273000	35.0513	256	0
1527934962.503880000	35.0519	148	0
1527934962.506581000	35.0546	104	1
1527934962.508614000	35.0567	92	0
1527934962.509351000	35.0574	270	0
1527934962.511539000	35.0596	101	1
1527934962.517486000	35.0655	391	1
1527934962.517576000	35.0656	256	1
1527934962.535136000	35.0832	87	0
1527934963.094838000	35.6429	255	0
1527934963.095439000	35.6435	148	0
1527934963.097571000	35.6456	104	1
1527934963.101114000	35.6492	92	0
1527934963.101807000	35.6498	191	0
1527934963.103561000	35.6516	101	1
1527934963.135576000	35.6836	394	1
1527934963.135627000	35.6837	260	1
1527934963.152055000	35.7001	87	0
1527934963.361538000	35.9096	237	0
1527934963.362169000	35.9102	148	0
1527934963.364590000	35.9126	104	1
1527934963.366438000	35.9145	92	0
1527934963.367130000	35.9152	155	0
1527934963.369581000	35.9176	101	1
1527934963.447979000	35.996	391	1
1527934963.448071000	35.9961	257	1
1527934963.463782000	36.0118	87	0
1527934964.077536000	36.6256	302	0
1527934964.078185000	36.6262	148	0
1527934964.080654000	36.6287	104	1
1527934964.082794000	36.6308	92	0
1527934964.083488000	36.6315	86	0
1527934964.085637000	36.6337	101	1
1527934964.181245000	36.7293	390	1
1527934964.181311000	36.7293	260	1
1527934964.197538000	36.7456	87	0
1527934964.788929000	37.337	262	0
1527934964.789621000	37.3377	148	0
1527934964.791736000	37.3398	104	1
1527934964.794024000	37.3421	92	0
1527934964.794661000	37.3427	324	0
1527934964.796718000	37.3448	101	1
1527934964.869283000	37.4173	393	1
1527934964.869345000	37.4174	260	1
1527934964.886906000	37.4349	87	0
1527934965.445878000	37.9939	288	0
1527934965.446501000	37.9945	148	0
1527934965.448704000	37.9967	104	1
1527934965.450733000	37.9988	92	0
1527934965.451430000	37.9995	301	0
1527934965.453766000	38.0018	101	1
1527934965.477818000	38.0259	394	1
1527934965.477868000	38.0259	258	1
1527934965.494490000	38.0425	87	0
1527934966.042955000	38.591	277	0
1527934966.043576000	38.5916	148	0
1527934966.045745000	38.5938	104	1
1527934966.047361000	38.5954	92	0
1527934966.048001000	38.596	284	0
1527934966.049794000	38.5978	101	1
1527934966.098095000	38.6461	389	1
1527934966.098156000	38.6462	257	1
1527934966.114570000	38.6626	87	0
1527934966.648782000	39.1968	233	0
1527934966.649393000	39.1974	148	0
1527934966.651841000	39.1999	104	1
1527934966.654138000	39.2022	92	0
1527934966.654799000	39.2028	154	0
1527934966.656831000	39.2049	101	1
1527934966.798111000	39.3461	390	1
1527934966.798178000	39.3462	260	1
1527934966.814320000	39.3624	87	0
1527934967.359967000	39.908	255	0
1527934967.360635000	39.9087	148	0
1527934967.362813000	39.9108	104	1
1527934967.365314000	39.9134	92	0
1527934967.366075000	39.9141	332	0
1527934967.367800000	39.9158	101	1
1527934967.427219000	39.9753	390	1
1527934967.427303000	39.9753	257	1
1527934967.443553000	39.9916	87	0
1527934967.989546000	40.5376	256	0
1527934967.990204000	40.5382	148	0
1527934967.992937000	40.541	104	1
1527934967.994881000	40.5429	92	0
1527934967.995681000	40.5437	191	0
1527934967.997911000	40.5459	101	1
1527934968.084052000	40.6321	395	1
1527934968.084149000	40.6322	261	1
1527934968.103403000	40.6514	87	0
1527934968.646886000	41.1949	233	0
1527934968.647482000	41.1955	148	0
1527934968.649978000	41.198	104	1
1527934968.653495000	41.2015	92	0
1527934968.654194000	41.2022	164	0
1527934968.655908000	41.2039	101	1
1527934968.687650000	41.2357	992	1
1527934968.687725000	41.2358	257	1
1527934968.705324000	41.2534	87	0
1527934969.208727000	41.7568	465	1
1527934969.208824000	41.7569	1412	1
1527934969.208864000	41.7569	1412	1
1527934969.208919000	41.757	1412	1
1527934969.208942000	41.757	1358	1
1527934969.226970000	41.775	87	0
1527934969.270238000	41.8183	326	0
1527934969.270847000	41.8189	148	0
1527934969.272930000	41.821	107	1
1527934969.275949000	41.824	92	0
1527934969.276609000	41.8246	245	0
1527934969.279000000	41.827	101	1
1527934969.369410000	41.9174	829	1
1527934969.369471000	41.9175	252	1
1527934969.386903000	41.9349	87	0
1527934969.759162000	42.3072	430	0
1527934969.762015000	42.3101	101	1
1527934969.768981000	42.317	80	0
1527934969.772037000	42.3201	98	1
1527934969.947413000	42.4954	313	0
1527934969.948022000	42.4961	148	0
1527934969.950019000	42.4981	101	1
1527934969.956315000	42.5044	92	0
1527934969.956990000	42.505	262	0
1527934969.959009000	42.507	101	1
1527934970.002160000	42.5502	395	1
1527934970.002256000	42.5503	562	1
1527934970.018770000	42.5668	87	0
1527934970.565317000	43.1134	233	0
1527934970.566001000	43.114	148	0
1527934970.568060000	43.1161	104	1
1527934970.570891000	43.1189	92	0
1527934970.571601000	43.1196	206	0
1527934970.574051000	43.1221	101	1
1527934972.408182000	44.9562	395	1
1527934972.408254000	44.9563	260	1
1527934972.424386000	44.9724	87	0
1527934972.982805000	45.5308	262	0
1527934972.983407000	45.5314	148	0
1527934972.985535000	45.5336	104	1
1527934972.987892000	45.5359	92	0
1527934972.988627000	45.5367	265	0
1527934972.990548000	45.5386	101	1
1527934973.075937000	45.624	394	1
1527934973.076030000	45.6241	267	1
1527934973.093321000	45.6414	87	0
1527934973.646604000	46.1946	279	0
1527934973.647327000	46.1954	148	0
1527934973.649546000	46.1976	104	1
1527934973.653257000	46.2013	92	0
1527934973.653983000	46.202	256	0
1527934973.655536000	46.2036	101	1
1527934973.761954000	46.31	395	1
1527934973.762039000	46.3101	272	1
1527934973.778858000	46.3269	87	0
1527934974.314540000	46.8626	284	0
1527934974.315142000	46.8632	148	0
1527934974.317627000	46.8657	104	1
1527934974.320320000	46.8684	92	0
1527934974.321046000	46.8691	152	0
1527934974.322574000	46.8706	101	1
1527934974.379760000	46.9278	396	1
1527934974.379826000	46.9279	263	1
1527934974.395886000	46.9439	87	0
1527934974.955322000	47.5034	288	0
1527934974.955993000	47.504	148	0
1527934974.958626000	47.5067	104	1
1527934974.960304000	47.5083	92	0
1527934974.961002000	47.509	160	0
1527934974.962645000	47.5107	101	1
1527934975.003714000	47.5518	391	1
1527934975.003767000	47.5518	261	1
1527934975.020405000	47.5684	87	0
1527934975.222581000	47.7706	258	0
1527934975.223243000	47.7713	148	0
1527934975.225667000	47.7737	104	1
1527934975.228551000	47.7766	92	0
1527934975.229302000	47.7773	177	0
1527934975.231658000	47.7797	101	1
1527934975.513064000	48.0611	394	1
1527934975.513153000	48.0612	268	1
1527934975.529719000	48.0778	87	0
1527934976.071591000	48.6196	258	0
1527934976.072250000	48.6203	148	0
1527934976.074742000	48.6228	104	1
1527934976.076522000	48.6246	92	0
1527934976.077275000	48.6253	278	0
1527934976.079734000	48.6278	101	1
1527934976.171882000	48.7199	394	1
1527934976.171957000	48.72	257	1
1527934976.188177000	48.7362	87	0
1527934976.745767000	49.2938	233	0
1527934976.746459000	49.2945	148	0
1527934976.748824000	49.2969	104	1
1527934976.751178000	49.2992	92	0
1527934976.751880000	49.2999	323	0
1527934976.753776000	49.3018	101	1
1527934980.087833000	52.6359	973	1
1527934980.087942000	52.636	1412	1
1527934980.087981000	52.636	1412	1
1527934980.088032000	52.6361	1412	1
1527934980.088050000	52.6361	242	1
1527934980.105982000	52.654	87	0
1527934980.232634000	52.7807	397	0
1527934980.235962000	52.784	101	1
1527934980.241454000	52.7895	80	0
1527934980.243951000	52.792	98	1
1527934980.289183000	52.8372	554	1
1527934980.289243000	52.8373	259	1
1527934980.306280000	52.8543	87	0
1527934980.860285000	53.4083	305	0
1527934980.860901000	53.4089	148	0
1527934980.862937000	53.411	104	1
1527934980.864920000	53.413	92	0
1527934980.865671000	53.4137	215	0
1527934980.868012000	53.416	101	1
1527934981.023614000	53.5717	830	1
1527934981.023705000	53.5717	262	1
1527934981.039632000	53.5877	87	0
1527934981.180903000	53.7289	259	0
1527934981.181516000	53.7296	148	0
1527934981.184006000	53.732	104	1
1527934981.185397000	53.7334	92	0
1527934981.186169000	53.7342	247	0
1527934981.188020000	53.7361	101	1
1527934981.492493000	54.0405	392	1
1527934981.492552000	54.0406	257	1
1527934981.509429000	54.0575	87	0
1527934981.671577000	54.2196	275	0
1527934981.672236000	54.2203	148	0
1527934981.673975000	54.222	104	1
1527934981.676515000	54.2246	92	0
1527934981.677235000	54.2253	141	0
1527934981.679031000	54.2271	101	1
1527934981.769470000	54.3175	391	1
1527934981.769560000	54.3176	259	1
1527934981.786436000	54.3345	87	0
1527934982.350541000	54.8986	305	0
1527934982.351191000	54.8992	148	0
1527934982.353084000	54.9011	104	1
1527934982.355542000	54.9036	92	0
1527934982.356305000	54.9043	205	0
1527934982.358072000	54.9061	101	1
1527934982.474541000	55.0226	396	1
1527934982.474610000	55.0226	260	1
1527934982.491538000	55.0396	87	0
1527934983.039413000	55.5874	256	0
1527934983.040028000	55.5881	148	0
1527934983.042062000	55.5901	104	1
1527934983.044756000	55.5928	92	0
1527934983.045475000	55.5935	213	0
1527934983.047134000	55.5952	101	1
1527934983.129484000	55.6775	395	1
1527934983.129544000	55.6776	256	1
1527934983.149999000	55.698	87	0
1527934983.284086000	55.8321	237	0
1527934983.284776000	55.8328	148	0
1527934983.287073000	55.8351	104	1
1527934983.289799000	55.8378	92	0
1527934983.290500000	55.8385	319	0
1527934983.292150000	55.8402	101	1
1527934983.513702000	56.0617	391	1
1527934983.513768000	56.0618	259	1
1527934983.531117000	56.0792	87	0
1527934983.658797000	56.2068	278	0
1527934983.659397000	56.2074	148	0
1527934983.662171000	56.2102	104	1
1527934983.664974000	56.213	92	0
1527934983.665726000	56.2138	247	0
1527934983.668113000	56.2161	101	1
1527934983.798479000	56.3465	394	1
1527934983.798556000	56.3466	252	1
1527934983.815960000	56.364	87	0
1527934984.350330000	56.8984	282	0
1527934984.350950000	56.899	148	0
1527934984.353448000	56.9015	104	1
1527934984.354859000	56.9029	92	0
1527934984.355622000	56.9037	323	0
1527934984.357128000	56.9052	101	1
1527934984.417271000	56.9653	395	1
1527934984.417367000	56.9654	376	1
1527934984.434330000	56.9824	87	0
1527934984.637158000	57.1852	264	0
1527934984.637777000	57.1858	148	0
1527934984.640158000	57.1882	104	1
1527934984.642493000	57.1905	92	0
1527934984.643186000	57.1912	292	0
1527934984.645308000	57.1933	101	1
1527934985.226619000	57.7747	395	1
1527934985.226710000	57.7747	265	1
1527934985.242337000	57.7904	87	0
1527934985.792097000	58.3401	279	0
1527934985.792717000	58.3408	148	0
1527934985.795217000	58.3433	104	1
1527934985.797547000	58.3456	92	0
1527934985.798245000	58.3463	213	0
1527934985.800267000	58.3483	101	1
1527934985.909547000	58.4576	992	1
1527934985.909640000	58.4577	262	1
1527934985.926950000	58.475	87	0
1527934986.484818000	59.0329	255	0
1527934986.485481000	59.0335	148	0
1527934986.487264000	59.0353	104	1
1527934986.488416000	59.0365	92	0
1527934986.489171000	59.0372	254	0
1527934986.491326000	59.0394	101	1
1527934986.562510000	59.1105	554	1
1527934986.562569000	59.1106	261	1
1527934986.579362000	59.1274	87	0
1527934987.280093000	59.8281	256	0
1527934987.280702000	59.8287	148	0
1527934987.283285000	59.8313	104	1
1527934987.284333000	59.8324	92	0
1527934987.285076000	59.8331	128	0
1527934987.287447000	59.8355	101	1
1527934987.376614000	59.9247	828	1
1527934987.376675000	59.9247	262	1
1527934987.393173000	59.9412	87	0
1527934987.928326000	60.4764	233	0
1527934987.928998000	60.477	148	0
1527934987.931338000	60.4794	104	1
1527934987.934221000	60.4823	92	0
1527934987.934951000	60.483	105	0
1527934987.937459000	60.4855	101	1
1527934987.995763000	60.5438	391	1
1527934987.995824000	60.5439	252	1
1527934988.012200000	60.5602	87	0
1527934988.541896000	61.0899	255	0
1527934988.542536000	61.0906	148	0
1527934988.544365000	61.0924	104	1
1527934988.546080000	61.0941	92	0
1527934988.546784000	61.0948	256	0
1527934988.548436000	61.0965	101	1
1527934988.610710000	61.1587	394	1
1527934988.610797000	61.1588	442	1
1527934988.627268000	61.1753	87	0
1527934988.630923000	61.179	87	0
1527934989.158163000	61.7062	326	0
1527934989.158770000	61.7068	148	0
1527934989.161485000	61.7095	107	1
1527934989.163612000	61.7116	92	0
1527934989.164381000	61.7124	282	0
1527934989.166460000	61.7145	101	1
1527934989.340785000	61.8888	390	1
1527934989.340878000	61.8889	262	1
1527934989.357115000	61.9052	87	0
1527934989.577550000	62.1256	233	0
1527934989.578219000	62.1263	148	0
1527934989.580431000	62.1285	104	1
1527934989.582976000	62.131	92	0
1527934989.583654000	62.1317	193	0
1527934989.585431000	62.1335	101	1
1527934989.855246000	62.4033	391	1
1527934989.855333000	62.4034	262	1
1527934989.870833000	62.4189	87	0
1527934990.405144000	62.9532	298	0
1527934990.405815000	62.9539	148	0
1527934990.408569000	62.9566	104	1
1527934990.410458000	62.9585	92	0
1527934990.411152000	62.9592	207	0
1527934990.413473000	62.9615	101	1
1527934990.536991000	63.085	391	1
1527934990.537084000	63.0851	265	1
1527934990.553310000	63.1013	87	0
1527934990.696536000	63.2446	282	0
1527934990.697204000	63.2452	148	0
1527934990.699552000	63.2476	104	1
1527934990.702047000	63.2501	92	0
1527934990.702741000	63.2508	226	0
1527934990.704516000	63.2526	101	1
1527934990.882869000	63.4309	395	1
1527934990.882928000	63.431	257	1
1527934990.900408000	63.4484	87	0
1527934990.905076000	63.4531	305	1
1527934990.905157000	63.4532	1412	1
1527934990.905183000	63.4532	1412	1
1527934990.905219000	63.4533	1412	1
1527934990.905267000	63.4533	541	1
1527934990.924963000	63.473	87	0
1527934991.025401000	63.5734	256	0
1527934991.026074000	63.5741	148	0
1527934991.028581000	63.5766	107	1
1527934991.029749000	63.5778	92	0
1527934991.030448000	63.5785	160	0
1527934991.032538000	63.5806	101	1
1527934991.039524000	63.5876	397	0
1527934991.042538000	63.5906	98	1
1527934991.047062000	63.5951	80	0
1527934991.049538000	63.5976	98	1
1527934991.298794000	63.8468	392	1
1527934991.298859000	63.8469	257	1
1527934991.318249000	63.8663	87	0
1527934991.885310000	64.4333	305	0
1527934991.885984000	64.434	148	0
1527934991.888574000	64.4366	104	1
1527934991.890773000	64.4388	92	0
1527934991.891471000	64.4395	120	0
1527934991.893566000	64.4416	101	1
1527934992.034876000	64.5829	394	1
1527934992.034972000	64.583	259	1
1527934992.051328000	64.5994	87	0
1527934992.183956000	64.732	288	0
1527934992.184574000	64.7326	148	0
1527934992.186590000	64.7346	104	1
1527934992.189523000	64.7376	92	0
1527934992.190214000	64.7383	116	0
1527934992.192581000	64.7406	101	1
1527934992.574035000	65.1221	391	1
1527934992.574104000	65.1221	259	1
1527934992.592459000	65.1405	87	0
1527934992.747829000	65.2959	256	0
1527934992.748496000	65.2965	148	0
1527934992.750657000	65.2987	104	1
1527934992.753177000	65.3012	92	0
1527934992.753821000	65.3019	164	0
1527934992.755632000	65.3037	101	1
1527934992.983037000	65.5311	992	1
1527934992.983097000	65.5311	257	1
1527934993.004806000	65.5528	87	0
1527934993.151072000	65.6991	259	0
1527934993.151695000	65.6997	148	0
1527934993.153659000	65.7017	104	1
1527934993.155249000	65.7033	92	0
1527934993.156010000	65.704	187	0
1527934993.157651000	65.7057	101	1
1527934993.399021000	65.9471	556	1
1527934993.399081000	65.9471	260	1
1527934993.415975000	65.964	87	0
1527934993.960717000	66.5088	255	0
1527934993.961322000	66.5094	148	0
1527934993.963749000	66.5118	104	1
1527934993.965013000	66.513	92	0
1527934993.965712000	66.5137	294	0
1527934993.967729000	66.5158	101	1
1527934994.110276000	66.6583	828	1
1527934994.110367000	66.6584	262	1
1527934994.126733000	66.6748	87	0
1527934994.276446000	66.8245	235	0
1527934994.277061000	66.8251	148	0
1527934994.279776000	66.8278	104	1
1527934994.281984000	66.83	92	0
1527934994.282710000	66.8307	187	0
1527934994.284775000	66.8328	101	1
1527934994.594045000	67.1421	394	1
1527934994.594109000	67.1421	258	1
1527934994.610338000	67.1584	87	0
1527934994.739593000	67.2876	235	0
1527934994.740245000	67.2883	148	0
1527934994.742816000	67.2909	104	1
1527934994.744959000	67.293	92	0
1527934994.745734000	67.2938	246	0
1527934994.747773000	67.2958	101	1
1527934995.432336000	67.9804	392	1
1527934995.432431000	67.9805	258	1
1527934995.448800000	67.9968	87	0
1527934995.654044000	68.2021	326	0
1527934995.654689000	68.2027	148	0
1527934995.656787000	68.2048	104	1
1527934995.658255000	68.2063	92	0
1527934995.658971000	68.207	104	0
1527934995.660783000	68.2088	101	1
1527934995.696109000	68.2441	391	1
1527934995.696205000	68.2442	257	1
1527934995.712900000	68.2609	87	0
1527934995.863024000	68.4111	235	0
1527934995.865601000	68.4136	148	0
1527934995.865837000	68.4139	104	1
1527934995.867490000	68.4155	92	0
1527934995.868182000	68.4162	169	0
1527934995.869931000	68.418	101	1
1527934995.950878000	68.4989	396	1
1527934995.950940000	68.499	256	1
1527934995.967850000	68.5159	87	0
1527934996.126305000	68.6743	298	0
1527934996.126919000	68.675	148	0
1527934996.128868000	68.6769	104	1
1527934996.132331000	68.6804	92	0
1527934996.133017000	68.6811	105	0
1527934996.134856000	68.6829	101	1
1527934996.374092000	68.9221	394	1
1527934996.374150000	68.9222	220	1
1527934996.390167000	68.9382	87	0
1527934996.524737000	69.0728	279	0
1527934996.525341000	69.0734	148	0
1527934996.527890000	69.0759	104	1
1527934996.531021000	69.0791	92	0
1527934996.531585000	69.0796	385	1
1527934996.531638000	69.0797	1412	1
1527934996.531674000	69.0797	1412	1
1527934996.531713000	69.0797	1134	1
1527934996.531720000	69.0798	220	0
1527934996.534876000	69.0829	98	1
1527934996.549103000	69.0971	87	0
1527934996.668823000	69.2169	373	0
1527934996.671900000	69.2199	101	1
1527934996.677791000	69.2258	80	0
1527934996.680890000	69.2289	98	1
1527934996.914247000	69.4623	390	1
1527934996.914340000	69.4624	260	1
1527934996.930258000	69.4783	87	0
1527934997.065205000	69.6132	263	0
1527934997.065876000	69.6139	148	0
1527934997.067951000	69.616	104	1
1527934997.071033000	69.6191	92	0
1527934997.071805000	69.6198	292	0
1527934997.073929000	69.622	101	1
1527934997.209186000	69.7572	396	1
1527934997.209282000	69.7573	257	1
1527934997.227172000	69.7752	87	0
1527934997.379424000	69.9275	308	0
1527934997.380073000	69.9281	148	0
1527934997.381902000	69.9299	104	1
1527934997.385817000	69.9339	92	0
1527934997.386524000	69.9346	340	0
1527934997.388876000	69.9369	101	1
1527934997.475871000	70.0239	996	1
1527934997.475947000	70.024	259	1
1527934997.492279000	70.0403	87	0
1527934997.634249000	70.1823	267	0
1527934997.634879000	70.1829	148	0
1527934997.636963000	70.185	104	1
1527934997.640698000	70.1887	92	0
1527934997.641397000	70.1894	148	0
1527934997.643946000	70.192	101	1
1527934997.882257000	70.4303	556	1
1527934997.882323000	70.4304	260	1
1527934997.898821000	70.4469	87	0
1527934998.057068000	70.6051	256	0
1527934998.057672000	70.6057	148	0
1527934998.060004000	70.608	104	1
1527934998.063342000	70.6114	92	0
1527934998.064006000	70.612	300	0
1527934998.065965000	70.614	101	1
1527934998.340535000	70.8886	825	1
1527934998.340624000	70.8887	260	1
1527934998.358189000	70.9062	87	0
1527934998.912414000	71.4605	255	0
1527934998.913018000	71.4611	148	0
1527934998.915030000	71.4631	104	1
1527934998.918255000	71.4663	92	0
1527934998.918952000	71.467	311	0
1527934998.921028000	71.4691	101	1
1527934998.936150000	71.4842	390	1
1527934998.936225000	71.4843	259	1
1527934998.954417000	71.5025	87	0
1527934999.515044000	72.0631	256	0
1527934999.515785000	72.0638	148	0
1527934999.518001000	72.066	104	1
1527934999.520517000	72.0686	92	0
1527934999.521193000	72.0692	135	0
1527934999.523061000	72.0711	101	1
1527934999.534445000	72.0825	373	1
1527934999.534549000	72.0826	1412	1
1527934999.534586000	72.0826	1412	1
1527934999.534620000	72.0827	1412	1
1527934999.534656000	72.0827	1412	1
1527934999.534679000	72.0827	1412	1
1527934999.534723000	72.0828	1412	1
1527934999.534759000	72.0828	1412	1
1527934999.534798000	72.0828	1412	1
1527934999.534826000	72.0829	1412	1
1527934999.534862000	72.0829	1412	1
1527934999.534896000	72.0829	1412	1
1527934999.534930000	72.083	1412	1
1527934999.534969000	72.083	1412	1
1527934999.535002000	72.083	1253	1
1527934999.556386000	72.1044	87	0
1527934999.559222000	72.1073	87	0
1527934999.596348000	72.1444	345	1
1527934999.596440000	72.1445	262	1
1527934999.614038000	72.1621	87	0
1527934999.743958000	72.292	377	0
1527934999.747076000	72.2951	101	1
1527934999.750334000	72.2984	303	0
1527934999.752056000	72.3001	80	0
1527934999.753014000	72.3011	101	1
1527934999.767230000	72.3153	158	0
1527934999.767914000	72.316	92	0
1527934999.768545000	72.3166	166	0
1527934999.770019000	72.3181	104	1
1527934999.917006000	72.465	391	1
1527934999.917091000	72.4651	257	1
1527934999.934627000	72.4827	87	0
1527935000.158604000	72.7066	258	0
1527935000.159187000	72.7072	148	0
1527935000.161124000	72.7092	104	1
1527935000.162555000	72.7106	92	0
1527935000.163300000	72.7113	104	0
1527935000.165085000	72.7131	101	1
1527935000.381312000	72.9293	392	1
1527935000.381405000	72.9294	260	1
1527935000.397558000	72.9456	87	0
1527935000.529943000	73.078	235	0
1527935000.530628000	73.0787	148	0
1527935000.533144000	73.0812	104	1
1527935000.534226000	73.0823	92	0
1527935000.535001000	73.083	335	0
1527935000.537085000	73.0851	101	1
1527935000.640375000	73.1884	392	1
1527935000.640463000	73.1885	259	1
1527935000.658282000	73.2063	87	0
1527935000.803177000	73.3512	273	0
1527935000.803848000	73.3519	148	0
1527935000.806142000	73.3542	104	1
1527935000.808599000	73.3566	92	0
1527935000.809325000	73.3574	129	0
1527935000.811121000	73.3592	101	1
1527935000.889144000	73.4372	393	1
1527935000.889207000	73.4372	256	1
1527935000.905626000	73.4537	87	0
1527935001.052012000	73.6	303	0
1527935001.052631000	73.6007	148	0
1527935001.055161000	73.6032	104	1
1527935001.058275000	73.6063	92	0
1527935001.058970000	73.607	89	0
1527935001.061165000	73.6092	101	1
1527935001.331364000	73.8794	390	1
1527935001.331408000	73.8794	260	1
1527935001.348122000	73.8962	87	0
1527935001.479164000	74.0272	235	0
1527935001.479813000	74.0278	148	0
1527935001.482209000	74.0302	104	1
1527935001.484506000	74.0325	92	0
1527935001.485142000	74.0332	89	0
1527935001.487187000	74.0352	101	1
1527935001.810500000	74.3585	391	1
1527935001.810594000	74.3586	257	1
1527935001.829305000	74.3773	87	0
1527935001.978187000	74.5262	255	0
1527935001.978877000	74.5269	148	0
1527935001.981236000	74.5293	104	1
1527935001.983848000	74.5319	92	0
1527935001.984523000	74.5326	85	0
1527935001.986207000	74.5342	101	1
1527935002.221265000	74.7693	393	1
1527935002.221355000	74.7694	257	1
1527935002.238626000	74.7867	87	0
1527935002.384365000	74.9324	239	0
1527935002.384980000	74.933	148	0
1527935002.387245000	74.9353	104	1
1527935002.391065000	74.9391	92	0
1527935002.391738000	74.9398	179	0
1527935002.394348000	74.9424	101	1
1527935002.452428000	75.0005	993	1
1527935002.452493000	75.0005	257	1
1527935002.471303000	75.0193	87	0
1527935002.605534000	75.1536	307	0
1527935002.606197000	75.1542	148	0
1527935002.608241000	75.1563	104	1
1527935002.611481000	75.1595	92	0
1527935002.612174000	75.1602	197	0
1527935002.614261000	75.1623	101	1
1527935002.838584000	75.3866	555	1
1527935002.838676000	75.3867	261	1
1527935002.858061000	75.4061	87	0
1527935002.861141000	75.4092	87	0
1527935003.016752000	75.5648	288	0
1527935003.017427000	75.5655	148	0
1527935003.019208000	75.5672	107	1
1527935003.022330000	75.5704	92	0
1527935003.023032000	75.5711	170	0
1527935003.025185000	75.5732	101	1
1527935003.313481000	75.8615	825	1
1527935003.313543000	75.8616	261	1
1527935003.330973000	75.879	87	0
1527935003.479392000	76.0274	235	0
1527935003.480006000	76.028	148	0
1527935003.482324000	76.0304	104	1
1527935003.485028000	76.0331	92	0
1527935003.485796000	76.0338	215	0
1527935003.487304000	76.0353	101	1
1527935004.226727000	76.7748	394	1
1527935004.226820000	76.7749	258	1
1527935004.242745000	76.7908	87	0
1527935004.777883000	77.3259	279	0
1527935004.778577000	77.3266	148	0
1527935004.780373000	77.3284	104	1
1527935004.783013000	77.331	92	0
1527935004.783705000	77.3317	149	0
1527935004.785373000	77.3334	101	1
1527935007.965254000	80.5133	391	1
1527935007.965318000	80.5134	258	1
1527935007.981678000	80.5297	87	0
1527935008.124578000	80.6726	258	0
1527935008.125236000	80.6733	148	0
1527935008.127764000	80.6758	104	1
1527935008.130002000	80.678	92	0
1527935008.130919000	80.679	315	0
1527935008.132719000	80.6808	101	1
1527935008.190778000	80.7388	396	1
1527935008.190873000	80.7389	260	1
1527935008.207499000	80.7555	87	0
1527935008.343410000	80.8914	235	0
1527935008.344050000	80.8921	148	0
1527935008.346734000	80.8948	104	1
1527935008.349427000	80.8975	92	0
1527935008.350183000	80.8982	118	0
1527935008.351759000	80.8998	101	1
1527935008.515895000	81.0639	391	1
1527935008.515990000	81.064	258	1
1527935008.531996000	81.08	87	0
1527935008.678596000	81.2266	233	0
1527935008.679252000	81.2273	148	0
1527935008.681776000	81.2298	104	1
1527935008.683703000	81.2317	92	0
1527935008.684398000	81.2324	303	0
1527935008.686777000	81.2348	101	1
1527935008.751273000	81.2993	372	1
1527935008.751360000	81.2994	1412	1
1527935008.751384000	81.2994	1412	1
1527935008.751413000	81.2994	1412	1
1527935008.751444000	81.2995	765	1
1527935008.767317000	81.3154	87	0
1527935008.771016000	81.3191	87	0
1527935008.862905000	81.4109	341	1
1527935008.862972000	81.411	258	1
1527935008.879528000	81.4276	87	0
1527935008.888020000	81.4361	461	0
1527935008.890766000	81.4388	101	1
1527935008.896174000	81.4442	80	0
1527935008.898766000	81.4468	98	1
1527935009.028069000	81.5761	310	0
1527935009.028691000	81.5767	148	0
1527935009.030780000	81.5788	101	1
1527935009.033866000	81.5819	92	0
1527935009.034526000	81.5826	309	0
1527935009.036789000	81.5848	101	1
1527935009.327002000	81.875	392	1
1527935009.327098000	81.8751	261	1
1527935009.344431000	81.8925	87	0
1527935009.477251000	82.0253	258	0
1527935009.477848000	82.0259	148	0
1527935009.479840000	82.0279	104	1
1527935009.483329000	82.0314	92	0
1527935009.484028000	82.0321	195	0
1527935009.485814000	82.0339	101	1
1527935009.639153000	82.1872	391	1
1527935009.639244000	82.1873	258	1
1527935009.655739000	82.2038	87	0
1527935009.790712000	82.3387	257	0
1527935009.791325000	82.3394	148	0
1527935009.793854000	82.3419	104	1
1527935009.796508000	82.3445	92	0
1527935009.797210000	82.3452	310	0
1527935009.798846000	82.3469	101	1
1527935010.406434000	82.9545	390	1
1527935010.406521000	82.9546	258	1
1527935010.424078000	82.9721	87	0
1527935010.592544000	83.1406	259	0
1527935010.593184000	83.1412	148	0
1527935010.595909000	83.1439	104	1
1527935010.595940000	83.144	92	0
1527935010.596726000	83.1448	218	0
1527935010.598863000	83.1469	101	1
1527935010.625859000	83.1739	259	0
1527935010.628863000	83.1769	98	1
1527935010.743040000	83.2911	392	1
1527935010.743135000	83.2912	258	1
1527935010.760262000	83.3083	87	0
1527935010.892213000	83.4402	233	0
1527935010.892827000	83.4409	148	0
1527935010.894887000	83.4429	104	1
1527935010.897526000	83.4456	92	0
1527935010.898249000	83.4463	307	0
1527935010.899882000	83.4479	101	1
1527935011.299473000	83.8475	992	1
1527935011.299565000	83.8476	258	1
1527935011.317766000	83.8658	87	0
1527935011.853246000	84.4013	260	0
1527935011.853862000	84.4019	148	0
1527935011.855945000	84.404	104	1
1527935011.858824000	84.4069	92	0
1527935011.859514000	84.4076	281	0
1527935011.861953000	84.41	101	1
1527935012.422771000	84.9708	391	1
1527935012.422830000	84.9709	260	1
1527935012.438895000	84.9869	87	0
1527935012.566543000	85.1146	328	0
1527935012.567193000	85.1152	148	0
1527935012.569390000	85.1174	104	1
1527935012.570365000	85.1184	92	0
1527935012.571116000	85.1192	191	0
1527935012.573403000	85.1214	101	1
1527935012.657507000	85.2055	532	1
1527935012.657603000	85.2056	1412	1
1527935012.657641000	85.2057	1412	1
1527935012.657674000	85.2057	1412	1
1527935012.657708000	85.2057	832	1
1527935012.671268000	85.2193	100	0
1527935012.674392000	85.2224	98	1
1527935012.675574000	85.2236	87	0
1527935012.691572000	85.2396	762	1
1527935012.691668000	85.2397	222	1
1527935012.709108000	85.2571	87	0
1527935012.791702000	85.3397	372	0
1527935012.794363000	85.3424	104	1
1527935012.799167000	85.3472	80	0
1527935012.802425000	85.3505	98	1
1527935012.838078000	85.3861	298	0
1527935012.838701000	85.3867	148	0
1527935012.841348000	85.3894	101	1
1527935012.842594000	85.3906	92	0
1527935012.843339000	85.3914	230	0
1527935012.845390000	85.3934	101	1
1527935012.996997000	85.545	393	1
1527935012.997081000	85.5451	316	1
1527935013.013265000	85.5613	87	0
1527935013.150417000	85.6985	256	0
1527935013.151096000	85.6991	148	0
1527935013.153438000	85.7015	104	1
1527935013.156760000	85.7048	92	0
1527935013.157399000	85.7054	150	0
1527935013.159438000	85.7075	101	1
1527935013.271620000	85.8197	390	1
1527935013.271711000	85.8197	316	1
1527935013.288697000	85.8367	87	0
1527935013.437558000	85.9856	233	0
1527935013.438288000	85.9863	148	0
1527935013.440456000	85.9885	104	1
1527935013.442948000	85.991	92	0
1527935013.443625000	85.9917	183	0
1527935013.445387000	85.9934	101	1
1527935013.551822000	86.0999	391	1
1527935013.551882000	86.0999	316	1
1527935013.568829000	86.1169	87	0
1527935014.128339000	86.6764	325	0
1527935014.128955000	86.677	148	0
1527935014.131416000	86.6795	104	1
1527935014.132803000	86.6808	92	0
1527935014.133444000	86.6815	223	0
1527935014.135479000	86.6835	101	1
1527935014.223476000	86.7715	390	1
1527935014.223538000	86.7716	316	1
1527935014.240571000	86.7886	87	0
1527935014.397475000	86.9455	235	0
1527935014.398092000	86.9461	148	0
1527935014.400517000	86.9486	104	1
1527935014.400880000	86.9489	92	0
1527935014.401526000	86.9496	151	0
1527935014.403433000	86.9515	101	1
1527935015.657571000	88.2056	373	1
1527935015.657676000	88.2057	1412	1
1527935015.657713000	88.2057	1412	1
1527935015.657741000	88.2058	1412	1
1527935015.657787000	88.2058	1412	1
1527935015.657804000	88.2058	325	1
1527935015.674907000	88.2229	87	0
1527935015.800999000	88.349	440	0
1527935015.803572000	88.3516	101	1
1527935015.808526000	88.3566	80	0
1527935015.811540000	88.3596	98	1
1527935018.605263000	91.1533	394	1
1527935018.605360000	91.1534	258	1
1527935018.623180000	91.1712	87	0
1527935018.752411000	91.3004	303	0
1527935018.753013000	91.301	148	0
1527935018.755747000	91.3038	104	1
1527935018.757388000	91.3054	92	0
1527935018.758097000	91.3061	269	0
1527935018.759720000	91.3078	101	1
1527935018.923004000	91.471	391	1
1527935018.923094000	91.4711	258	1
1527935018.940805000	91.4888	87	0
1527935019.109092000	91.6571	259	0
1527935019.109777000	91.6578	148	0
1527935019.111752000	91.6598	104	1
1527935019.114401000	91.6624	92	0
1527935019.115099000	91.6631	299	0
1527935019.116731000	91.6648	101	1
1527935019.351052000	91.8991	396	1
1527935019.351144000	91.8992	259	1
1527935019.367379000	91.9154	87	0
1527935019.501745000	92.0498	233	0
1527935019.502416000	92.0505	148	0
1527935019.504757000	92.0528	104	1
1527935019.508210000	92.0562	92	0
1527935019.508910000	92.0569	282	0
1527935019.510762000	92.0588	101	1
1527935019.787177000	92.3352	391	1
1527935019.787261000	92.3353	258	1
1527935019.803651000	92.3517	87	0
1527935019.953393000	92.5014	262	0
1527935019.953994000	92.502	148	0
1527935019.956794000	92.5048	104	1
1527935019.958433000	92.5065	92	0
1527935019.959132000	92.5072	267	0
1527935019.960771000	92.5088	101	1
1527935020.174120000	92.7222	997	1
1527935020.174184000	92.7222	261	1
1527935020.190868000	92.7389	87	0
1527935020.330537000	92.8786	305	0
1527935020.331135000	92.8792	148	0
1527935020.333829000	92.8819	104	1
1527935020.336550000	92.8846	92	0
1527935020.337240000	92.8853	304	0
1527935020.338740000	92.8868	101	1
1527935020.490336000	93.0384	391	1
1527935020.490397000	93.0384	259	1
1527935020.507288000	93.0553	87	0
1527935020.635202000	93.1832	465	1
1527935020.635291000	93.1833	1412	1
1527935020.635315000	93.1834	1412	1
1527935020.635343000	93.1834	1412	1
1527935020.635374000	93.1834	833	1
1527935020.636696000	93.1847	235	0
1527935020.637311000	93.1853	148	0
1527935020.639760000	93.1878	104	1
1527935020.640705000	93.1887	92	0
1527935020.641405000	93.1894	320	0
1527935020.643855000	93.1919	101	1
1527935020.652521000	93.2006	87	0
1527935020.769840000	93.3179	382	0
1527935020.772909000	93.3209	101	1
1527935020.777617000	93.3257	80	0
1527935020.780820000	93.3289	98	1
1527935021.103294000	93.6513	828	1
1527935021.103383000	93.6514	260	1
1527935021.120492000	93.6685	87	0
1527935021.279695000	93.8277	311	0
1527935021.280321000	93.8284	148	0
1527935021.284248000	93.8323	104	1
1527935021.285000000	93.833	92	0
1527935021.285813000	93.8338	172	0
1527935021.287866000	93.8359	101	1
1527935021.606135000	94.1542	391	1
1527935021.606195000	94.1542	258	1
1527935021.622386000	94.1704	87	0
1527935021.748468000	94.2965	235	0
1527935021.749070000	94.2971	148	0
1527935021.751899000	94.2999	104	1
1527935021.752520000	94.3006	92	0
1527935021.753207000	94.3012	316	0
1527935021.754882000	94.3029	101	1
1527935021.904190000	94.4522	392	1
1527935021.904251000	94.4523	260	1
1527935021.920828000	94.4689	87	0
1527935022.066320000	94.6144	326	0
1527935022.066955000	94.615	148	0
1527935022.068918000	94.617	104	1
1527935022.071883000	94.6199	92	0
1527935022.072528000	94.6206	260	0
1527935022.074893000	94.6229	101	1
1527935022.344337000	94.8924	391	1
1527935022.344406000	94.8924	258	1
1527935022.360230000	94.9083	87	0
1527935022.492910000	95.0409	232	0
1527935022.493532000	95.0416	148	0
1527935022.495869000	95.0439	104	1
1527935022.497717000	95.0458	92	0
1527935022.498405000	95.0464	94	0
1527935022.500922000	95.049	101	1
1527935022.982330000	95.5304	390	1
1527935022.982422000	95.5305	259	1
1527935022.998933000	95.547	87	0
1527935023.136912000	95.6849	258	0
1527935023.137532000	95.6856	148	0
1527935023.139904000	95.6879	104	1
1527935023.141152000	95.6892	92	0
1527935023.141843000	95.6899	109	0
1527935023.143951000	95.692	101	1
1527935023.557867000	96.1059	391	1
1527935023.557959000	96.106	261	1
1527935023.574484000	96.1225	87	0
1527935023.725214000	96.2733	277	0
1527935023.725886000	96.2739	148	0
1527935023.728024000	96.2761	104	1
1527935023.729377000	96.2774	92	0
1527935023.730033000	96.2781	140	0
1527935023.731985000	96.28	101	1
1527935023.952188000	96.5002	394	1
1527935023.952285000	96.5003	258	1
1527935023.969206000	96.5172	87	0
1527935024.116906000	96.6649	305	0
1527935024.117512000	96.6655	148	0
1527935024.120056000	96.6681	104	1
1527935024.122218000	96.6703	92	0
1527935024.122911000	96.6709	112	0
1527935024.125040000	96.6731	101	1
1527935024.391334000	96.9394	391	1
1527935024.391395000	96.9394	259	1
1527935024.408574000	96.9566	87	0
1527935024.540521000	97.0886	236	0
1527935024.541157000	97.0892	148	0
1527935024.543073000	97.0911	104	1
1527935024.545223000	97.0933	92	0
1527935024.545933000	97.094	149	0
1527935024.548044000	97.0961	101	1
1527935024.716559000	97.2646	392	1
1527935024.716651000	97.2647	261	1
1527935024.733000000	97.281	87	0
1527935024.892578000	97.4406	235	0
1527935024.893249000	97.4413	148	0
1527935024.895081000	97.4431	104	1
1527935024.896951000	97.445	92	0
1527935024.897614000	97.4457	257	0
1527935024.900060000	97.4481	101	1
1527935025.221469000	97.7695	394	1
1527935025.221561000	97.7696	259	1
1527935025.238233000	97.7863	87	0
1527935025.367771000	97.9158	258	0
1527935025.368371000	97.9164	148	0
1527935025.371112000	97.9191	104	1
1527935025.372768000	97.9208	92	0
1527935025.373469000	97.9215	290	0
1527935025.375082000	97.9231	101	1
1527935025.707583000	98.2556	992	1
1527935025.707672000	98.2557	258	1
1527935025.726077000	98.2741	87	0
1527935025.876322000	98.4244	237	0
1527935025.876925000	98.425	148	0
1527935025.879146000	98.4272	104	1
1527935025.881383000	98.4294	92	0
1527935025.882081000	98.4301	258	0
1527935025.884111000	98.4321	101	1
1527935026.115284000	98.6633	391	1
1527935026.115351000	98.6634	259	1
1527935026.132229000	98.6803	87	0
1527935026.258904000	98.8069	328	0
1527935026.259509000	98.8075	148	0
1527935026.262144000	98.8102	104	1
1527935026.263513000	98.8115	92	0
1527935026.264168000	98.8122	104	0
1527935026.266157000	98.8142	101	1
1527935026.641452000	99.1895	390	1
1527935026.641544000	99.1896	259	1
1527935026.657211000	99.2052	87	0
1527935026.873750000	99.4218	235	0
1527935026.874360000	99.4224	148	0
1527935026.876181000	99.4242	104	1
1527935026.878524000	99.4266	92	0
1527935026.879264000	99.4273	229	0
1527935026.881171000	99.4292	101	1
1527935026.997218000	99.5453	550	1
1527935026.997285000	99.5453	258	1
1527935027.014133000	99.5622	87	0
1527935027.143214000	99.6913	256	0
1527935027.143880000	99.6919	148	0
1527935027.146135000	99.6942	104	1
1527935027.148195000	99.6962	92	0
1527935027.148905000	99.6969	223	0
1527935027.151151000	99.6992	101	1
1527935027.395761000	99.9438	829	1
1527935027.395854000	99.9439	261	1
1527935027.413511000	99.9615	87	0
1527935027.558547000	100.107	290	0
1527935027.559148000	100.107	148	0
1527935027.561231000	100.109	104	1
1527935027.562557000	100.111	92	0
1527935027.563308000	100.111	307	0
1527935027.565214000	100.113	101	1
1527935027.790509000	100.339	392	1
1527935027.790602000	100.339	259	1
1527935027.806518000	100.355	87	0
1527935027.952274000	100.5	258	0
1527935027.952931000	100.501	148	0
1527935027.955240000	100.503	104	1
1527935027.958368000	100.506	92	0
1527935027.959066000	100.507	252	0
1527935027.961257000	100.509	101	1
1527935028.447626000	100.996	392	1
1527935028.447686000	100.996	259	1
1527935028.464613000	101.013	87	0
1527935028.603072000	101.151	303	0
1527935028.603695000	101.152	148	0
1527935028.606305000	101.154	104	1
1527935028.608246000	101.156	92	0
1527935028.608962000	101.157	220	0
1527935028.611276000	101.159	101	1
1527935029.124735000	101.673	390	1
1527935029.124799000	101.673	259	1
1527935029.140740000	101.689	87	0
1527935029.305871000	101.854	259	0
1527935029.306483000	101.855	148	0
1527935029.308346000	101.856	104	1
1527935029.311149000	101.859	92	0
1527935029.311852000	101.86	321	0
1527935029.314304000	101.862	101	1
1527935029.849709000	102.398	396	1
1527935029.849770000	102.398	222	1
1527935029.869047000	102.417	87	0
1527935030.021819000	102.57	258	0
1527935030.022417000	102.57	148	0
1527935030.024354000	102.572	104	1
1527935030.026879000	102.575	92	0
1527935030.027527000	102.576	269	0
1527935030.029349000	102.577	101	1
1527935030.126909000	102.675	395	1
1527935030.127008000	102.675	316	1
1527935030.143492000	102.692	87	0
1527935030.157322000	102.705	87	0
1527935030.294975000	102.843	274	0
1527935030.295651000	102.844	148	0
1527935030.298403000	102.846	107	1
1527935030.299469000	102.848	92	0
1527935030.300172000	102.848	218	0
1527935030.302388000	102.85	101	1
1527935030.401785000	102.95	390	1
1527935030.401877000	102.95	316	1
1527935030.417866000	102.966	87	0
1527935030.560451000	103.108	256	0
1527935030.561097000	103.109	148	0
1527935030.563321000	103.111	104	1
1527935030.565804000	103.114	92	0
1527935030.566504000	103.115	140	0
1527935030.568383000	103.116	101	1
1527935030.678700000	103.227	391	1
1527935030.678761000	103.227	316	1
1527935030.696160000	103.244	87	0
1527935030.829066000	103.377	259	0
1527935030.829668000	103.378	148	0
1527935030.832433000	103.38	104	1
1527935030.834686000	103.383	92	0
1527935030.835422000	103.383	266	0
1527935030.837423000	103.385	101	1
1527935031.154810000	103.703	396	1
1527935031.154905000	103.703	254	1
1527935031.171832000	103.72	87	0
1527935031.301732000	103.85	256	0
1527935031.302368000	103.85	148	0
1527935031.304456000	103.852	104	1
1527935031.307436000	103.855	92	0
1527935031.308181000	103.856	95	0
1527935031.310430000	103.858	101	1
1527935032.134608000	104.683	995	1
1527935032.134702000	104.683	259	1
1527935032.152700000	104.701	87	0
1527935032.307416000	104.855	258	0
1527935032.308076000	104.856	148	0
1527935032.310254000	104.858	104	1
1527935032.312128000	104.86	92	0
1527935032.312820000	104.861	337	0
1527935032.315212000	104.863	101	1
1527935032.440463000	104.988	395	1
1527935032.440560000	104.989	258	1
1527935032.459432000	105.007	87	0
1527935032.606027000	105.154	239	0
1527935032.606700000	105.155	148	0
1527935032.609252000	105.157	104	1
1527935032.611476000	105.16	92	0
1527935032.612159000	105.16	231	0
1527935032.614293000	105.162	101	1
1527935032.811207000	105.359	552	1
1527935032.811312000	105.359	259	1
1527935032.829946000	105.378	87	0
1527935032.974295000	105.522	327	0
1527935032.974971000	105.523	148	0
1527935032.977335000	105.525	104	1
1527935032.977979000	105.526	92	0
1527935032.979258000	105.527	260	0
1527935032.980247000	105.528	101	1
1527935033.244579000	105.793	828	1
1527935033.244675000	105.793	260	1
1527935033.261013000	105.809	87	0
1527935033.392091000	105.94	231	0
1527935033.392744000	105.941	148	0
1527935033.395278000	105.943	104	1
1527935033.397727000	105.946	92	0
1527935033.398484000	105.947	180	0
1527935033.400356000	105.948	101	1
1527935033.591771000	106.14	389	1
1527935033.591846000	106.14	260	1
1527935033.608203000	106.156	87	0
1527935033.753337000	106.301	232	0
1527935033.753995000	106.302	148	0
1527935033.756386000	106.304	104	1
1527935033.758476000	106.307	92	0
1527935033.759175000	106.307	337	0
1527935033.761359000	106.309	101	1
1527935033.817456000	106.365	371	1
1527935033.817557000	106.366	1412	1
1527935033.817598000	106.366	1412	1
1527935033.817652000	106.366	1412	1
1527935033.817674000	106.366	551	1
1527935033.834867000	106.383	87	0
1527935033.952182000	106.5	412	0
1527935033.955401000	106.503	101	1
1527935033.960006000	106.508	80	0
1527935033.962373000	106.51	98	1
1527935034.023637000	106.572	390	1
1527935034.023697000	106.572	258	1
1527935034.040355000	106.588	87	0
1527935034.167823000	106.716	357	0
1527935034.168423000	106.716	148	0
1527935034.170401000	106.718	104	1
1527935034.171869000	106.72	92	0
1527935034.172522000	106.721	104	0
1527935034.174382000	106.722	101	1
1527935034.339553000	106.888	390	1
1527935034.339653000	106.888	258	1
1527935034.361075000	106.909	87	0
1527935034.505845000	107.054	235	0
1527935034.506470000	107.055	148	0
1527935034.508444000	107.056	104	1
1527935034.511852000	107.06	92	0
1527935034.512530000	107.061	324	0
1527935034.514337000	107.062	101	1
1527935034.617773000	107.166	392	1
1527935034.617832000	107.166	258	1
1527935034.637235000	107.185	87	0
1527935034.766601000	107.315	235	0
1527935034.767260000	107.315	148	0
1527935034.769441000	107.317	104	1
1527935034.772391000	107.32	92	0
1527935034.773151000	107.321	109	0
1527935034.775442000	107.323	101	1
1527935034.985644000	107.534	395	1
1527935034.985726000	107.534	261	1
1527935035.003118000	107.551	87	0
1527935035.154634000	107.703	258	0
1527935035.155325000	107.703	148	0
1527935035.157478000	107.706	104	1
1527935035.159567000	107.708	92	0
1527935035.160343000	107.708	160	0
1527935035.162465000	107.711	101	1
1527935035.331569000	107.88	392	1
1527935035.331668000	107.88	258	1
1527935035.349441000	107.897	87	0
1527935035.498697000	108.047	274	0
1527935035.499364000	108.047	148	0
1527935035.501394000	108.049	104	1
1527935035.504218000	108.052	92	0
1527935035.504916000	108.053	132	0
1527935035.506383000	108.054	101	1
1527935035.550404000	108.098	390	1
1527935035.550481000	108.099	259	1
1527935035.571762000	108.12	87	0
1527935035.704231000	108.252	258	0
1527935035.704908000	108.253	148	0
1527935035.707509000	108.256	104	1
1527935035.709807000	108.258	92	0
1527935035.710445000	108.258	281	0
1527935035.712475000	108.261	101	1
1527935035.880199000	108.428	995	1
1527935035.880291000	108.428	259	1
1527935035.898834000	108.447	87	0
1527935036.038328000	108.586	280	0
1527935036.038937000	108.587	148	0
1527935036.041552000	108.59	104	1
1527935036.043530000	108.592	92	0
1527935036.044280000	108.592	245	0
1527935036.046509000	108.595	101	1
1527935036.335815000	108.884	393	1
1527935036.335894000	108.884	258	1
1527935036.352700000	108.901	87	0
1527935036.505152000	109.053	233	0
1527935036.505818000	109.054	148	0
1527935036.508551000	109.057	104	1
1527935036.511063000	109.059	92	0
1527935036.511756000	109.06	201	0
1527935036.513541000	109.062	101	1
1527935036.633924000	109.182	551	1
1527935036.634015000	109.182	258	1
1527935036.650329000	109.198	87	0
1527935036.794216000	109.342	232	0
1527935036.794835000	109.343	148	0
1527935036.797569000	109.346	104	1
1527935036.799237000	109.347	92	0
1527935036.799936000	109.348	142	0
1527935036.801538000	109.35	101	1
1527935036.851702000	109.4	823	1
1527935036.851800000	109.4	259	1
1527935036.869862000	109.418	87	0
1527935037.027571000	109.576	260	0
1527935037.028240000	109.576	148	0
1527935037.030555000	109.579	104	1
1527935037.032523000	109.581	92	0
1527935037.033254000	109.581	337	0
1527935037.035566000	109.584	101	1
1527935037.247703000	109.796	395	1
1527935037.247784000	109.796	260	1
1527935037.264532000	109.813	87	0
1527935037.400103000	109.948	305	0
1527935037.400776000	109.949	148	0
1527935037.402502000	109.951	104	1
1527935037.405231000	109.953	92	0
1527935037.406016000	109.954	181	0
1527935037.407505000	109.956	101	1
1527935037.786306000	110.334	391	1
1527935037.786404000	110.334	259	1
1527935037.802182000	110.35	87	0
1527935037.939950000	110.488	233	0
1527935037.940549000	110.489	148	0
1527935037.942587000	110.491	104	1
1527935037.944929000	110.493	92	0
1527935037.945754000	110.494	163	0
1527935037.947555000	110.496	101	1
1527935038.121632000	110.67	391	1
1527935038.121728000	110.67	258	1
1527935038.141024000	110.689	87	0
1527935038.288850000	110.837	256	0
1527935038.289525000	110.838	148	0
1527935038.291573000	110.84	104	1
1527935038.293797000	110.842	92	0
1527935038.294507000	110.843	246	0
1527935038.296554000	110.845	101	1
1527935038.495387000	111.043	391	1
1527935038.495473000	111.044	259	1
1527935038.512449000	111.06	87	0
1527935038.658536000	111.207	233	0
1527935038.659187000	111.207	148	0
1527935038.661608000	111.21	104	1
1527935038.663896000	111.212	92	0
1527935038.664540000	111.213	170	0
1527935038.666601000	111.215	101	1
1527935038.926018000	111.474	390	1
1527935038.926082000	111.474	260	1
1527935038.942323000	111.49	87	0
1527935039.071753000	111.62	258	0
1527935039.072423000	111.62	148	0
1527935039.074621000	111.623	104	1
1527935039.076714000	111.625	92	0
1527935039.077404000	111.625	108	0
1527935039.079607000	111.628	101	1
1527935039.203868000	111.752	391	1
1527935039.203961000	111.752	259	1
1527935039.220316000	111.768	87	0
1527935039.348075000	111.896	360	0
1527935039.348684000	111.897	148	0
1527935039.350650000	111.899	104	1
1527935039.353204000	111.901	92	0
1527935039.353900000	111.902	127	0
1527935039.355642000	111.904	101	1
1527935039.599950000	112.148	391	1
1527935039.600013000	112.148	258	1
1527935039.616392000	112.164	87	0
1527935039.743332000	112.291	232	0
1527935039.744004000	112.292	148	0
1527935039.745648000	112.294	104	1
1527935039.747355000	112.295	92	0
1527935039.748050000	112.296	216	0
1527935039.749653000	112.298	101	1
1527935039.950102000	112.498	390	1
1527935039.950166000	112.498	260	1
1527935039.966700000	112.515	87	0
1527935040.122660000	112.671	256	0
1527935040.123340000	112.671	148	0
1527935040.125749000	112.674	104	1
1527935040.128078000	112.676	92	0
1527935040.128708000	112.677	213	0
1527935040.130706000	112.679	101	1
1527935040.387145000	112.935	391	1
1527935040.387236000	112.935	258	1
1527935040.406716000	112.955	87	0
1527935040.545189000	113.093	232	0
1527935040.545869000	113.094	148	0
1527935040.547684000	113.096	104	1
1527935040.552052000	113.1	92	0
1527935040.552747000	113.101	125	0
1527935040.554713000	113.103	101	1
1527935041.879388000	114.427	991	1
1527935041.879482000	114.428	258	1
1527935041.896421000	114.444	87	0
1527935042.038732000	114.587	298	0
1527935042.039339000	114.587	148	0
1527935042.041779000	114.59	104	1
1527935042.044373000	114.592	92	0
1527935042.045071000	114.593	162	0
1527935042.046851000	114.595	101	1
1527935042.211964000	114.76	391	1
1527935042.212060000	114.76	260	1
1527935042.228405000	114.776	87	0
1527935042.359068000	114.907	255	0
1527935042.359698000	114.908	148	0
1527935042.361841000	114.91	104	1
1527935042.365843000	114.914	92	0
1527935042.366544000	114.915	125	0
1527935042.368849000	114.917	101	1
1527935042.740170000	115.288	553	1
1527935042.740230000	115.288	258	1
1527935042.758373000	115.306	87	0
1527935042.906226000	115.454	257	0
1527935042.906899000	115.455	148	0
1527935042.908883000	115.457	104	1
1527935042.910849000	115.459	92	0
1527935042.911540000	115.46	252	0
1527935042.913894000	115.462	101	1
1527935043.029394000	115.577	828	1
1527935043.029551000	115.578	259	1
1527935043.047332000	115.595	87	0
1527935043.172569000	115.721	256	0
1527935043.173238000	115.721	148	0
1527935043.175837000	115.724	104	1
1527935043.178087000	115.726	92	0
1527935043.178790000	115.727	250	0
1527935043.180889000	115.729	101	1
1527935043.434113000	115.982	391	1
1527935043.434171000	115.982	258	1
1527935043.451531000	116	87	0
1527935043.579704000	116.128	235	0
1527935043.580307000	116.128	148	0
1527935043.582945000	116.131	104	1
1527935043.584205000	116.132	92	0
1527935043.584884000	116.133	282	0
1527935043.586850000	116.135	101	1
1527935043.892226000	116.44	396	1
1527935043.892312000	116.44	261	1
1527935043.909193000	116.457	87	0
1527935044.041820000	116.59	262	0
1527935044.042435000	116.59	148	0
1527935044.044978000	116.593	104	1
1527935044.046688000	116.595	92	0
1527935044.047389000	116.595	333	0
1527935044.048934000	116.597	101	1
