1527740533.935300000	0	1412	1
1527740533.967442000	0.0321419	1412	1
1527740533.969878000	0.0345778	1412	0
1527740533.972425000	0.0371249	1412	0
1527740533.974464000	0.0391638	100	1
1527740533.978793000	0.0434928	1412	1
1527740533.979121000	0.0438209	1230	1
1527740534.003428000	0.0681279	92	0
1527740534.025452000	0.0901518	1412	0
1527740534.025455000	0.0901549	93	0
1527740534.025926000	0.090626	103	1
1527740534.026012000	0.0907118	103	1
1527740534.050695000	0.115395	84	0
1527740534.504564000	0.569264	488	0
1527740534.504907000	0.569607	1412	0
1527740534.505291000	0.569991	1412	0
1527740534.505419000	0.570119	1412	0
1527740534.505566000	0.570266	172	0
1527740534.505747000	0.570447	103	1
1527740534.505829000	0.570529	100	1
1527740534.506402000	0.571102	1412	0
1527740534.507070000	0.57177	100	1
1527740534.507854000	0.572554	1412	0
1527740534.508159000	0.572859	1412	0
1527740534.508504000	0.573204	100	1
1527740534.509292000	0.573992	784	0
1527740534.509657000	0.574357	1412	0
1527740534.509909000	0.574609	100	1
1527740534.511011000	0.575711	1412	0
1527740534.511125000	0.575825	687	0
1527740534.511411000	0.576111	100	1
1527740534.512438000	0.577138	1412	0
1527740534.514391000	0.579091	1412	0
1527740534.514703000	0.579403	1412	0
1527740534.516823000	0.581523	180	0
1527740534.517143000	0.581843	1190	0
1527740534.524806000	0.589506	100	1
1527740534.524901000	0.589601	100	1
1527740534.548732000	0.613432	1412	0
1527740534.549015000	0.613715	100	1
1527740534.550690000	0.61539	1412	0
1527740534.551009000	0.615709	1412	0
1527740534.551110000	0.61581	100	1
1527740534.552661000	0.617361	188	0
1527740534.553146000	0.617846	1412	0
1527740534.553446000	0.618146	1407	0
1527740534.553713000	0.618413	1412	0
1527740534.553796000	0.618496	100	1
1527740534.553853000	0.618553	100	1
1527740534.554034000	0.618734	1412	0
1527740534.555355000	0.620055	1412	0
1527740534.555363000	0.620063	174	0
1527740534.555701000	0.620401	1412	0
1527740534.557015000	0.621715	1412	0
1527740534.557316000	0.622016	1412	0
1527740534.560042000	0.624742	405	0
1527740534.560410000	0.62511	1412	0
1527740534.561422000	0.626122	178	0
1527740534.561811000	0.626511	1412	0
1527740534.562113000	0.626813	1412	0
1527740534.562244000	0.626944	1412	0
1527740534.562246000	0.626946	180	0
1527740534.564280000	0.62898	1412	0
1527740534.564763000	0.629463	145	0
1527740534.565159000	0.629859	1412	0
1527740534.566588000	0.631288	1412	0
1527740534.566796000	0.631496	1412	0
1527740534.566798000	0.631498	180	0
1527740534.566799000	0.631499	787	0
1527740534.567098000	0.631798	1412	0
1527740534.569103000	0.633803	1412	0
1527740534.569405000	0.634105	1412	0
1527740534.571059000	0.635759	180	0
1527740534.571238000	0.635938	665	0
1527740534.578457000	0.643157	97	1
1527740534.579941000	0.644641	100	1
1527740534.580014000	0.644714	100	1
1527740534.580080000	0.64478	100	1
1527740534.580127000	0.644827	100	1
1527740534.580190000	0.64489	100	1
1527740534.580255000	0.644955	114	1
1527740534.580304000	0.645004	100	1
1527740534.580386000	0.645086	100	1
1527740534.580432000	0.645132	100	1
1527740534.580497000	0.645197	100	1
1527740534.580565000	0.645265	100	1
1527740534.580628000	0.645328	100	1
1527740534.622282000	0.686982	84	0
1527740535.116886000	1.18159	433	1
1527740535.116996000	1.1817	1412	1
1527740535.117022000	1.18172	914	1
1527740535.127185000	1.19188	217	1
1527740535.135918000	1.20062	86	0
1527740535.170893000	1.23559	86	0
1527740535.269189000	1.33389	411	0
1527740535.269192000	1.33389	79	0
1527740535.269630000	1.33433	109	1
1527740535.420141000	1.48484	299	0
1527740535.420508000	1.48521	1412	0
1527740535.421499000	1.4862	100	1
1527740535.422175000	1.48687	1412	0
1527740535.422271000	1.48697	1412	0
1527740535.422437000	1.48714	100	1
1527740535.422467000	1.48717	176	0
1527740535.423186000	1.48789	1412	0
1527740535.423272000	1.48797	100	1
1527740535.423507000	1.48821	1412	0
1527740535.423932000	1.48863	1068	0
1527740535.423934000	1.48863	91	0
1527740535.423936000	1.48864	188	0
1527740535.424008000	1.48871	100	1
1527740535.424069000	1.48877	100	1
1527740535.482863000	1.54756	214	1
1527740535.521689000	1.58639	86	0
1527740535.609969000	1.67467	377	0
1527740535.610306000	1.67501	1115	0
1527740535.610310000	1.67501	91	0
1527740535.610312000	1.67501	155	0
1527740535.614069000	1.67877	103	1
1527740535.614225000	1.67892	100	1
1527740537.300239000	3.36494	232	1
1527740537.346885000	3.41158	86	0
1527740537.663282000	3.72798	251	0
1527740537.663643000	3.72834	1412	0
1527740537.664404000	3.7291	103	1
1527740537.665097000	3.7298	994	0
1527740537.665099000	3.7298	91	0
1527740537.665101000	3.7298	182	0
1527740537.665203000	3.7299	100	1
1527740537.689640000	3.75434	97	1
1527740538.453250000	4.51795	291	1
1527740538.453347000	4.51805	1412	1
1527740538.453372000	4.51807	1412	1
1527740538.453414000	4.51811	1412	1
1527740538.453447000	4.51815	1412	1
1527740538.453489000	4.51819	1412	1
1527740538.453525000	4.51822	1412	1
1527740538.453553000	4.51825	1412	1
1527740538.453591000	4.51829	1412	1
1527740538.453624000	4.51832	1412	1
1527740538.453658000	4.51836	1412	1
1527740538.453696000	4.5184	1412	1
1527740538.453729000	4.51843	1412	1
1527740538.455676000	4.52038	1267	1
1527740538.469596000	4.5343	86	0
1527740538.469599000	4.5343	86	0
1527740538.470389000	4.53509	86	0
1527740538.470838000	4.53554	86	0
1527740538.470909000	4.53561	86	0
1527740538.646035000	4.71073	394	0
1527740538.652470000	4.71717	79	0
1527740538.652603000	4.7173	115	1
1527740540.287022000	6.35172	332	1
1527740540.287127000	6.35183	1412	1
1527740540.287164000	6.35186	986	1
1527740540.287617000	6.35232	223	1
1527740540.287720000	6.35242	1412	1
1527740540.287746000	6.35245	1412	1
1527740540.287768000	6.35247	764	1
1527740540.298990000	6.36369	101	1
1527740540.303188000	6.36789	86	0
1527740540.304538000	6.36924	86	0
1527740540.307582000	6.37228	180	1
1527740540.316850000	6.38155	103	0
1527740540.341154000	6.40585	97	1
1527740540.358343000	6.42304	86	0
1527740540.424547000	6.48925	397	0
1527740540.429897000	6.4946	79	0
1527740540.430061000	6.49476	103	1
1527740540.574318000	6.63902	479	0
1527740540.574440000	6.63914	304	0
1527740540.574443000	6.63914	179	0
1527740540.574836000	6.63954	100	1
1527740540.577085000	6.64178	114	1
1527740540.579523000	6.64422	249	1
1527740540.593564000	6.65826	86	0
1527740540.839206000	6.90391	1037	0
1527740540.839513000	6.90421	1412	0
1527740540.839812000	6.90451	1412	0
1527740540.839895000	6.90459	1412	0
1527740540.839898000	6.9046	176	0
1527740540.839902000	6.9046	103	1
1527740540.840163000	6.90486	1412	0
1527740540.840454000	6.90515	1353	0
1527740540.840919000	6.90562	1412	0
1527740540.841491000	6.90619	1412	0
1527740540.841792000	6.90649	1412	0
1527740540.842423000	6.90712	184	0
1527740540.843145000	6.90784	121	1
1527740540.843453000	6.90815	1223	0
1527740540.847194000	6.91189	97	1
1527740540.850925000	6.91562	1412	0
1527740540.851238000	6.91594	1412	0
1527740540.853257000	6.91796	1412	0
1527740540.853260000	6.91796	184	0
1527740540.854169000	6.91887	106	1
1527740540.854638000	6.91934	1412	0
1527740540.854727000	6.91943	723	0
1527740540.857478000	6.92218	1412	0
1527740540.857765000	6.92246	1412	0
1527740540.858150000	6.92285	103	1
1527740540.858740000	6.92344	1412	0
1527740540.858749000	6.92345	176	0
1527740540.862380000	6.92708	97	1
1527740540.867212000	6.93191	100	1
1527740540.883056000	6.94776	1412	0
1527740540.883352000	6.94805	1412	0
1527740540.884920000	6.94962	1412	0
1527740540.884923000	6.94962	185	0
1527740540.888458000	6.95316	1412	0
1527740540.888785000	6.95348	1412	0
1527740540.889162000	6.95386	112	1
1527740540.889447000	6.95415	1412	0
1527740540.889450000	6.95415	176	0
1527740540.889791000	6.95449	1412	0
1527740540.890812000	6.95551	362	0
1527740540.891191000	6.95589	1412	0
1527740540.891194000	6.95589	208	0
1527740540.893171000	6.95787	1412	0
1527740540.893298000	6.958	112	1
1527740540.893765000	6.95846	1412	0
1527740540.894066000	6.95877	1412	0
1527740540.896403000	6.9611	184	0
1527740540.896724000	6.96142	1184	0
1527740540.897041000	6.96174	1412	0
1527740540.897394000	6.96209	1412	0
1527740540.897696000	6.9624	1412	0
1527740540.898008000	6.96271	184	0
1527740540.898282000	6.96298	999	0
1527740540.898614000	6.96331	1412	0
1527740540.899204000	6.9639	1247	0
1527740540.899345000	6.96404	743	0
1527740540.900020000	6.96472	1412	0
1527740540.900723000	6.96542	1323	0
1527740540.904382000	6.96908	1412	0
1527740540.904683000	6.96938	1412	0
1527740540.904685000	6.96938	322	0
1527740540.904768000	6.96947	326	0
1527740540.913319000	6.97802	124	1
1527740540.917173000	6.98187	121	1
1527740543.414946000	9.47965	506	1
1527740543.415022000	9.47972	293	1
1527740543.419506000	9.48421	299	1
1527740543.419599000	9.4843	1412	1
1527740543.419638000	9.48434	1412	1
1527740543.419665000	9.48436	976	1
1527740543.443154000	9.50785	86	0
1527740543.448843000	9.51354	86	0
1527740543.473084000	9.53778	86	0
1527740543.539384000	9.60408	408	1
1527740543.542674000	9.60737	396	0
1527740543.546338000	9.61104	97	1
1527740543.554452000	9.61915	79	0
1527740543.558327000	9.62303	97	1
1527740543.594466000	9.65917	86	0
1527740543.633510000	9.69821	324	0
1527740543.633883000	9.69858	1399	0
1527740543.635745000	9.70044	512	0
1527740543.635881000	9.70058	591	0
1527740543.636029000	9.70073	634	0
1527740543.636114000	9.70081	466	0
1527740543.637307000	9.70201	115	1
1527740543.639328000	9.70403	696	0
1527740543.639413000	9.70411	483	0
1527740543.642762000	9.70746	834	0
1527740543.642877000	9.70758	648	0
1527740543.643302000	9.708	106	1
1527740543.644341000	9.70904	518	0
1527740543.644820000	9.70952	438	0
1527740543.647627000	9.71233	700	0
1527740543.647732000	9.71243	615	0
1527740543.647874000	9.71257	557	0
1527740543.648327000	9.71303	109	1
1527740543.650434000	9.71513	653	0
1527740543.650537000	9.71524	582	0
1527740543.653084000	9.71778	688	0
1527740543.654312000	9.71901	103	1
1527740543.662406000	9.72711	91	0
1527740543.662513000	9.72721	325	0
1527740543.666519000	9.73122	100	1
1527740543.714617000	9.77932	285	0
1527740543.714619000	9.77932	102	0
1527740543.718232000	9.78293	124	0
1527740543.718452000	9.78315	100	1
1527740543.722324000	9.78702	97	1
1527740545.240348000	11.305	481	1
1527740545.240464000	11.3052	108	1
1527740545.248500000	11.3132	1136	1
1527740545.250844000	11.3155	471	1
1527740545.250918000	11.3156	86	1
1527740545.273752000	11.3385	86	0
1527740545.379738000	11.4444	305	0
1527740545.379741000	11.4444	150	0
1527740545.384563000	11.4493	103	1
1527740545.386267000	11.451	91	0
1527740545.386720000	11.4514	262	0
1527740545.390440000	11.4551	100	1
1527740545.471998000	11.5367	243	0
1527740545.472001000	11.5367	102	0
1527740545.475445000	11.5401	100	1
1527740545.476463000	11.5412	91	0
1527740545.476549000	11.5412	122	0
1527740545.480454000	11.5452	100	1
1527740545.627957000	11.6927	243	0
1527740545.627960000	11.6927	140	0
1527740545.632253000	11.697	91	0
1527740545.632343000	11.697	279	0
1527740545.655784000	11.7205	106	1
1527740545.656027000	11.7207	481	1
1527740545.656082000	11.7208	93	1
1527740545.673802000	11.7385	86	0
1527740545.684363000	11.7491	86	0
1527740545.706491000	11.7712	454	1
1527740545.706578000	11.7713	253	1
1527740545.725217000	11.7899	86	0
1527740545.825455000	11.8902	233	0
1527740545.825457000	11.8902	367	0
1527740545.829452000	11.8942	103	1
1527740545.831567000	11.8963	128	0
1527740545.836049000	11.9007	97	1
1527740546.272244000	12.3369	365	1
1527740546.272369000	12.3371	1412	1
1527740546.272406000	12.3371	1412	1
1527740546.272441000	12.3371	1412	1
1527740546.272477000	12.3372	1412	1
1527740546.272514000	12.3372	1412	1
1527740546.272566000	12.3373	1412	1
1527740546.272589000	12.3373	1412	1
1527740546.272612000	12.3373	1412	1
1527740546.272677000	12.3374	1412	1
1527740546.272701000	12.3374	1412	1
1527740546.272726000	12.3374	1412	1
1527740546.272749000	12.3374	1412	1
1527740546.272794000	12.3375	1412	1
1527740546.274438000	12.3391	1412	1
1527740546.274474000	12.3392	1412	1
1527740546.274503000	12.3392	1412	1
1527740546.274540000	12.3392	1412	1
1527740546.274574000	12.3393	1412	1
1527740546.274610000	12.3393	1412	1
1527740546.276433000	12.3411	1412	1
1527740546.276456000	12.3412	1412	1
1527740546.276491000	12.3412	1412	1
1527740546.276520000	12.3412	1412	1
1527740546.276557000	12.3413	1412	1
1527740546.276592000	12.3413	1412	1
1527740546.278689000	12.3434	1412	1
1527740546.278734000	12.3434	1412	1
1527740546.278796000	12.3435	1412	1
1527740546.278839000	12.3435	1412	1
1527740546.278907000	12.3436	1412	1
1527740546.278931000	12.3436	1412	1
1527740546.278973000	12.3437	1412	1
1527740546.280443000	12.3451	1412	1
1527740546.280467000	12.3452	726	1
1527740546.299024000	12.3637	86	0
1527740546.302824000	12.3675	86	0
1527740546.305348000	12.37	86	0
1527740546.310422000	12.3751	86	0
1527740546.421443000	12.4861	287	0
1527740546.421445000	12.4861	145	0
1527740546.424283000	12.489	91	0
1527740546.424285000	12.489	129	0
1527740546.427763000	12.4925	118	1
1527740546.461151000	12.5259	443	0
1527740546.464167000	12.5289	79	0
1527740546.465458000	12.5302	100	1
1527740546.511442000	12.5761	356	1
1527740546.512703000	12.5774	291	1
1527740546.532951000	12.5977	86	0
1527740546.565471000	12.6302	374	1
1527740546.584562000	12.6493	86	0
1527740546.602017000	12.6667	337	1
1527740546.602090000	12.6668	270	1
1527740546.624044000	12.6887	86	0
1527740546.693564000	12.7583	289	0
1527740546.693567000	12.7583	117	0
1527740546.696570000	12.7613	276	0
1527740546.696651000	12.7614	278	0
1527740546.697502000	12.7622	109	1
1527740546.698919000	12.7636	91	0
1527740546.698994000	12.7637	285	0
1527740546.701590000	12.7663	91	0
1527740546.701677000	12.7664	334	0
1527740546.702474000	12.7672	106	1
1527740546.807112000	12.8718	241	0
1527740546.807200000	12.8719	145	0
1527740546.810497000	12.8752	100	1
1527740546.812839000	12.8775	91	0
1527740546.812929000	12.8776	339	0
1527740546.816577000	12.8813	100	1
1527740546.843792000	12.9085	584	0
1527740546.843960000	12.9087	800	0
1527740546.844272000	12.909	91	0
1527740546.847587000	12.9123	103	1
1527740546.859926000	12.9246	154	0
1527740546.863572000	12.9283	97	1
1527740547.046139000	13.1108	388	1
1527740547.046224000	13.1109	262	1
1527740547.069235000	13.1339	86	0
1527740547.223265000	13.288	326	0
1527740547.223268000	13.288	145	0
1527740547.227525000	13.2922	103	1
1527740547.230019000	13.2947	91	0
1527740547.230106000	13.2948	264	0
1527740547.233541000	13.2982	100	1
1527740547.466695000	13.5314	388	1
1527740547.466785000	13.5315	266	1
1527740547.503415000	13.5681	86	0
1527740547.674454000	13.7392	235	0
1527740547.674457000	13.7392	145	0
1527740547.677229000	13.7419	91	0
1527740547.678579000	13.7433	106	1
1527740547.679440000	13.7441	169	0
1527740547.683566000	13.7483	97	1
1527740547.895810000	13.9605	389	1
1527740547.895899000	13.9606	258	1
1527740547.937247000	14.0019	86	0
1527740548.098431000	14.1631	255	0
1527740548.098432000	14.1631	145	0
1527740548.101654000	14.1664	91	0
1527740548.101655000	14.1664	117	0
1527740548.102567000	14.1673	109	1
1527740549.979837000	16.0445	528	1
1527740549.979931000	16.0446	261	1
1527740549.997542000	16.0622	86	0
1527740550.186750000	16.2514	255	0
1527740550.186753000	16.2515	145	0
1527740550.191108000	16.2558	103	1
1527740550.191860000	16.2566	91	0
1527740550.191942000	16.2566	331	0
1527740550.195103000	16.2598	100	1
1527740550.197420000	16.2621	485	1
1527740550.197493000	16.2622	253	1
1527740550.214241000	16.2789	86	0
1527740550.386631000	16.4513	235	0
1527740550.386735000	16.4514	145	0
1527740550.390096000	16.4548	103	1
1527740550.392617000	16.4573	91	0
1527740550.392716000	16.4574	220	0
1527740550.396125000	16.4608	100	1
1527740550.477800000	16.5425	1226	1
1527740550.477876000	16.5426	259	1
1527740550.496695000	16.5614	86	0
1527740550.593019000	16.6577	264	0
1527740550.593022000	16.6577	145	0
1527740550.597103000	16.6618	104	1
1527740550.597434000	16.6621	91	0
1527740550.597507000	16.6622	267	0
1527740550.601090000	16.6658	101	1
1527740550.729161000	16.7939	384	1
1527740550.729261000	16.794	259	1
1527740550.747089000	16.8118	86	0
1527740550.910218000	16.9749	232	0
1527740550.910324000	16.975	147	0
1527740550.914148000	16.9788	104	1
1527740550.915154000	16.9799	91	0
1527740550.915235000	16.9799	197	0
1527740550.919123000	16.9838	101	1
1527740551.149988000	17.2147	384	1
1527740551.150065000	17.2148	266	1
1527740551.177154000	17.2419	86	0
1527740551.331015000	17.3957	324	0
1527740551.331017000	17.3957	147	0
1527740551.335153000	17.3999	104	1
1527740551.336652000	17.4014	91	0
1527740551.336731000	17.4014	264	0
1527740551.340421000	17.4051	101	1
1527740551.586646000	17.6513	499	1
1527740551.586705000	17.6514	262	1
1527740551.608451000	17.6732	86	0
1527740551.765479000	17.8302	234	0
1527740551.765481000	17.8302	147	0
1527740551.769161000	17.8339	104	1
1527740551.770857000	17.8356	91	0
1527740551.771276000	17.836	218	0
1527740551.774152000	17.8389	101	1
1527740552.067478000	18.1322	388	1
1527740552.067550000	18.1322	255	1
1527740552.088580000	18.1533	86	0
1527740552.248003000	18.3127	352	0
1527740552.251588000	18.3163	147	0
1527740552.252180000	18.3169	104	1
1527740552.255844000	18.3205	91	0
1527740552.255915000	18.3206	300	0
1527740552.259190000	18.3239	101	1
1527740554.054776000	20.1195	387	1
1527740554.054864000	20.1196	257	1
1527740554.072372000	20.1371	86	0
1527740554.171640000	20.2363	257	0
1527740554.171642000	20.2363	147	0
1527740554.175292000	20.24	104	1
1527740554.176306000	20.241	91	0
1527740554.176382000	20.2411	222	0
1527740554.180280000	20.245	101	1
1527740556.031851000	22.0966	366	1
1527740556.031947000	22.0966	1412	1
1527740556.031970000	22.0967	1412	1
1527740556.031999000	22.0967	1412	1
1527740556.032018000	22.0967	247	1
1527740556.050513000	22.1152	86	0
1527740556.065253000	22.13	86	0
1527740556.196426000	22.2611	412	0
1527740556.200422000	22.2651	104	1
1527740556.203114000	22.2678	79	0
1527740556.206395000	22.2711	98	1
1527740556.260614000	22.3253	387	1
1527740556.260701000	22.3254	262	1
1527740556.277311000	22.342	86	0
1527740556.435073000	22.4998	254	0
1527740556.435075000	22.4998	147	0
1527740556.436533000	22.5012	91	0
1527740556.437023000	22.5017	316	0
1527740556.439429000	22.5041	110	1
1527740556.475489000	22.5402	384	1
1527740556.475586000	22.5403	257	1
1527740556.494327000	22.559	86	0
1527740556.649108000	22.7138	301	0
1527740556.649110000	22.7138	147	0
1527740556.653422000	22.7181	104	1
1527740556.653561000	22.7183	91	0
1527740556.653633000	22.7183	142	0
1527740556.657452000	22.7222	101	1
1527740556.711848000	22.7765	384	1
1527740556.711944000	22.7766	257	1
1527740556.731139000	22.7958	86	0
1527740556.880820000	22.9455	232	0
1527740556.880934000	22.9456	147	0
1527740556.884448000	22.9491	104	1
1527740556.886386000	22.9511	91	0
1527740556.886477000	22.9512	118	0
1527740556.890439000	22.9551	101	1
1527740556.929210000	22.9939	91	0
1527740556.932439000	22.9971	98	1
1527740556.954899000	23.0196	527	1
1527740556.954985000	23.0197	261	1
1527740556.973967000	23.0387	86	0
1527740557.130915000	23.1956	257	0
1527740557.130917000	23.1956	147	0
1527740557.134469000	23.1992	104	1
1527740557.135574000	23.2003	91	0
1527740557.135664000	23.2004	107	0
1527740557.139464000	23.2042	101	1
1527740557.309364000	23.3741	485	1
1527740557.309425000	23.3741	262	1
1527740557.333164000	23.3979	86	0
1527740557.344411000	23.4091	86	0
1527740557.493081000	23.5578	234	0
1527740557.493084000	23.5578	147	0
1527740557.495808000	23.5605	91	0
1527740557.495810000	23.5605	308	0
1527740557.496470000	23.5612	113	1
1527740557.538327000	23.603	234	0
1527740557.542476000	23.6072	98	1
1527740557.763728000	23.8284	1225	1
1527740557.763811000	23.8285	266	1
1527740557.784628000	23.8493	86	0
1527740557.941637000	24.0063	255	0
1527740557.941639000	24.0063	147	0
1527740557.945528000	24.0102	104	1
1527740557.947202000	24.0119	91	0
1527740557.947204000	24.0119	89	0
1527740557.950501000	24.0152	101	1
1527740558.183619000	24.2483	386	1
1527740558.183692000	24.2484	268	1
1527740558.202546000	24.2672	86	0
1527740558.357934000	24.4226	264	0
1527740558.357936000	24.4226	147	0
1527740558.361523000	24.4262	104	1
1527740558.362857000	24.4276	91	0
1527740558.362859000	24.4276	97	0
1527740558.366525000	24.4312	101	1
1527740558.636847000	24.7015	505	1
1527740558.636927000	24.7016	254	1
1527740558.667507000	24.7322	86	0
1527740558.791457000	24.8562	232	0
1527740558.791530000	24.8562	147	0
1527740558.795556000	24.8603	104	1
1527740558.796797000	24.8615	91	0
1527740558.796879000	24.8616	247	0
1527740558.800550000	24.8652	101	1
1527740560.544734000	26.6094	383	1
1527740560.544800000	26.6095	257	1
1527740560.563256000	26.628	86	0
1527740560.758117000	26.8228	324	0
1527740560.758119000	26.8228	147	0
1527740560.761437000	26.8261	104	1
1527740560.762347000	26.827	91	0
1527740560.762419000	26.8271	278	0
1527740560.766446000	26.8311	101	1
1527740562.768687000	28.8334	383	1
1527740562.768781000	28.8335	261	1
1527740562.809436000	28.8741	383	1
1527740562.818558000	28.8833	87	0
1527740562.826451000	28.8912	87	0
1527740562.981875000	29.0466	257	0
1527740562.981878000	29.0466	147	0
1527740562.985399000	29.0501	107	1
1527740562.987594000	29.0523	91	0
1527740562.987679000	29.0524	307	0
1527740562.991355000	29.0561	101	1
1527740563.196639000	29.2613	388	1
1527740563.196727000	29.2614	260	1
1527740563.213708000	29.2784	87	0
1527740563.380654000	29.4454	329	0
1527740563.380657000	29.4454	147	0
1527740563.380660000	29.4454	91	0
1527740563.380770000	29.4455	129	0
1527740563.384454000	29.4492	110	1
1527740563.635438000	29.7001	386	1
1527740563.635509000	29.7002	267	1
1527740563.654281000	29.719	87	0
1527740563.762428000	29.8271	235	0
1527740563.762431000	29.8271	147	0
1527740563.766408000	29.8311	104	1
1527740563.767158000	29.8319	91	0
1527740563.767236000	29.8319	254	0
1527740563.770429000	29.8351	101	1
1527740564.067083000	30.1318	385	1
1527740564.067173000	30.1319	268	1
1527740564.095875000	30.1606	87	0
1527740564.252411000	30.3171	255	0
1527740564.252413000	30.3171	147	0
1527740564.256458000	30.3212	104	1
1527740564.258927000	30.3236	91	0
1527740564.259070000	30.3238	239	0
1527740564.262439000	30.3271	101	1
1527740564.304048000	30.3687	255	0
1527740564.307456000	30.3722	98	1
1527740564.312082000	30.3768	387	1
1527740564.312168000	30.3769	262	1
1527740564.340872000	30.4056	87	0
1527740564.523479000	30.5882	234	0
1527740564.523481000	30.5882	147	0
1527740564.527451000	30.5922	104	1
1527740564.530566000	30.5953	91	0
1527740564.530648000	30.5953	188	0
1527740564.534469000	30.5992	101	1
1527740564.566612000	30.6313	527	1
1527740564.566694000	30.6314	256	1
1527740564.586925000	30.6516	87	0
1527740564.700970000	30.7657	235	0
1527740564.700974000	30.7657	147	0
1527740564.704469000	30.7692	104	1
1527740564.705768000	30.7705	91	0
1527740564.705840000	30.7705	149	0
1527740564.709455000	30.7742	101	1
1527740566.480054000	32.5448	468	1
1527740566.480132000	32.5448	1412	1
1527740566.480169000	32.5449	1412	1
1527740566.480197000	32.5449	1412	1
1527740566.480232000	32.5449	247	1
1527740566.498514000	32.5632	87	0
1527740566.642547000	32.7072	412	0
1527740566.646559000	32.7113	101	1
1527740566.650193000	32.7149	79	0
1527740566.653564000	32.7183	98	1
1527740566.688440000	32.7531	1225	1
1527740566.688520000	32.7532	259	1
1527740566.707397000	32.7721	87	0
1527740566.811046000	32.8757	325	0
1527740566.811048000	32.8757	147	0
1527740566.814571000	32.8793	104	1
1527740566.816984000	32.8817	91	0
1527740566.817068000	32.8818	280	0
1527740566.820583000	32.8853	101	1
1527740566.906940000	32.9716	387	1
1527740566.907003000	32.9717	257	1
1527740566.926384000	32.9911	87	0
1527740567.088474000	33.1532	255	0
1527740567.088477000	33.1532	147	0
1527740567.092586000	33.1573	104	1
1527740567.097912000	33.1626	91	0
1527740567.099386000	33.1641	287	0
1527740567.101590000	33.1663	101	1
1527740569.274372000	35.3391	505	1
1527740569.274459000	35.3392	263	1
1527740569.296938000	35.3616	87	0
1527740569.458326000	35.523	257	0
1527740569.458428000	35.5231	147	0
1527740569.461729000	35.5264	104	1
1527740569.467381000	35.5321	91	0
1527740569.467384000	35.5321	136	0
1527740569.470753000	35.5355	101	1
1527740569.534152000	35.5989	384	1
1527740569.534244000	35.5989	257	1
1527740569.550493000	35.6152	87	0
1527740569.712485000	35.7772	266	0
1527740569.712591000	35.7773	147	0
1527740569.716753000	35.7815	104	1
1527740569.716911000	35.7816	91	0
1527740569.716986000	35.7817	102	0
1527740569.720727000	35.7854	101	1
1527740569.773905000	35.8386	384	1
1527740569.773989000	35.8387	263	1
1527740569.812820000	35.8775	384	1
1527740569.813072000	35.8778	87	0
1527740569.830657000	35.8954	87	0
1527740570.001841000	36.0665	254	0
1527740570.002190000	36.0669	147	0
1527740570.005746000	36.0704	107	1
1527740570.006680000	36.0714	91	0
1527740570.006682000	36.0714	116	0
1527740570.010746000	36.0754	101	1
1527740570.204007000	36.2687	386	1
1527740570.204094000	36.2688	261	1
1527740570.224110000	36.2888	87	0
1527740570.382088000	36.4468	302	0
1527740570.383418000	36.4481	147	0
1527740570.385784000	36.4505	104	1
1527740570.386122000	36.4508	91	0
1527740570.387422000	36.4521	337	0
1527740570.389763000	36.4545	101	1
1527740570.634365000	36.6991	384	1
1527740570.634442000	36.6991	262	1
1527740570.658316000	36.723	87	0
1527740570.814103000	36.8788	234	0
1527740570.815427000	36.8801	147	0
1527740570.817822000	36.8825	104	1
1527740570.819385000	36.8841	91	0
1527740570.820677000	36.8854	290	0
1527740570.822817000	36.8875	101	1
1527740571.065518000	37.1302	388	1
1527740571.065591000	37.1303	268	1
1527740571.092985000	37.1577	87	0
1527740571.200417000	37.2651	257	0
1527740571.201688000	37.2664	147	0
1527740571.203841000	37.2685	104	1
1527740571.204299000	37.269	91	0
1527740571.205588000	37.2703	185	0
1527740571.207818000	37.2725	101	1
1527740571.458635000	37.5233	384	1
1527740571.458719000	37.5234	261	1
1527740571.477618000	37.5423	87	0
1527740571.636035000	37.7007	331	0
1527740571.637320000	37.702	147	0
1527740571.639833000	37.7045	104	1
1527740571.641765000	37.7065	91	0
1527740571.643051000	37.7078	169	0
1527740571.645850000	37.7105	101	1
1527740571.873193000	37.9379	385	1
1527740571.873269000	37.938	268	1
1527740571.905371000	37.9701	87	0
1527740572.064561000	38.1293	255	0
1527740572.065834000	38.1305	147	0
1527740572.067863000	38.1326	104	1
1527740572.069854000	38.1346	91	0
1527740572.071204000	38.1359	177	0
1527740572.073918000	38.1386	101	1
1527740572.297291000	38.362	528	1
1527740572.297386000	38.3621	265	1
1527740572.315768000	38.3805	87	0
1527740572.485933000	38.5506	232	0
1527740572.487244000	38.5519	147	0
1527740572.489906000	38.5546	104	1
1527740572.491501000	38.5562	91	0
1527740572.492787000	38.5575	116	0
1527740572.494889000	38.5596	101	1
1527740574.491777000	40.5565	484	1
1527740574.491845000	40.5565	257	1
1527740574.510580000	40.5753	87	0
1527740574.672429000	40.7371	255	0
1527740574.673688000	40.7384	147	0
1527740574.676208000	40.7409	104	1
1527740574.678511000	40.7432	91	0
1527740574.679783000	40.7445	112	0
1527740574.682220000	40.7469	101	1
1527740574.746178000	40.8109	1223	1
1527740574.746255000	40.811	258	1
1527740574.774652000	40.8394	87	0
1527740574.987271000	41.052	257	0
1527740574.988543000	41.0532	147	0
1527740574.991226000	41.0559	104	1
1527740574.991380000	41.0561	91	0
1527740574.992667000	41.0574	140	0
1527740574.995241000	41.0599	101	1
1527740575.003293000	41.068	257	0
1527740575.007255000	41.072	98	1
1527740575.025788000	41.0905	389	1
1527740575.025871000	41.0906	260	1
1527740575.067242000	41.1319	389	1
1527740575.072718000	41.1374	87	0
1527740575.077672000	41.1424	87	0
1527740575.115059000	41.1798	87	0
1527740575.154505000	41.2192	232	0
1527740575.155792000	41.2205	147	0
1527740575.158241000	41.2229	110	1
1527740575.160400000	41.2251	91	0
1527740575.161687000	41.2264	275	0
1527740575.164260000	41.229	101	1
1527740575.314344000	41.379	501	1
1527740575.314419000	41.3791	260	1
1527740575.345819000	41.4105	87	0
1527740575.494492000	41.5592	323	0
1527740575.495796000	41.5605	147	0
1527740575.498274000	41.563	104	1
1527740575.499971000	41.5647	91	0
1527740575.501244000	41.5659	243	0
1527740575.503257000	41.568	101	1
1527740575.723630000	41.7883	384	1
1527740575.723695000	41.7884	258	1
1527740575.742476000	41.8072	87	0
1527740575.901129000	41.9658	231	0
1527740575.902383000	41.9671	147	0
1527740575.905289000	41.97	104	1
1527740575.905650000	41.9703	91	0
1527740575.906932000	41.9716	93	0
1527740575.909274000	41.974	101	1
1527740577.500931000	43.5656	365	1
1527740577.501023000	43.5657	1412	1
1527740577.501061000	43.5658	1412	1
1527740577.501089000	43.5658	1412	1
1527740577.501109000	43.5658	247	1
1527740577.524853000	43.5896	87	0
1527740577.619739000	43.6844	410	0
1527740577.624034000	43.6887	101	1
1527740577.627927000	43.6926	79	0
1527740577.631781000	43.6965	98	1
1527740577.706050000	43.7707	382	1
1527740577.706126000	43.7708	260	1
1527740577.725978000	43.7907	87	0
1527740577.893579000	43.9583	264	0
1527740577.894898000	43.9596	147	0
1527740577.897767000	43.9625	104	1
1527740577.898798000	43.9635	91	0
1527740577.900087000	43.9648	337	0
1527740577.902759000	43.9675	101	1
1527740577.910674000	43.9754	384	1
1527740577.910755000	43.9755	260	1
1527740577.930712000	43.9954	87	0
1527740578.091607000	44.1563	257	0
1527740578.092869000	44.1576	147	0
1527740578.095779000	44.1605	104	1
1527740578.096209000	44.1609	91	0
1527740578.097496000	44.1622	272	0
1527740578.099786000	44.1645	101	1
1527740578.132454000	44.1972	385	1
1527740578.132530000	44.1972	265	1
1527740578.172240000	44.2369	87	0
1527740578.336712000	44.4014	304	0
1527740578.337971000	44.4027	147	0
1527740578.340801000	44.4055	104	1
1527740578.341967000	44.4067	91	0
1527740578.343253000	44.408	220	0
1527740578.345824000	44.4105	101	1
1527740578.549648000	44.6143	388	1
1527740578.549722000	44.6144	264	1
1527740578.571198000	44.6359	87	0
1527740578.728117000	44.7928	232	0
1527740578.729365000	44.7941	147	0
1527740578.731839000	44.7965	104	1
1527740578.734515000	44.7992	91	0
1527740578.735797000	44.8005	242	0
1527740578.737836000	44.8025	101	1
1527740579.044256000	45.109	386	1
1527740579.044349000	45.109	267	1
1527740579.062758000	45.1275	87	0
1527740579.074347000	45.139	87	0
1527740579.256974000	45.3217	257	0
1527740579.258239000	45.3229	147	0
1527740579.260877000	45.3256	107	1
1527740579.262892000	45.3276	91	0
1527740579.264250000	45.3289	319	0
1527740579.266871000	45.3316	101	1
1527740579.500775000	45.5655	528	1
1527740579.500868000	45.5656	268	1
1527740579.518453000	45.5832	87	0
1527740579.678721000	45.7434	329	0
1527740579.679986000	45.7447	147	0
1527740579.682872000	45.7476	104	1
1527740579.684693000	45.7494	91	0
1527740579.685985000	45.7507	159	0
1527740579.687887000	45.7526	101	1
1527740579.728510000	45.7932	485	1
1527740579.728585000	45.7933	264	1
1527740579.747986000	45.8127	87	0
1527740579.847466000	45.9122	232	0
1527740579.848732000	45.9134	147	0
1527740579.850918000	45.9156	104	1
1527740579.852227000	45.9169	91	0
1527740579.853577000	45.9183	293	0
1527740579.855884000	45.9206	101	1
1527740580.088294000	46.153	1225	1
1527740580.088384000	46.1531	255	1
1527740580.107669000	46.1724	87	0
1527740580.262461000	46.3272	257	0
1527740580.263726000	46.3284	147	0
1527740580.265931000	46.3306	104	1
1527740580.267586000	46.3323	91	0
1527740580.268878000	46.3336	273	0
1527740580.270949000	46.3356	101	1
1527740580.498671000	46.5634	388	1
1527740580.498759000	46.5635	266	1
1527740580.518406000	46.5831	87	0
1527740580.677482000	46.7422	232	0
1527740580.678756000	46.7435	147	0
1527740580.680979000	46.7457	104	1
1527740580.682923000	46.7476	91	0
1527740580.684261000	46.749	182	0
1527740580.686944000	46.7516	101	1
1527740580.935780000	47.0005	505	1
1527740580.935855000	47.0006	271	1
1527740580.967512000	47.0322	87	0
1527740581.118319000	47.183	254	0
1527740581.119579000	47.1843	147	0
1527740581.121998000	47.1867	104	1
1527740581.122721000	47.1874	91	0
1527740581.124020000	47.1887	228	0
1527740581.125973000	47.1907	101	1
1527740581.375979000	47.4407	386	1
1527740581.376062000	47.4408	262	1
1527740581.395673000	47.4604	87	0
1527740581.588995000	47.6537	232	0
1527740581.590261000	47.655	147	0
1527740581.592851000	47.6576	91	0
1527740581.593006000	47.6577	107	1
1527740581.594240000	47.6589	285	0
1527740581.597992000	47.6627	98	1
1527740581.813330000	47.878	383	1
1527740581.813385000	47.8781	264	1
1527740581.833200000	47.8979	87	0
1527740581.985082000	48.0498	346	0
1527740581.986356000	48.0511	147	0
1527740581.989026000	48.0537	104	1
1527740581.989260000	48.054	91	0
1527740581.990545000	48.0552	264	0
1527740581.993009000	48.0577	101	1
1527740582.264638000	48.3293	384	1
1527740582.264730000	48.3294	266	1
1527740582.283268000	48.348	87	0
1527740582.306583000	48.3713	87	0
1527740582.449350000	48.5141	232	0
1527740582.450616000	48.5153	147	0
1527740582.453021000	48.5177	107	1
1527740582.453714000	48.5184	91	0
1527740582.455076000	48.5198	265	0
1527740582.457017000	48.5217	101	1
1527740582.695847000	48.7605	388	1
1527740582.695930000	48.7606	265	1
1527740582.716652000	48.7814	87	0
1527740582.897541000	48.9622	232	0
1527740582.898819000	48.9635	147	0
1527740582.901071000	48.9658	104	1
1527740582.901350000	48.966	91	0
1527740582.902627000	48.9673	94	0
1527740582.905130000	48.9698	101	1
1527740583.095626000	49.1603	388	1
1527740583.095721000	49.1604	260	1
1527740583.113452000	49.1782	87	0
1527740583.210359000	49.2751	255	0
1527740583.211612000	49.2763	147	0
1527740583.214095000	49.2788	104	1
1527740583.216170000	49.2809	91	0
1527740583.217469000	49.2822	242	0
1527740583.220088000	49.2848	101	1
1527740583.396259000	49.461	388	1
1527740583.396325000	49.461	263	1
1527740583.419885000	49.4846	87	0
1527740583.574045000	49.6387	266	0
1527740583.575373000	49.6401	147	0
1527740583.578160000	49.6429	104	1
1527740583.578959000	49.6437	91	0
1527740583.580246000	49.6449	264	0
1527740583.583102000	49.6478	101	1
1527740583.857508000	49.9222	524	1
1527740583.857569000	49.9223	265	1
1527740583.880161000	49.9449	87	0
1527740584.049554000	50.1143	258	0
1527740584.050892000	50.1156	147	0
1527740584.053123000	50.1178	104	1
1527740584.055233000	50.1199	91	0
1527740584.056524000	50.1212	328	0
1527740584.059170000	50.1239	101	1
1527740584.273856000	50.3386	486	1
1527740584.273911000	50.3386	266	1
1527740584.294440000	50.3591	87	0
1527740584.403907000	50.4686	304	0
1527740584.405216000	50.4699	147	0
1527740584.408160000	50.4729	104	1
1527740584.409831000	50.4745	91	0
1527740584.411117000	50.4758	244	0
1527740584.413141000	50.4778	101	1
1527740584.691542000	50.7562	384	1
1527740584.691615000	50.7563	263	1
1527740584.710789000	50.7755	87	0
1527740584.892430000	50.9571	231	0
1527740584.893702000	50.9584	147	0
1527740584.896184000	50.9609	104	1
1527740584.897567000	50.9623	91	0
1527740584.898853000	50.9636	88	0
1527740584.901182000	50.9659	101	1
1527740584.916828000	50.9815	231	0
1527740584.920185000	50.9849	98	1
1527740585.056669000	51.1214	1223	1
1527740585.056762000	51.1215	257	1
1527740585.094799000	51.1595	87	0
1527740585.247812000	51.3125	255	0
1527740585.249078000	51.3138	147	0
1527740585.251191000	51.3159	104	1
1527740585.253224000	51.3179	91	0
1527740585.254574000	51.3193	104	0
1527740585.257203000	51.3219	101	1
1527740585.380339000	51.445	388	1
1527740585.380424000	51.4451	264	1
1527740585.411661000	51.4764	87	0
1527740585.568728000	51.6334	329	0
1527740585.569989000	51.6347	147	0
1527740585.572249000	51.6369	104	1
1527740585.574323000	51.639	91	0
1527740585.575619000	51.6403	200	0
1527740585.578230000	51.6429	101	1
1527740585.792416000	51.8571	500	1
1527740585.792512000	51.8572	265	1
1527740585.815149000	51.8798	87	0
1527740585.911882000	51.9766	232	0
1527740585.913145000	51.9778	147	0
1527740585.915239000	51.9799	104	1
1527740585.920669000	51.9854	91	0
1527740585.921986000	51.9867	324	0
1527740585.924204000	51.9889	101	1
1527740585.964429000	52.0291	91	0
1527740585.968256000	52.033	98	1
1527740586.014077000	52.0788	384	1
1527740586.014152000	52.0789	263	1
1527740586.032624000	52.0973	87	0
1527740586.199073000	52.2638	257	0
1527740586.200334000	52.265	147	0
1527740586.203259000	52.268	104	1
1527740586.204568000	52.2693	91	0
1527740586.205917000	52.2706	169	0
1527740586.208243000	52.2729	101	1
1527740586.433864000	52.4986	388	1
1527740586.433956000	52.4987	269	1
1527740586.452419000	52.5171	87	0
1527740586.554836000	52.6195	232	0
1527740586.556110000	52.6208	147	0
1527740586.558297000	52.623	104	1
1527740586.559094000	52.6238	91	0
1527740586.560371000	52.6251	264	0
1527740586.562267000	52.627	101	1
1527740588.686361000	54.7511	388	1
1527740588.686436000	54.7511	262	1
1527740588.713260000	54.778	87	0
1527740588.833546000	54.8982	255	0
1527740588.834852000	54.8996	147	0
1527740588.837400000	54.9021	104	1
1527740588.838898000	54.9036	91	0
1527740588.840183000	54.9049	321	0
1527740588.842403000	54.9071	101	1
1527740588.920686000	54.9854	384	1
1527740588.920759000	54.9855	260	1
1527740588.939142000	55.0038	87	0
1527740589.049553000	55.1143	257	0
1527740589.050826000	55.1155	147	0
1527740589.053424000	55.1181	104	1
1527740589.055058000	55.1198	91	0
1527740589.056347000	55.121	143	0
1527740589.058407000	55.1231	101	1
1527740590.989953000	57.0547	366	1
1527740590.990034000	57.0547	1412	1
1527740590.990060000	57.0548	1412	1
1527740590.990101000	57.0548	1412	1
1527740590.990127000	57.0548	767	1
1527740591.007792000	57.0725	100	0
1527740591.011565000	57.0763	98	1
1527740591.094553000	57.1593	411	0
1527740591.098523000	57.1632	98	1
1527740591.101835000	57.1665	79	0
1527740591.105517000	57.1702	98	1
1527740591.190398000	57.2551	388	1
1527740591.190498000	57.2552	263	1
1527740591.209436000	57.2741	87	0
1527740591.372639000	57.4373	325	0
1527740591.373916000	57.4386	147	0
1527740591.376560000	57.4413	104	1
1527740591.377651000	57.4424	91	0
1527740591.378951000	57.4437	328	0
1527740591.381538000	57.4462	101	1
1527740591.426668000	57.4914	524	1
1527740591.426761000	57.4915	257	1
1527740591.448213000	57.5129	87	0
1527740591.541617000	57.6063	266	0
1527740591.542895000	57.6076	147	0
1527740591.545588000	57.6103	104	1
1527740591.545819000	57.6105	91	0
1527740591.547105000	57.6118	142	0
1527740591.549569000	57.6143	101	1
1527740591.638010000	57.7027	490	1
1527740591.638100000	57.7028	261	1
1527740591.656441000	57.7211	87	0
1527740591.754470000	57.8192	234	0
1527740591.755734000	57.8204	147	0
1527740591.758310000	57.823	91	0
1527740591.758565000	57.8233	107	1
1527740591.759587000	57.8243	102	0
1527740591.763611000	57.8283	98	1
1527740591.866585000	57.9313	1224	1
1527740591.866659000	57.9314	256	1
1527740591.901381000	57.9661	87	0
1527740592.061455000	58.1262	255	0
1527740592.062758000	58.1275	147	0
1527740592.065370000	58.1301	91	0
1527740592.065586000	58.1303	107	1
1527740592.066650000	58.1313	253	0
1527740592.070594000	58.1353	98	1
1527740592.106036000	58.1707	255	0
1527740592.109590000	58.1743	98	1
1527740592.277977000	58.3427	384	1
1527740592.278041000	58.3427	256	1
1527740592.296533000	58.3612	87	0
1527740592.396350000	58.461	301	0
1527740592.397603000	58.4623	147	0
1527740592.400628000	58.4653	104	1
1527740592.400942000	58.4656	91	0
1527740592.402230000	58.4669	315	0
1527740592.404608000	58.4693	101	1
1527740593.987054000	60.0518	482	1
1527740593.987224000	60.0519	1412	1
1527740593.987262000	60.052	1412	1
1527740593.987322000	60.052	1412	1
1527740593.987344000	60.052	1412	1
1527740593.987365000	60.0521	321	1
1527740594.011819000	60.0765	87	0
1527740594.016122000	60.0808	87	0
1527740594.029522000	60.0942	1412	1
1527740594.032677000	60.0974	87	0
1527740594.048836000	60.1135	87	0
1527740594.118961000	60.1837	398	0
1527740594.122522000	60.1872	110	1
1527740594.126762000	60.1915	79	0
1527740594.130474000	60.1952	98	1
1527740594.208857000	60.2736	386	1
1527740594.208932000	60.2736	261	1
1527740594.230607000	60.2953	87	0
1527740594.325239000	60.3899	328	0
1527740594.326563000	60.3913	147	0
1527740594.329540000	60.3942	104	1
1527740594.336243000	60.4009	91	0
1527740594.337520000	60.4022	320	0
1527740594.339497000	60.4042	101	1
1527740594.431815000	60.4965	383	1
1527740594.431887000	60.4966	261	1
1527740594.467254000	60.532	87	0
1527740594.573864000	60.6386	232	0
1527740594.575309000	60.64	147	0
1527740594.577508000	60.6422	104	1
1527740594.582576000	60.6473	91	0
1527740594.583871000	60.6486	285	0
1527740594.586500000	60.6512	101	1
1527740594.669980000	60.7347	386	1
1527740594.670068000	60.7348	258	1
1527740594.717556000	60.7823	386	1
1527740594.725840000	60.7905	87	0
1527740594.747311000	60.812	87	0
1527740594.783217000	60.8479	87	0
1527740594.817096000	60.8818	235	0
1527740594.818358000	60.8831	147	0
1527740594.820546000	60.8852	110	1
1527740594.822691000	60.8874	91	0
1527740594.823961000	60.8887	107	0
1527740594.826535000	60.8912	101	1
1527740594.921594000	60.9863	91	0
1527740594.925566000	60.9903	98	1
1527740594.948926000	61.0136	389	1
1527740594.948993000	61.0137	260	1
1527740595.007558000	61.0723	87	0
1527740595.106549000	61.1712	255	0
1527740595.107833000	61.1725	147	0
1527740595.110546000	61.1752	104	1
1527740595.111428000	61.1761	91	0
1527740595.112712000	61.1774	124	0
1527740595.115577000	61.1803	101	1
1527740595.429922000	61.4946	388	1
1527740595.429997000	61.4947	262	1
1527740595.461110000	61.5258	87	0
1527740595.561630000	61.6263	232	0
1527740595.562915000	61.6276	147	0
1527740595.565587000	61.6303	104	1
1527740595.567638000	61.6323	91	0
1527740595.568937000	61.6336	250	0
1527740595.571591000	61.6363	101	1
1527740595.839306000	61.904	388	1
1527740595.839396000	61.9041	259	1
1527740595.884166000	61.9489	87	0
1527740595.982819000	62.0475	255	0
1527740595.984142000	62.0488	147	0
1527740595.986592000	62.0513	104	1
1527740595.987790000	62.0525	91	0
1527740595.989080000	62.0538	251	0
1527740595.991616000	62.0563	101	1
1527740596.105761000	62.1705	524	1
1527740596.105849000	62.1705	262	1
1527740596.130553000	62.1953	87	0
1527740596.255697000	62.3204	232	0
1527740596.256968000	62.3217	147	0
1527740596.259601000	62.3243	104	1
1527740596.264424000	62.3291	91	0
1527740596.265705000	62.3304	247	0
1527740596.267613000	62.3323	101	1
1527740596.335031000	62.3997	396	1
1527740596.335122000	62.3998	258	1
1527740596.357063000	62.4218	87	0
1527740596.363764000	62.4285	87	0
1527740596.458851000	62.5236	231	0
1527740596.460118000	62.5248	147	0
1527740596.462638000	62.5273	107	1
1527740596.464894000	62.5296	91	0
1527740596.466163000	62.5309	278	0
1527740596.468629000	62.5333	101	1
1527740596.585283000	62.65	472	1
1527740596.585341000	62.65	259	1
1527740596.605573000	62.6703	87	0
1527740596.704426000	62.7691	325	0
1527740596.705676000	62.7704	147	0
1527740596.708646000	62.7733	104	1
1527740596.708773000	62.7735	91	0
1527740596.710046000	62.7747	139	0
1527740596.712619000	62.7773	101	1
1527740597.016277000	63.081	1226	1
1527740597.016352000	63.0811	271	1
1527740597.036987000	63.1017	87	0
1527740597.140648000	63.2053	289	0
1527740597.141912000	63.2066	147	0
1527740597.144668000	63.2094	104	1
1527740597.148977000	63.2137	91	0
1527740597.150257000	63.215	89	0
1527740597.152665000	63.2174	101	1
1527740597.440167000	63.5049	385	1
1527740597.440258000	63.505	259	1
1527740597.477278000	63.542	87	0
1527740597.575686000	63.6404	234	0
1527740597.576948000	63.6416	147	0
1527740597.579519000	63.6442	91	0
1527740597.579712000	63.6444	107	1
1527740597.580822000	63.6455	271	0
1527740597.584694000	63.6494	98	1
1527740597.868663000	63.9334	506	1
1527740597.868742000	63.9334	264	1
1527740597.900180000	63.9649	87	0
1527740598.108030000	64.1727	257	0
1527740598.109270000	64.174	147	0
1527740598.111742000	64.1764	104	1
1527740598.113535000	64.1782	91	0
1527740598.114868000	64.1796	130	0
1527740598.116730000	64.1814	101	1
1527740598.313877000	64.3786	388	1
1527740598.313968000	64.3787	267	1
1527740598.334497000	64.3992	87	0
1527740598.338818000	64.4035	87	0
1527740598.443258000	64.508	300	0
1527740598.444577000	64.5093	147	0
1527740598.446743000	64.5114	107	1
1527740598.461653000	64.5264	91	0
1527740598.463840000	64.5285	141	0
1527740598.465741000	64.5304	101	1
1527740598.720012000	64.7847	385	1
1527740598.720109000	64.7848	268	1
1527740598.755890000	64.8206	87	0
1527740598.861815000	64.9265	231	0
1527740598.863079000	64.9278	147	0
1527740598.865785000	64.9305	104	1
1527740598.866084000	64.9308	91	0
1527740598.867388000	64.9321	115	0
1527740598.869780000	64.9345	101	1
1527740599.134856000	65.1996	386	1
1527740599.134950000	65.1996	266	1
1527740599.153156000	65.2179	87	0
1527740599.249268000	65.314	255	0
1527740599.250540000	65.3152	147	0
1527740599.252816000	65.3175	104	1
1527740599.255353000	65.3201	91	0
1527740599.256636000	65.3213	291	0
1527740599.258792000	65.3235	101	1
1527740599.391462000	65.4562	387	1
1527740599.391550000	65.4562	257	1
1527740599.411862000	65.4766	87	0
1527740599.514902000	65.5796	331	0
1527740599.516185000	65.5809	147	0
1527740599.518819000	65.5835	104	1
1527740599.519275000	65.584	91	0
1527740599.520563000	65.5853	103	0
1527740599.522841000	65.5875	101	1
1527740599.608003000	65.6727	385	1
1527740599.608096000	65.6728	264	1
1527740599.628620000	65.6933	87	0
1527740599.745707000	65.8104	234	0
1527740599.746964000	65.8117	147	0
1527740599.749832000	65.8145	104	1
1527740599.751324000	65.816	91	0
1527740599.752612000	65.8173	323	0
1527740599.754809000	65.8195	101	1
1527740599.836024000	65.9007	528	1
1527740599.836122000	65.9008	259	1
1527740599.866006000	65.9307	87	0
1527740600.025215000	66.0899	254	0
1527740600.026484000	66.0912	147	0
1527740600.028844000	66.0935	104	1
1527740600.029711000	66.0944	91	0
1527740600.030995000	66.0957	84	0
1527740600.033865000	66.0986	101	1
1527740600.229059000	66.2938	399	1
1527740600.229129000	66.2938	260	1
1527740600.249881000	66.3146	87	0
1527740600.359652000	66.4244	231	0
1527740600.360941000	66.4256	147	0
1527740600.363862000	66.4286	104	1
1527740600.366233000	66.4309	91	0
1527740600.367510000	66.4322	323	0
1527740600.369856000	66.4346	101	1
1527740602.464567000	68.5293	476	1
1527740602.464642000	68.5293	261	1
1527740602.513021000	68.5777	476	1
1527740602.540171000	68.6049	87	0
1527740602.546224000	68.6109	87	0
1527740602.591312000	68.656	257	0
1527740602.592579000	68.6573	147	0
1527740602.595016000	68.6597	107	1
1527740602.595180000	68.6599	91	0
1527740602.596472000	68.6612	323	0
1527740602.598996000	68.6637	101	1
1527740602.685486000	68.7502	1221	1
1527740602.685572000	68.7503	257	1
1527740602.706479000	68.7712	87	0
1527740602.803884000	68.8686	232	0
1527740602.805205000	68.8699	147	0
1527740602.808017000	68.8727	104	1
1527740602.810788000	68.8755	91	0
1527740602.812066000	68.8768	232	0
1527740602.813986000	68.8787	101	1
1527740602.895591000	68.9603	384	1
1527740602.895677000	68.9604	264	1
1527740602.915029000	68.9797	87	0
1527740603.082256000	69.147	257	0
1527740603.083534000	69.1482	147	0
1527740603.086009000	69.1507	104	1
1527740603.086258000	69.151	91	0
1527740603.087541000	69.1522	145	0
1527740603.090002000	69.1547	101	1
1527740603.260881000	69.3256	484	1
1527740603.260971000	69.3257	1412	1
1527740603.261004000	69.3257	1412	1
1527740603.261054000	69.3258	1359	1
1527740603.279908000	69.3446	87	0
1527740603.293655000	69.3584	87	0
1527740603.383300000	69.448	390	0
1527740603.387022000	69.4517	104	1
1527740603.390939000	69.4556	79	0
1527740603.395024000	69.4597	98	1
1527740605.215622000	71.2803	388	1
1527740605.215705000	71.2804	263	1
1527740605.239655000	71.3044	87	0
1527740605.342016000	71.4067	377	0
1527740605.343276000	71.408	147	0
1527740605.345727000	71.4104	104	1
1527740605.347732000	71.4124	91	0
1527740605.349088000	71.4138	302	0
1527740605.351714000	71.4164	101	1
1527740605.429244000	71.4939	383	1
1527740605.429329000	71.494	260	1
1527740605.448893000	71.5136	87	0
1527740605.556065000	71.6208	232	0
1527740605.557348000	71.622	147	0
1527740605.559740000	71.6244	104	1
1527740605.560073000	71.6248	91	0
1527740605.561372000	71.6261	271	0
1527740605.563742000	71.6284	101	1
1527740605.672475000	71.7372	387	1
1527740605.672542000	71.7372	263	1
1527740605.701742000	71.7664	87	0
1527740605.811084000	71.8758	232	0
1527740605.814750000	71.8794	101	1
1527740605.815616000	71.8803	148	0
1527740605.816911000	71.8816	92	0
1527740605.818194000	71.8829	181	0
1527740605.819738000	71.8844	104	1
1527740605.915728000	71.9804	384	1
1527740605.915817000	71.9805	264	1
1527740605.933193000	71.9979	87	0
1527740606.100914000	72.1656	327	0
1527740606.102184000	72.1669	148	0
1527740606.104789000	72.1695	104	1
1527740606.111757000	72.1765	92	0
1527740606.113027000	72.1777	165	0
1527740606.115779000	72.1805	101	1
1527740606.262955000	72.3277	368	1
1527740606.263032000	72.3277	1412	1
1527740606.263073000	72.3278	1412	1
1527740606.263127000	72.3278	1412	1
1527740606.263150000	72.3278	1412	1
1527740606.263186000	72.3279	1412	1
1527740606.263216000	72.3279	1412	1
1527740606.263254000	72.328	1412	1
1527740606.263283000	72.328	1412	1
1527740606.263321000	72.328	1412	1
1527740606.263356000	72.3281	1412	1
1527740606.263392000	72.3281	1412	1
1527740606.263428000	72.3281	1412	1
1527740606.263461000	72.3282	1412	1
1527740606.263493000	72.3282	412	1
1527740606.280410000	72.3451	87	0
1527740606.283844000	72.3485	87	0
1527740606.362636000	72.4273	478	1
1527740606.362724000	72.4274	270	1
1527740606.383084000	72.4478	87	0
1527740606.441520000	72.5062	374	0
1527740606.444778000	72.5095	101	1
1527740606.449468000	72.5142	80	0
1527740606.452770000	72.5175	98	1
1527740606.548383000	72.6131	338	0
1527740606.549658000	72.6144	148	0
1527740606.551807000	72.6165	101	1
1527740606.552324000	72.617	92	0
1527740606.553590000	72.6183	112	0
1527740606.555795000	72.6205	101	1
1527740606.783218000	72.8479	383	1
1527740606.783286000	72.848	270	1
1527740606.801709000	72.8664	87	0
1527740606.902603000	72.9673	231	0
1527740606.903868000	72.9686	148	0
1527740606.906828000	72.9715	104	1
1527740606.908906000	72.9736	92	0
1527740606.910245000	72.9749	274	0
1527740606.912817000	72.9775	101	1
1527740607.245845000	73.3105	399	1
1527740607.245921000	73.3106	265	1
1527740607.267220000	73.3319	87	0
1527740607.397079000	73.4618	255	0
1527740607.398409000	73.4631	148	0
1527740607.400840000	73.4655	104	1
1527740607.403572000	73.4683	92	0
1527740607.404912000	73.4696	287	0
1527740607.406841000	73.4715	101	1
1527740607.650411000	73.7151	476	1
1527740607.650471000	73.7152	269	1
1527740607.671892000	73.7366	87	0
1527740607.801809000	73.8665	232	0
1527740607.803068000	73.8678	148	0
1527740607.805729000	73.8704	92	0
1527740607.805871000	73.8706	107	1
1527740607.807084000	73.8718	150	0
1527740607.810871000	73.8756	98	1
1527740608.088514000	74.1532	1224	1
1527740608.088593000	74.1533	271	1
1527740608.107779000	74.1725	87	0
1527740608.120108000	74.1848	87	0
1527740608.222944000	74.2876	256	0
1527740608.224324000	74.289	148	0
1527740608.226925000	74.2916	107	1
1527740608.227692000	74.2924	92	0
1527740608.228970000	74.2937	191	0
1527740608.230978000	74.2957	101	1
1527740608.307878000	74.3726	388	1
1527740608.307977000	74.3727	266	1
1527740608.338165000	74.4029	87	0
1527740608.435984000	74.5007	234	0
1527740608.437265000	74.502	148	0
1527740608.439913000	74.5046	104	1
1527740608.440876000	74.5056	92	0
1527740608.442157000	74.5069	277	0
1527740608.444898000	74.5096	101	1
1527740608.590812000	74.6555	502	1
1527740608.590888000	74.6556	266	1
1527740608.611485000	74.6762	87	0
1527740608.707760000	74.7725	232	0
1527740608.709040000	74.7737	148	0
1527740608.711914000	74.7766	104	1
1527740608.714505000	74.7792	92	0
1527740608.715783000	74.7805	144	0
1527740608.717918000	74.7826	101	1
1527740609.024610000	75.0893	387	1
1527740609.024716000	75.0894	273	1
1527740609.048985000	75.1137	87	0
1527740609.205728000	75.2704	258	0
1527740609.207012000	75.2717	148	0
1527740609.209960000	75.2747	104	1
1527740609.211691000	75.2764	92	0
1527740609.212978000	75.2777	175	0
1527740609.214949000	75.2796	101	1
1527740609.439340000	75.504	388	1
1527740609.439432000	75.5041	262	1
1527740609.471631000	75.5363	87	0
1527740609.651725000	75.7164	234	0
1527740609.652968000	75.7177	148	0
1527740609.655985000	75.7207	104	1
1527740609.657131000	75.7218	92	0
1527740609.658424000	75.7231	202	0
1527740609.660972000	75.7257	101	1
1527740611.462060000	77.5268	388	1
1527740611.462147000	77.5268	264	1
1527740611.485096000	77.5498	87	0
1527740611.582605000	77.6473	379	0
1527740611.583863000	77.6486	148	0
1527740611.586424000	77.6511	92	0
1527740611.586678000	77.6514	107	1
1527740611.587720000	77.6524	179	0
1527740611.591675000	77.6564	98	1
1527740611.625887000	77.6906	379	0
1527740611.629745000	77.6944	98	1
1527740611.683800000	77.7485	383	1
1527740611.683874000	77.7486	264	1
1527740611.718844000	77.7835	87	0
1527740611.822293000	77.887	231	0
1527740611.823574000	77.8883	148	0
1527740611.825679000	77.8904	104	1
1527740611.825753000	77.8905	92	0
1527740611.827046000	77.8917	167	0
1527740611.829685000	77.8944	101	1
1527740611.894223000	77.9589	383	1
1527740611.894315000	77.959	266	1
1527740611.913291000	77.978	87	0
1527740612.013920000	78.0786	256	0
1527740612.015334000	78.08	148	0
1527740612.017759000	78.0825	104	1
1527740612.019363000	78.0841	92	0
1527740612.020658000	78.0854	232	0
1527740612.022748000	78.0874	101	1
1527740612.273124000	78.3378	527	1
1527740612.273194000	78.3379	257	1
1527740612.294279000	78.359	87	0
1527740612.391998000	78.4567	304	0
1527740612.393262000	78.458	148	0
1527740612.395726000	78.4604	104	1
1527740612.397738000	78.4624	92	0
1527740612.399026000	78.4637	92	0
1527740612.401741000	78.4664	101	1
1527740612.503173000	78.5679	400	1
1527740612.503235000	78.5679	263	1
1527740612.525779000	78.5905	87	0
1527740612.642147000	78.7068	234	0
1527740612.643406000	78.7081	148	0
1527740612.644741000	78.7094	92	0
1527740612.645744000	78.7104	107	1
1527740612.646068000	78.7108	258	0
1527740612.649726000	78.7144	98	1
1527740612.714766000	78.7795	473	1
1527740612.714853000	78.7796	263	1
1527740612.737953000	78.8027	87	0
1527740612.839664000	78.9044	234	0
1527740612.840927000	78.9056	148	0
1527740612.843742000	78.9084	104	1
1527740612.844739000	78.9094	92	0
1527740612.846023000	78.9107	122	0
1527740612.848740000	78.9134	101	1
1527740612.936241000	79.0009	1224	1
1527740612.936334000	79.001	267	1
1527740612.961217000	79.0259	87	0
1527740613.059878000	79.1246	353	0
1527740613.061148000	79.1258	148	0
1527740613.063819000	79.1285	104	1
1527740613.064411000	79.1291	92	0
1527740613.065705000	79.1304	167	0
1527740613.068742000	79.1334	101	1
1527740613.244446000	79.3091	388	1
1527740613.244536000	79.3092	261	1
1527740613.268809000	79.3335	87	0
1527740613.367409000	79.4321	232	0
1527740613.368688000	79.4334	148	0
1527740613.370834000	79.4355	104	1
1527740613.372673000	79.4374	92	0
1527740613.373963000	79.4387	260	0
1527740613.376826000	79.4415	101	1
1527740615.332739000	81.3974	483	1
1527740615.332821000	81.3975	1412	1
1527740615.332849000	81.3975	1412	1
1527740615.332886000	81.3976	1412	1
1527740615.332911000	81.3976	565	1
1527740615.356005000	81.4207	87	0
1527740615.439178000	81.5039	413	0
1527740615.442889000	81.5076	101	1
1527740615.447604000	81.5123	80	0
1527740615.450871000	81.5156	98	1
1527740615.541494000	81.6062	388	1
1527740615.541553000	81.6063	266	1
1527740615.571605000	81.6363	87	0
1527740615.702228000	81.7669	231	0
1527740615.704828000	81.7695	148	0
1527740615.705904000	81.7706	104	1
1527740615.707209000	81.7719	92	0
1527740615.708506000	81.7732	224	0
1527740615.710929000	81.7756	101	1
1527740615.763329000	81.828	383	1
1527740615.763417000	81.8281	267	1
1527740615.784554000	81.8493	87	0
1527740615.911737000	81.9764	232	0
1527740615.912931000	81.9776	148	0
1527740615.915718000	81.9804	92	0
1527740615.915908000	81.9806	107	1
1527740615.917002000	81.9817	209	0
1527740615.920935000	81.9856	98	1
1527740616.042369000	82.1071	383	1
1527740616.042466000	82.1072	261	1
1527740616.080011000	82.1447	87	0
1527740616.176522000	82.2412	257	0
1527740616.177800000	82.2425	148	0
1527740616.180016000	82.2447	104	1
1527740616.196372000	82.2611	92	0
1527740616.197722000	82.2624	126	0
1527740616.199993000	82.2647	101	1
1527740616.282735000	82.3474	387	1
1527740616.282826000	82.3475	259	1
1527740616.306305000	82.371	87	0
1527740616.315116000	82.3798	87	0
1527740616.441511000	82.5062	231	0
1527740616.442755000	82.5075	148	0
1527740616.444951000	82.5097	107	1
1527740616.446804000	82.5115	92	0
1527740616.448116000	82.5128	169	0
1527740616.451020000	82.5157	101	1
1527740616.492335000	82.557	383	1
1527740616.492433000	82.5571	263	1
1527740616.512472000	82.5772	87	0
1527740616.619858000	82.6846	232	0
1527740616.621120000	82.6858	148	0
1527740616.623979000	82.6887	104	1
1527740616.624701000	82.6894	92	0
1527740616.625980000	82.6907	122	0
1527740616.628013000	82.6927	101	1
1527740616.722329000	82.787	384	1
1527740616.722420000	82.7871	261	1
1527740616.740904000	82.8056	87	0
1527740616.999886000	83.0646	377	0
1527740617.001162000	83.0659	148	0
1527740617.002563000	83.0673	92	0
1527740617.003847000	83.0685	204	0
1527740617.003985000	83.0687	110	1
1527740617.132568000	83.1973	527	1
1527740617.132641000	83.1973	274	1
1527740617.155161000	83.2199	87	0
1527740617.263828000	83.3285	234	0
1527740617.265164000	83.3299	148	0
1527740617.267832000	83.3325	92	0
1527740617.268051000	83.3328	107	1
1527740617.269111000	83.3338	129	0
1527740617.272989000	83.3377	98	1
1527740617.373454000	83.4382	396	1
1527740617.373516000	83.4382	261	1
1527740617.393682000	83.4584	87	0
1527740617.488631000	83.5533	232	0
1527740617.489891000	83.5546	148	0
1527740617.493013000	83.5577	92	0
1527740617.493042000	83.5577	104	1
1527740617.494428000	83.5591	94	0
1527740617.497013000	83.5617	101	1
1527740617.804682000	83.8694	476	1
1527740617.804774000	83.8695	265	1
1527740617.840938000	83.9056	87	0
1527740617.945109000	84.0098	328	0
1527740617.947653000	84.0124	148	0
1527740617.949045000	84.0137	104	1
1527740617.950857000	84.0156	92	0
1527740617.952126000	84.0168	112	0
1527740617.955106000	84.0198	101	1
1527740618.227535000	84.2922	1226	1
1527740618.227627000	84.2923	271	1
1527740618.248867000	84.3136	87	0
1527740618.277425000	84.3421	87	0
1527740618.352268000	84.417	232	0
1527740618.353552000	84.4183	148	0
1527740618.356096000	84.4208	107	1
1527740618.357144000	84.4218	92	0
1527740618.358438000	84.4231	166	0
1527740618.361058000	84.4258	101	1
1527740620.399242000	86.4639	387	1
1527740620.399327000	86.464	264	1
1527740620.449642000	86.5143	387	1
1527740620.465532000	86.5302	87	0
1527740620.469348000	86.534	87	0
1527740620.564460000	86.6292	258	0
1527740620.565714000	86.6304	148	0
1527740620.568597000	86.6333	107	1
1527740620.570895000	86.6356	92	0
1527740620.572196000	86.6369	159	0
1527740620.574586000	86.6393	101	1
1527740620.608844000	86.6735	505	1
1527740620.608904000	86.6736	262	1
1527740620.629272000	86.694	87	0
1527740620.727286000	86.792	329	0
1527740620.728500000	86.7932	148	0
1527740620.731662000	86.7964	104	1
1527740620.732355000	86.7971	92	0
1527740620.733638000	86.7983	131	0
1527740620.735651000	86.8004	101	1
1527740620.829875000	86.8946	384	1
1527740620.830015000	86.8947	259	1
1527740620.849799000	86.9145	87	0
1527740620.949035000	87.0137	258	0
1527740620.950295000	87.015	148	0
1527740620.952597000	87.0173	104	1
1527740620.955322000	87.02	92	0
1527740620.956579000	87.0213	186	0
1527740620.958622000	87.0233	101	1
1527740621.072055000	87.1368	388	1
1527740621.072141000	87.1368	270	1
1527740621.112184000	87.1769	87	0
1527740621.222709000	87.2874	234	0
1527740621.224027000	87.2887	148	0
1527740621.226689000	87.2914	104	1
1527740621.228996000	87.2937	92	0
1527740621.230356000	87.2951	85	0
1527740621.232631000	87.2973	101	1
1527740621.301052000	87.3658	388	1
1527740621.301113000	87.3658	260	1
1527740621.321861000	87.3866	87	0
1527740621.421114000	87.4858	234	0
1527740621.422359000	87.4871	148	0
1527740621.424620000	87.4893	104	1
1527740621.424972000	87.4897	92	0
1527740621.426321000	87.491	138	0
1527740621.428631000	87.4933	101	1
1527740621.511996000	87.5767	388	1
1527740621.512086000	87.5768	263	1
1527740621.530285000	87.595	87	0
1527740621.630711000	87.6954	234	0
1527740621.631974000	87.6967	148	0
1527740621.634743000	87.6994	104	1
1527740621.636889000	87.7016	92	0
1527740621.638180000	87.7029	326	0
1527740621.640699000	87.7054	101	1
1527740621.932047000	87.9967	385	1
1527740621.932130000	87.9968	264	1
1527740621.950995000	88.0157	87	0
1527740621.955311000	88.02	87	0
1527740622.048015000	88.1127	258	0
1527740622.049235000	88.1139	148	0
1527740622.051761000	88.1165	107	1
1527740622.055413000	88.1201	92	0
1527740622.056698000	88.1214	167	0
1527740622.058726000	88.1234	101	1
1527740624.001022000	90.0657	524	1
1527740624.001118000	90.0658	264	1
1527740624.025614000	90.0903	87	0
1527740624.137796000	90.2025	258	0
1527740624.139059000	90.2038	148	0
1527740624.141381000	90.2061	104	1
1527740624.143408000	90.2081	92	0
1527740624.144863000	90.2096	112	0
1527740624.147382000	90.2121	101	1
1527740624.227404000	90.2921	397	1
1527740624.227470000	90.2922	264	1
1527740624.264007000	90.3287	87	0
1527740624.364378000	90.4291	234	0
1527740624.365659000	90.4304	148	0
1527740624.368394000	90.4331	104	1
1527740624.369417000	90.4341	92	0
1527740624.370701000	90.4354	165	0
1527740624.373445000	90.4381	101	1
1527740624.441674000	90.5064	476	1
1527740624.441766000	90.5065	259	1
1527740624.458661000	90.5234	87	0
1527740624.562760000	90.6275	235	0
1527740624.564096000	90.6288	148	0
1527740624.566405000	90.6311	104	1
1527740624.567409000	90.6321	92	0
1527740624.568686000	90.6334	208	0
1527740624.571380000	90.6361	101	1
1527740624.700898000	90.7656	1226	1
1527740624.700958000	90.7657	265	1
1527740624.719741000	90.7844	100	0
1527740624.723148000	90.7878	87	0
1527740624.723381000	90.7881	101	1
1527740624.819944000	90.8846	357	0
1527740624.821207000	90.8859	148	0
1527740624.823509000	90.8882	101	1
1527740624.823913000	90.8886	92	0
1527740624.825250000	90.8899	125	0
1527740624.827467000	90.8922	101	1
1527740625.132844000	91.1975	389	1
1527740625.132918000	91.1976	272	1
1527740625.151144000	91.2158	87	0
1527740625.255021000	91.3197	255	0
1527740625.256311000	91.321	148	0
1527740625.258437000	91.3231	104	1
1527740625.260593000	91.3253	92	0
1527740625.261939000	91.3266	129	0
1527740625.264462000	91.3292	101	1
1527740625.550232000	91.6149	505	1
1527740625.550319000	91.615	271	1
1527740625.568474000	91.6332	87	0
1527740625.699763000	91.7645	231	0
1527740625.701028000	91.7657	148	0
1527740625.703471000	91.7682	104	1
1527740625.703594000	91.7683	92	0
1527740625.704942000	91.7696	245	0
1527740625.707541000	91.7722	101	1
1527740625.806894000	91.8716	388	1
1527740625.806985000	91.8717	262	1
1527740625.838222000	91.9029	87	0
1527740625.937319000	92.002	306	0
1527740625.938592000	92.0033	148	0
1527740625.941478000	92.0062	92	0
1527740625.941529000	92.0062	104	1
1527740625.942775000	92.0075	267	0
1527740625.945548000	92.0102	101	1
1527740626.032512000	92.0972	392	1
1527740626.032597000	92.0973	266	1
1527740626.054239000	92.1189	87	0
1527740626.148744000	92.2134	253	0
1527740626.150005000	92.2147	148	0
1527740626.152509000	92.2172	104	1
1527740626.154492000	92.2192	92	0
1527740626.155781000	92.2205	196	0
1527740626.158477000	92.2232	101	1
1527740626.241819000	92.3065	383	1
1527740626.241904000	92.3066	265	1
1527740626.272934000	92.3376	87	0
1527740626.376730000	92.4414	231	0
1527740626.378001000	92.4427	148	0
1527740626.380501000	92.4452	104	1
1527740626.383746000	92.4484	92	0
1527740626.385037000	92.4497	235	0
1527740626.387488000	92.4522	101	1
1527740626.433230000	92.4979	231	0
1527740626.436537000	92.5012	98	1
1527740626.475684000	92.5404	388	1
1527740626.475729000	92.5404	264	1
1527740626.519619000	92.5843	388	1
1527740626.547988000	92.6127	87	0
1527740626.645976000	92.7107	331	0
1527740626.647184000	92.7119	148	0
1527740626.649611000	92.7143	104	1
1527740626.650163000	92.7149	92	0
1527740626.651522000	92.7162	209	0
1527740626.653575000	92.7183	101	1
1527740626.914874000	92.9796	388	1
1527740626.914966000	92.9797	269	1
1527740626.934991000	92.9997	87	0
1527740627.044171000	93.1089	257	0
1527740627.045432000	93.1101	148	0
1527740627.047541000	93.1122	104	1
1527740627.049174000	93.1139	92	0
1527740627.050458000	93.1152	295	0
1527740627.052557000	93.1173	101	1
1527740627.340170000	93.4049	525	1
1527740627.340233000	93.4049	271	1
1527740627.361360000	93.4261	87	0
1527740627.492009000	93.5567	234	0
1527740627.493311000	93.558	148	0
1527740627.495646000	93.5603	104	1
1527740627.497398000	93.5621	92	0
1527740627.498622000	93.5633	281	0
1527740627.501625000	93.5663	101	1
1527740627.804040000	93.8687	398	1
1527740627.804130000	93.8688	269	1
1527740627.846732000	93.9114	398	1
1527740627.848954000	93.9137	87	0
1527740627.876947000	93.9416	87	0
1527740627.960309000	94.025	256	0
1527740627.961508000	94.0262	148	0
1527740627.964662000	94.0294	107	1
1527740627.965861000	94.0306	92	0
1527740627.967154000	94.0319	249	0
1527740627.969679000	94.0344	101	1
1527740628.231709000	94.2964	477	1
1527740628.231801000	94.2965	268	1
1527740628.253420000	94.3181	87	0
1527740628.370597000	94.4353	231	0
1527740628.371876000	94.4366	148	0
1527740628.374692000	94.4394	104	1
1527740628.377411000	94.4421	92	0
1527740628.378651000	94.4434	132	0
1527740628.381679000	94.4464	101	1
1527740628.659912000	94.7246	1223	1
1527740628.660001000	94.7247	259	1
1527740628.684100000	94.7488	87	0
1527740628.784391000	94.8491	234	0
1527740628.785660000	94.8504	148	0
1527740628.788622000	94.8533	92	0
1527740628.788724000	94.8534	104	1
1527740628.789919000	94.8546	129	0
1527740628.792696000	94.8574	101	1
1527740630.365350000	96.43	367	1
1527740630.365444000	96.4301	1412	1
1527740630.365492000	96.4302	1412	1
1527740630.365524000	96.4302	1412	1
1527740630.365556000	96.4303	262	1
1527740630.384008000	96.4487	87	0
1527740630.479580000	96.5443	414	0
1527740630.483385000	96.5481	101	1
1527740630.489859000	96.5546	80	0
1527740630.493371000	96.5581	98	1
1527740630.563510000	96.6282	505	1
1527740630.563575000	96.6283	257	1
1527740630.580613000	96.6453	87	0
1527740630.678774000	96.7435	232	0
1527740630.679982000	96.7447	148	0
1527740630.682420000	96.7471	104	1
1527740630.684397000	96.7491	92	0
1527740630.685741000	96.7504	257	0
1527740630.688381000	96.7531	101	1
1527740632.729893000	98.7946	389	1
1527740632.729980000	98.7947	263	1
1527740632.771312000	98.836	87	0
1527740632.866023000	98.9307	379	0
1527740632.867331000	98.932	148	0
1527740632.870085000	98.9348	104	1
1527740632.872136000	98.9368	92	0
1527740632.873435000	98.9381	111	0
1527740632.878198000	98.9429	101	1
1527740632.954446000	99.0191	388	1
1527740632.954562000	99.0193	267	1
1527740632.979366000	99.0441	87	0
1527740633.137142000	99.2018	256	0
1527740633.138371000	99.2031	148	0
1527740633.141077000	99.2058	104	1
1527740633.143271000	99.208	92	0
1527740633.144684000	99.2094	289	0
1527740633.147063000	99.2118	101	1
1527740633.460571000	99.5253	389	1
1527740633.460642000	99.5253	275	1
1527740633.483315000	99.548	87	0
1527740633.596933000	99.6616	302	0
1527740633.598230000	99.6629	148	0
1527740633.601144000	99.6658	104	1
1527740633.605788000	99.6705	92	0
1527740633.607033000	99.6717	303	0
1527740633.609105000	99.6738	101	1
1527740633.626252000	99.691	302	0
1527740633.630127000	99.6948	98	1
1527740633.841492000	99.9062	388	1
1527740633.841554000	99.9063	261	1
1527740633.872389000	99.9371	87	0
1527740633.978958000	100.044	258	0
1527740633.980234000	100.045	148	0
1527740633.983119000	100.048	104	1
1527740633.984442000	100.049	92	0
1527740633.985729000	100.05	317	0
1527740633.988103000	100.053	101	1
1527740634.303316000	100.368	529	1
1527740634.303394000	100.368	272	1
1527740634.332759000	100.397	87	0
1527740634.434830000	100.5	234	0
1527740634.436029000	100.501	148	0
1527740634.439230000	100.504	104	1
1527740634.440870000	100.506	92	0
1527740634.442159000	100.507	299	0
1527740634.444202000	100.509	101	1
1527740634.707563000	100.772	397	1
1527740634.707654000	100.772	272	1
1527740634.727836000	100.793	87	0
1527740634.856008000	100.921	331	0
1527740634.857272000	100.922	148	0
1527740634.860235000	100.925	104	1
1527740634.860730000	100.925	92	0
1527740634.861998000	100.927	161	0
1527740634.864234000	100.929	101	1
1527740634.969328000	101.034	477	1
1527740634.969396000	101.034	258	1
1527740634.991998000	101.057	87	0
1527740635.087652000	101.152	257	0
1527740635.088923000	101.154	148	0
1527740635.091270000	101.156	104	1
1527740635.091928000	101.157	92	0
1527740635.093202000	101.158	88	0
1527740635.095232000	101.16	101	1
1527740637.098104000	103.163	1227	1
1527740637.098194000	103.163	262	1
1527740637.127817000	103.193	87	0
1527740637.225540000	103.29	258	0
1527740637.226750000	103.291	148	0
1527740637.229999000	103.295	104	1
1527740637.230865000	103.296	92	0
1527740637.232147000	103.297	151	0
1527740637.234905000	103.3	101	1
1527740637.330932000	103.396	387	1
1527740637.331009000	103.396	263	1
1527740637.348729000	103.413	87	0
1527740637.453174000	103.518	234	0
1527740637.454503000	103.519	148	0
1527740637.456921000	103.522	104	1
1527740637.459799000	103.524	92	0
1527740637.461084000	103.526	253	0
1527740637.463930000	103.529	101	1
1527740637.498491000	103.563	234	0
1527740637.501944000	103.567	98	1
1527740637.576285000	103.641	390	1
1527740637.576373000	103.641	266	1
1527740637.621034000	103.686	390	1
1527740637.628825000	103.694	87	0
1527740637.652460000	103.717	87	0
1527740637.738025000	103.803	231	0
1527740637.739288000	103.804	148	0
1527740637.741954000	103.807	107	1
1527740637.743498000	103.808	92	0
1527740637.744845000	103.81	256	0
1527740637.746932000	103.812	101	1
1527740638.035431000	104.1	501	1
1527740638.035496000	104.1	272	1
1527740638.052130000	104.117	87	0
1527740638.150306000	104.215	257	0
1527740638.151570000	104.216	148	0
1527740638.153955000	104.219	104	1
1527740638.154492000	104.219	92	0
1527740638.155780000	104.22	122	0
1527740638.157970000	104.223	101	1
1527740638.472356000	104.537	389	1
1527740638.472443000	104.537	270	1
1527740638.491498000	104.556	87	0
1527740638.586625000	104.651	235	0
1527740638.587925000	104.653	148	0
1527740638.590985000	104.656	92	0
1527740638.591080000	104.656	104	1
1527740638.592295000	104.657	247	0
1527740638.595019000	104.66	101	1
1527740638.923345000	104.988	389	1
1527740638.923433000	104.988	268	1
1527740638.941832000	105.007	87	0
1527740639.046475000	105.111	257	0
1527740639.047719000	105.112	148	0
1527740639.050020000	105.115	104	1
1527740639.050373000	105.115	92	0
1527740639.051657000	105.116	210	0
1527740639.054023000	105.119	101	1
1527740639.160739000	105.225	388	1
1527740639.160813000	105.226	267	1
1527740639.178360000	105.243	87	0
1527740639.277813000	105.343	232	0
1527740639.279131000	105.344	148	0
1527740639.282027000	105.347	104	1
1527740639.289019000	105.354	92	0
1527740639.290359000	105.355	167	0
1527740639.293024000	105.358	101	1
1527740639.413448000	105.478	385	1
1527740639.413510000	105.478	262	1
1527740639.434780000	105.499	87	0
1527740639.718670000	105.783	287	0
1527740639.719952000	105.785	148	0
1527740639.722027000	105.787	104	1
1527740639.722524000	105.787	92	0
1527740639.723808000	105.789	217	0
1527740639.726034000	105.791	101	1
1527740639.904946000	105.97	528	1
1527740639.905040000	105.97	274	1
1527740639.927761000	105.992	87	0
1527740640.025038000	106.09	322	0
1527740640.026278000	106.091	148	0
1527740640.029085000	106.094	104	1
1527740640.029167000	106.094	92	0
1527740640.030520000	106.095	169	0
1527740640.033057000	106.098	101	1
1527740640.383909000	106.449	396	1
1527740640.384000000	106.449	270	1
1527740640.401869000	106.467	87	0
1527740640.502755000	106.567	234	0
1527740640.504072000	106.569	148	0
1527740640.506068000	106.571	104	1
1527740640.509352000	106.574	92	0
1527740640.510642000	106.575	319	0
1527740640.513096000	106.578	101	1
1527740640.606513000	106.671	477	1
1527740640.606622000	106.671	269	1
1527740640.635650000	106.7	87	0
1527740640.792214000	106.857	301	0
1527740640.793482000	106.858	148	0
1527740640.796037000	106.861	92	0
1527740640.796154000	106.861	104	1
1527740640.797399000	106.862	217	0
1527740640.800115000	106.865	101	1
1527740641.048437000	107.113	1225	1
1527740641.048526000	107.113	272	1
1527740641.067071000	107.132	87	0
1527740641.166042000	107.231	257	0
1527740641.167362000	107.232	148	0
1527740641.170184000	107.235	104	1
1527740641.171487000	107.236	92	0
1527740641.172703000	107.237	264	0
1527740641.175114000	107.24	101	1
1527740641.249734000	107.314	389	1
1527740641.249822000	107.315	262	1
1527740641.271380000	107.336	87	0
1527740641.393531000	107.458	232	0
1527740641.394856000	107.46	148	0
1527740641.397136000	107.462	104	1
1527740641.397406000	107.462	92	0
1527740641.398675000	107.463	105	0
1527740641.401195000	107.466	101	1
1527740641.493120000	107.558	384	1
1527740641.493215000	107.558	270	1
1527740641.511379000	107.576	87	0
1527740641.515925000	107.581	87	0
1527740641.616923000	107.682	328	0
1527740641.618139000	107.683	148	0
1527740641.621180000	107.686	92	0
1527740641.621270000	107.686	107	1
1527740641.622525000	107.687	215	0
1527740641.625194000	107.69	101	1
1527740641.757638000	107.822	505	1
1527740641.757728000	107.822	266	1
1527740641.776423000	107.841	87	0
1527740641.880596000	107.945	232	0
1527740641.881872000	107.947	148	0
1527740641.883143000	107.948	92	0
1527740641.884157000	107.949	107	1
1527740641.884501000	107.949	249	0
1527740641.888158000	107.953	98	1
1527740642.222082000	108.287	389	1
1527740642.222173000	108.287	275	1
1527740642.244995000	108.31	87	0
1527740642.340147000	108.405	255	0
1527740642.341473000	108.406	148	0
1527740642.344251000	108.409	104	1
1527740642.345299000	108.41	92	0
1527740642.346599000	108.411	223	0
1527740642.349200000	108.414	101	1
1527740642.677920000	108.743	385	1
1527740642.678008000	108.743	274	1
1527740642.696460000	108.761	87	0
1527740642.703148000	108.768	87	0
1527740642.799489000	108.864	232	0
1527740642.800764000	108.865	148	0
1527740642.803279000	108.868	107	1
1527740642.804585000	108.869	92	0
1527740642.805874000	108.871	270	0
1527740642.808263000	108.873	101	1
1527740643.117746000	109.182	388	1
1527740643.117839000	109.183	267	1
1527740643.136645000	109.201	87	0
1527740643.237420000	109.302	254	0
1527740643.238686000	109.303	148	0
1527740643.241326000	109.306	104	1
1527740643.243996000	109.309	92	0
1527740643.245269000	109.31	244	0
1527740643.247324000	109.312	101	1
1527740643.373882000	109.439	384	1
1527740643.373974000	109.439	266	1
1527740643.412346000	109.477	384	1
1527740643.422362000	109.487	87	0
1527740643.432720000	109.497	87	0
1527740643.527046000	109.592	234	0
1527740643.528437000	109.593	148	0
1527740643.529688000	109.594	92	0
1527740643.530998000	109.596	169	0
1527740643.531463000	109.596	113	1
1527740643.784885000	109.85	385	1
1527740643.784963000	109.85	269	1
1527740643.807681000	109.872	87	0
1527740643.934310000	109.999	255	0
1527740643.935650000	110	148	0
1527740643.938342000	110.003	104	1
1527740643.940209000	110.005	92	0
1527740643.941523000	110.006	265	0
1527740643.944329000	110.009	101	1
1527740644.224421000	110.289	529	1
1527740644.224487000	110.289	274	1
1527740644.242225000	110.307	87	0
1527740644.246862000	110.312	87	0
1527740644.342363000	110.407	231	0
1527740644.343623000	110.408	148	0
1527740644.346360000	110.411	107	1
1527740644.346537000	110.411	92	0
1527740644.347889000	110.413	304	0
1527740644.350291000	110.415	101	1
1527740644.691901000	110.757	396	1
1527740644.691962000	110.757	267	1
1527740644.711017000	110.776	87	0
1527740644.808717000	110.873	232	0
1527740644.809907000	110.875	148	0
1527740644.812412000	110.877	104	1
1527740644.813397000	110.878	92	0
1527740644.814794000	110.879	181	0
1527740644.817383000	110.882	101	1
1527740644.921178000	110.986	477	1
1527740644.921239000	110.986	268	1
1527740644.939001000	111.004	87	0
1527740645.252206000	111.317	310	0
1527740645.253436000	111.318	148	0
1527740645.256452000	111.321	104	1
1527740645.256507000	111.321	92	0
1527740645.257861000	111.323	265	0
1527740645.260404000	111.325	101	1
1527740645.369904000	111.435	1226	1
1527740645.369997000	111.435	271	1
1527740645.395370000	111.46	87	0
1527740645.495563000	111.56	300	0
1527740645.496834000	111.562	148	0
1527740645.499368000	111.564	104	1
1527740645.499887000	111.565	92	0
1527740645.501276000	111.566	174	0
1527740645.503366000	111.568	101	1
1527740645.590801000	111.656	389	1
1527740645.590890000	111.656	263	1
1527740645.613088000	111.678	87	0
1527740645.706318000	111.771	234	0
1527740645.707510000	111.772	148	0
1527740645.710473000	111.775	104	1
1527740645.712412000	111.777	92	0
1527740645.713657000	111.778	239	0
1527740645.716385000	111.781	101	1
1527740645.861419000	111.926	386	1
1527740645.861504000	111.926	267	1
1527740645.884005000	111.949	87	0
1527740645.979537000	112.044	324	0
1527740645.980817000	112.046	148	0
1527740645.983383000	112.048	104	1
1527740645.983454000	112.048	92	0
1527740645.984806000	112.05	333	0
1527740645.987417000	112.052	101	1
1527740646.281382000	112.346	501	1
1527740646.281475000	112.346	275	1
1527740646.302209000	112.367	87	0
1527740646.421084000	112.486	232	0
1527740646.422348000	112.487	148	0
1527740646.424409000	112.489	104	1
1527740646.426838000	112.492	92	0
1527740646.428107000	112.493	228	0
1527740646.430442000	112.495	101	1
1527740646.722303000	112.787	388	1
1527740646.722440000	112.787	270	1
1527740646.751351000	112.816	87	0
1527740646.845519000	112.91	234	0
1527740646.846830000	112.912	148	0
1527740646.849508000	112.914	104	1
1527740646.850685000	112.915	92	0
1527740646.851969000	112.917	287	0
1527740646.854502000	112.919	101	1
1527740646.887765000	112.952	234	0
1527740646.891491000	112.956	98	1
1527740647.156102000	113.221	389	1
1527740647.156187000	113.221	262	1
1527740647.194962000	113.26	87	0
1527740647.295460000	113.36	351	0
1527740647.296717000	113.361	148	0
1527740647.299460000	113.364	104	1
1527740647.305634000	113.37	92	0
1527740647.306976000	113.372	196	0
1527740647.309524000	113.374	101	1
1527740647.400902000	113.466	387	1
1527740647.400991000	113.466	267	1
1527740647.422678000	113.487	87	0
1527740647.429367000	113.494	87	0
1527740647.521180000	113.586	234	0
1527740647.522462000	113.587	148	0
1527740647.524555000	113.589	107	1
1527740647.526538000	113.591	92	0
1527740647.527907000	113.593	245	0
1527740647.530521000	113.595	101	1
1527740647.582232000	113.647	92	0
1527740647.585542000	113.65	98	1
1527740647.775192000	113.84	386	1
1527740647.775259000	113.84	262	1
1527740647.803965000	113.869	87	0
1527740647.907412000	113.972	235	0
1527740647.908689000	113.973	148	0
1527740647.911596000	113.976	104	1
1527740647.913764000	113.978	92	0
1527740647.915061000	113.98	229	0
1527740647.917564000	113.982	101	1
1527740648.003652000	114.068	530	1
1527740648.003740000	114.068	260	1
1527740648.049578000	114.114	530	1
1527740648.088423000	114.153	87	0
1527740648.182160000	114.247	254	0
1527740648.183445000	114.248	148	0
1527740648.185515000	114.25	104	1
1527740648.186349000	114.251	92	0
1527740648.187622000	114.252	208	0
1527740648.189512000	114.254	101	1
1527740648.484756000	114.549	396	1
1527740648.484846000	114.55	262	1
1527740648.504172000	114.569	87	0
1527740648.611396000	114.676	232	0
1527740648.612596000	114.677	148	0
1527740648.615636000	114.68	104	1
1527740648.616945000	114.682	92	0
1527740648.618239000	114.683	333	0
1527740648.620599000	114.685	101	1
1527740650.346612000	116.411	456	1
1527740650.346709000	116.411	1412	1
1527740650.346747000	116.411	1412	1
1527740650.346799000	116.411	1412	1
1527740650.346818000	116.412	261	1
1527740650.364279000	116.429	87	0
1527740650.448877000	116.514	413	0
1527740650.452284000	116.517	101	1
1527740650.458578000	116.523	80	0
1527740650.462288000	116.527	98	1
1527740650.547823000	116.613	1227	1
1527740650.547915000	116.613	265	1
1527740650.564942000	116.63	87	0
1527740650.666487000	116.731	235	0
1527740650.667752000	116.732	148	0
1527740650.670249000	116.735	104	1
1527740650.671789000	116.736	92	0
1527740650.673072000	116.738	115	0
1527740650.675231000	116.74	101	1
1527740650.779711000	116.844	391	1
1527740650.779772000	116.844	263	1
1527740650.819691000	116.884	87	0
1527740650.927427000	116.992	257	0
1527740650.928615000	116.993	148	0
1527740650.931336000	116.996	104	1
1527740650.932163000	116.997	92	0
1527740650.933449000	116.998	291	0
1527740650.936257000	117.001	101	1
1527740651.064896000	117.13	385	1
1527740651.064984000	117.13	263	1
1527740651.092472000	117.157	87	0
1527740651.203531000	117.268	290	0
1527740651.204869000	117.27	148	0
1527740651.207355000	117.272	104	1
1527740651.208601000	117.273	92	0
1527740651.209891000	117.275	137	0
1527740651.212319000	117.277	101	1
1527740651.496865000	117.562	507	1
1527740651.496904000	117.562	271	1
1527740651.544360000	117.609	507	1
1527740651.547205000	117.612	87	0
1527740651.590501000	117.655	87	0
1527740651.744554000	117.809	300	0
1527740651.745755000	117.81	148	0
1527740651.748397000	117.813	107	1
1527740651.751335000	117.816	92	0
1527740651.752619000	117.817	134	0
1527740651.755363000	117.82	101	1
1527740651.945779000	118.01	389	1
1527740651.945868000	118.011	272	1
1527740651.965680000	118.03	87	0
1527740652.062374000	118.127	255	0
1527740652.063600000	118.128	148	0
1527740652.065533000	118.13	92	0
1527740652.066332000	118.131	107	1
1527740652.066832000	118.132	323	0
1527740652.070454000	118.135	98	1
