1527936913.582737000	0	86	1
1527936913.596397000	0.01366	86	0
1527936913.596513000	0.0137761	74	1
1527936913.597013000	0.014276	638	1
1527936913.610152000	0.027415	74	0
1527936913.610575000	0.027838	226	0
1527936913.611100000	0.028363	274	1
1527936913.612536000	0.029799	159	1
1527936913.612933000	0.030196	1327	1
1527936913.613004000	0.030267	299	1
1527936913.613068000	0.0303311	1434	1
1527936913.623586000	0.040849	135	0
1527936913.624991000	0.042254	104	0
1527936913.625023000	0.0422859	74	1
1527936913.626207000	0.0434701	74	0
1527936913.626233000	0.0434961	992	1
1527936913.639029000	0.0562921	74	0
1527936914.025721000	0.442984	559	0
1527936914.028228000	0.445491	104	0
1527936914.028274000	0.445537	74	1
1527936914.028341000	0.445604	112	0
1527936914.029406000	0.446669	112	1
1527936914.081512000	0.498775	74	0
1527936914.213258000	0.630521	628	0
1527936914.213359000	0.630622	560	0
1527936914.213388000	0.630651	74	1
1527936914.213804000	0.631067	259	0
1527936914.213807000	0.63107	112	0
1527936914.213823000	0.631086	74	1
1527936914.214918000	0.632181	112	1
1527936914.217973000	0.635236	257	1
1527936914.227075000	0.644338	74	0
1527936914.232154000	0.649417	74	0
1527936915.038592000	1.45586	910	0
1527936915.041348000	1.45861	1294	0
1527936915.041392000	1.45866	74	1
1527936915.041458000	1.45872	1294	0
1527936915.041609000	1.45887	1294	0
1527936915.041626000	1.45889	74	1
1527936915.041688000	1.45895	1294	0
1527936915.041885000	1.45915	1294	0
1527936915.041897000	1.45916	74	1
1527936915.041956000	1.45922	1279	0
1527936915.042158000	1.45942	1294	0
1527936915.042171000	1.45943	74	1
1527936915.042231000	1.45949	1294	0
1527936915.042383000	1.45965	1294	0
1527936915.042400000	1.45966	74	1
1527936915.042462000	1.45973	1294	0
1527936915.042531000	1.45979	692	0
1527936915.042541000	1.4598	74	1
1527936915.042751000	1.46001	1294	0
1527936915.042906000	1.46017	1294	0
1527936915.042918000	1.46018	74	1
1527936915.042991000	1.46025	74	1
1527936915.043105000	1.46037	1294	0
1527936915.043108000	1.46037	853	0
1527936915.043120000	1.46038	74	1
1527936915.044194000	1.46146	1294	0
1527936915.044280000	1.46154	971	0
1527936915.044294000	1.46156	74	1
1527936915.044458000	1.46172	1294	0
1527936915.044542000	1.46181	1294	0
1527936915.044553000	1.46182	74	1
1527936915.055039000	1.4723	1294	0
1527936915.055318000	1.47258	1294	0
1527936915.055350000	1.47261	74	1
1527936915.055994000	1.47326	1294	0
1527936915.056266000	1.47353	1294	0
1527936915.056284000	1.47355	74	1
1527936915.056978000	1.47424	1294	0
1527936915.057270000	1.47453	1294	0
1527936915.057285000	1.47455	74	1
1527936915.059313000	1.47658	1294	0
1527936915.059601000	1.47686	1294	0
1527936915.059621000	1.47688	74	1
1527936915.062284000	1.47955	1294	0
1527936915.062579000	1.47984	1294	0
1527936915.062600000	1.47986	74	1
1527936915.065041000	1.4823	1294	0
1527936915.065134000	1.4824	1294	0
1527936915.065152000	1.48241	74	1
1527936915.065638000	1.4829	1294	0
1527936915.065640000	1.4829	1294	0
1527936915.065659000	1.48292	74	1
1527936915.065721000	1.48298	1294	0
1527936915.065805000	1.48307	1294	0
1527936915.065816000	1.48308	74	1
1527936915.065878000	1.48314	1294	0
1527936915.065881000	1.48314	1294	0
1527936915.065883000	1.48315	1294	0
1527936915.065898000	1.48316	74	1
1527936915.065956000	1.48322	1294	0
1527936915.066653000	1.48392	1294	0
1527936915.066668000	1.48393	74	1
1527936915.066730000	1.48399	1294	0
1527936915.068218000	1.48548	1294	0
1527936915.068242000	1.48551	74	1
1527936915.068335000	1.4856	1294	0
1527936915.068796000	1.48606	1294	0
1527936915.068810000	1.48607	74	1
1527936915.068869000	1.48613	1294	0
1527936915.071451000	1.48871	1294	0
1527936915.071485000	1.48875	74	1
1527936915.071719000	1.48898	1294	0
1527936915.072279000	1.48954	757	0
1527936915.072294000	1.48956	74	1
1527936915.075532000	1.49279	112	1
1527936915.087759000	1.50502	74	0
1527936917.933634000	4.3509	566	1
1527936917.933713000	4.35098	311	1
1527936917.936196000	4.35346	308	1
1527936917.936289000	4.35355	1434	1
1527936917.936294000	4.35356	1434	1
1527936917.936297000	4.35356	236	1
1527936917.936329000	4.35359	780	1
1527936917.947623000	4.36489	74	0
1527936917.947626000	4.36489	74	0
1527936917.951759000	4.36902	74	0
1527936917.951761000	4.36902	74	0
1527936917.951763000	4.36903	74	0
1527936917.951764000	4.36903	74	0
1527936917.990846000	4.40811	387	1
1527936918.003967000	4.42123	74	0
1527936918.161815000	4.57908	326	0
1527936918.161978000	4.57924	338	0
1527936918.162006000	4.57927	74	1
1527936918.165784000	4.58305	253	0
1527936918.166217000	4.58348	112	0
1527936918.166235000	4.5835	74	1
1527936918.166637000	4.5839	112	1
1527936918.179472000	4.59674	74	0
1527936918.280943000	4.69821	395	1
1527936918.280986000	4.69825	311	1
1527936918.293709000	4.71097	74	0
1527936918.293712000	4.71097	74	0
1527936918.490632000	4.9079	423	0
1527936918.498154000	4.91542	104	0
1527936918.498156000	4.91542	112	0
1527936918.498183000	4.91545	74	1
1527936918.498668000	4.91593	112	1
1527936918.506278000	4.92354	352	0
1527936918.506626000	4.92389	1294	0
1527936918.506642000	4.92391	74	1
1527936918.506705000	4.92397	365	0
1527936918.506802000	4.92407	661	0
1527936918.506814000	4.92408	74	1
1527936918.508174000	4.92544	657	0
1527936918.509426000	4.92669	825	0
1527936918.509441000	4.9267	74	1
1527936918.511030000	4.92829	74	0
1527936918.511613000	4.92888	558	0
1527936918.512287000	4.92955	974	0
1527936918.512301000	4.92956	74	1
1527936918.513436000	4.9307	720	0
1527936918.514384000	4.93165	894	0
1527936918.514401000	4.93166	74	1
1527936918.516187000	4.93345	833	0
1527936918.517624000	4.93489	763	0
1527936918.517639000	4.9349	74	1
1527936918.519010000	4.93627	593	0
1527936918.520488000	4.93775	883	0
1527936918.520505000	4.93777	74	1
1527936918.521873000	4.93914	752	0
1527936918.523195000	4.94046	588	0
1527936918.523210000	4.94047	74	1
1527936918.523783000	4.94105	758	0
1527936918.525454000	4.94272	765	0
1527936918.525469000	4.94273	74	1
1527936918.525643000	4.94291	852	0
1527936918.532332000	4.94959	236	0
1527936918.532350000	4.94961	74	1
1527936918.572458000	4.98972	324	0
1527936918.572461000	4.98972	112	0
1527936918.572498000	4.98976	74	1
1527936918.573007000	4.99027	112	1
1527936918.625463000	5.04273	74	0
1527936919.021673000	5.43894	400	1
1527936919.021717000	5.43898	126	1
1527936919.032580000	5.44984	308	1
1527936919.034995000	5.45226	74	0
1527936919.034997000	5.45226	74	0
1527936919.035745000	5.45301	483	1
1527936919.049333000	5.4666	74	0
1527936919.059430000	5.47669	74	0
1527936919.159542000	5.57681	332	0
1527936919.159651000	5.57691	409	0
1527936919.159671000	5.57693	74	1
1527936919.164654000	5.58192	233	0
1527936919.165106000	5.58237	335	0
1527936919.165108000	5.58237	112	0
1527936919.165131000	5.58239	74	1
1527936919.165737000	5.583	112	1
1527936919.179299000	5.59656	74	0
1527936919.323810000	5.74107	281	0
1527936919.323925000	5.74119	178	0
1527936919.323945000	5.74121	74	1
1527936919.327708000	5.74497	356	0
1527936919.327802000	5.74506	326	0
1527936919.327804000	5.74507	112	0
1527936919.327831000	5.74509	74	1
1527936919.345108000	5.76237	112	1
1527936919.357314000	5.77458	74	0
1527936919.374538000	5.7918	490	1
1527936919.374578000	5.79184	111	1
1527936919.388079000	5.80534	74	0
1527936919.388082000	5.80535	74	0
1527936919.509824000	5.92709	283	0
1527936919.509960000	5.92722	610	0
1527936919.509987000	5.92725	74	1
1527936919.514174000	5.93144	228	0
1527936919.514176000	5.93144	112	0
1527936919.514216000	5.93148	74	1
1527936919.514751000	5.93201	112	1
1527936919.528546000	5.94581	74	0
1527936919.531004000	5.94827	281	0
1527936919.531099000	5.94836	279	0
1527936919.531117000	5.94838	74	1
1527936919.535228000	5.95249	304	0
1527936919.535332000	5.95259	258	0
1527936919.535333000	5.9526	112	0
1527936919.535352000	5.95262	74	1
1527936919.535911000	5.95317	112	1
1527936919.589547000	6.00681	74	0
1527936919.659759000	6.07702	281	0
1527936919.659875000	6.07714	187	0
1527936919.659896000	6.07716	74	1
1527936919.674999000	6.09226	341	0
1527936919.675971000	6.09323	262	0
1527936919.676004000	6.09327	74	1
1527936919.676769000	6.09403	112	0
1527936919.678396000	6.09566	112	1
1527936919.806280000	6.22354	74	0
1527936920.555873000	6.97314	375	1
1527936920.555974000	6.97324	1434	1
1527936920.555979000	6.97324	1434	1
1527936920.555982000	6.97325	236	1
1527936920.556045000	6.97331	1434	1
1527936920.556049000	6.97331	1434	1
1527936920.556052000	6.97332	236	1
1527936920.556109000	6.97337	1434	1
1527936920.556115000	6.97338	1434	1
1527936920.556129000	6.97339	236	1
1527936920.556170000	6.97343	1434	1
1527936920.556174000	6.97344	1434	1
1527936920.556177000	6.97344	236	1
1527936920.571611000	6.98887	74	0
1527936920.571614000	6.98888	74	0
1527936920.571713000	6.98898	74	0
1527936920.571714000	6.98898	74	0
1527936920.571716000	6.98898	74	0
1527936920.571859000	6.98912	1434	1
1527936920.571868000	6.98913	1434	1
1527936920.571872000	6.98914	1434	1
1527936920.571876000	6.98914	1434	1
1527936920.571883000	6.98915	1434	1
1527936920.571886000	6.98915	1434	1
1527936920.571891000	6.98915	1434	1
1527936920.571895000	6.98916	1434	1
1527936920.571899000	6.98916	1434	1
1527936920.571904000	6.98917	1434	1
1527936920.571908000	6.98917	1000	1
1527936920.572991000	6.99025	74	0
1527936920.573022000	6.99028	1434	1
1527936920.573032000	6.99029	752	1
1527936920.573101000	6.99036	74	0
1527936920.573102000	6.99037	74	0
1527936920.573104000	6.99037	74	0
1527936920.573214000	6.99048	1434	1
1527936920.573219000	6.99048	1434	1
1527936920.573222000	6.99048	1434	1
1527936920.573225000	6.99049	1434	1
1527936920.573229000	6.99049	1434	1
1527936920.573233000	6.9905	1434	1
1527936920.573238000	6.9905	1434	1
1527936920.586169000	7.00343	74	0
1527936920.586221000	7.00348	1434	1
1527936920.586229000	7.00349	1434	1
1527936920.586234000	7.0035	1434	1
1527936920.586238000	7.0035	1434	1
1527936920.586242000	7.0035	484	1
1527936920.587001000	7.00426	74	0
1527936920.587069000	7.00433	74	0
1527936920.587071000	7.00433	74	0
1527936920.587442000	7.0047	74	0
1527936920.587504000	7.00477	74	0
1527936920.587505000	7.00477	74	0
1527936920.589126000	7.00639	74	0
1527936920.589128000	7.00639	74	0
1527936920.589207000	7.00647	74	0
1527936920.589210000	7.00647	74	0
1527936920.589212000	7.00647	74	0
1527936920.589328000	7.00659	1434	1
1527936920.589333000	7.0066	85	1
1527936920.590211000	7.00747	74	0
1527936920.591047000	7.00831	74	0
1527936920.591108000	7.00837	74	0
1527936920.600679000	7.01794	74	0
1527936920.601122000	7.01838	74	0
1527936920.601183000	7.01845	74	0
1527936920.601185000	7.01845	74	0
1527936920.601187000	7.01845	74	0
1527936920.605968000	7.02323	74	0
1527936920.793184000	7.21045	376	1
1527936920.795106000	7.21237	389	1
1527936920.806415000	7.22368	74	0
1527936920.808424000	7.22569	74	0
1527936920.824721000	7.24198	1258	1
1527936920.839506000	7.25677	74	0
1527936920.968512000	7.38578	330	1
1527936920.968590000	7.38585	294	1
1527936920.982636000	7.3999	74	0
1527936920.982639000	7.3999	74	0
1527936920.994505000	7.41177	584	0
1527936920.994782000	7.41205	1052	0
1527936920.994797000	7.41206	74	1
1527936920.997190000	7.41445	155	0
1527936920.997277000	7.41454	187	0
1527936920.997279000	7.41454	112	0
1527936920.997295000	7.41456	74	1
1527936920.997842000	7.41511	112	1
1527936921.051552000	7.46882	74	0
1527936921.208390000	7.62565	420	0
1527936921.213755000	7.63102	104	0
1527936921.213785000	7.63105	74	1
1527936921.214122000	7.63139	112	0
1527936921.214346000	7.63161	112	1
1527936921.228478000	7.64574	74	0
1527936921.330230000	7.74749	283	0
1527936921.330341000	7.7476	148	0
1527936921.330357000	7.74762	74	1
1527936921.334522000	7.75179	280	0
1527936921.334524000	7.75179	153	0
1527936921.334556000	7.75182	74	1
1527936921.334891000	7.75215	112	0
1527936921.335065000	7.75233	112	1
1527936921.348762000	7.76603	74	0
1527936921.350476000	7.76774	281	0
1527936921.350479000	7.76774	375	0
1527936921.350532000	7.7678	74	1
1527936921.355040000	7.7723	132	0
1527936921.355042000	7.77231	160	0
1527936921.355045000	7.77231	112	0
1527936921.355107000	7.77237	74	1
1527936921.355753000	7.77302	112	1
1527936921.408823000	7.82609	74	0
1527936921.520058000	7.93732	280	0
1527936921.520061000	7.93732	262	0
1527936921.520128000	7.93739	74	1
1527936921.525097000	7.94236	176	0
1527936921.525196000	7.94246	333	0
1527936921.525214000	7.94248	74	1
1527936921.525623000	7.94289	112	0
1527936921.525788000	7.94305	112	1
1527936921.538928000	7.95619	74	0
1527936925.072529000	11.4898	397	1
1527936925.072604000	11.4899	271	1
1527936925.084917000	11.5022	74	0
1527936925.085707000	11.503	74	0
1527936925.631624000	12.0489	283	0
1527936925.631627000	12.0489	336	0
1527936925.631696000	12.049	74	1
1527936925.635722000	12.053	274	0
1527936925.635724000	12.053	209	0
1527936925.635726000	12.053	112	0
1527936925.635768000	12.053	74	1
1527936925.636297000	12.0536	112	1
1527936925.649003000	12.0663	74	0
1527936925.759953000	12.1772	424	1
1527936925.760029000	12.1773	325	1
1527936925.772893000	12.1902	74	0
1527936925.772896000	12.1902	74	0
1527936926.307542000	12.7248	283	0
1527936926.307545000	12.7248	176	0
1527936926.307619000	12.7249	74	1
1527936926.312142000	12.7294	295	0
1527936926.312144000	12.7294	273	0
1527936926.312146000	12.7294	112	0
1527936926.312185000	12.7294	74	1
1527936926.312704000	12.73	112	1
1527936926.325345000	12.7426	74	0
1527936926.372545000	12.7898	587	1
1527936926.372590000	12.7899	505	1
1527936926.386354000	12.8036	74	0
1527936926.386356000	12.8036	74	0
1527936926.516935000	12.9342	281	0
1527936926.516938000	12.9342	291	0
1527936926.516985000	12.9342	74	1
1527936926.520773000	12.938	342	0
1527936926.520775000	12.938	240	0
1527936926.520813000	12.9381	74	1
1527936926.520889000	12.9382	112	0
1527936926.521290000	12.9386	112	1
1527936926.535822000	12.9531	74	0
1527936927.247976000	13.6652	397	1
1527936927.248032000	13.6653	270	1
1527936927.260576000	13.6778	74	0
1527936927.261062000	13.6783	74	0
1527936927.818776000	14.236	281	0
1527936927.819238000	14.2365	425	0
1527936927.819262000	14.2365	74	1
1527936927.822559000	14.2398	263	0
1527936927.823785000	14.241	222	0
1527936927.823787000	14.2411	112	0
1527936927.823814000	14.2411	74	1
1527936927.824816000	14.2421	112	1
1527936927.837692000	14.255	74	0
1527936927.974049000	14.3913	396	1
1527936927.974102000	14.3914	274	1
1527936927.988262000	14.4055	74	0
1527936927.988264000	14.4055	74	0
1527936928.552485000	14.9697	284	0
1527936928.552613000	14.9699	306	0
1527936928.552638000	14.9699	74	1
1527936928.556387000	14.9736	365	0
1527936928.556471000	14.9737	278	0
1527936928.556473000	14.9737	112	0
1527936928.556495000	14.9738	74	1
1527936928.556939000	14.9742	112	1
1527936928.570875000	14.9881	74	0
1527936928.679061000	15.0963	399	1
1527936928.679150000	15.0964	272	1
1527936928.692242000	15.1095	74	0
1527936928.692245000	15.1095	74	0
1527936929.243195000	15.6605	283	0
1527936929.243313000	15.6606	282	0
1527936929.243342000	15.6606	74	1
1527936929.247023000	15.6643	316	0
1527936929.247100000	15.6644	353	0
1527936929.247102000	15.6644	112	0
1527936929.247122000	15.6644	74	1
1527936929.247782000	15.665	112	1
1527936929.262570000	15.6798	74	0
1527936929.380899000	15.7982	397	1
1527936929.380952000	15.7982	275	1
1527936929.394060000	15.8113	74	0
1527936929.394062000	15.8113	74	0
1527936929.975683000	16.3929	284	0
1527936929.975686000	16.3929	245	0
1527936929.975760000	16.393	74	1
1527936929.979751000	16.397	180	0
1527936929.979831000	16.3971	110	0
1527936929.979833000	16.3971	112	0
1527936929.979856000	16.3971	74	1
1527936929.980228000	16.3975	112	1
1527936929.993032000	16.4103	74	0
1527936930.083987000	16.5013	398	1
1527936930.084039000	16.5013	276	1
1527936930.096565000	16.5138	74	0
1527936930.096567000	16.5138	74	0
1527936930.229789000	16.6471	280	0
1527936930.229793000	16.6471	256	0
1527936930.229868000	16.6471	74	1
1527936930.234142000	16.6514	225	0
1527936930.234144000	16.6514	281	0
1527936930.234181000	16.6514	74	1
1527936930.234384000	16.6516	112	0
1527936930.234807000	16.6521	112	1
1527936930.248489000	16.6658	74	0
1527936930.329893000	16.7472	405	1
1527936930.329981000	16.7472	275	1
1527936930.342496000	16.7598	74	0
1527936930.342498000	16.7598	74	0
1527936930.447980000	16.8652	397	1
1527936930.448071000	16.8653	1434	1
1527936930.448076000	16.8653	1434	1
1527936930.448080000	16.8653	236	1
1527936930.448131000	16.8654	1434	1
1527936930.448134000	16.8654	317	1
1527936930.465101000	16.8824	74	0
1527936930.465104000	16.8824	74	0
1527936930.465107000	16.8824	74	0
1527936930.465952000	16.8832	74	0
1527936930.879781000	17.297	281	0
1527936930.880150000	17.2974	338	0
1527936930.880169000	17.2974	74	1
1527936930.884885000	17.3021	170	0
1527936930.884887000	17.3022	172	0
1527936930.884889000	17.3022	112	0
1527936930.884923000	17.3022	74	1
1527936930.885404000	17.3027	112	1
1527936930.897503000	17.3148	74	0
1527936930.990684000	17.4079	398	1
1527936930.990769000	17.408	277	1
1527936930.996384000	17.4136	422	0
1527936931.002907000	17.4202	104	0
1527936931.002934000	17.4202	74	1
1527936931.003236000	17.4205	112	0
1527936931.003449000	17.4207	112	1
1527936931.003647000	17.4209	74	0
1527936931.003716000	17.421	74	0
1527936931.016073000	17.4333	74	0
1527936931.207473000	17.6247	281	0
1527936931.207477000	17.6247	362	0
1527936931.207542000	17.6248	74	1
1527936931.212142000	17.6294	219	0
1527936931.212247000	17.6295	306	0
1527936931.212250000	17.6295	112	0
1527936931.212269000	17.6295	74	1
1527936931.212684000	17.6299	112	1
1527936931.230860000	17.6481	74	0
1527936931.357999000	17.7753	1269	1
1527936931.358078000	17.7753	275	1
1527936931.370835000	17.7881	74	0
1527936931.371235000	17.7885	74	0
1527936931.905639000	18.3229	283	0
1527936931.905642000	18.3229	242	0
1527936931.905714000	18.323	74	1
1527936931.909182000	18.3264	145	0
1527936931.909258000	18.3265	281	0
1527936931.909261000	18.3265	112	0
1527936931.909281000	18.3265	74	1
1527936931.909667000	18.3269	112	1
1527936931.919974000	18.3372	74	0
1527936932.085769000	18.503	426	1
1527936932.085855000	18.5031	278	1
1527936932.098651000	18.5159	74	0
1527936932.098657000	18.5159	74	0
1527936932.699961000	19.1172	281	0
1527936932.699964000	19.1172	277	0
1527936932.700033000	19.1173	74	1
1527936932.715190000	19.1325	267	0
1527936932.715193000	19.1325	337	0
1527936932.715231000	19.1325	74	1
1527936932.715701000	19.133	112	0
1527936932.715841000	19.1331	112	1
1527936932.736769000	19.154	394	1
1527936932.736810000	19.1541	275	1
1527936932.814279000	19.2315	74	0
1527936932.814914000	19.2322	74	0
1527936932.814916000	19.2322	74	0
1527936933.327361000	19.7446	283	0
1527936933.327471000	19.7447	309	0
1527936933.327490000	19.7448	74	1
1527936933.333443000	19.7507	259	0
1527936933.334146000	19.7514	108	0
1527936933.334167000	19.7514	74	1
1527936933.334234000	19.7515	112	0
1527936933.334863000	19.7521	112	1
1527936933.347199000	19.7645	74	0
1527936933.496457000	19.9137	585	1
1527936933.496533000	19.9138	275	1
1527936933.509428000	19.9267	74	0
1527936933.509430000	19.9267	74	0
1527936934.043286000	20.4605	281	0
1527936934.043395000	20.4607	187	0
1527936934.043414000	20.4607	74	1
1527936934.048147000	20.4654	151	0
1527936934.048236000	20.4655	226	0
1527936934.048238000	20.4655	112	0
1527936934.048261000	20.4655	74	1
1527936934.048789000	20.4661	112	1
1527936934.062251000	20.4795	74	0
1527936934.083796000	20.5011	394	1
1527936934.083843000	20.5011	276	1
1527936934.096492000	20.5138	74	0
1527936934.096495000	20.5138	74	0
1527936934.644312000	21.0616	281	0
1527936934.644315000	21.0616	250	0
1527936934.644385000	21.0616	74	1
1527936934.648381000	21.0656	203	0
1527936934.648383000	21.0656	288	0
1527936934.648385000	21.0656	112	0
1527936934.648424000	21.0657	74	1
1527936934.648955000	21.0662	112	1
1527936934.661379000	21.0786	74	0
1527936934.770191000	21.1875	393	1
1527936934.770247000	21.1875	277	1
1527936934.783022000	21.2003	74	0
1527936934.783025000	21.2003	74	0
1527936934.938839000	21.3561	281	0
1527936934.939270000	21.3565	425	0
1527936934.939288000	21.3566	74	1
1527936934.944492000	21.3618	137	0
1527936934.944964000	21.3622	287	0
1527936934.944966000	21.3622	112	0
1527936934.944989000	21.3623	74	1
1527936934.945447000	21.3627	112	1
1527936934.962809000	21.3801	74	0
1527936935.210245000	21.6275	397	1
1527936935.210295000	21.6276	273	1
1527936935.224487000	21.6418	74	0
1527936935.224489000	21.6418	74	0
1527936935.761809000	22.1791	281	0
1527936935.762174000	22.1794	323	0
1527936935.762201000	22.1795	74	1
1527936935.765642000	22.1829	362	0
1527936935.765644000	22.1829	141	0
1527936935.765687000	22.183	74	1
1527936935.766035000	22.1833	112	0
1527936935.766354000	22.1836	112	1
1527936935.783643000	22.2009	74	0
1527936935.833274000	22.2505	394	1
1527936935.833361000	22.2506	276	1
1527936935.848244000	22.2655	74	0
1527936935.848246000	22.2655	74	0
1527936936.390137000	22.8074	281	0
1527936936.390139000	22.8074	228	0
1527936936.390197000	22.8075	74	1
1527936936.394480000	22.8117	260	0
1527936936.394565000	22.8118	244	0
1527936936.394568000	22.8118	112	0
1527936936.394590000	22.8119	74	1
1527936936.395126000	22.8124	112	1
1527936936.496829000	22.9141	74	0
1527936936.587913000	23.0052	398	1
1527936936.587958000	23.0052	280	1
1527936936.601804000	23.0191	74	0
1527936936.601806000	23.0191	74	0
1527936937.133948000	23.5512	283	0
1527936937.133952000	23.5512	368	0
1527936937.134023000	23.5513	74	1
1527936937.137848000	23.5551	247	0
1527936937.138279000	23.5555	280	0
1527936937.138281000	23.5555	112	0
1527936937.138301000	23.5556	74	1
1527936937.138715000	23.556	112	1
1527936937.152312000	23.5696	74	0
1527936937.160998000	23.5783	399	1
1527936937.161039000	23.5783	267	1
1527936937.173872000	23.5911	74	0
1527936937.173961000	23.5912	74	0
1527936937.724014000	24.1413	281	0
1527936937.724131000	24.1414	329	0
1527936937.724154000	24.1414	74	1
1527936937.728162000	24.1454	151	0
1527936937.728266000	24.1455	167	0
1527936937.728268000	24.1455	112	0
1527936937.728288000	24.1456	74	1
1527936937.728799000	24.1461	112	1
1527936937.742038000	24.1593	74	0
1527936937.783134000	24.2004	405	1
1527936937.783219000	24.2005	267	1
1527936937.796962000	24.2142	74	0
1527936937.796965000	24.2142	74	0
1527936938.327053000	24.7443	283	0
1527936938.327055000	24.7443	289	0
1527936938.327137000	24.7444	74	1
1527936938.331437000	24.7487	159	0
1527936938.331440000	24.7487	178	0
1527936938.331442000	24.7487	112	0
1527936938.331476000	24.7487	74	1
1527936938.332208000	24.7495	112	1
1527936938.344118000	24.7614	74	0
1527936941.922497000	28.3398	484	1
1527936941.922675000	28.3399	1184	1
1527936941.922709000	28.34	273	1
1527936941.922779000	28.34	1434	1
1527936941.922784000	28.34	1434	1
1527936941.922787000	28.34	236	1
1527936941.922823000	28.3401	1434	1
1527936941.922833000	28.3401	851	1
1527936941.949531000	28.3668	74	0
1527936941.949533000	28.3668	74	0
1527936941.949536000	28.3668	74	0
1527936941.949539000	28.3668	74	0
1527936941.949542000	28.3668	74	0
1527936941.949545000	28.3668	74	0
1527936942.383535000	28.8008	284	0
1527936942.383623000	28.8009	189	0
1527936942.383646000	28.8009	74	1
1527936942.387154000	28.8044	168	0
1527936942.387157000	28.8044	118	0
1527936942.387159000	28.8044	112	0
1527936942.387204000	28.8045	74	1
1527936942.387694000	28.805	112	1
1527936942.402354000	28.8196	74	0
1527936942.510335000	28.9276	400	1
1527936942.510390000	28.9277	277	1
1527936942.523315000	28.9406	74	0
1527936942.523318000	28.9406	74	0
1527936942.559919000	28.9772	419	0
1527936942.565782000	28.983	104	0
1527936942.565784000	28.983	112	0
1527936942.565814000	28.9831	74	1
1527936942.566337000	28.9836	112	1
1527936942.637837000	29.0551	74	0
1527936942.912704000	29.33	284	0
1527936942.912794000	29.3301	392	0
1527936942.912814000	29.3301	74	1
1527936942.917006000	29.3343	188	0
1527936942.917008000	29.3343	231	0
1527936942.917011000	29.3343	112	0
1527936942.917043000	29.3343	74	1
1527936942.917545000	29.3348	112	1
1527936942.930769000	29.348	74	0
1527936943.116364000	29.5336	422	1
1527936943.116414000	29.5337	273	1
1527936943.132110000	29.5494	74	0
1527936943.132112000	29.5494	74	0
1527936943.492708000	29.91	284	0
1527936943.492803000	29.9101	192	0
1527936943.492820000	29.9101	74	1
1527936943.496146000	29.9134	154	0
1527936943.496240000	29.9135	214	0
1527936943.496243000	29.9135	112	0
1527936943.496261000	29.9135	74	1
1527936943.496691000	29.914	112	1
1527936943.509078000	29.9263	74	0
1527936943.544220000	29.9615	395	1
1527936943.544290000	29.9616	273	1
1527936943.556755000	29.974	74	0
1527936943.556757000	29.974	74	0
1527936943.939201000	30.3565	281	0
1527936943.939318000	30.3566	325	0
1527936943.939334000	30.3566	74	1
1527936943.942935000	30.3602	328	0
1527936943.943013000	30.3603	249	0
1527936943.943015000	30.3603	112	0
1527936943.943031000	30.3603	74	1
1527936943.943475000	30.3607	112	1
1527936943.957185000	30.3744	74	0
1527936944.012099000	30.4294	587	1
1527936944.012143000	30.4294	274	1
1527936944.024728000	30.442	74	0
1527936944.024731000	30.442	74	0
1527936944.382937000	30.8002	281	0
1527936944.383026000	30.8003	293	0
1527936944.383046000	30.8003	74	1
1527936944.387562000	30.8048	171	0
1527936944.387966000	30.8052	129	0
1527936944.387968000	30.8052	112	0
1527936944.387995000	30.8053	74	1
1527936944.388660000	30.8059	112	1
1527936944.401870000	30.8191	74	0
1527936944.429503000	30.8468	396	1
1527936944.429591000	30.8469	276	1
1527936944.443948000	30.8612	74	0
1527936944.443950000	30.8612	74	0
1527936944.802627000	31.2199	281	0
1527936944.802717000	31.22	414	0
1527936944.802740000	31.22	74	1
1527936944.807778000	31.225	297	0
1527936944.807780000	31.225	204	0
1527936944.807782000	31.225	112	0
1527936944.807825000	31.2251	74	1
1527936944.808325000	31.2256	112	1
1527936944.821005000	31.2383	74	0
1527936944.894409000	31.3117	398	1
1527936944.894494000	31.3118	273	1
1527936944.907731000	31.325	74	0
1527936944.907734000	31.325	74	0
1527936945.085759000	31.503	283	0
1527936945.085865000	31.5031	329	0
1527936945.085886000	31.5031	74	1
1527936945.089749000	31.507	247	0
1527936945.090139000	31.5074	220	0
1527936945.090147000	31.5074	112	0
1527936945.090176000	31.5074	74	1
1527936945.090696000	31.508	112	1
1527936945.103294000	31.5206	74	0
1527936945.332579000	31.7498	394	1
1527936945.332658000	31.7499	274	1
1527936945.347348000	31.7646	74	0
1527936945.347350000	31.7646	74	0
1527936945.706600000	32.1239	283	0
1527936945.706604000	32.1239	279	0
1527936945.706673000	32.1239	74	1
1527936945.710680000	32.1279	188	0
1527936945.710683000	32.1279	199	0
1527936945.710685000	32.1279	112	0
1527936945.710730000	32.128	74	1
1527936945.711240000	32.1285	112	1
1527936945.724540000	32.1418	74	0
1527936945.831599000	32.2489	395	1
1527936945.831653000	32.2489	274	1
1527936945.845442000	32.2627	74	0
1527936945.845642000	32.2629	74	0
1527936946.203085000	32.6203	281	0
1527936946.203088000	32.6204	340	0
1527936946.203143000	32.6204	74	1
1527936946.206774000	32.624	118	0
1527936946.206777000	32.624	164	0
1527936946.206779000	32.624	112	0
1527936946.206812000	32.6241	74	1
1527936946.207299000	32.6246	112	1
1527936946.220357000	32.6376	74	0
1527936946.504414000	32.9217	394	1
1527936946.504456000	32.9217	273	1
1527936946.517430000	32.9347	74	0
1527936946.517433000	32.9347	74	0
1527936946.875799000	33.2931	283	0
1527936946.875891000	33.2932	312	0
1527936946.875909000	33.2932	74	1
1527936946.879235000	33.2965	130	0
1527936946.879722000	33.297	263	0
1527936946.879724000	33.297	112	0
1527936946.879752000	33.297	74	1
1527936946.880258000	33.2975	112	1
1527936946.893003000	33.3103	74	0
1527936946.902230000	33.3195	395	1
1527936946.902284000	33.3195	273	1
1527936946.915140000	33.3324	74	0
1527936946.915143000	33.3324	74	0
1527936947.274740000	33.692	281	0
1527936947.274848000	33.6921	371	0
1527936947.274879000	33.6921	74	1
1527936947.278563000	33.6958	328	0
1527936947.278566000	33.6958	109	0
1527936947.278605000	33.6959	74	1
1527936947.278670000	33.6959	112	0
1527936947.279600000	33.6969	112	1
1527936947.294008000	33.7113	74	0
1527936949.955805000	36.3731	405	1
1527936949.955854000	36.3731	276	1
1527936949.971769000	36.389	74	0
1527936949.971771000	36.389	74	0
1527936950.333616000	36.7509	280	0
1527936950.333619000	36.7509	364	0
1527936950.333663000	36.7509	74	1
1527936950.339658000	36.7569	311	0
1527936950.339929000	36.7572	158	0
1527936950.339931000	36.7572	112	0
1527936950.339949000	36.7572	74	1
1527936950.340380000	36.7576	112	1
1527936950.352885000	36.7701	74	0
1527936950.497241000	36.9145	486	1
1527936950.497320000	36.9146	282	1
1527936950.509607000	36.9269	74	0
1527936950.510858000	36.9281	74	0
1527936950.685673000	37.1029	279	0
1527936950.685756000	37.103	381	0
1527936950.685773000	37.103	74	1
1527936950.689621000	37.1069	285	0
1527936950.689623000	37.1069	340	0
1527936950.689625000	37.1069	112	0
1527936950.689668000	37.1069	74	1
1527936950.690164000	37.1074	112	1
1527936950.702717000	37.12	74	0
1527936950.912643000	37.3299	1268	1
1527936950.912733000	37.33	273	1
1527936950.926630000	37.3439	74	0
1527936950.926632000	37.3439	74	0
1527936951.280850000	37.6981	280	0
1527936951.280853000	37.6981	193	0
1527936951.280935000	37.6982	74	1
1527936951.285561000	37.7028	167	0
1527936951.285646000	37.7029	260	0
1527936951.285664000	37.7029	74	1
1527936951.286076000	37.7033	112	0
1527936951.286211000	37.7035	112	1
1527936951.301844000	37.7191	74	0
1527936951.393527000	37.8108	424	1
1527936951.393570000	37.8108	277	1
1527936951.406158000	37.8234	74	0
1527936951.406161000	37.8234	74	0
1527936951.766192000	38.1835	281	0
1527936951.766658000	38.1839	354	0
1527936951.766679000	38.1839	74	1
1527936951.770619000	38.1879	284	0
1527936951.770711000	38.188	336	0
1527936951.770713000	38.188	112	0
1527936951.770733000	38.188	74	1
1527936951.771089000	38.1884	112	1
1527936951.784519000	38.2018	74	0
1527936951.955929000	38.3732	394	1
1527936951.955984000	38.3732	274	1
1527936951.968932000	38.3862	74	0
1527936951.968934000	38.3862	74	0
1527936952.387935000	38.8052	281	0
1527936952.387938000	38.8052	217	0
1527936952.388007000	38.8053	74	1
1527936952.392152000	38.8094	263	0
1527936952.392252000	38.8095	267	0
1527936952.392255000	38.8095	112	0
1527936952.392276000	38.8095	74	1
1527936952.392778000	38.81	112	1
1527936952.405597000	38.8229	74	0
1527936952.435782000	38.853	394	1
1527936952.435834000	38.8531	273	1
1527936952.448377000	38.8656	74	0
1527936952.448786000	38.866	74	0
1527936952.810299000	39.2276	283	0
1527936952.810406000	39.2277	298	0
1527936952.810424000	39.2277	74	1
1527936952.815572000	39.2328	266	0
1527936952.816011000	39.2333	269	0
1527936952.816036000	39.2333	74	1
1527936952.816324000	39.2336	112	0
1527936952.816614000	39.2339	112	1
1527936952.831381000	39.2486	74	0
1527936953.049987000	39.4673	587	1
1527936953.050064000	39.4673	274	1
1527936953.064549000	39.4818	74	0
1527936953.064551000	39.4818	74	0
1527936953.276376000	39.6936	283	0
1527936953.276452000	39.6937	232	0
1527936953.276474000	39.6937	74	1
1527936953.280568000	39.6978	363	0
1527936953.280571000	39.6978	145	0
1527936953.280612000	39.6979	74	1
1527936953.280832000	39.6981	112	0
1527936953.281151000	39.6984	112	1
1527936953.294711000	39.712	74	0
1527936953.534504000	39.9518	394	1
1527936953.534547000	39.9518	273	1
1527936953.547797000	39.9651	74	0
1527936953.547893000	39.9652	74	0
1527936953.744654000	40.1619	281	0
1527936953.744656000	40.1619	302	0
1527936953.744735000	40.162	74	1
1527936953.748936000	40.1662	279	0
1527936953.748938000	40.1662	271	0
1527936953.748973000	40.1662	74	1
1527936953.749043000	40.1663	112	0
1527936953.749505000	40.1668	112	1
1527936953.762438000	40.1797	74	0
1527936953.944940000	40.3622	393	1
1527936953.945028000	40.3623	274	1
1527936953.972753000	40.39	74	0
1527936953.972755000	40.39	74	0
1527936954.334733000	40.752	283	0
1527936954.334937000	40.7522	244	0
1527936954.334959000	40.7522	74	1
1527936954.338877000	40.7561	225	0
1527936954.338971000	40.7562	358	0
1527936954.338974000	40.7562	112	0
1527936954.338990000	40.7563	74	1
1527936954.339386000	40.7566	112	1
1527936954.352135000	40.7694	74	0
1527936954.487846000	40.9051	398	1
1527936954.487917000	40.9052	276	1
1527936954.500598000	40.9179	74	0
1527936954.500600000	40.9179	74	0
1527936954.859779000	41.277	283	0
1527936954.859914000	41.2772	218	0
1527936954.859949000	41.2772	74	1
1527936954.863521000	41.2808	182	0
1527936954.863524000	41.2808	332	0
1527936954.863558000	41.2808	74	1
1527936954.863635000	41.2809	112	0
1527936954.864074000	41.2813	112	1
1527936954.880405000	41.2977	74	0
1527936954.954870000	41.3721	398	1
1527936954.954913000	41.3722	273	1
1527936954.967778000	41.385	74	0
1527936954.967781000	41.385	74	0
1527936955.445410000	41.8627	283	0
1527936955.445509000	41.8628	421	0
1527936955.445530000	41.8628	74	1
1527936955.450176000	41.8674	330	0
1527936955.450268000	41.8675	285	0
1527936955.450269000	41.8675	112	0
1527936955.450290000	41.8676	74	1
1527936955.450706000	41.868	112	1
1527936955.464777000	41.882	74	0
1527936955.536466000	41.9537	394	1
1527936955.536510000	41.9538	274	1
1527936955.551336000	41.9686	74	0
1527936955.558073000	41.9753	74	0
1527936955.924367000	42.3416	283	0
1527936955.924463000	42.3417	196	0
1527936955.924482000	42.3417	74	1
1527936955.928321000	42.3456	318	0
1527936955.928324000	42.3456	206	0
1527936955.928326000	42.3456	112	0
1527936955.928366000	42.3456	74	1
1527936955.928843000	42.3461	112	1
1527936955.942632000	42.3599	74	0
1527936955.978911000	42.3962	406	1
1527936955.978995000	42.3963	273	1
1527936955.992417000	42.4097	74	0
1527936955.992419000	42.4097	74	0
1527936956.170152000	42.5874	283	0
1527936956.170264000	42.5875	208	0
1527936956.170293000	42.5876	74	1
1527936956.174244000	42.5915	334	0
1527936956.174246000	42.5915	180	0
1527936956.174287000	42.5916	74	1
1527936956.174365000	42.5916	112	0
1527936956.174828000	42.5921	112	1
1527936956.188567000	42.6058	74	0
1527936956.263420000	42.6807	394	1
1527936956.263497000	42.6808	276	1
1527936956.276398000	42.6937	74	0
1527936956.276401000	42.6937	74	0
1527936956.409613000	42.8269	284	0
1527936956.409740000	42.827	421	0
1527936956.409765000	42.827	74	1
1527936956.414497000	42.8318	123	0
1527936956.414500000	42.8318	337	0
1527936956.414535000	42.8318	74	1
1527936956.414614000	42.8319	112	0
1527936956.415037000	42.8323	112	1
1527936956.427666000	42.8449	74	0
1527936956.632154000	43.0494	485	1
1527936956.632206000	43.0495	273	1
1527936956.644990000	43.0623	74	0
1527936956.644992000	43.0623	74	0
1527936956.804149000	43.2214	281	0
1527936956.804858000	43.2221	182	0
1527936956.804880000	43.2221	74	1
1527936956.817170000	43.2344	209	0
1527936956.817896000	43.2352	332	0
1527936956.817919000	43.2352	74	1
1527936956.818710000	43.236	112	0
1527936956.818852000	43.2361	112	1
1527936956.933735000	43.351	74	0
1527936957.062332000	43.4796	1270	1
1527936957.062412000	43.4797	274	1
1527936957.076911000	43.4942	74	0
1527936957.077609000	43.4949	74	0
1527936957.442975000	43.8602	281	0
1527936957.443704000	43.861	302	0
1527936957.443726000	43.861	74	1
1527936957.446886000	43.8641	222	0
1527936957.447644000	43.8649	136	0
1527936957.447669000	43.8649	74	1
1527936957.448321000	43.8656	112	0
1527936957.448459000	43.8657	112	1
1527936957.462138000	43.8794	74	0
1527936957.530050000	43.9473	420	1
1527936957.530151000	43.9474	276	1
1527936957.546712000	43.964	74	0
1527936957.547424000	43.9647	74	0
1527936957.684764000	44.102	284	0
1527936957.685531000	44.1028	212	0
1527936957.685561000	44.1028	74	1
1527936957.691094000	44.1084	335	0
1527936957.691842000	44.1091	219	0
1527936957.691872000	44.1091	74	1
1527936957.692491000	44.1098	112	0
1527936957.692655000	44.1099	112	1
1527936957.706529000	44.1238	74	0
1527936957.932150000	44.3494	396	1
1527936957.932207000	44.3495	273	1
1527936957.947148000	44.3644	74	0
1527936957.947891000	44.3652	74	0
1527936958.307848000	44.7251	281	0
1527936958.308551000	44.7258	376	0
1527936958.308571000	44.7258	74	1
1527936958.313399000	44.7307	220	0
1527936958.314146000	44.7314	350	0
1527936958.314171000	44.7314	74	1
1527936958.314864000	44.7321	112	0
1527936958.314996000	44.7323	112	1
1527936958.328728000	44.746	74	0
1527936958.370311000	44.7876	393	1
1527936958.370369000	44.7876	274	1
1527936958.387385000	44.8046	74	0
1527936958.388134000	44.8054	74	0
1527936958.524875000	44.9421	281	0
1527936958.525591000	44.9429	281	0
1527936958.525612000	44.9429	74	1
1527936958.526913000	44.9442	147	0
1527936958.527641000	44.9449	235	0
1527936958.527665000	44.9449	74	1
1527936958.528311000	44.9456	112	0
1527936958.528467000	44.9457	112	1
1527936958.541775000	44.959	74	0
1527936958.776219000	45.1935	587	1
1527936958.776275000	45.1935	275	1
1527936958.790843000	45.2081	74	0
1527936958.791575000	45.2088	74	0
1527936958.925298000	45.3426	281	0
1527936958.925968000	45.3432	350	0
1527936958.925985000	45.3432	74	1
1527936958.929109000	45.3464	261	0
1527936958.929835000	45.3471	330	0
1527936958.929859000	45.3471	74	1
1527936958.930509000	45.3478	112	0
1527936958.930646000	45.3479	112	1
1527936958.944141000	45.3614	74	0
1527936959.341416000	45.7587	394	1
1527936959.341464000	45.7587	273	1
1527936959.355042000	45.7723	74	0
1527936959.355883000	45.7731	74	0
1527936959.712308000	46.1296	283	0
1527936959.713010000	46.1303	204	0
1527936959.713036000	46.1303	74	1
1527936959.715432000	46.1327	153	0
1527936959.716176000	46.1334	136	0
1527936959.716200000	46.1335	74	1
1527936959.716900000	46.1342	112	0
1527936959.717037000	46.1343	112	1
1527936959.732026000	46.1493	74	0
1527936960.052289000	46.4696	395	1
1527936960.052376000	46.4696	273	1
1527936960.066040000	46.4833	74	0
1527936960.066843000	46.4841	74	0
1527936960.447012000	46.8643	281	0
1527936960.447657000	46.8649	409	0
1527936960.447687000	46.8649	74	1
1527936960.452083000	46.8693	350	0
1527936960.452841000	46.8701	186	0
1527936960.452866000	46.8701	74	1
1527936960.453514000	46.8708	112	0
1527936960.453685000	46.8709	112	1
1527936960.467064000	46.8843	74	0
1527936960.622382000	47.0396	397	1
1527936960.622431000	47.0397	276	1
1527936960.637399000	47.0547	74	0
1527936960.638115000	47.0554	74	0
1527936960.771105000	47.1884	280	0
1527936960.771836000	47.1891	402	0
1527936960.771865000	47.1891	74	1
1527936960.776305000	47.1936	316	0
1527936960.777042000	47.1943	291	0
1527936960.777066000	47.1943	74	1
1527936960.777722000	47.195	112	0
1527936960.777861000	47.1951	112	1
1527936960.791233000	47.2085	74	0
1527936960.836186000	47.2534	397	1
1527936960.836273000	47.2535	273	1
1527936960.850159000	47.2674	74	0
1527936960.850937000	47.2682	74	0
1527936960.989586000	47.4068	281	0
1527936960.990268000	47.4075	218	0
1527936960.990286000	47.4075	74	1
1527936960.993820000	47.4111	273	0
1527936960.994542000	47.4118	353	0
1527936960.994565000	47.4118	74	1
1527936960.995274000	47.4125	112	0
1527936960.995427000	47.4127	112	1
1527936961.010404000	47.4277	74	0
1527936961.475629000	47.8929	394	1
1527936961.475707000	47.893	273	1
1527936961.489711000	47.907	74	0
1527936961.490434000	47.9077	74	0
1527936961.845442000	48.2627	280	0
1527936961.846174000	48.2634	247	0
1527936961.846196000	48.2635	74	1
1527936961.850242000	48.2675	344	0
1527936961.851003000	48.2683	309	0
1527936961.851027000	48.2683	74	1
1527936961.851683000	48.2689	112	0
1527936961.851823000	48.2691	112	1
1527936961.864932000	48.2822	74	0
1527936961.942453000	48.3597	408	1
1527936961.942508000	48.3598	274	1
1527936961.959220000	48.3765	74	0
1527936961.959981000	48.3772	74	0
1527936962.118719000	48.536	281	0
1527936962.119505000	48.5368	268	0
1527936962.119533000	48.5368	74	1
1527936962.122753000	48.54	312	0
1527936962.123483000	48.5407	200	0
1527936962.123511000	48.5408	74	1
1527936962.124154000	48.5414	112	0
1527936962.124312000	48.5416	112	1
1527936962.137596000	48.5549	74	0
1527936962.408296000	48.8256	394	1
1527936962.408375000	48.8256	275	1
1527936962.421446000	48.8387	74	0
1527936962.422153000	48.8394	74	0
1527936962.802134000	49.2194	283	0
1527936962.802812000	49.2201	274	0
1527936962.802838000	49.2201	74	1
1527936962.803906000	49.2212	235	0
1527936962.804567000	49.2218	254	0
1527936962.804588000	49.2219	74	1
1527936962.805332000	49.2226	112	0
1527936962.805454000	49.2227	112	1
1527936962.819071000	49.2363	74	0
1527936962.857283000	49.2745	484	1
1527936962.857363000	49.2746	276	1
1527936962.871312000	49.2886	74	0
1527936962.872116000	49.2894	74	0
1527936963.237940000	49.6552	283	0
1527936963.238589000	49.6559	227	0
1527936963.238608000	49.6559	74	1
1527936963.239360000	49.6566	174	0
1527936963.240139000	49.6574	319	0
1527936963.240162000	49.6574	74	1
1527936963.240783000	49.658	112	0
1527936963.240949000	49.6582	112	1
1527936963.255545000	49.6728	74	0
1527936963.901798000	50.3191	1271	1
1527936963.901848000	50.3191	273	1
1527936963.916499000	50.3338	74	0
1527936963.917172000	50.3344	74	0
1527936964.303144000	50.7204	281	0
1527936964.303812000	50.7211	397	0
1527936964.303833000	50.7211	74	1
1527936964.308546000	50.7258	123	0
1527936964.309229000	50.7265	355	0
1527936964.309261000	50.7265	74	1
1527936964.309937000	50.7272	112	0
1527936964.310068000	50.7273	112	1
1527936964.324020000	50.7413	74	0
1527936964.553569000	50.9708	421	1
1527936964.553625000	50.9709	273	1
1527936964.570148000	50.9874	74	0
1527936964.570803000	50.9881	74	0
1527936964.926597000	51.3439	283	0
1527936964.927314000	51.3446	213	0
1527936964.927338000	51.3446	74	1
1527936964.931203000	51.3485	239	0
1527936964.931939000	51.3492	196	0
1527936964.931961000	51.3492	74	1
1527936964.932649000	51.3499	112	0
1527936964.932807000	51.3501	112	1
1527936964.949012000	51.3663	74	0
1527936965.036423000	51.4537	394	1
1527936965.036508000	51.4538	276	1
1527936965.063191000	51.4805	74	0
1527936965.063919000	51.4812	74	0
1527936965.198518000	51.6158	283	0
1527936965.199214000	51.6165	284	0
1527936965.199229000	51.6165	74	1
1527936965.203541000	51.6208	146	0
1527936965.204267000	51.6215	314	0
1527936965.204286000	51.6215	74	1
1527936965.204998000	51.6223	112	0
1527936965.205215000	51.6225	112	1
1527936965.218703000	51.636	74	0
1527936965.472564000	51.8898	395	1
1527936965.472641000	51.8899	273	1
1527936965.485769000	51.903	74	0
1527936965.486494000	51.9038	74	0
1527936965.847063000	52.2643	283	0
1527936965.847803000	52.2651	290	0
1527936965.847837000	52.2651	74	1
1527936965.851371000	52.2686	190	0
1527936965.852113000	52.2694	267	0
1527936965.852133000	52.2694	74	1
1527936965.852786000	52.27	112	0
1527936965.852897000	52.2702	112	1
1527936965.866376000	52.2836	74	0
1527936965.973188000	52.3905	584	1
1527936965.973232000	52.3905	273	1
1527936965.987467000	52.4047	74	0
1527936965.988241000	52.4055	74	0
1527936966.358747000	52.776	281	0
1527936966.359467000	52.7767	185	0
1527936966.359487000	52.7768	74	1
1527936966.363463000	52.7807	306	0
1527936966.364164000	52.7814	151	0
1527936966.364186000	52.7814	74	1
1527936966.364894000	52.7822	112	0
1527936966.365038000	52.7823	112	1
1527936966.387535000	52.8048	74	0
1527936966.398418000	52.8157	393	1
1527936966.398497000	52.8158	274	1
1527936966.412412000	52.8297	74	0
1527936966.413143000	52.8304	74	0
1527936966.553448000	52.9707	281	0
1527936966.554159000	52.9714	282	0
1527936966.554187000	52.9715	74	1
1527936966.558765000	52.976	356	0
1527936966.559622000	52.9769	235	0
1527936966.559647000	52.9769	74	1
1527936966.560297000	52.9776	112	0
1527936966.560501000	52.9778	112	1
1527936966.582603000	52.9999	74	0
1527936966.954754000	53.372	396	1
1527936966.954800000	53.3721	275	1
1527936966.969492000	53.3868	74	0
1527936966.970291000	53.3876	74	0
1527936967.442725000	53.86	283	0
1527936967.443366000	53.8606	264	0
1527936967.443391000	53.8607	74	1
1527936967.445942000	53.8632	295	0
1527936967.446664000	53.8639	143	0
1527936967.446688000	53.864	74	1
1527936967.447349000	53.8646	112	0
1527936967.447480000	53.8647	112	1
1527936967.461411000	53.8787	74	0
1527936967.582764000	54	395	1
1527936967.582850000	54.0001	275	1
1527936967.597470000	54.0147	74	0
1527936967.598142000	54.0154	74	0
1527936967.967512000	54.3848	283	0
1527936967.968134000	54.3854	306	0
1527936967.968154000	54.3854	74	1
1527936967.973148000	54.3904	155	0
1527936967.973904000	54.3912	338	0
1527936967.973928000	54.3912	74	1
1527936967.974574000	54.3918	112	0
1527936967.974698000	54.392	112	1
1527936967.990846000	54.4081	74	0
1527936968.018612000	54.4359	394	1
1527936968.018688000	54.436	275	1
1527936968.035442000	54.4527	74	0
1527936968.036145000	54.4534	74	0
1527936968.219468000	54.6367	281	0
1527936968.220117000	54.6374	226	0
1527936968.220137000	54.6374	74	1
1527936968.225150000	54.6424	259	0
1527936968.225926000	54.6432	105	0
1527936968.225951000	54.6432	74	1
1527936968.226611000	54.6439	112	0
1527936968.226749000	54.644	112	1
1527936968.241242000	54.6585	74	0
1527936968.314577000	54.7318	398	1
1527936968.314662000	54.7319	273	1
1527936968.330012000	54.7473	74	0
1527936968.330731000	54.748	74	0
1527936968.698475000	55.1157	281	0
1527936968.699188000	55.1165	245	0
1527936968.699216000	55.1165	74	1
1527936968.703534000	55.1208	330	0
1527936968.704325000	55.1216	326	0
1527936968.704350000	55.1216	74	1
1527936968.705063000	55.1223	112	0
1527936968.705200000	55.1225	112	1
1527936968.719090000	55.1364	74	0
1527936968.755680000	55.1729	405	1
1527936968.755762000	55.173	273	1
1527936968.769697000	55.187	74	0
1527936968.770475000	55.1877	74	0
1527936969.131524000	55.5488	283	0
1527936969.132187000	55.5494	413	0
1527936969.132208000	55.5495	74	1
1527936969.136241000	55.5535	290	0
1527936969.137015000	55.5543	305	0
1527936969.137046000	55.5543	74	1
1527936969.137756000	55.555	112	0
1527936969.137892000	55.5552	112	1
1527936969.152366000	55.5696	74	0
1527936969.350775000	55.768	397	1
1527936969.350863000	55.7681	274	1
1527936969.364112000	55.7814	74	0
1527936969.365248000	55.7825	74	0
1527936969.741310000	56.1586	281	0
1527936969.741959000	56.1592	329	0
1527936969.741981000	56.1592	74	1
1527936969.744809000	56.1621	265	0
1527936969.745595000	56.1629	185	0
1527936969.745618000	56.1629	74	1
1527936969.746286000	56.1635	112	0
1527936969.746405000	56.1637	112	1
1527936969.760309000	56.1776	74	0
1527936969.797704000	56.215	483	1
1527936969.797758000	56.215	275	1
1527936969.811970000	56.2292	74	0
1527936969.812695000	56.23	74	0
1527936970.177723000	56.595	281	0
1527936970.178435000	56.5957	266	0
1527936970.178462000	56.5957	74	1
1527936970.181882000	56.5991	299	0
1527936970.182596000	56.5999	127	0
1527936970.182612000	56.5999	74	1
1527936970.183320000	56.6006	112	0
1527936970.183434000	56.6007	112	1
1527936970.198541000	56.6158	74	0
1527936970.411343000	56.8286	1270	1
1527936970.411393000	56.8287	274	1
1527936970.452220000	56.8695	74	0
1527936970.452936000	56.8702	74	0
1527936970.787066000	57.2043	280	0
1527936970.787796000	57.2051	358	0
1527936970.787822000	57.2051	74	1
1527936970.790047000	57.2073	315	0
1527936970.790712000	57.208	349	0
1527936970.790736000	57.208	74	1
1527936970.791437000	57.2087	112	0
1527936970.791581000	57.2088	112	1
1527936970.807146000	57.2244	74	0
1527936970.851241000	57.2685	420	1
1527936970.851285000	57.2685	273	1
1527936970.864638000	57.2819	74	0
1527936970.870092000	57.2874	74	0
1527936971.229366000	57.6466	281	0
1527936971.230030000	57.6473	361	0
1527936971.230052000	57.6473	74	1
1527936971.232253000	57.6495	232	0
1527936971.233036000	57.6503	131	0
1527936971.233054000	57.6503	74	1
1527936971.233691000	57.651	112	0
1527936971.233816000	57.6511	112	1
1527936971.248176000	57.6654	74	0
1527936971.259676000	57.6769	396	1
1527936971.259717000	57.677	276	1
1527936971.276553000	57.6938	74	0
1527936971.277215000	57.6945	74	0
1527936971.636554000	58.0538	283	0
1527936971.637215000	58.0545	318	0
1527936971.637233000	58.0545	74	1
1527936971.640676000	58.0579	312	0
1527936971.641397000	58.0587	282	0
1527936971.641417000	58.0587	74	1
1527936971.642090000	58.0594	112	0
1527936971.642201000	58.0595	112	1
1527936971.655375000	58.0726	74	0
1527936971.895166000	58.3124	394	1
1527936971.895249000	58.3125	276	1
1527936971.910781000	58.328	74	0
1527936971.911575000	58.3288	74	0
1527936972.286520000	58.7038	280	0
1527936972.287171000	58.7044	176	0
1527936972.287191000	58.7045	74	1
1527936972.291850000	58.7091	321	0
1527936972.292571000	58.7098	358	0
1527936972.292595000	58.7099	74	1
1527936972.293240000	58.7105	112	0
1527936972.293360000	58.7106	112	1
1527936972.307385000	58.7246	74	0
1527936972.829112000	59.2464	583	1
1527936972.829161000	59.2464	273	1
1527936972.843033000	59.2603	74	0
1527936972.843759000	59.261	74	0
1527936973.210437000	59.6277	283	0
1527936973.211157000	59.6284	177	0
1527936973.211178000	59.6284	74	1
1527936973.214673000	59.6319	134	0
1527936973.215483000	59.6327	259	0
1527936973.215515000	59.6328	74	1
1527936973.216232000	59.6335	112	0
1527936973.216396000	59.6337	112	1
1527936973.229793000	59.6471	74	0
1527936973.418212000	59.8355	394	1
1527936973.418299000	59.8356	276	1
1527936973.433232000	59.8505	74	0
1527936973.433987000	59.8512	74	0
1527936973.575738000	59.993	308	1
1527936973.575848000	59.9931	1434	1
1527936973.575853000	59.9931	1434	1
1527936973.575857000	59.9931	236	1
1527936973.575908000	59.9932	1434	1
1527936973.575914000	59.9932	598	1
1527936973.591155000	60.0084	74	0
1527936973.591798000	60.0091	74	0
1527936973.592520000	60.0098	74	0
1527936973.593310000	60.0106	74	0
1527936973.594030000	60.0113	74	0
1527936973.796397000	60.2137	283	0
1527936973.797064000	60.2143	281	0
1527936973.797091000	60.2144	74	1
1527936973.799296000	60.2166	257	0
1527936973.800052000	60.2173	276	0
1527936973.800077000	60.2173	74	1
1527936973.800700000	60.218	112	0
1527936973.800828000	60.2181	112	1
1527936973.815839000	60.2331	74	0
1527936973.976959000	60.3942	397	1
1527936973.977046000	60.3943	331	1
1527936973.990662000	60.4079	74	0
1527936973.991381000	60.4086	74	0
1527936974.060530000	60.4778	422	0
1527936974.067598000	60.4849	104	0
1527936974.067642000	60.4849	74	1
1527936974.068267000	60.4855	112	0
1527936974.068492000	60.4858	112	1
1527936974.081688000	60.499	74	0
1527936974.172462000	60.5897	281	0
1527936974.173117000	60.5904	373	0
1527936974.173135000	60.5904	74	1
1527936974.176844000	60.5941	315	0
1527936974.177601000	60.5949	159	0
1527936974.177623000	60.5949	74	1
1527936974.178279000	60.5955	112	0
1527936974.178418000	60.5957	112	1
1527936974.192038000	60.6093	74	0
1527936977.534337000	63.9516	374	1
1527936977.534421000	63.9517	1434	1
1527936977.534426000	63.9517	1434	1
1527936977.534429000	63.9517	236	1
1527936977.534460000	63.9517	1161	1
1527936977.547906000	63.9652	74	0
1527936977.549589000	63.9669	74	0
1527936977.550271000	63.9675	74	0
1527936977.551031000	63.9683	74	0
1527936977.897455000	64.3147	422	0
1527936977.903158000	64.3204	104	0
1527936977.903188000	64.3205	74	1
1527936977.903893000	64.3212	112	0
1527936977.904172000	64.3214	112	1
1527936977.917302000	64.3346	74	0
1527936978.685693000	65.103	394	1
1527936978.685739000	65.103	274	1
1527936978.699934000	65.1172	74	0
1527936978.700643000	65.1179	74	0
1527936979.063842000	65.4811	281	0
1527936979.064559000	65.4818	380	0
1527936979.064580000	65.4818	74	1
1527936979.067337000	65.4846	125	0
1527936979.068067000	65.4853	263	0
1527936979.068089000	65.4854	74	1
1527936979.068737000	65.486	112	0
1527936979.068878000	65.4861	112	1
1527936979.083708000	65.501	74	0
1527936979.261080000	65.6783	406	1
1527936979.261147000	65.6784	274	1
1527936979.275010000	65.6923	74	0
1527936979.275794000	65.6931	74	0
1527936979.635826000	66.0531	283	0
1527936979.636487000	66.0538	297	0
1527936979.636509000	66.0538	74	1
1527936979.639544000	66.0568	215	0
1527936979.640313000	66.0576	224	0
1527936979.640336000	66.0576	74	1
1527936979.640988000	66.0583	112	0
1527936979.641122000	66.0584	112	1
1527936979.654360000	66.0716	74	0
1527936979.808084000	66.2253	395	1
1527936979.808171000	66.2254	276	1
1527936979.822064000	66.2393	74	0
1527936979.822793000	66.2401	74	0
1527936980.191477000	66.6087	281	0
1527936980.192133000	66.6094	321	0
1527936980.192154000	66.6094	74	1
1527936980.196329000	66.6136	176	0
1527936980.197055000	66.6143	321	0
1527936980.197077000	66.6143	74	1
1527936980.197727000	66.615	112	0
1527936980.197844000	66.6151	112	1
1527936980.223490000	66.6408	74	0
1527936980.321954000	66.7392	487	1
1527936980.322041000	66.7393	277	1
1527936980.335582000	66.7528	74	0
1527936980.336344000	66.7536	74	0
1527936980.536295000	66.9536	1185	1
1527936980.536382000	66.9536	1434	1
1527936980.536387000	66.9536	1434	1
1527936980.536391000	66.9537	236	1
1527936980.536445000	66.9537	1434	1
1527936980.536453000	66.9537	1434	1
1527936980.536456000	66.9537	236	1
1527936980.536515000	66.9538	1434	1
1527936980.536521000	66.9538	1434	1
1527936980.536524000	66.9538	236	1
1527936980.536580000	66.9538	1434	1
1527936980.536585000	66.9538	1434	1
1527936980.536588000	66.9539	236	1
1527936980.550612000	66.9679	74	0
1527936980.550866000	66.9681	1434	1
1527936980.550873000	66.9681	1434	1
1527936980.550876000	66.9681	1434	1
1527936980.550879000	66.9681	1434	1
1527936980.550883000	66.9681	1434	1
1527936980.550886000	66.9681	802	1
1527936980.551396000	66.9687	74	0
1527936980.552119000	66.9694	74	0
1527936980.552840000	66.9701	74	0
1527936980.553564000	66.9708	74	0
1527936980.554208000	66.9715	74	0
1527936980.554928000	66.9722	74	0
1527936980.555717000	66.973	74	0
1527936980.556438000	66.9737	74	0
1527936980.570429000	66.9877	74	0
1527936980.571580000	66.9888	74	0
1527936980.572427000	66.9897	74	0
1527936980.573142000	66.9904	74	0
1527936980.693771000	67.111	283	0
1527936980.694496000	67.1118	403	0
1527936980.694527000	67.1118	74	1
1527936980.697720000	67.115	146	0
1527936980.698497000	67.1158	180	0
1527936980.698518000	67.1158	74	1
1527936980.699174000	67.1164	112	0
1527936980.699316000	67.1166	112	1
1527936980.714679000	67.1319	74	0
1527936980.751686000	67.1689	425	1
1527936980.751740000	67.169	274	1
1527936980.765953000	67.1832	74	0
1527936980.976529000	67.3938	420	0
1527936980.982182000	67.3994	104	0
1527936980.982222000	67.3995	74	1
1527936980.982880000	67.4001	112	0
1527936980.983029000	67.4003	112	1
1527936980.996856000	67.4141	74	0
1527936981.180469000	67.5977	281	0
1527936981.181121000	67.5984	178	0
1527936981.181139000	67.5984	74	1
1527936981.184400000	67.6017	248	0
1527936981.185122000	67.6024	166	0
1527936981.185146000	67.6024	74	1
1527936981.185861000	67.6031	112	0
1527936981.185983000	67.6032	112	1
1527936981.200132000	67.6174	74	0
1527936981.230769000	67.648	394	1
1527936981.230859000	67.6481	277	1
1527936981.247074000	67.6643	74	0
1527936981.247786000	67.665	74	0
1527936981.412305000	67.8296	280	0
1527936981.413032000	67.8303	325	0
1527936981.413052000	67.8303	74	1
1527936981.415393000	67.8327	357	0
1527936981.416123000	67.8334	163	0
1527936981.416136000	67.8334	74	1
1527936981.416859000	67.8341	112	0
1527936981.417010000	67.8343	112	1
1527936981.431055000	67.8483	74	0
1527936981.566062000	67.9833	396	1
1527936981.566150000	67.9834	276	1
1527936981.581334000	67.9986	74	0
1527936981.582053000	67.9993	74	0
1527936981.944338000	68.3616	283	0
1527936981.945002000	68.3623	344	0
1527936981.945026000	68.3623	74	1
1527936981.950574000	68.3678	204	0
1527936981.951295000	68.3686	344	0
1527936981.951320000	68.3686	74	1
1527936981.951968000	68.3692	112	0
1527936981.952112000	68.3694	112	1
1527936981.965593000	68.3829	74	0
1527936982.052792000	68.4701	585	1
1527936982.052864000	68.4701	274	1
1527936982.067148000	68.4844	74	0
1527936982.067928000	68.4852	74	0
1527936982.430501000	68.8478	283	0
1527936982.431212000	68.8485	412	0
1527936982.431244000	68.8485	74	1
1527936982.435742000	68.853	213	0
1527936982.436546000	68.8538	312	0
1527936982.436568000	68.8538	74	1
1527936982.437232000	68.8545	112	0
1527936982.437399000	68.8547	112	1
1527936982.450325000	68.8676	74	0
1527936982.767904000	69.1852	394	1
1527936982.767947000	69.1852	274	1
1527936982.781965000	69.1992	74	0
1527936982.782721000	69.2	74	0
1527936983.140109000	69.5574	281	0
1527936983.140840000	69.5581	400	0
1527936983.140862000	69.5581	74	1
1527936983.144305000	69.5616	143	0
1527936983.145029000	69.5623	223	0
1527936983.145049000	69.5623	74	1
1527936983.145773000	69.563	112	0
1527936983.145918000	69.5632	112	1
1527936983.161327000	69.5786	74	0
1527936983.214673000	69.6319	394	1
1527936983.214759000	69.632	277	1
1527936983.229348000	69.6466	74	0
1527936983.230064000	69.6473	74	0
1527936983.608463000	70.0257	283	0
1527936983.609112000	70.0264	270	0
1527936983.609133000	70.0264	74	1
1527936983.612229000	70.0295	164	0
1527936983.613011000	70.0303	197	0
1527936983.613036000	70.0303	74	1
1527936983.613667000	70.0309	112	0
1527936983.613898000	70.0312	112	1
1527936983.627217000	70.0445	74	0
1527936983.724994000	70.1423	394	1
1527936983.725044000	70.1423	274	1
1527936983.739377000	70.1566	74	0
1527936983.740099000	70.1574	74	0
1527936984.102299000	70.5196	281	0
1527936984.103016000	70.5203	231	0
1527936984.103041000	70.5203	74	1
1527936984.105668000	70.5229	294	0
1527936984.106371000	70.5236	278	0
1527936984.106399000	70.5237	74	1
1527936984.107114000	70.5244	112	0
1527936984.107246000	70.5245	112	1
1527936984.121371000	70.5386	74	0
1527936984.161047000	70.5783	394	1
1527936984.161103000	70.5784	276	1
1527936984.177334000	70.5946	74	0
1527936984.178058000	70.5953	74	0
1527936984.312258000	70.7295	281	0
1527936984.312963000	70.7302	334	0
1527936984.312988000	70.7303	74	1
1527936984.316316000	70.7336	364	0
1527936984.317034000	70.7343	204	0
1527936984.317060000	70.7343	74	1
1527936984.317707000	70.735	112	0
1527936984.317838000	70.7351	112	1
1527936984.331717000	70.749	74	0
1527936984.833353000	71.2506	394	1
1527936984.833408000	71.2507	276	1
1527936984.846636000	71.2639	74	0
1527936984.847356000	71.2646	74	0
1527936985.227671000	71.6449	281	0
1527936985.228401000	71.6457	233	0
1527936985.228429000	71.6457	74	1
1527936985.232530000	71.6498	124	0
1527936985.233203000	71.6505	234	0
1527936985.233227000	71.6505	74	1
1527936985.233932000	71.6512	112	0
1527936985.234088000	71.6514	112	1
1527936985.247418000	71.6647	74	0
1527936985.298187000	71.7155	410	1
1527936985.298242000	71.7155	278	1
1527936985.312711000	71.73	74	0
1527936985.313458000	71.7307	74	0
1527936985.693027000	72.1103	280	0
1527936985.693752000	72.111	269	0
1527936985.693789000	72.1111	74	1
1527936985.697830000	72.1151	302	0
1527936985.698546000	72.1158	235	0
1527936985.698575000	72.1158	74	1
1527936985.699223000	72.1165	112	0
1527936985.699352000	72.1166	112	1
1527936985.712423000	72.1297	74	0
1527936985.752016000	72.1693	397	1
1527936985.752101000	72.1694	517	1
1527936985.765931000	72.1832	74	0
1527936985.766710000	72.184	74	0
1527936986.137420000	72.5547	284	0
1527936986.138068000	72.5553	233	0
1527936986.138087000	72.5554	74	1
1527936986.141569000	72.5588	124	0
1527936986.142242000	72.5595	223	0
1527936986.142266000	72.5595	74	1
1527936986.142948000	72.5602	112	0
1527936986.143086000	72.5603	112	1
1527936986.157559000	72.5748	74	0
1527936986.386302000	72.8036	484	1
1527936986.386380000	72.8036	274	1
1527936986.399973000	72.8172	74	0
1527936986.400747000	72.818	74	0
1527936986.765186000	73.1824	281	0
1527936986.765902000	73.1832	272	0
1527936986.765934000	73.1832	74	1
1527936986.770243000	73.1875	297	0
1527936986.770951000	73.1882	323	0
1527936986.770975000	73.1882	74	1
1527936986.771791000	73.1891	112	0
1527936986.771929000	73.1892	112	1
1527936986.785157000	73.2024	74	0
1527936986.812095000	73.2294	1274	1
1527936986.812143000	73.2294	277	1
1527936986.845458000	73.2627	74	0
1527936986.846145000	73.2634	74	0
1527936986.979248000	73.3965	283	0
1527936986.979971000	73.3972	350	0
1527936986.980001000	73.3973	74	1
1527936986.982584000	73.3998	156	0
1527936986.983366000	73.4006	325	0
1527936986.983391000	73.4007	74	1
1527936986.984042000	73.4013	112	0
1527936986.984155000	73.4014	112	1
1527936986.998215000	73.4155	74	0
1527936987.090153000	73.5074	422	1
1527936987.090238000	73.5075	277	1
1527936987.103976000	73.5212	74	0
1527936987.104758000	73.522	74	0
1527936987.485252000	73.9025	283	0
1527936987.485942000	73.9032	308	0
1527936987.485963000	73.9032	74	1
1527936987.489434000	73.9067	230	0
1527936987.490150000	73.9074	152	0
1527936987.490176000	73.9074	74	1
1527936987.490851000	73.9081	112	0
1527936987.491055000	73.9083	112	1
1527936987.504140000	73.9214	74	0
1527936987.752572000	74.1698	398	1
1527936987.752618000	74.1699	279	1
1527936987.766226000	74.1835	74	0
1527936987.766997000	74.1843	74	0
1527936988.126693000	74.544	283	0
1527936988.127414000	74.5447	253	0
1527936988.127444000	74.5447	74	1
1527936988.131147000	74.5484	345	0
1527936988.131928000	74.5492	298	0
1527936988.131955000	74.5492	74	1
1527936988.132596000	74.5499	112	0
1527936988.132723000	74.55	112	1
1527936988.146666000	74.5639	74	0
1527936988.186426000	74.6037	588	1
1527936988.186474000	74.6037	280	1
1527936988.200986000	74.6182	74	0
1527936988.201701000	74.619	74	0
1527936988.341670000	74.7589	281	0
1527936988.342407000	74.7597	412	0
1527936988.342430000	74.7597	74	1
1527936988.345541000	74.7628	223	0
1527936988.346236000	74.7635	304	0
1527936988.346261000	74.7635	74	1
1527936988.346966000	74.7642	112	0
1527936988.347074000	74.7643	112	1
1527936988.363895000	74.7812	74	0
1527936988.507513000	74.9248	393	1
1527936988.507601000	74.9249	278	1
1527936988.521237000	74.9385	74	0
1527936988.522003000	74.9393	74	0
1527936988.876224000	75.2935	281	0
1527936988.876949000	75.2942	356	0
1527936988.876977000	75.2942	74	1
1527936988.878578000	75.2958	298	0
1527936988.879298000	75.2966	177	0
1527936988.879331000	75.2966	74	1
1527936988.880040000	75.2973	112	0
1527936988.880205000	75.2975	112	1
1527936988.896682000	75.3139	74	0
1527936989.134325000	75.5516	393	1
1527936989.134413000	75.5517	278	1
1527936989.148252000	75.5655	74	0
1527936989.149019000	75.5663	74	0
1527936989.524558000	75.9418	281	0
1527936989.525325000	75.9426	329	0
1527936989.525358000	75.9426	74	1
1527936989.529794000	75.9471	328	0
1527936989.530513000	75.9478	138	0
1527936989.530536000	75.9478	74	1
1527936989.531201000	75.9485	112	0
1527936989.531321000	75.9486	112	1
1527936989.546858000	75.9641	74	0
1527936989.616019000	76.0333	394	1
1527936989.616094000	76.0334	278	1
1527936989.629486000	76.0467	74	0
1527936989.630210000	76.0475	74	0
1527936989.775333000	76.1926	280	0
1527936989.776225000	76.1935	248	0
1527936989.776256000	76.1935	74	1
1527936989.780368000	76.1976	324	0
1527936989.781103000	76.1984	341	0
1527936989.781137000	76.1984	74	1
1527936989.781903000	76.1992	112	0
1527936989.782037000	76.1993	112	1
1527936989.795870000	76.2131	74	0
1527936989.823264000	76.2405	396	1
1527936989.823339000	76.2406	276	1
1527936989.846216000	76.2635	74	0
1527936989.846997000	76.2643	74	0
1527936990.260543000	76.6778	283	0
1527936990.261235000	76.6785	178	0
1527936990.261270000	76.6785	74	1
1527936990.264409000	76.6817	336	0
1527936990.265180000	76.6824	110	0
1527936990.265214000	76.6825	74	1
1527936990.265933000	76.6832	112	0
1527936990.266175000	76.6834	112	1
1527936990.279723000	76.697	74	0
1527936990.589601000	77.0069	395	1
1527936990.589676000	77.0069	278	1
1527936990.603561000	77.0208	74	0
1527936990.604361000	77.0216	74	0
1527936990.995380000	77.4126	281	0
1527936990.996055000	77.4133	309	0
1527936990.996084000	77.4133	74	1
1527936991.000690000	77.418	223	0
1527936991.001415000	77.4187	336	0
1527936991.001439000	77.4187	74	1
1527936991.002102000	77.4194	112	0
1527936991.002215000	77.4195	112	1
1527936991.015656000	77.4329	74	0
1527936991.126500000	77.5438	406	1
1527936991.126579000	77.5438	277	1
1527936991.140101000	77.5574	74	0
1527936991.140809000	77.5581	74	0
1527936991.518860000	77.9361	280	0
1527936991.519514000	77.9368	365	0
1527936991.519540000	77.9368	74	1
1527936991.524151000	77.9414	311	0
1527936991.524875000	77.9421	271	0
1527936991.524902000	77.9422	74	1
1527936991.525600000	77.9429	112	0
1527936991.525729000	77.943	112	1
1527936991.539335000	77.9566	74	0
1527936991.606792000	78.0241	397	1
1527936991.606849000	78.0241	278	1
1527936991.619925000	78.0372	74	0
1527936991.620616000	78.0379	74	0
1527936991.766899000	78.1842	283	0
1527936991.767622000	78.1849	392	0
1527936991.767647000	78.1849	74	1
1527936991.772378000	78.1896	191	0
1527936991.773112000	78.1904	281	0
1527936991.773138000	78.1904	74	1
1527936991.773834000	78.1911	112	0
1527936991.773976000	78.1912	112	1
1527936991.787887000	78.2052	74	0
1527936991.831358000	78.2486	483	1
1527936991.831435000	78.2487	276	1
1527936991.847780000	78.265	74	0
1527936991.848497000	78.2658	74	0
1527936992.019777000	78.437	281	0
1527936992.020439000	78.4377	282	0
1527936992.020468000	78.4377	74	1
1527936992.027027000	78.4443	340	0
1527936992.027748000	78.445	218	0
1527936992.027773000	78.445	74	1
1527936992.028408000	78.4457	112	0
1527936992.028544000	78.4458	112	1
1527936992.042648000	78.4599	74	0
1527936992.300567000	78.7178	1272	1
1527936992.300631000	78.7179	275	1
1527936992.317488000	78.7348	74	0
1527936992.318175000	78.7354	74	0
1527936992.678344000	79.0956	283	0
1527936992.679089000	79.0964	344	0
1527936992.679118000	79.0964	74	1
1527936992.682275000	79.0995	359	0
1527936992.683050000	79.1003	251	0
1527936992.683075000	79.1003	74	1
1527936992.683731000	79.101	112	0
1527936992.683869000	79.1011	112	1
1527936992.698472000	79.1157	74	0
1527936992.716518000	79.1338	422	1
1527936992.716573000	79.1338	276	1
1527936992.730065000	79.1473	74	0
1527936992.730786000	79.148	74	0
1527936993.084321000	79.5016	280	0
1527936993.085040000	79.5023	201	0
1527936993.085066000	79.5023	74	1
1527936993.088774000	79.506	328	0
1527936993.089490000	79.5068	214	0
1527936993.089523000	79.5068	74	1
1527936993.090235000	79.5075	112	0
1527936993.090351000	79.5076	112	1
1527936993.103552000	79.5208	74	0
1527936993.219915000	79.6372	393	1
1527936993.219962000	79.6372	280	1
1527936993.233818000	79.6511	74	0
1527936993.234546000	79.6518	74	0
1527936993.372100000	79.7894	283	0
1527936993.372750000	79.79	224	0
1527936993.372773000	79.79	74	1
1527936993.375326000	79.7926	240	0
1527936993.376072000	79.7933	261	0
1527936993.376098000	79.7934	74	1
1527936993.376718000	79.794	112	0
1527936993.376836000	79.7941	112	1
1527936993.392846000	79.8101	74	0
1527936993.595587000	80.0129	395	1
1527936993.595642000	80.0129	275	1
1527936993.609171000	80.0264	74	0
1527936993.609876000	80.0271	74	0
1527936993.969690000	80.387	281	0
1527936993.970406000	80.3877	219	0
1527936993.970434000	80.3877	74	1
1527936993.973141000	80.3904	207	0
1527936993.973867000	80.3911	309	0
1527936993.973888000	80.3912	74	1
1527936993.974539000	80.3918	112	0
1527936993.974671000	80.3919	112	1
1527936993.988698000	80.406	74	0
1527936994.007357000	80.4246	584	1
1527936994.007432000	80.4247	278	1
1527936994.021143000	80.4384	74	0
1527936994.031999000	80.4493	74	0
1527936994.381867000	80.7991	281	0
1527936994.382522000	80.7998	339	0
1527936994.382561000	80.7998	74	1
1527936994.385764000	80.803	310	0
1527936994.386423000	80.8037	305	0
1527936994.386451000	80.8037	74	1
1527936994.387160000	80.8044	112	0
1527936994.387290000	80.8046	112	1
1527936994.402075000	80.8193	74	0
1527936994.484710000	80.902	394	1
1527936994.484753000	80.902	278	1
1527936994.498511000	80.9158	74	0
1527936994.499167000	80.9164	74	0
1527936994.633572000	81.0508	280	0
1527936994.634232000	81.0515	180	0
1527936994.634255000	81.0515	74	1
1527936994.637580000	81.0548	167	0
1527936994.638275000	81.0555	318	0
1527936994.638297000	81.0556	74	1
1527936994.639068000	81.0563	112	0
1527936994.639209000	81.0565	112	1
1527936994.653244000	81.0705	74	0
1527936995.115915000	81.5332	392	1
1527936995.115970000	81.5332	276	1
1527936995.132319000	81.5496	74	0
1527936995.133042000	81.5503	74	0
1527936995.274605000	81.6919	281	0
1527936995.275388000	81.6927	311	0
1527936995.275415000	81.6927	74	1
1527936995.279399000	81.6967	190	0
1527936995.280150000	81.6974	267	0
1527936995.280172000	81.6974	74	1
1527936995.280891000	81.6982	112	0
1527936995.281014000	81.6983	112	1
1527936995.295038000	81.7123	74	0
1527936995.421646000	81.8389	394	1
1527936995.421689000	81.839	275	1
1527936995.435945000	81.8532	74	0
1527936995.436628000	81.8539	74	0
1527936995.570451000	81.9877	283	0
1527936995.571222000	81.9885	200	0
1527936995.571241000	81.9885	74	1
1527936995.573892000	81.9912	253	0
1527936995.574615000	81.9919	199	0
1527936995.574638000	81.9919	74	1
1527936995.575368000	81.9926	112	0
1527936995.575492000	81.9928	112	1
1527936995.590454000	82.0077	74	0
1527936995.904806000	82.3221	399	1
1527936995.904887000	82.3221	280	1
1527936995.919315000	82.3366	74	0
1527936995.919987000	82.3372	74	0
1527936996.275437000	82.6927	280	0
1527936996.276223000	82.6935	276	0
1527936996.276245000	82.6935	74	1
1527936996.279969000	82.6972	195	0
1527936996.280688000	82.698	131	0
1527936996.280714000	82.698	74	1
1527936996.281386000	82.6986	112	0
1527936996.281518000	82.6988	112	1
1527936996.294872000	82.7121	74	0
1527936996.327545000	82.7448	396	1
1527936996.327587000	82.7448	276	1
1527936996.342195000	82.7595	74	0
1527936996.342968000	82.7602	74	0
1527936996.702152000	83.1194	280	0
1527936996.702829000	83.1201	334	0
1527936996.702855000	83.1201	74	1
1527936996.706045000	83.1233	250	0
1527936996.706770000	83.124	294	0
1527936996.706795000	83.1241	74	1
1527936996.707444000	83.1247	112	0
1527936996.707552000	83.1248	112	1
1527936996.723965000	83.1412	74	0
1527936996.845068000	83.2623	409	1
1527936996.845112000	83.2624	279	1
1527936996.859197000	83.2765	74	0
1527936996.860000000	83.2773	74	0
1527936996.991684000	83.4089	283	0
1527936996.992434000	83.4097	233	0
1527936996.992465000	83.4097	74	1
1527936996.995459000	83.4127	214	0
1527936996.996188000	83.4135	312	0
1527936996.996211000	83.4135	74	1
1527936996.996920000	83.4142	112	0
1527936996.997127000	83.4144	112	1
1527936997.012551000	83.4298	74	0
1527936997.291011000	83.7083	488	1
1527936997.291088000	83.7084	277	1
1527936997.305590000	83.7229	74	0
1527936997.306367000	83.7236	74	0
1527936997.440363000	83.8576	281	0
1527936997.441011000	83.8583	220	0
1527936997.441032000	83.8583	74	1
1527936997.444228000	83.8615	303	0
1527936997.444981000	83.8622	108	0
1527936997.445008000	83.8623	74	1
1527936997.445776000	83.863	112	0
1527936997.445899000	83.8632	112	1
1527936997.460131000	83.8774	74	0
1527936997.606041000	84.0233	1274	1
1527936997.606122000	84.0234	278	1
1527936997.621089000	84.0384	74	0
1527936997.621814000	84.0391	74	0
1527936997.984557000	84.4018	283	0
1527936997.985345000	84.4026	230	0
1527936997.985375000	84.4026	74	1
1527936997.988158000	84.4054	197	0
1527936997.988938000	84.4062	325	0
1527936997.988964000	84.4062	74	1
1527936997.989602000	84.4069	112	0
1527936997.989711000	84.407	112	1
1527936998.004166000	84.4214	74	0
1527936998.126000000	84.5433	421	1
1527936998.126074000	84.5433	279	1
1527936998.140518000	84.5578	74	0
1527936998.141224000	84.5585	74	0
1527936998.278108000	84.6954	283	0
1527936998.278800000	84.6961	385	0
1527936998.278824000	84.6961	74	1
1527936998.283329000	84.7006	300	0
1527936998.283997000	84.7013	327	0
1527936998.284013000	84.7013	74	1
1527936998.284723000	84.702	112	0
1527936998.284861000	84.7021	112	1
1527936998.298798000	84.7161	74	0
1527936998.545215000	84.9625	394	1
1527936998.545291000	84.9626	277	1
1527936998.559081000	84.9763	74	0
1527936998.561043000	84.9783	74	0
1527936998.788250000	85.2055	283	0
1527936998.788946000	85.2062	313	0
1527936998.788978000	85.2062	74	1
1527936998.793310000	85.2106	233	0
1527936998.794033000	85.2113	189	0
1527936998.794056000	85.2113	74	1
1527936998.794712000	85.212	112	0
1527936998.794850000	85.2121	112	1
1527936998.808142000	85.2254	74	0
1527936998.905035000	85.3223	394	1
1527936998.905114000	85.3224	276	1
1527936998.919116000	85.3364	74	0
1527936998.919770000	85.337	74	0
1527936999.072201000	85.4895	281	0
1527936999.072906000	85.4902	302	0
1527936999.072929000	85.4902	74	1
1527936999.076697000	85.494	324	0
1527936999.077427000	85.4947	306	0
1527936999.077453000	85.4947	74	1
1527936999.078144000	85.4954	112	0
1527936999.078411000	85.4957	112	1
1527936999.091676000	85.5089	74	0
1527936999.340869000	85.7581	584	1
1527936999.340917000	85.7582	280	1
1527936999.358586000	85.7758	74	0
1527936999.365669000	85.7829	74	0
1527936999.738768000	86.156	284	0
1527936999.739490000	86.1568	174	0
1527936999.739515000	86.1568	74	1
1527936999.743810000	86.1611	236	0
1527936999.744530000	86.1618	137	0
1527936999.744555000	86.1618	74	1
1527936999.745242000	86.1625	112	0
1527936999.745388000	86.1627	112	1
1527936999.758868000	86.1761	74	0
1527936999.871932000	86.2892	398	1
1527936999.872019000	86.2893	275	1
1527936999.887486000	86.3047	74	0
1527936999.888150000	86.3054	74	0
1527937000.270842000	86.6881	283	0
1527937000.271545000	86.6888	174	0
1527937000.271570000	86.6888	74	1
1527937000.274722000	86.692	293	0
1527937000.275507000	86.6928	323	0
1527937000.275534000	86.6928	74	1
1527937000.276254000	86.6935	112	0
1527937000.276371000	86.6936	112	1
1527937000.291712000	86.709	74	0
1527937000.409198000	86.8265	394	1
1527937000.409260000	86.8265	277	1
1527937000.423487000	86.8407	74	0
1527937000.424201000	86.8415	74	0
1527937000.597495000	87.0148	284	0
1527937000.598154000	87.0154	342	0
1527937000.598175000	87.0154	74	1
1527937000.601748000	87.019	197	0
1527937000.602546000	87.0198	118	0
1527937000.602567000	87.0198	74	1
1527937000.603220000	87.0205	112	0
1527937000.603417000	87.0207	112	1
1527937000.619360000	87.0366	74	0
1527937000.930080000	87.3473	394	1
1527937000.930135000	87.3474	278	1
1527937000.944128000	87.3614	74	0
1527937000.944793000	87.3621	74	0
1527937001.303418000	87.7207	280	0
1527937001.304119000	87.7214	213	0
1527937001.304149000	87.7214	74	1
1527937001.308027000	87.7253	223	0
1527937001.308723000	87.726	129	0
1527937001.308754000	87.726	74	1
1527937001.309468000	87.7267	112	0
1527937001.309672000	87.7269	112	1
1527937001.322903000	87.7402	74	0
1527937001.330899000	87.7482	393	1
1527937001.330975000	87.7482	276	1
1527937001.344719000	87.762	74	0
1527937001.345440000	87.7627	74	0
1527937001.682676000	88.0999	283	0
1527937001.683322000	88.1006	239	0
1527937001.683342000	88.1006	74	1
1527937001.687252000	88.1045	310	0
1527937001.687990000	88.1053	158	0
1527937001.688019000	88.1053	74	1
1527937001.688738000	88.106	112	0
1527937001.688872000	88.1061	112	1
1527937001.704148000	88.1214	74	0
1527937001.808069000	88.2253	394	1
1527937001.808158000	88.2254	279	1
1527937001.822519000	88.2398	74	0
1527937001.823230000	88.2405	74	0
1527937002.171795000	88.5891	281	0
1527937002.172447000	88.5897	207	0
1527937002.172468000	88.5897	74	1
1527937002.176777000	88.594	270	0
1527937002.177495000	88.5948	298	0
1527937002.177520000	88.5948	74	1
1527937002.178169000	88.5954	112	0
1527937002.178279000	88.5955	112	1
1527937002.191556000	88.6088	74	0
1527937002.209860000	88.6271	397	1
1527937002.209941000	88.6272	276	1
1527937002.225644000	88.6429	74	0
1527937002.226373000	88.6436	74	0
1527937002.571758000	88.989	281	0
1527937002.572453000	88.9897	422	0
1527937002.572483000	88.9897	74	1
1527937002.579818000	88.9971	314	0
1527937002.580531000	88.9978	136	0
1527937002.580564000	88.9978	74	1
1527937002.581210000	88.9985	112	0
1527937002.581335000	88.9986	112	1
1527937002.595629000	89.0129	74	0
1527937002.723279000	89.1405	410	1
1527937002.723336000	89.1406	280	1
1527937002.737394000	89.1547	74	0
1527937002.738145000	89.1554	74	0
1527937003.090135000	89.5074	281	0
1527937003.090772000	89.508	282	0
1527937003.090794000	89.5081	74	1
1527937003.095778000	89.513	193	0
1527937003.096508000	89.5138	212	0
1527937003.096532000	89.5138	74	1
1527937003.097189000	89.5145	112	0
1527937003.097338000	89.5146	112	1
1527937003.110773000	89.528	74	0
1527937003.176403000	89.5937	486	1
1527937003.176460000	89.5937	519	1
1527937003.189946000	89.6072	74	0
1527937003.190673000	89.6079	74	0
1527937003.553496000	89.9708	283	0
1527937003.554147000	89.9714	181	0
1527937003.554162000	89.9714	74	1
1527937003.558910000	89.9762	200	0
1527937003.559660000	89.9769	216	0
1527937003.559686000	89.9769	74	1
1527937003.560731000	89.978	112	0
1527937003.560867000	89.9781	112	1
1527937003.575378000	89.9926	74	0
1527937003.591010000	90.0083	1275	1
1527937003.591080000	90.0083	457	1
1527937003.606142000	90.0234	74	0
1527937003.606868000	90.0241	74	0
1527937003.946715000	90.364	283	0
1527937003.947431000	90.3647	201	0
1527937003.947458000	90.3647	74	1
1527937003.951298000	90.3686	215	0
1527937003.952032000	90.3693	186	0
1527937003.952056000	90.3693	74	1
1527937003.952754000	90.37	112	0
1527937003.952908000	90.3702	112	1
1527937003.969938000	90.3872	74	0
1527937004.157224000	90.5745	421	1
1527937004.157305000	90.5746	276	1
1527937004.170783000	90.588	74	0
1527937004.171507000	90.5888	74	0
1527937004.513563000	90.9308	283	0
1527937004.514198000	90.9315	257	0
1527937004.514219000	90.9315	74	1
1527937004.517704000	90.935	338	0
1527937004.518424000	90.9357	354	0
1527937004.518446000	90.9357	74	1
1527937004.519158000	90.9364	112	0
1527937004.519292000	90.9366	112	1
1527937004.532736000	90.95	74	0
1527937004.720427000	91.1377	395	1
1527937004.720483000	91.1377	276	1
1527937004.734273000	91.1515	74	0
1527937004.734979000	91.1522	74	0
1527937005.074980000	91.4922	281	0
1527937005.075781000	91.493	364	0
1527937005.075809000	91.4931	74	1
1527937005.079609000	91.4969	277	0
1527937005.080313000	91.4976	142	0
1527937005.080343000	91.4976	74	1
1527937005.081056000	91.4983	112	0
1527937005.081268000	91.4985	112	1
1527937005.094710000	91.512	74	0
1527937005.196346000	91.6136	587	1
1527937005.196395000	91.6137	281	1
1527937005.213008000	91.6303	74	0
1527937005.213755000	91.631	74	0
1527937005.558950000	91.9762	283	0
1527937005.559615000	91.9769	271	0
1527937005.559634000	91.9769	74	1
1527937005.564635000	91.9819	302	0
1527937005.565428000	91.9827	232	0
1527937005.565448000	91.9827	74	1
1527937005.566077000	91.9833	112	0
1527937005.566226000	91.9835	112	1
1527937005.580026000	91.9973	74	0
1527937005.615476000	92.0327	394	1
1527937005.615557000	92.0328	276	1
1527937005.629813000	92.0471	74	0
1527937005.640466000	92.0577	74	0
1527937005.973851000	92.3911	283	0
1527937005.974494000	92.3918	401	0
1527937005.974517000	92.3918	74	1
1527937005.978396000	92.3957	289	0
1527937005.979057000	92.3963	169	0
1527937005.979082000	92.3963	74	1
1527937005.979819000	92.3971	112	0
1527937005.979943000	92.3972	112	1
1527937005.993134000	92.4104	74	0
1527937006.092346000	92.5096	398	1
1527937006.092433000	92.5097	279	1
1527937006.107051000	92.5243	74	0
1527937006.107771000	92.525	74	0
1527937006.318009000	92.7353	308	1
1527937006.318114000	92.7354	1434	1
1527937006.318118000	92.7354	1434	1
1527937006.318121000	92.7354	236	1
1527937006.318158000	92.7354	1434	1
1527937006.318162000	92.7354	325	1
1527937006.334824000	92.7521	74	0
1527937006.335538000	92.7528	74	0
1527937006.336321000	92.7536	74	0
1527937006.337042000	92.7543	74	0
1527937006.451607000	92.8689	281	0
1527937006.452274000	92.8695	235	0
1527937006.452303000	92.8696	74	1
1527937006.455469000	92.8727	276	0
1527937006.456141000	92.8734	310	0
1527937006.456165000	92.8734	74	1
1527937006.456940000	92.8742	112	0
1527937006.457154000	92.8744	112	1
1527937006.470818000	92.8881	74	0
1527937006.540313000	92.9576	397	1
1527937006.540370000	92.9576	271	1
1527937006.553918000	92.9712	74	0
1527937006.554637000	92.9719	74	0
1527937006.675845000	93.0931	421	0
1527937006.682385000	93.0996	104	0
1527937006.682433000	93.0997	74	1
1527937006.683108000	93.1004	112	0
1527937006.683210000	93.1005	112	1
1527937006.696482000	93.1137	74	0
1527937006.911032000	93.3283	280	0
1527937006.911685000	93.3289	402	0
1527937006.911704000	93.329	74	1
1527937006.916443000	93.3337	125	0
1527937006.917113000	93.3344	250	0
1527937006.917141000	93.3344	74	1
1527937006.917846000	93.3351	112	0
1527937006.917970000	93.3352	112	1
1527937006.931103000	93.3484	74	0
1527937006.967120000	93.3844	393	1
1527937006.967168000	93.3844	271	1
1527937006.981180000	93.3984	74	0
1527937006.981955000	93.3992	74	0
1527937007.327598000	93.7449	284	0
1527937007.328254000	93.7455	227	0
1527937007.328273000	93.7455	74	1
1527937007.331360000	93.7486	219	0
1527937007.332138000	93.7494	169	0
1527937007.332164000	93.7494	74	1
1527937007.332857000	93.7501	112	0
1527937007.332997000	93.7503	112	1
1527937007.347381000	93.7646	74	0
1527937007.449106000	93.8664	395	1
1527937007.449190000	93.8665	279	1
1527937007.462504000	93.8798	74	0
1527937007.463171000	93.8804	74	0
1527937007.822189000	94.2395	283	0
1527937007.822882000	94.2401	386	0
1527937007.822903000	94.2402	74	1
1527937007.826474000	94.2437	295	0
1527937007.827163000	94.2444	147	0
1527937007.827184000	94.2444	74	1
1527937007.827882000	94.2451	112	0
1527937007.828028000	94.2453	112	1
1527937007.850542000	94.2678	74	0
1527937008.002609000	94.4199	411	1
1527937008.002654000	94.4199	277	1
1527937008.016045000	94.4333	74	0
1527937008.016765000	94.434	74	0
1527937008.360393000	94.7777	283	0
1527937008.361037000	94.7783	195	0
1527937008.361058000	94.7783	74	1
1527937008.365148000	94.7824	212	0
1527937008.365928000	94.7832	179	0
1527937008.365952000	94.7832	74	1
1527937008.366601000	94.7839	112	0
1527937008.366749000	94.784	112	1
1527937008.381133000	94.7984	74	0
1527937008.476459000	94.8937	395	1
1527937008.476504000	94.8938	277	1
1527937008.492340000	94.9096	74	0
1527937008.493062000	94.9103	74	0
1527937008.834607000	95.2519	284	0
1527937008.835343000	95.2526	278	0
1527937008.835373000	95.2526	74	1
1527937008.840585000	95.2578	116	0
1527937008.841311000	95.2586	290	0
1527937008.841337000	95.2586	74	1
1527937008.841983000	95.2592	112	0
1527937008.842117000	95.2594	112	1
1527937008.856403000	95.2737	74	0
1527937008.916194000	95.3335	488	1
1527937008.916248000	95.3335	278	1
1527937008.930264000	95.3475	74	0
1527937008.931046000	95.3483	74	0
1527937009.294127000	95.7114	280	0
1527937009.294800000	95.7121	184	0
1527937009.294821000	95.7121	74	1
1527937009.298869000	95.7161	229	0
1527937009.299518000	95.7168	179	0
1527937009.299534000	95.7168	74	1
1527937009.300290000	95.7176	112	0
1527937009.300402000	95.7177	112	1
1527937009.315170000	95.7324	74	0
1527937009.332314000	95.7496	1269	1
1527937009.332369000	95.7496	277	1
1527937009.347091000	95.7644	74	0
1527937009.347810000	95.7651	74	0
1527937009.690676000	96.1079	283	0
1527937009.691417000	96.1087	402	0
1527937009.691438000	96.1087	74	1
1527937009.694893000	96.1122	338	0
1527937009.695684000	96.1129	145	0
1527937009.695707000	96.113	74	1
1527937009.696359000	96.1136	112	0
1527937009.696479000	96.1137	112	1
1527937009.710377000	96.1276	74	0
1527937009.873524000	96.2908	422	1
1527937009.873580000	96.2908	278	1
1527937009.887163000	96.3044	74	0
1527937009.887937000	96.3052	74	0
1527937010.033123000	96.4504	308	1
1527937010.033225000	96.4505	1434	1
1527937010.033230000	96.4505	1434	1
1527937010.033233000	96.4505	236	1
1527937010.033299000	96.4506	1434	1
1527937010.033304000	96.4506	1423	1
1527937010.046492000	96.4638	74	0
1527937010.048487000	96.4657	74	0
1527937010.049155000	96.4664	74	0
1527937010.049932000	96.4672	74	0
1527937010.050648000	96.4679	74	0
1527937010.227258000	96.6445	283	0
1527937010.228021000	96.6453	238	0
1527937010.228043000	96.6453	74	1
1527937010.232021000	96.6493	360	0
1527937010.232742000	96.65	123	0
1527937010.232766000	96.65	74	1
1527937010.233416000	96.6507	112	0
1527937010.233561000	96.6508	112	1
1527937010.247325000	96.6646	74	0
1527937010.344824000	96.7621	588	1
1527937010.344911000	96.7622	276	1
1527937010.358834000	96.7761	74	0
1527937010.359551000	96.7768	74	0
1527937010.453537000	96.8708	421	0
1527937010.460307000	96.8776	104	0
1527937010.460341000	96.8776	74	1
1527937010.461055000	96.8783	112	0
1527937010.461206000	96.8785	112	1
1527937010.475150000	96.8924	74	0
1527937010.696690000	97.114	284	0
1527937010.697357000	97.1146	400	0
1527937010.697377000	97.1146	74	1
1527937010.701120000	97.1184	298	0
1527937010.701845000	97.1191	208	0
1527937010.701871000	97.1191	74	1
1527937010.702566000	97.1198	112	0
1527937010.702719000	97.12	112	1
1527937010.716072000	97.1333	74	0
1527937010.814718000	97.232	395	1
1527937010.814769000	97.232	279	1
1527937010.830078000	97.2473	74	0
1527937010.830803000	97.2481	74	0
1527937011.190459000	97.6077	281	0
1527937011.191109000	97.6084	209	0
1527937011.191125000	97.6084	74	1
1527937011.195048000	97.6123	237	0
1527937011.195849000	97.6131	336	0
1527937011.195873000	97.6131	74	1
1527937011.196523000	97.6138	112	0
1527937011.196642000	97.6139	112	1
1527937011.210638000	97.6279	74	0
1527937011.848078000	98.2653	394	1
1527937011.848133000	98.2654	276	1
1527937011.861693000	98.279	74	0
1527937011.862393000	98.2797	74	0
1527937012.204590000	98.6219	280	0
1527937012.205289000	98.6226	221	0
1527937012.205309000	98.6226	74	1
1527937012.210152000	98.6274	253	0
1527937012.210921000	98.6282	353	0
1527937012.210943000	98.6282	74	1
1527937012.211606000	98.6289	112	0
1527937012.211744000	98.629	112	1
1527937012.225726000	98.643	74	0
1527937012.294558000	98.7118	397	1
1527937012.294600000	98.7119	279	1
1527937012.310610000	98.7279	74	0
1527937012.311361000	98.7286	74	0
1527937012.667803000	99.0851	281	0
1527937012.668447000	99.0857	233	0
1527937012.668469000	99.0857	74	1
1527937012.672418000	99.0897	190	0
1527937012.673140000	99.0904	218	0
1527937012.673161000	99.0904	74	1
1527937012.673818000	99.0911	112	0
1527937012.673960000	99.0912	112	1
1527937012.687551000	99.1048	74	0
1527937012.953121000	99.3704	398	1
1527937012.953206000	99.3705	281	1
1527937012.967076000	99.3843	74	0
1527937012.967801000	99.3851	74	0
1527937013.311039000	99.7283	281	0
1527937013.311672000	99.7289	272	0
1527937013.311695000	99.729	74	1
1527937013.313901000	99.7312	362	0
1527937013.314620000	99.7319	199	0
1527937013.314643000	99.7319	74	1
1527937013.315334000	99.7326	112	0
1527937013.315483000	99.7327	112	1
1527937013.329788000	99.7471	74	0
1527937013.480861000	99.8981	394	1
1527937013.480948000	99.8982	276	1
1527937013.495844000	99.9131	74	0
1527937013.496500000	99.9138	74	0
1527937013.833919000	100.251	283	0
1527937013.834620000	100.252	397	0
1527937013.834641000	100.252	74	1
1527937013.838121000	100.255	142	0
1527937013.838844000	100.256	179	0
1527937013.838865000	100.256	74	1
1527937013.839522000	100.257	112	0
1527937013.839663000	100.257	112	1
1527937013.848421000	100.266	395	1
1527937013.848506000	100.266	277	1
1527937013.852920000	100.27	74	0
1527937013.862498000	100.28	74	0
1527937013.863188000	100.28	74	0
1527937014.203693000	100.621	280	0
1527937014.204346000	100.622	408	0
1527937014.204364000	100.622	74	1
1527937014.207520000	100.625	356	0
1527937014.208252000	100.626	331	0
1527937014.208278000	100.626	74	1
1527937014.208959000	100.626	112	0
1527937014.209109000	100.626	112	1
1527937014.222752000	100.64	74	0
1527937014.527663000	100.945	386	1
1527937014.527758000	100.945	1434	1
1527937014.527763000	100.945	1434	1
1527937014.527766000	100.945	236	1
1527937014.527817000	100.945	1434	1
1527937014.527821000	100.945	889	1
1527937014.542106000	100.959	74	0
1527937014.542819000	100.96	74	0
1527937014.544893000	100.962	74	0
1527937014.545636000	100.963	74	0
1527937014.546494000	100.964	74	0
1527937014.874180000	101.291	423	0
1527937014.880894000	101.298	104	0
1527937014.880925000	101.298	74	1
1527937014.881579000	101.299	112	0
1527937014.881841000	101.299	112	1
1527937014.895151000	101.312	74	0
1527937015.000316000	101.418	395	1
1527937015.000402000	101.418	276	1
1527937015.013723000	101.431	74	0
1527937015.014457000	101.432	74	0
1527937015.370642000	101.788	281	0
1527937015.371288000	101.789	357	0
1527937015.371313000	101.789	74	1
1527937015.374829000	101.792	272	0
1527937015.375624000	101.793	169	0
1527937015.375646000	101.793	74	1
1527937015.376307000	101.794	112	0
1527937015.376442000	101.794	112	1
1527937015.391349000	101.809	74	0
1527937015.437448000	101.855	486	1
1527937015.437493000	101.855	280	1
1527937015.451199000	101.868	74	0
1527937015.451963000	101.869	74	0
1527937015.800693000	102.218	281	0
1527937015.801332000	102.219	218	0
1527937015.801362000	102.219	74	1
1527937015.804413000	102.222	196	0
1527937015.805146000	102.222	322	0
1527937015.805174000	102.222	74	1
1527937015.805878000	102.223	112	0
1527937015.806028000	102.223	112	1
1527937015.821012000	102.238	74	0
1527937015.909542000	102.327	1270	1
1527937015.909593000	102.327	276	1
1527937015.925891000	102.343	74	0
1527937015.926603000	102.344	74	0
1527937016.374619000	102.792	283	0
1527937016.375343000	102.793	263	0
1527937016.375371000	102.793	74	1
1527937016.379151000	102.796	275	0
1527937016.379922000	102.797	328	0
1527937016.379947000	102.797	74	1
1527937016.380593000	102.798	112	0
1527937016.380732000	102.798	112	1
1527937016.394858000	102.812	74	0
1527937016.424247000	102.842	425	1
1527937016.424320000	102.842	395	1
1527937016.438239000	102.856	74	0
1527937016.439016000	102.856	74	0
1527937016.776812000	103.194	283	0
1527937016.777447000	103.195	405	0
1527937016.777468000	103.195	74	1
1527937016.781226000	103.198	283	0
1527937016.782010000	103.199	282	0
1527937016.782033000	103.199	74	1
1527937016.782690000	103.2	112	0
1527937016.782807000	103.2	112	1
1527937016.796316000	103.214	74	0
