1527924871.990202000	0	295	1
1527924872.102494000	0.112292	87	0
1527924872.449545000	0.459343	347	0
1527924872.450203000	0.460001	1412	0
1527924872.450876000	0.460674	1412	0
1527924872.451551000	0.461349	1412	0
1527924872.451784000	0.461582	107	1
1527924872.452191000	0.461989	180	0
1527924872.452894000	0.462692	1412	0
1527924872.453570000	0.463368	1412	0
1527924872.453771000	0.463569	101	1
1527924872.454245000	0.464043	1412	0
1527924872.454885000	0.464683	188	0
1527924872.455566000	0.465364	685	0
1527924872.455782000	0.46558	110	1
1527924872.463266000	0.473064	1412	0
1527924872.463922000	0.47372	1412	0
1527924872.464578000	0.474376	694	0
1527924872.469596000	0.479394	1412	0
1527924872.470251000	0.480049	1412	0
1527924872.470924000	0.480722	1412	0
1527924872.475797000	0.485595	113	1
1527924872.503608000	0.513406	1193	0
1527924872.504272000	0.51407	1412	0
1527924872.504721000	0.514519	101	1
1527924872.504826000	0.514624	101	1
1527924872.504942000	0.51474	1412	0
1527924872.505045000	0.514843	101	1
1527924872.506998000	0.516796	1412	0
1527924872.507329000	0.517127	101	1
1527924872.507707000	0.517505	1412	0
1527924872.508393000	0.518191	1412	0
1527924872.509785000	0.519583	104	1
1527924872.510426000	0.520224	1412	0
1527924872.511102000	0.5209	1412	0
1527924872.511773000	0.521571	104	1
1527924872.511781000	0.521579	1412	0
1527924872.513758000	0.523556	101	1
1527924872.516522000	0.52632	1412	0
1527924872.516620000	0.526418	103	1
1527924872.518616000	0.528414	1412	0
1527924872.518794000	0.528592	105	1
1527924872.519283000	0.529081	1412	0
1527924872.519379000	0.529177	107	1
1527924872.527756000	0.537554	1412	0
1527924872.528408000	0.538206	921	0
1527924872.529016000	0.538814	109	1
1527924872.529076000	0.538874	109	1
1527924872.543986000	0.553784	347	0
1527924872.544890000	0.554688	109	1
1527924872.564162000	0.57396	1412	0
1527924872.564401000	0.574199	109	1
1527924872.615942000	0.62574	190	0
1527924872.616669000	0.626467	1412	0
1527924872.617344000	0.627142	1412	0
1527924872.617791000	0.627589	115	1
1527924872.656286000	0.666084	1412	0
1527924872.656924000	0.666722	688	0
1527924872.657673000	0.667471	1412	0
1527924872.663943000	0.673741	129	1
1527924872.664561000	0.674359	1412	0
1527924872.665203000	0.675001	262	0
1527924872.665906000	0.675704	1412	0
1527924872.666577000	0.676375	1412	0
1527924872.666771000	0.676569	118	1
1527924872.667255000	0.677053	1412	0
1527924872.668776000	0.678574	109	1
1527924872.674115000	0.683913	897	0
1527924872.674794000	0.684592	1412	0
1527924872.675469000	0.685267	1412	0
1527924872.677328000	0.687126	115	1
1527924872.815043000	0.824841	98	1
1527924872.815944000	0.825742	85	0
1527924872.942957000	0.952755	332	1
1527924872.943049000	0.952847	1412	1
1527924872.943085000	0.952883	906	1
1527924872.949552000	0.95935	219	1
1527924872.956239000	0.966037	87	0
1527924872.971905000	0.981703	87	0
1527924873.024289000	1.03409	87	0
1527924873.140995000	1.15079	399	0
1527924873.142826000	1.15262	110	1
1527924873.143497000	1.1533	80	0
1527924873.144805000	1.1546	98	1
1527924873.187005000	1.1968	217	1
1527924873.319036000	1.32883	87	0
1527924873.468117000	1.47792	331	0
1527924873.468803000	1.4786	1412	0
1527924873.469479000	1.47928	1412	0
1527924873.469852000	1.47965	107	1
1527924873.470152000	1.47995	1412	0
1527924873.470809000	1.48061	180	0
1527924873.471499000	1.4813	1412	0
1527924873.471816000	1.48161	104	1
1527924873.472168000	1.48197	1412	0
1527924873.472838000	1.48264	1071	0
1527924873.473814000	1.48361	101	1
1527924873.480429000	1.49023	92	0
1527924873.481102000	1.4909	173	0
1527924873.481825000	1.49162	101	1
1527924873.539760000	1.54956	378	0
1527924873.540443000	1.55024	1116	0
1527924873.542223000	1.55202	98	1
1527924873.543830000	1.55363	98	1
1527924873.551036000	1.56083	92	0
1527924873.551694000	1.56149	235	0
1527924873.566901000	1.5767	101	1
1527924873.572357000	1.58215	395	1
1527924873.711805000	1.7216	87	0
1527924873.738777000	1.74857	278	0
1527924873.739444000	1.74924	556	0
1527924873.760075000	1.76987	101	1
1527924873.763281000	1.77308	98	1
1527924873.894172000	1.90397	279	1
1527924873.894237000	1.90404	144	1
1527924873.919951000	1.92975	87	0
1527924873.976108000	1.98591	758	1
1527924873.976180000	1.98598	190	1
1527924873.984980000	1.99478	1412	0
1527924873.985641000	1.99544	1412	0
1527924873.986316000	1.99611	1412	0
1527924873.986863000	1.99666	107	1
1527924873.986968000	1.99677	627	0
1527924873.987741000	1.99754	92	0
1527924873.988439000	1.99824	305	0
1527924873.988846000	1.99864	104	1
1527924874.094233000	2.10403	87	0
1527924874.219653000	2.22945	590	0
1527924874.220293000	2.23009	92	0
1527924874.220972000	2.23077	272	0
1527924874.239439000	2.24924	101	1
1527924874.240870000	2.25067	101	1
1527924874.817193000	2.82699	230	1
1527924874.963459000	2.97326	87	0
1527924875.087290000	3.09709	318	0
1527924875.088088000	3.09789	1412	0
1527924875.088815000	3.09861	997	0
1527924875.089369000	3.09917	101	1
1527924875.089565000	3.09936	92	0
1527924875.090250000	3.10005	287	0
1527924875.090907000	3.10071	107	1
1527924875.161492000	3.17129	1412	1
1527924875.161566000	3.17136	979	1
1527924875.161630000	3.17143	843	1
1527924875.179114000	3.18891	87	0
1527924875.201103000	3.2109	551	0
1527924875.203071000	3.21287	101	1
1527924875.946262000	3.95606	1374	1
1527924875.946402000	3.9562	1412	1
1527924875.946547000	3.95635	1412	1
1527924875.946572000	3.95637	1412	1
1527924875.946610000	3.95641	1412	1
1527924875.946664000	3.95646	1412	1
1527924875.946689000	3.95649	1412	1
1527924875.946726000	3.95652	1412	1
1527924875.946776000	3.95657	1412	1
1527924875.946813000	3.95661	1412	1
1527924875.946865000	3.95666	1412	1
1527924875.947981000	3.95778	1412	1
1527924875.948027000	3.95782	1412	1
1527924875.950004000	3.9598	1271	1
1527924875.962703000	3.9725	87	0
1527924875.966391000	3.97619	87	0
1527924875.969975000	3.97977	87	0
1527924876.222836000	4.23263	398	0
1527924876.223587000	4.23339	107	1
1527924876.226937000	4.23674	80	0
1527924876.241201000	4.251	98	1
1527924877.878890000	5.88869	334	1
1527924877.878972000	5.88877	1412	1
1527924877.878995000	5.88879	981	1
1527924877.887791000	5.89759	225	1
1527924877.887883000	5.89768	1412	1
1527924877.887921000	5.89772	1412	1
1527924877.887948000	5.89775	758	1
1527924877.893542000	5.90334	251	1
1527924877.896200000	5.906	87	0
1527924877.902520000	5.91232	101	1
1527924877.906085000	5.91588	87	0
1527924877.929843000	5.93964	87	0
1527924877.941906000	5.9517	104	0
1527924877.945509000	5.95531	107	1
1527924878.037788000	6.04759	402	0
1527924878.040615000	6.05041	80	0
1527924878.076642000	6.08644	98	1
1527924878.078265000	6.08806	98	1
1527924878.273457000	6.28326	548	0
1527924878.274091000	6.28389	303	0
1527924878.274788000	6.28459	197	0
1527924878.276457000	6.28626	98	1
1527924878.278811000	6.28861	118	1
1527924878.281644000	6.29144	253	1
1527924878.297862000	6.30766	87	0
1527924878.652013000	6.66181	958	0
1527924878.652623000	6.66242	1412	0
1527924878.653304000	6.6631	1412	0
1527924878.653975000	6.66377	1412	0
1527924878.654235000	6.66403	110	1
1527924878.654645000	6.66444	180	0
1527924878.655352000	6.66515	1412	0
1527924878.656019000	6.66582	1353	0
1527924878.656701000	6.6665	1412	0
1527924878.657283000	6.66708	107	1
1527924878.657372000	6.66717	1412	0
1527924878.658119000	6.66792	1412	0
1527924878.658760000	6.66856	188	0
1527924878.659273000	6.66907	104	1
1527924878.659455000	6.66925	1219	0
1527924878.661227000	6.67103	98	1
1527924878.696418000	6.70622	1412	0
1527924878.697073000	6.70687	1412	0
1527924878.697898000	6.7077	1412	0
1527924878.698531000	6.70833	198	0
1527924878.699233000	6.70903	1412	0
1527924878.699889000	6.70969	739	0
1527924878.700581000	6.71038	1412	0
1527924878.701201000	6.711	104	1
1527924878.701277000	6.71108	1412	0
1527924878.701959000	6.71176	1412	0
1527924878.702597000	6.71239	188	0
1527924878.703283000	6.71308	750	0
1527924878.703975000	6.71377	1412	0
1527924878.704265000	6.71406	122	1
1527924878.704648000	6.71445	1412	0
1527924878.705322000	6.71512	1412	0
1527924878.705984000	6.71578	1081	0
1527924878.706273000	6.71607	101	1
1527924878.706664000	6.71646	1412	0
1527924878.707337000	6.71713	1412	0
1527924878.708061000	6.71786	1412	0
1527924878.708241000	6.71804	107	1
1527924878.708704000	6.7185	190	0
1527924878.709404000	6.7192	1412	0
1527924878.710050000	6.71985	183	0
1527924878.710215000	6.72001	104	1
1527924878.710752000	6.72055	1412	0
1527924878.711424000	6.72122	1412	0
1527924878.712100000	6.7219	1412	0
1527924878.713317000	6.72311	101	1
1527924878.714732000	6.72453	1303	0
1527924878.715222000	6.72502	101	1
1527924878.715445000	6.72524	1412	0
1527924878.716126000	6.72592	1412	0
1527924878.716802000	6.7266	1412	0
1527924878.717222000	6.72702	104	1
1527924878.717461000	6.72726	1072	0
1527924878.718355000	6.72815	1412	0
1527924878.719027000	6.72883	1299	0
1527924878.719270000	6.72907	104	1
1527924878.719707000	6.72951	1412	0
1527924878.720380000	6.73018	1412	0
1527924878.721033000	6.73083	668	0
1527924878.721215000	6.73101	104	1
1527924878.721723000	6.73152	1412	0
1527924878.722395000	6.73219	1412	0
1527924878.723042000	6.73284	336	0
1527924878.723707000	6.73351	150	0
1527924878.731945000	6.74174	104	1
1527924878.734233000	6.74403	98	1
1527924879.943331000	7.95313	308	1
1527924879.943420000	7.95322	144	1
1527924879.960483000	7.97028	87	0
1527924880.020337000	8.03014	1412	0
1527924880.021000000	8.0308	1412	0
1527924880.021676000	8.03147	1412	0
1527924880.022328000	8.03213	563	0
1527924880.022368000	8.03217	104	1
1527924880.023015000	8.03281	92	0
1527924880.023698000	8.0335	249	0
1527924880.024350000	8.03415	107	1
1527924881.061335000	9.07113	383	1
1527924881.061424000	9.07122	294	1
1527924881.063639000	9.07344	307	1
1527924881.063714000	9.07351	1412	1
1527924881.063739000	9.07354	1412	1
1527924881.063760000	9.07356	969	1
1527924881.077938000	9.08774	87	0
1527924881.081544000	9.09134	87	0
1527924881.122826000	9.13262	404	1
1527924881.139719000	9.14952	87	0
1527924881.323183000	9.33298	396	0
1527924881.325367000	9.33517	101	1
1527924881.328959000	9.33876	80	0
1527924881.330363000	9.34016	98	1
1527924881.342236000	9.35203	1412	1
1527924881.342311000	9.35211	1412	1
1527924881.342347000	9.35214	260	1
1527924881.342407000	9.35221	842	1
1527924881.346312000	9.35611	291	0
1527924881.346998000	9.3568	1400	0
1527924881.347722000	9.35752	513	0
1527924881.348368000	9.35817	104	1
1527924881.348480000	9.35828	592	0
1527924881.349163000	9.35896	635	0
1527924881.350361000	9.36016	101	1
1527924881.350511000	9.36031	467	0
1527924881.351257000	9.36106	697	0
1527924881.352393000	9.36219	101	1
1527924881.353313000	9.36311	484	0
1527924881.354060000	9.36386	835	0
1527924881.354926000	9.36472	649	0
1527924881.355348000	9.36515	104	1
1527924881.356351000	9.36615	519	0
1527924881.357789000	9.36759	449	0
1527924881.358346000	9.36814	101	1
1527924881.359110000	9.36891	701	0
1527924881.360353000	9.37015	98	1
1527924881.361545000	9.37134	616	0
1527924881.363344000	9.37314	98	1
1527924881.363661000	9.37346	1130	0
1527924881.364326000	9.37412	583	0
1527924881.365059000	9.37486	689	0
1527924881.365346000	9.37514	104	1
1527924881.380947000	9.39075	498	0
1527924881.382367000	9.39216	98	1
1527924881.388695000	9.39849	92	0
1527924881.389436000	9.39923	144	0
1527924881.390113000	9.39991	281	0
1527924881.390750000	9.40055	104	1
1527924881.390772000	9.40057	103	0
1527924881.392354000	9.40215	98	1
1527924881.392712000	9.40251	223	0
1527924881.394348000	9.40415	98	1
1527924882.072967000	10.0828	995	1
1527924882.073043000	10.0828	109	1
1527924882.078917000	10.0887	307	1
1527924882.080960000	10.0908	484	1
1527924882.081003000	10.0908	87	1
1527924882.089670000	10.0995	87	0
1527924882.095116000	10.1049	87	0
1527924882.337348000	10.3471	260	0
1527924882.338097000	10.3479	151	0
1527924882.339435000	10.3492	107	1
1527924882.340843000	10.3506	92	0
1527924882.341574000	10.3514	166	0
1527924882.342569000	10.3524	101	1
1527924882.359763000	10.3696	275	0
1527924882.360412000	10.3702	103	0
1527924882.361406000	10.3712	101	1
1527924882.364653000	10.3745	92	0
1527924882.365320000	10.3751	184	0
1527924882.366497000	10.3763	101	1
1527924882.559156000	10.569	312	0
1527924882.559815000	10.5696	141	0
1527924882.561513000	10.5713	101	1
1527924882.564175000	10.574	92	0
1527924882.564850000	10.5746	311	0
1527924882.565438000	10.5752	101	1
1527924883.481883000	11.4917	396	1
1527924883.481958000	11.4918	258	1
1527924883.484925000	11.4947	424	1
1527924883.484993000	11.4948	94	1
1527924883.502021000	11.5118	87	0
1527924883.748357000	11.7582	261	0
1527924883.748963000	11.7588	368	0
1527924883.750532000	11.7603	104	1
1527924883.753477000	11.7633	141	0
1527924883.755565000	11.7654	98	1
1527924883.979600000	11.9894	376	1
1527924883.979728000	11.9895	1412	1
1527924883.979752000	11.9896	1412	1
1527924883.979790000	11.9896	1412	1
1527924883.979841000	11.9896	1412	1
1527924883.979864000	11.9897	1412	1
1527924883.979903000	11.9897	1412	1
1527924883.979932000	11.9897	1412	1
1527924883.979970000	11.9898	1412	1
1527924883.980021000	11.9898	1412	1
1527924883.980056000	11.9899	1412	1
1527924883.980108000	11.9899	1412	1
1527924883.980130000	11.9899	1412	1
1527924883.980177000	11.99	1412	1
1527924883.981594000	11.9914	1412	1
1527924883.981652000	11.9915	1412	1
1527924883.981692000	11.9915	1412	1
1527924883.981729000	11.9915	1412	1
1527924883.981792000	11.9916	1412	1
1527924883.981835000	11.9916	1412	1
1527924883.983542000	11.9933	1412	1
1527924883.983588000	11.9934	1412	1
1527924883.983623000	11.9934	1412	1
1527924883.983660000	11.9935	1412	1
1527924883.983702000	11.9935	1412	1
1527924883.983755000	11.9936	1412	1
1527924883.985658000	11.9955	1412	1
1527924883.985698000	11.9955	1412	1
1527924883.985760000	11.9956	1412	1
1527924883.985807000	11.9956	1412	1
1527924883.985841000	11.9956	1412	1
1527924883.985877000	11.9957	1412	1
1527924883.985914000	11.9957	1412	1
1527924883.987593000	11.9974	1412	1
1527924883.987649000	11.9974	751	1
1527924883.996470000	12.0063	87	0
1527924883.999251000	12.009	87	0
1527924884.002769000	12.0126	87	0
1527924884.004600000	12.0144	100	0
1527924884.006578000	12.0164	107	1
1527924884.006699000	12.0165	87	0
1527924884.027698000	12.0375	278	0
1527924884.028326000	12.0381	146	0
1527924884.029593000	12.0394	104	1
1527924884.032042000	12.0418	92	0
1527924884.032715000	12.0425	130	0
1527924884.033520000	12.0433	101	1
1527924884.221004000	12.2308	365	1
1527924884.221732000	12.2315	299	1
1527924884.239129000	12.2489	87	0
1527924884.248044000	12.2578	377	1
1527924884.271222000	12.281	87	0
1527924884.304078000	12.3139	399	0
1527924884.305575000	12.3154	104	1
1527924884.310652000	12.3205	80	0
1527924884.312546000	12.3223	98	1
1527924884.349292000	12.3591	397	1
1527924884.349370000	12.3592	260	1
1527924884.366201000	12.376	87	0
1527924884.369432000	12.3792	87	0
1527924884.487262000	12.4971	327	0
1527924884.488101000	12.4979	118	0
1527924884.488796000	12.4986	554	0
1527924884.489479000	12.4993	803	0
1527924884.489594000	12.4994	110	1
1527924884.490162000	12.5	279	0
1527924884.490835000	12.5006	279	0
1527924884.491498000	12.5013	92	0
1527924884.492179000	12.502	201	0
1527924884.492558000	12.5024	110	1
1527924884.492924000	12.5027	92	0
1527924884.493603000	12.5034	184	0
1527924884.494265000	12.5041	92	0
1527924884.494605000	12.5044	104	1
1527924884.494941000	12.5047	178	0
1527924884.496574000	12.5064	98	1
1527924884.622971000	12.6328	245	0
1527924884.623632000	12.6334	146	0
1527924884.624602000	12.6344	101	1
1527924884.627784000	12.6376	92	0
1527924884.628468000	12.6383	165	0
1527924884.629561000	12.6394	101	1
1527924884.802256000	12.8121	397	1
1527924884.802343000	12.8121	263	1
1527924884.818398000	12.8282	87	0
1527924884.952168000	12.962	239	0
1527924884.952767000	12.9626	146	0
1527924884.953604000	12.9634	104	1
1527924884.956538000	12.9663	92	0
1527924884.957275000	12.9671	250	0
1527924884.958578000	12.9684	101	1
1527924885.260336000	13.2701	398	1
1527924885.260404000	13.2702	264	1
1527924885.277860000	13.2877	87	0
1527924885.559910000	13.5697	259	0
1527924885.560566000	13.5704	146	0
1527924885.561694000	13.5715	104	1
1527924885.565281000	13.5751	92	0
1527924885.566029000	13.5758	128	0
1527924885.566605000	13.5764	101	1
1527924885.677518000	13.6873	513	1
1527924885.677581000	13.6874	263	1
1527924885.694517000	13.7043	87	0
1527924885.962087000	13.9719	267	0
1527924885.962750000	13.9725	146	0
1527924885.963640000	13.9734	104	1
1527924885.966519000	13.9763	92	0
1527924885.967197000	13.977	186	0
1527924885.968637000	13.9784	101	1
1527924886.057122000	14.0669	878	1
1527924886.057184000	14.067	255	1
1527924886.074705000	14.0845	87	0
1527924886.361459000	14.3713	328	0
1527924886.362073000	14.3719	146	0
1527924886.363729000	14.3735	104	1
1527924886.366049000	14.3758	92	0
1527924886.366732000	14.3765	289	0
1527924886.367645000	14.3774	101	1
1527924886.527207000	14.537	991	1
1527924886.527298000	14.5371	262	1
1527924886.546823000	14.5566	87	0
1527924886.683683000	14.6935	232	0
1527924886.684388000	14.6942	146	0
1527924886.685732000	14.6955	104	1
1527924886.687745000	14.6975	92	0
1527924886.688441000	14.6982	239	0
1527924886.689666000	14.6995	101	1
1527924887.004164000	15.014	396	1
1527924887.004250000	15.014	266	1
1527924887.020381000	15.0302	87	0
1527924887.304628000	15.3144	300	0
1527924887.305279000	15.3151	146	0
1527924887.306714000	15.3165	104	1
1527924887.307872000	15.3177	92	0
1527924887.308551000	15.3183	167	0
1527924887.309782000	15.3196	101	1
1527924887.483271000	15.4931	398	1
1527924887.483367000	15.4932	253	1
1527924887.501446000	15.5112	87	0
1527924887.764294000	15.7741	235	0
1527924887.765310000	15.7751	148	0
1527924887.765761000	15.7756	104	1
1527924887.768419000	15.7782	92	0
1527924887.769727000	15.7795	99	0
1527924887.769786000	15.7796	98	1
1527924887.771746000	15.7815	98	1
1527924888.584247000	16.594	397	1
1527924888.584313000	16.5941	256	1
1527924888.601504000	16.6113	87	0
1527924888.874268000	16.8841	256	0
1527924888.874928000	16.8847	148	0
1527924888.875818000	16.8856	101	1
1527924888.877518000	16.8873	92	0
1527924888.877789000	16.8876	101	1
1527924888.878233000	16.888	279	0
1527924888.879911000	16.8897	98	1
1527924889.062486000	17.0723	393	1
1527924889.062548000	17.0723	260	1
1527924889.078632000	17.0884	87	0
1527924889.331856000	17.3417	256	0
1527924889.332589000	17.3424	148	0
1527924889.333919000	17.3437	104	1
1527924889.336369000	17.3462	92	0
1527924889.337105000	17.3469	155	0
1527924889.337862000	17.3477	101	1
1527924889.478230000	17.488	396	1
1527924889.478318000	17.4881	261	1
1527924889.507869000	17.5177	87	0
1527924889.769362000	17.7792	324	0
1527924889.770059000	17.7799	148	0
1527924889.770854000	17.7807	104	1
1527924889.773502000	17.7833	92	0
1527924889.774185000	17.784	267	0
1527924889.774838000	17.7846	101	1
1527924889.915348000	17.9251	395	1
1527924889.915442000	17.9252	250	1
1527924889.932622000	17.9424	87	0
1527924890.188760000	18.1986	233	0
1527924890.189492000	18.1993	148	0
1527924890.190972000	18.2008	104	1
1527924890.192916000	18.2027	92	0
1527924890.193670000	18.2035	270	0
1527924890.194871000	18.2047	101	1
1527924892.570661000	20.5805	392	1
1527924892.570715000	20.5805	256	1
1527924892.587850000	20.5976	87	0
1527924892.593591000	20.6034	87	0
1527924892.734204000	20.744	324	1
1527924892.734303000	20.7441	1412	1
1527924892.734340000	20.7441	1412	1
1527924892.734368000	20.7442	1412	1
1527924892.734389000	20.7442	240	1
1527924892.753216000	20.763	87	0
1527924892.772006000	20.7818	87	0
1527924892.844536000	20.8543	258	0
1527924892.845189000	20.855	148	0
1527924892.846820000	20.8566	107	1
1527924892.850020000	20.8598	92	0
1527924892.850700000	20.8605	283	0
1527924892.851812000	20.8616	101	1
1527924892.922876000	20.9327	393	1
1527924892.923035000	20.9328	250	1
1527924892.939451000	20.9492	87	0
1527924893.002955000	21.0128	390	0
1527924893.004835000	21.0146	101	1
1527924893.009341000	21.0191	80	0
1527924893.010826000	21.0206	98	1
1527924893.204611000	21.2144	293	0
1527924893.205244000	21.215	148	0
1527924893.206841000	21.2166	101	1
1527924893.209767000	21.2196	92	0
1527924893.210453000	21.2203	311	0
1527924893.211822000	21.2216	101	1
1527924897.524541000	25.5343	515	1
1527924897.524627000	25.5344	255	1
1527924897.541925000	25.5517	87	0
1527924897.813175000	25.823	260	0
1527924897.813832000	25.8236	148	0
1527924897.815308000	25.8251	104	1
1527924897.817192000	25.827	92	0
1527924897.817990000	25.8278	164	0
1527924897.819280000	25.8291	101	1
1527924897.948356000	25.9582	876	1
1527924897.948420000	25.9582	258	1
1527924897.965090000	25.9749	87	0
1527924898.220804000	26.2306	265	0
1527924898.221447000	26.2312	148	0
1527924898.222323000	26.2321	104	1
1527924898.224879000	26.2347	92	0
1527924898.225551000	26.2353	215	0
1527924898.227320000	26.2371	101	1
1527924898.474921000	26.4847	990	1
1527924898.474985000	26.4848	370	1
1527924898.491665000	26.5015	87	0
1527924898.803149000	26.8129	329	0
1527924898.803796000	26.8136	148	0
1527924898.805429000	26.8152	104	1
1527924898.806487000	26.8163	92	0
1527924898.807170000	26.817	125	0
1527924898.808338000	26.8181	101	1
1527924898.903833000	26.9136	395	1
1527924898.903929000	26.9137	370	1
1527924898.922202000	26.932	87	0
1527924898.926459000	26.9363	87	0
1527924899.187927000	27.1977	235	0
1527924899.188532000	27.1983	148	0
1527924899.189373000	27.1992	107	1
1527924899.192083000	27.2019	92	0
1527924899.193355000	27.2032	98	1
1527924899.193523000	27.2033	246	0
1527924899.195466000	27.2053	98	1
1527924899.337661000	27.3475	396	1
1527924899.337722000	27.3475	310	1
1527924899.356018000	27.3658	87	0
1527924899.634743000	27.6445	301	0
1527924899.635395000	27.6452	148	0
1527924899.636467000	27.6463	104	1
1527924899.638664000	27.6485	92	0
1527924899.639354000	27.6492	293	0
1527924899.640385000	27.6502	101	1
1527924900.095299000	28.1051	375	1
1527924900.095401000	28.1052	1412	1
1527924900.095430000	28.1052	1412	1
1527924900.095470000	28.1053	1412	1
1527924900.095511000	28.1053	239	1
1527924900.112333000	28.1221	87	0
1527924900.308182000	28.318	330	1
1527924900.308274000	28.3181	255	1
1527924900.325141000	28.3349	87	0
1527924900.356778000	28.3666	396	0
1527924900.362664000	28.3725	80	0
1527924900.368321000	28.3781	107	1
1527924900.602892000	28.6127	235	0
1527924900.603474000	28.6133	148	0
1527924900.605317000	28.6151	101	1
1527924900.607064000	28.6169	92	0
1527924900.607778000	28.6176	271	0
1527924900.609227000	28.619	101	1
1527924900.618241000	28.628	393	1
1527924900.618331000	28.6281	255	1
1527924900.635009000	28.6448	87	0
1527924900.926144000	28.9359	325	0
1527924900.926732000	28.9365	148	0
1527924900.928318000	28.9381	104	1
1527924900.946962000	28.9568	92	0
1527924900.947696000	28.9575	112	0
1527924900.948241000	28.958	101	1
1527924900.958945000	28.9687	325	0
1527924900.960245000	28.97	98	1
1527924900.982110000	28.9919	148	0
1527924900.984312000	28.9941	98	1
1527924901.166889000	29.1767	397	1
1527924901.166987000	29.1768	256	1
1527924901.199334000	29.2091	397	1
1527924901.232330000	29.2421	256	1
1527924901.318993000	29.3288	87	0
1527924901.401393000	29.4112	87	0
1527924901.609314000	29.6191	256	0
1527924901.609925000	29.6197	148	0
1527924901.611367000	29.6212	107	1
1527924901.619741000	29.6295	92	0
1527924901.620403000	29.6302	279	0
1527924901.621291000	29.6311	101	1
1527924901.690686000	29.7005	256	0
1527924901.692359000	29.7022	98	1
1527924901.754778000	29.7646	393	1
1527924901.754840000	29.7646	256	1
1527924901.760926000	29.7707	148	0
1527924901.762346000	29.7721	98	1
1527924901.847383000	29.8572	393	1
1527924901.931696000	29.9415	87	0
1527924902.010347000	30.0201	87	0
1527924902.079347000	30.0891	236	0
1527924902.079955000	30.0898	148	0
1527924902.081387000	30.0912	107	1
1527924902.087304000	30.0971	92	0
1527924902.088093000	30.0979	277	0
1527924902.089316000	30.0991	101	1
1527924902.296767000	30.3066	394	1
1527924902.296833000	30.3066	255	1
1527924902.410945000	30.4207	87	0
1527924902.743966000	30.7538	258	0
1527924902.744545000	30.7543	148	0
1527924902.745215000	30.755	92	0
1527924902.745365000	30.7552	107	1
1527924902.745958000	30.7558	173	0
1527924902.747345000	30.7571	98	1
1527924902.928701000	30.9385	397	1
1527924902.928770000	30.9386	259	1
1527924903.082082000	31.0919	87	0
1527924903.250570000	31.2604	232	0
1527924903.251654000	31.2615	148	0
1527924903.252393000	31.2622	104	1
1527924903.256414000	31.2662	92	0
1527924903.257104000	31.2669	321	0
1527924903.258375000	31.2682	101	1
1527924903.509927000	31.5197	513	1
1527924903.509985000	31.5198	255	1
1527924903.635786000	31.6456	87	0
1527924903.928073000	31.9379	306	0
1527924903.928668000	31.9385	148	0
1527924903.930494000	31.9403	104	1
1527924903.934844000	31.9446	92	0
1527924903.936495000	31.9463	98	1
1527924903.937623000	31.9474	146	0
1527924903.939478000	31.9493	98	1
1527924904.113611000	32.1234	877	1
1527924904.113691000	32.1235	258	1
1527924904.257657000	32.2675	87	0
1527924904.449366000	32.4592	262	0
1527924904.450017000	32.4598	148	0
1527924904.450689000	32.4605	92	0
1527924904.451434000	32.4612	328	0
1527924904.451528000	32.4613	107	1
1527924904.453514000	32.4633	98	1
1527924904.570881000	32.5807	406	1
1527924904.570946000	32.5807	255	1
1527924904.645065000	32.6549	87	0
1527924905.002956000	33.0128	265	0
1527924905.003535000	33.0133	148	0
1527924905.004555000	33.0144	104	1
1527924905.009719000	33.0195	92	0
1527924905.010457000	33.0203	295	0
1527924905.011474000	33.0213	101	1
1527924905.034603000	33.0444	974	1
1527924905.034684000	33.0445	256	1
1527924905.084785000	33.0946	90	0
1527924905.216452000	33.2262	265	0
1527924905.218592000	33.2284	101	1
1527924905.394554000	33.4044	328	0
1527924905.395162000	33.405	148	0
1527924905.395813000	33.4056	92	0
1527924905.396548000	33.4063	263	0
1527924905.396658000	33.4065	104	1
1527924905.398559000	33.4084	98	1
1527924905.704138000	33.7139	393	1
1527924905.704234000	33.714	255	1
1527924905.881717000	33.8915	87	0
1527924905.889443000	33.8992	87	0
1527924906.141855000	34.1517	233	0
1527924906.142513000	34.1523	148	0
1527924906.143537000	34.1533	107	1
1527924906.149468000	34.1593	92	0
1527924906.151527000	34.1613	157	0
1527924906.151659000	34.1615	98	1
1527924906.153555000	34.1634	98	1
1527924906.168926000	34.1787	393	1
1527924906.169030000	34.1788	256	1
1527924906.217089000	34.2269	87	0
1527924906.221448000	34.2312	87	0
1527924906.501598000	34.5114	298	0
1527924906.502933000	34.5127	158	0
1527924906.503604000	34.5134	107	1
1527924906.506711000	34.5165	214	0
1527924906.508564000	34.5184	98	1
1527924906.721349000	34.7311	393	1
1527924906.721436000	34.7312	259	1
1527924906.738557000	34.7484	87	0
1527924906.861208000	34.871	235	0
1527924906.861827000	34.8716	148	0
1527924906.862572000	34.8724	104	1
1527924906.864877000	34.8747	92	0
1527924906.865570000	34.8754	233	0
1527924906.866579000	34.8764	101	1
1527924907.106987000	35.1168	393	1
1527924907.107048000	35.1168	256	1
1527924907.125384000	35.1352	87	0
1527924907.389871000	35.3997	255	0
1527924907.390480000	35.4003	148	0
1527924907.391697000	35.4015	104	1
1527924907.393041000	35.4028	92	0
1527924907.393669000	35.4035	234	0
1527924907.394603000	35.4044	101	1
1527924907.517017000	35.5268	391	1
1527924907.517107000	35.5269	256	1
1527924907.534082000	35.5439	87	0
1527924907.652677000	35.6625	235	0
1527924907.653305000	35.6631	148	0
1527924907.654726000	35.6645	104	1
1527924907.656788000	35.6666	92	0
1527924907.657506000	35.6673	105	0
1527924907.658607000	35.6684	101	1
1527924907.984109000	35.9939	397	1
1527924907.984172000	35.994	255	1
1527924908.001229000	36.011	87	0
1527924908.008780000	36.0186	87	0
1527924908.270099000	36.2799	350	0
1527924908.270752000	36.2806	148	0
1527924908.271665000	36.2815	107	1
1527924908.274942000	36.2847	92	0
1527924908.275986000	36.2858	157	0
1527924908.278127000	36.2879	98	1
1527924908.279655000	36.2895	98	1
1527924908.298097000	36.3079	398	1
1527924908.298157000	36.308	256	1
1527924908.314197000	36.324	87	0
1527924908.574080000	36.5839	235	0
1527924908.574691000	36.5845	148	0
1527924908.575739000	36.5855	104	1
1527924908.576515000	36.5863	92	0
1527924908.577936000	36.5877	226	0
1527924908.578674000	36.5885	101	1
1527924909.211724000	37.2215	394	1
1527924909.211818000	37.2216	256	1
1527924909.315781000	37.3256	394	1
1527924909.394291000	37.4041	87	0
1527924909.500318000	37.5101	87	0
1527924909.518705000	37.5285	258	0
1527924909.519364000	37.5292	148	0
1527924909.520781000	37.5306	107	1
1527924909.524169000	37.534	92	0
1527924909.524848000	37.5346	325	0
1527924909.525733000	37.5355	101	1
1527924909.588022000	37.5978	258	0
1527924909.589750000	37.5995	98	1
1527924909.618973000	37.6288	394	1
1527924909.619035000	37.6288	255	1
1527924909.654591000	37.6644	148	0
1527924909.656744000	37.6665	98	1
1527924909.782314000	37.7921	87	0
1527924909.790081000	37.7999	87	0
1527924910.051702000	38.0615	233	0
1527924910.052283000	38.0621	148	0
1527924910.053790000	38.0636	107	1
1527924910.056415000	38.0662	92	0
1527924910.057090000	38.0669	279	0
1527924910.057754000	38.0676	101	1
1527924910.105861000	38.1157	514	1
1527924910.105953000	38.1158	258	1
1527924910.285972000	38.2958	87	0
1527924910.569627000	38.5794	258	0
1527924910.571840000	38.5816	101	1
1527924910.573697000	38.5835	148	0
1527924910.575829000	38.5856	98	1
1527924910.577207000	38.587	92	0
1527924910.577955000	38.5878	157	0
1527924910.578792000	38.5886	101	1
1527924910.620241000	38.63	875	1
1527924910.620331000	38.6301	256	1
1527924910.834109000	38.8439	87	0
1527924910.838329000	38.8481	87	0
1527924910.936442000	38.9462	285	0
1527924910.937050000	38.9468	148	0
1527924910.937817000	38.9476	107	1
1527924910.939816000	38.9496	92	0
1527924910.941809000	38.9516	98	1
1527924910.942530000	38.9523	308	0
1527924910.943819000	38.9536	98	1
1527924911.112495000	39.1223	285	0
1527924911.113899000	39.1237	98	1
1527924911.150425000	39.1602	409	1
1527924911.150516000	39.1603	258	1
1527924911.173376000	39.1832	87	0
1527924911.538504000	39.5483	259	0
1527924911.539113000	39.5489	148	0
1527924911.539765000	39.5496	92	0
1527924911.540513000	39.5503	258	0
1527924911.540993000	39.5508	110	1
1527924911.698596000	39.7084	976	1
1527924911.698661000	39.7085	257	1
1527924911.720889000	39.7307	87	0
1527924911.731133000	39.7409	87	0
1527924911.989749000	39.9995	265	0
1527924911.990447000	40.0002	148	0
1527924911.991968000	40.0018	107	1
1527924911.994061000	40.0039	92	0
1527924911.994694000	40.0045	329	0
1527924911.995874000	40.0057	101	1
1527924912.096314000	40.1061	393	1
1527924912.096411000	40.1062	257	1
1527924912.113431000	40.1232	87	0
1527924912.372881000	40.3827	328	0
1527924912.373521000	40.3833	148	0
1527924912.374974000	40.3848	104	1
1527924912.378562000	40.3884	92	0
1527924912.379252000	40.3891	308	0
1527924912.379880000	40.3897	101	1
1527924912.634369000	40.6442	397	1
1527924912.634460000	40.6443	259	1
1527924912.655525000	40.6653	87	0
1527924912.665611000	40.6754	87	0
1527924912.915083000	40.9249	233	0
1527924912.915734000	40.9255	148	0
1527924912.917009000	40.9268	107	1
1527924912.918696000	40.9285	92	0
1527924912.919424000	40.9292	119	0
1527924912.919910000	40.9297	101	1
1527924913.228177000	41.238	393	1
1527924913.228258000	41.2381	256	1
1527924913.298870000	41.3087	87	0
1527924913.299592000	41.3094	87	0
1527924913.436962000	41.4468	302	0
1527924913.437676000	41.4475	148	0
1527924913.439035000	41.4488	107	1
1527924913.441471000	41.4513	92	0
1527924913.442770000	41.4526	176	0
1527924913.443137000	41.4529	101	1
1527924913.849262000	41.8591	395	1
1527924913.849324000	41.8591	256	1
1527924913.993078000	42.0029	395	1
1527924913.996035000	42.0058	87	0
1527924914.055009000	42.0648	87	0
1527924914.182448000	42.1922	236	0
1527924914.183106000	42.1929	148	0
1527924914.184010000	42.1938	107	1
1527924914.192465000	42.2023	92	0
1527924914.193141000	42.2029	115	0
1527924914.193985000	42.2038	101	1
1527924914.284393000	42.2942	395	1
1527924914.284483000	42.2943	258	1
1527924914.437190000	42.447	87	0
1527924914.471758000	42.4816	256	0
1527924914.472422000	42.4822	148	0
1527924914.474089000	42.4839	104	1
1527924914.476241000	42.486	92	0
1527924914.476923000	42.4867	86	0
1527924914.478025000	42.4878	101	1
1527924914.770887000	42.7807	392	1
1527924914.770943000	42.7807	257	1
1527924914.788090000	42.7979	87	0
1527924915.050002000	43.0598	237	0
1527924915.050603000	43.0604	148	0
1527924915.052074000	43.0619	104	1
1527924915.054500000	43.0643	92	0
1527924915.055838000	43.0656	245	0
1527924915.056224000	43.066	101	1
1527924915.353504000	43.3633	395	1
1527924915.353596000	43.3634	258	1
1527924915.369326000	43.3791	87	0
1527924915.631819000	43.6416	350	0
1527924915.632438000	43.6422	148	0
1527924915.634162000	43.644	104	1
1527924915.637029000	43.6468	92	0
1527924915.637805000	43.6476	269	0
1527924915.639154000	43.649	101	1
1527924915.778447000	43.7882	394	1
1527924915.778537000	43.7883	257	1
1527924915.796142000	43.8059	87	0
1527924916.064731000	44.0745	236	0
1527924916.065373000	44.0752	148	0
1527924916.066121000	44.0759	104	1
1527924916.068030000	44.0778	92	0
1527924916.068657000	44.0785	117	0
1527924916.070193000	44.08	101	1
1527924916.286696000	44.2965	395	1
1527924916.286787000	44.2966	258	1
1527924916.302662000	44.3125	87	0
1527924916.576511000	44.5863	256	0
1527924916.577102000	44.5869	148	0
1527924916.578160000	44.588	104	1
1527924916.580329000	44.5901	92	0
1527924916.581071000	44.5909	308	0
1527924916.582135000	44.5919	101	1
1527924916.838662000	44.8485	515	1
1527924916.838758000	44.8486	257	1
1527924916.857277000	44.8671	87	0
1527924917.009597000	45.0194	233	0
1527924917.010244000	45.02	148	0
1527924917.011198000	45.021	104	1
1527924917.014245000	45.024	92	0
1527924917.014938000	45.0247	311	0
1527924917.016162000	45.026	101	1
1527924917.173543000	45.1833	854	1
1527924917.173639000	45.1834	1412	1
1527924917.173677000	45.1835	1412	1
1527924917.173710000	45.1835	1412	1
1527924917.173746000	45.1835	1357	1
1527924917.191498000	45.2013	87	0
1527924917.227417000	45.2372	342	1
1527924917.227508000	45.2373	220	1
1527924917.244456000	45.2543	87	0
1527924917.250220000	45.26	87	0
1527924917.431247000	45.441	412	0
1527924917.433285000	45.4431	107	1
1527924917.437301000	45.4471	80	0
1527924917.439257000	45.4491	98	1
1527924917.494236000	45.504	295	0
1527924917.494905000	45.5047	148	0
1527924917.496254000	45.5061	101	1
1527924917.497406000	45.5072	92	0
1527924917.498350000	45.5081	230	0
1527924917.499177000	45.509	101	1
1527924917.541781000	45.5516	396	1
1527924917.541874000	45.5517	314	1
1527924917.558792000	45.5686	87	0
1527924917.684264000	45.6941	239	0
1527924917.684903000	45.6947	148	0
1527924917.686215000	45.696	104	1
1527924917.688678000	45.6985	92	0
1527924917.689363000	45.6992	187	0
1527924917.690225000	45.7	101	1
1527924917.881173000	45.891	975	1
1527924917.881264000	45.8911	314	1
1527924917.899550000	45.9093	87	0
1527924918.165417000	46.1752	335	0
1527924918.166020000	46.1758	148	0
1527924918.167321000	46.1771	104	1
1527924918.170110000	46.1799	92	0
1527924918.170894000	46.1807	119	0
1527924918.171448000	46.1812	101	1
1527924918.219660000	46.2295	393	1
1527924918.219721000	46.2295	314	1
1527924918.236791000	46.2466	87	0
1527924918.492703000	46.5025	258	0
1527924918.493327000	46.5031	148	0
1527924918.494270000	46.5041	104	1
1527924918.497691000	46.5075	92	0
1527924918.498472000	46.5083	211	0
1527924918.499253000	46.5091	101	1
1527924918.755742000	46.7655	397	1
1527924918.755832000	46.7656	252	1
1527924918.772729000	46.7825	87	0
1527924919.051995000	47.0618	233	0
1527924919.052591000	47.0624	148	0
1527924919.054308000	47.0641	104	1
1527924919.056216000	47.066	92	0
1527924919.056949000	47.0667	284	0
1527924919.058281000	47.0681	101	1
1527924920.244376000	48.2542	397	1
1527924920.244441000	48.2542	256	1
1527924920.260669000	48.2705	87	0
1527924920.517875000	48.5277	301	0
1527924920.518612000	48.5284	148	0
1527924920.519781000	48.5296	104	1
1527924920.522224000	48.532	92	0
1527924920.522910000	48.5327	336	0
1527924920.523735000	48.5335	101	1
1527924920.545589000	48.5554	397	1
1527924920.545675000	48.5555	257	1
1527924920.563580000	48.5734	87	0
1527924920.815183000	48.825	235	0
1527924920.815831000	48.8256	148	0
1527924920.816782000	48.8266	104	1
1527924920.818520000	48.8283	92	0
1527924920.819208000	48.829	185	0
1527924920.819760000	48.8296	101	1
1527924921.162029000	49.1718	394	1
1527924921.162123000	49.1719	256	1
1527924921.188226000	49.198	87	0
1527924921.441311000	49.4511	256	0
1527924921.441926000	49.4517	148	0
1527924921.442786000	49.4526	104	1
1527924921.444845000	49.4546	92	0
1527924921.445581000	49.4554	146	0
1527924921.446792000	49.4566	101	1
1527924921.667109000	49.6769	393	1
1527924921.667204000	49.677	256	1
1527924921.684144000	49.6939	87	0
1527924921.935581000	49.9454	279	0
1527924921.936329000	49.9461	148	0
1527924921.937902000	49.9477	104	1
1527924921.939264000	49.9491	92	0
1527924921.939953000	49.9498	338	0
1527924921.940809000	49.9506	101	1
1527924922.116185000	50.126	396	1
1527924922.116267000	50.1261	259	1
1527924922.133176000	50.143	87	0
1527924922.143029000	50.1528	87	0
1527924922.387375000	50.3972	302	0
1527924922.388047000	50.3978	148	0
1527924922.388844000	50.3986	107	1
1527924922.390035000	50.3998	92	0
1527924922.391254000	50.4011	159	0
1527924922.391828000	50.4016	101	1
1527924922.975516000	50.9853	519	1
1527924922.975578000	50.9854	260	1
1527924922.992442000	51.0022	87	0
1527924923.242870000	51.2527	235	0
1527924923.243468000	51.2533	148	0
1527924923.244997000	51.2548	104	1
1527924923.246143000	51.2559	92	0
1527924923.246789000	51.2566	212	0
1527924923.247893000	51.2577	101	1
1527924923.475249000	51.485	875	1
1527924923.475333000	51.4851	256	1
1527924923.492314000	51.5021	87	0
1527924923.762909000	51.7727	258	0
1527924923.763504000	51.7733	148	0
1527924923.765024000	51.7748	104	1
1527924923.765109000	51.7749	92	0
1527924923.765852000	51.7757	166	0
1527924923.766922000	51.7767	101	1
1527924923.890291000	51.9001	405	1
1527924923.890372000	51.9002	256	1
1527924923.910267000	51.9201	87	0
1527924924.018896000	52.0287	235	0
1527924924.019504000	52.0293	148	0
1527924924.021029000	52.0308	104	1
1527924924.023572000	52.0334	92	0
1527924924.024927000	52.0347	98	1
1527924924.025179000	52.035	339	0
1527924924.027002000	52.0368	98	1
1527924924.601278000	52.6111	393	1
1527924924.601365000	52.6112	256	1
1527924924.617358000	52.6272	87	0
1527924924.872160000	52.882	260	0
1527924924.872759000	52.8826	148	0
1527924924.874062000	52.8839	104	1
1527924924.876308000	52.8861	92	0
1527924924.876985000	52.8868	120	0
1527924924.877982000	52.8878	101	1
1527924926.431299000	54.4411	980	1
1527924926.431362000	54.4412	258	1
1527924926.448443000	54.4582	87	0
1527924926.739979000	54.7498	308	0
1527924926.740596000	54.7504	148	0
1527924926.741757000	54.7516	104	1
1527924926.744167000	54.754	92	0
1527924926.744798000	54.7546	203	0
1527924926.745681000	54.7555	101	1
1527924926.940822000	54.9506	393	1
1527924926.940919000	54.9507	257	1
1527924926.958025000	54.9678	87	0
1527924927.230574000	55.2404	240	0
1527924927.231231000	55.241	148	0
1527924927.232728000	55.2425	104	1
1527924927.234894000	55.2447	92	0
1527924927.235564000	55.2454	101	0
1527924927.236711000	55.2465	101	1
1527924927.377869000	55.3877	394	1
1527924927.377957000	55.3878	256	1
1527924927.394435000	55.4042	87	0
1527924927.646865000	55.6567	360	0
1527924927.647514000	55.6573	148	0
1527924927.648754000	55.6586	104	1
1527924927.651353000	55.6612	92	0
1527924927.652702000	55.6625	170	0
1527924927.652761000	55.6626	98	1
1527924927.654739000	55.6645	98	1
1527924927.756914000	55.7667	398	1
1527924927.757010000	55.7668	256	1
1527924927.773344000	55.7831	87	0
1527924928.037245000	56.047	236	0
1527924928.038747000	56.0485	148	0
1527924928.038832000	56.0486	101	1
1527924928.040761000	56.0506	92	0
1527924928.040766000	56.0506	98	1
1527924928.041541000	56.0513	266	0
1527924928.042753000	56.0526	101	1
1527924928.176897000	56.1867	394	1
1527924928.176995000	56.1868	258	1
1527924928.193674000	56.2035	87	0
1527924928.199492000	56.2093	87	0
1527924928.444708000	56.4545	256	0
1527924928.445306000	56.4551	148	0
1527924928.446843000	56.4566	107	1
1527924928.448411000	56.4582	92	0
1527924928.449091000	56.4589	236	0
1527924928.449781000	56.4596	101	1
1527924929.095542000	57.1053	392	1
1527924929.095635000	57.1054	256	1
1527924929.113172000	57.123	87	0
1527924929.117722000	57.1275	87	0
1527924929.385914000	57.3957	301	0
1527924929.386592000	57.3964	148	0
1527924929.388105000	57.3979	107	1
1527924929.390349000	57.4001	92	0
1527924929.391028000	57.4008	118	0
1527924929.392031000	57.4018	101	1
1527924929.576455000	57.5863	398	1
1527924929.576514000	57.5863	257	1
1527924929.604583000	57.6144	87	0
1527924929.860262000	57.8701	235	0
1527924929.860867000	57.8707	148	0
1527924929.862159000	57.872	104	1
1527924929.863869000	57.8737	92	0
1527924929.864548000	57.8743	335	0
1527924929.866056000	57.8759	101	1
1527924929.995282000	58.0051	393	1
1527924929.995380000	58.0052	256	1
1527924930.011770000	58.0216	87	0
1527924930.143723000	58.1535	235	0
1527924930.144365000	58.1542	148	0
1527924930.146148000	58.1559	104	1
1527924930.147558000	58.1574	92	0
1527924930.148260000	58.1581	185	0
1527924930.149099000	58.1589	101	1
1527924930.455804000	58.4656	393	1
1527924930.455875000	58.4657	256	1
1527924930.483207000	58.493	87	0
1527924930.744169000	58.754	305	0
1527924930.744849000	58.7546	148	0
1527924930.746207000	58.756	104	1
1527924930.748700000	58.7585	92	0
1527924930.749441000	58.7592	133	0
1527924930.750156000	58.76	101	1
1527924930.887530000	58.8973	519	1
1527924930.887620000	58.8974	259	1
1527924930.907013000	58.9168	87	0
1527924931.009578000	59.0194	281	0
1527924931.010280000	59.0201	148	0
1527924931.011127000	59.0209	104	1
1527924931.012210000	59.022	92	0
1527924931.012962000	59.0228	203	0
1527924931.014120000	59.0239	101	1
1527924931.260659000	59.2705	874	1
1527924931.260748000	59.2705	256	1
1527924931.278522000	59.2883	87	0
1527924931.536464000	59.5463	256	0
1527924931.537109000	59.5469	148	0
1527924931.538252000	59.5481	104	1
1527924931.541089000	59.5509	92	0
1527924931.542401000	59.5522	277	0
1527924931.543152000	59.553	101	1
1527924931.667965000	59.6778	405	1
1527924931.668042000	59.6778	257	1
1527924931.686019000	59.6958	87	0
1527924931.793215000	59.803	233	0
1527924931.793857000	59.8037	148	0
1527924931.795268000	59.8051	104	1
1527924931.797615000	59.8074	92	0
1527924931.798938000	59.8087	264	0
1527924931.799288000	59.8091	101	1
1527924932.137546000	60.1473	393	1
1527924932.137638000	60.1474	256	1
1527924932.156601000	60.1664	87	0
1527924932.410620000	60.4204	259	0
1527924932.411213000	60.421	148	0
1527924932.411999000	60.4218	92	0
1527924932.412193000	60.422	107	1
1527924932.412701000	60.4225	319	0
1527924932.414177000	60.424	98	1
1527924932.555463000	60.5653	979	1
1527924932.555521000	60.5653	258	1
1527924932.573523000	60.5833	87	0
1527924932.711568000	60.7214	235	0
1527924932.712163000	60.722	148	0
1527924932.713295000	60.7231	104	1
1527924932.714639000	60.7244	92	0
1527924932.715257000	60.7251	261	0
1527924932.716261000	60.7261	101	1
1527924932.897467000	60.9073	393	1
1527924932.897562000	60.9074	256	1
1527924932.914566000	60.9244	87	0
1527924933.198186000	61.208	235	0
1527924933.198843000	61.2086	148	0
1527924933.200333000	61.2101	104	1
1527924933.201410000	61.2112	92	0
1527924933.202096000	61.2119	193	0
1527924933.203252000	61.2131	101	1
1527924933.353437000	61.3632	394	1
1527924933.353532000	61.3633	257	1
1527924933.370297000	61.3801	87	0
1527924933.381032000	61.3908	87	0
1527924933.552590000	61.5624	310	0
1527924933.553178000	61.563	148	0
1527924933.554367000	61.5642	107	1
1527924933.556281000	61.5661	92	0
1527924933.556965000	61.5668	114	0
1527924933.558263000	61.5681	101	1
1527924933.632455000	61.6423	397	1
1527924933.632539000	61.6423	256	1
1527924933.652913000	61.6627	87	0
1527924933.778692000	61.7885	337	0
1527924933.779303000	61.7891	148	0
1527924933.780049000	61.7898	92	0
1527924933.780353000	61.7902	107	1
1527924933.780782000	61.7906	314	0
1527924933.782271000	61.7921	98	1
1527924933.991605000	62.0014	393	1
1527924933.991671000	62.0015	258	1
1527924934.010103000	62.0199	87	0
1527924934.131357000	62.1412	236	0
1527924934.131955000	62.1418	148	0
1527924934.133404000	62.1432	104	1
1527924934.135152000	62.145	92	0
1527924934.135789000	62.1456	288	0
1527924934.137300000	62.1471	101	1
1527924934.290505000	62.3003	394	1
1527924934.290580000	62.3004	256	1
1527924934.307906000	62.3177	87	0
1527924934.588759000	62.5986	256	0
1527924934.589405000	62.5992	148	0
1527924934.590334000	62.6001	104	1
1527924934.592052000	62.6019	92	0
1527924934.592700000	62.6025	292	0
1527924934.593313000	62.6031	101	1
1527924934.706556000	62.7164	392	1
1527924934.706620000	62.7164	256	1
1527924934.723438000	62.7332	87	0
1527924934.859079000	62.8689	235	0
1527924934.859685000	62.8695	148	0
1527924934.861419000	62.8712	104	1
1527924934.862789000	62.8726	92	0
1527924934.863509000	62.8733	312	0
1527924934.864316000	62.8741	101	1
1527924935.000542000	63.0103	396	1
1527924935.000631000	63.0104	257	1
1527924935.017749000	63.0275	87	0
1527924935.136198000	63.146	275	0
1527924935.136849000	63.1466	148	0
1527924935.138460000	63.1483	104	1
1527924935.140571000	63.1504	92	0
1527924935.141250000	63.151	260	0
1527924935.142345000	63.1521	101	1
1527924935.486797000	63.4966	392	1
1527924935.486884000	63.4967	256	1
1527924935.503557000	63.5134	87	0
1527924935.773862000	63.7837	258	0
1527924935.774524000	63.7843	148	0
1527924935.775398000	63.7852	104	1
1527924935.777403000	63.7872	92	0
1527924935.778144000	63.7879	99	0
1527924935.779395000	63.7892	101	1
1527924936.457767000	64.4676	515	1
1527924936.457836000	64.4676	256	1
1527924936.475873000	64.4857	87	0
1527924936.771418000	64.7812	258	0
1527924936.772078000	64.7819	148	0
1527924936.773445000	64.7832	92	0
1527924936.773501000	64.7833	104	1
1527924936.774186000	64.784	117	0
1527924936.775454000	64.7853	101	1
1527924936.888042000	64.8978	875	1
1527924936.888106000	64.8979	257	1
1527924936.905625000	64.9154	87	0
1527924937.008135000	65.0179	282	0
1527924937.008726000	65.0185	148	0
1527924937.010552000	65.0203	104	1
1527924937.011739000	65.0215	92	0
1527924937.012478000	65.0223	301	0
1527924937.013460000	65.0233	101	1
1527924937.133618000	65.1434	406	1
1527924937.133705000	65.1435	256	1
1527924937.149906000	65.1597	87	0
1527924937.255648000	65.2654	306	0
1527924937.256254000	65.2661	148	0
1527924937.257581000	65.2674	104	1
1527924937.259394000	65.2692	92	0
1527924937.260080000	65.2699	304	0
1527924937.261477000	65.2713	101	1
1527924937.511816000	65.5216	395	1
1527924937.511877000	65.5217	256	1
1527924937.529544000	65.5393	87	0
1527924937.640893000	65.6507	235	0
1527924937.641491000	65.6513	148	0
1527924937.642568000	65.6524	104	1
1527924937.645158000	65.655	92	0
1527924937.645803000	65.6556	227	0
1527924937.646531000	65.6563	101	1
1527924937.964981000	65.9748	975	1
1527924937.965043000	65.9748	256	1
1527924937.991380000	66.0012	87	0
1527924938.125312000	66.1351	236	0
1527924938.125919000	66.1357	148	0
1527924938.127634000	66.1374	104	1
1527924938.130006000	66.1398	92	0
1527924938.130631000	66.1404	219	0
1527924938.131507000	66.1413	101	1
1527924938.271802000	66.2816	397	1
1527924938.271867000	66.2817	258	1
1527924938.288244000	66.298	87	0
1527924938.545364000	66.5552	258	0
1527924938.545972000	66.5558	148	0
1527924938.547657000	66.5575	104	1
1527924938.548594000	66.5584	92	0
1527924938.550606000	66.5604	98	1
1527924938.551450000	66.5612	331	0
1527924938.553615000	66.5634	98	1
1527924938.690821000	66.7006	394	1
1527924938.690883000	66.7007	257	1
1527924938.709162000	66.719	87	0
1527924938.824271000	66.8341	235	0
1527924938.824956000	66.8348	148	0
1527924938.826651000	66.8364	104	1
1527924938.828610000	66.8384	92	0
1527924938.829301000	66.8391	303	0
1527924938.830557000	66.8404	101	1
1527924940.647331000	68.6571	375	1
1527924940.647425000	68.6572	1412	1
1527924940.647459000	68.6573	1412	1
1527924940.647481000	68.6573	1412	1
1527924940.647500000	68.6573	544	1
1527924940.665197000	68.675	87	0
1527924940.677137000	68.6869	330	1
1527924940.677225000	68.687	220	1
1527924940.694351000	68.7041	87	0
1527924940.701960000	68.7118	87	0
1527924940.771852000	68.7817	418	0
1527924940.773729000	68.7835	107	1
1527924940.778144000	68.7879	80	0
1527924940.779720000	68.7895	98	1
1527924940.812590000	68.8224	397	0
1527924940.813180000	68.823	148	0
1527924940.814736000	68.8245	101	1
1527924940.815739000	68.8255	92	0
1527924940.816483000	68.8263	272	0
1527924940.817721000	68.8275	101	1
1527924941.015025000	69.0248	396	1
1527924941.015116000	69.0249	314	1
1527924941.031425000	69.0412	87	0
1527924941.038700000	69.0485	87	0
1527924941.173652000	69.1834	235	0
1527924941.174307000	69.1841	148	0
1527924941.175711000	69.1855	107	1
1527924941.181942000	69.1917	92	0
1527924941.182616000	69.1924	161	0
1527924941.183697000	69.1935	101	1
1527924941.261609000	69.2714	235	0
1527924941.263058000	69.2729	148	0
1527924941.263722000	69.2735	101	1
1527924941.278898000	69.2887	92	0
1527924941.280738000	69.2905	98	1
1527924941.353194000	69.363	394	1
1527924941.353256000	69.3631	314	1
1527924941.371095000	69.3809	87	0
1527924941.375881000	69.3857	87	0
1527924941.477726000	69.4875	258	0
1527924941.478397000	69.4882	148	0
1527924941.479760000	69.4896	107	1
1527924941.481752000	69.4915	92	0
1527924941.482554000	69.4924	253	0
1527924941.483706000	69.4935	101	1
1527924942.811345000	70.8211	397	1
1527924942.811412000	70.8212	257	1
1527924942.844825000	70.8546	397	1
1527924942.878814000	70.8886	257	1
1527924943.078866000	71.0887	397	1
1527924943.078913000	71.0887	257	1
1527924943.478960000	71.4888	397	1
1527924943.479048000	71.4888	257	1
1527924943.649418000	71.6592	308	1
1527924943.649495000	71.6593	1412	1
1527924943.649533000	71.6593	1412	1
1527924943.649586000	71.6594	1412	1
1527924943.649609000	71.6594	1412	1
1527924943.649644000	71.6594	1412	1
1527924943.650829000	71.6606	1412	1
1527924943.650860000	71.6607	1412	1
1527924943.650900000	71.6607	1412	1
1527924943.650934000	71.6607	1412	1
1527924943.650969000	71.6608	1412	1
1527924943.651006000	71.6608	1412	1
1527924943.651028000	71.6608	1412	1
1527924943.652827000	71.6626	1412	1
1527924943.652868000	71.6627	967	1
1527924944.453000000	72.4628	397	1
1527924944.453057000	72.4629	257	1
1527924946.053077000	74.0629	308	1
1527924946.053157000	74.063	1412	1
1527924946.069723000	74.0795	87	0
1527924946.637653000	74.6475	400	0
1527924946.637961000	74.6478	101	1
1527924946.638341000	74.6481	80	0
1527924946.638520000	74.6483	98	1
1527924946.652565000	74.6624	301	0
1527924946.652857000	74.6627	98	1
1527924946.653189000	74.663	148	0
1527924946.653910000	74.6637	92	0
1527924946.654586000	74.6644	82	0
1527924946.656087000	74.6659	104	1
1527924946.691544000	74.7013	519	1
1527924946.691606000	74.7014	279	1
1527924946.708170000	74.718	87	0
1527924946.856452000	74.8663	304	0
1527924946.857043000	74.8668	148	0
1527924946.858121000	74.8679	104	1
1527924946.861747000	74.8715	92	0
1527924946.862476000	74.8723	209	0
1527924946.863002000	74.8728	101	1
1527924947.191677000	75.2015	875	1
1527924947.191770000	75.2016	258	1
1527924947.209701000	75.2195	87	0
1527924947.318687000	75.3285	302	0
1527924947.319326000	75.3291	148	0
1527924947.320073000	75.3299	104	1
1527924947.321991000	75.3318	92	0
1527924947.322668000	75.3325	212	0
1527924947.324037000	75.3338	101	1
1527924947.590379000	75.6002	405	1
1527924947.590473000	75.6003	258	1
1527924947.607040000	75.6168	87	0
1527924947.711506000	75.7213	235	0
1527924947.712122000	75.7219	148	0
1527924947.713072000	75.7229	104	1
1527924947.714929000	75.7247	92	0
1527924947.715606000	75.7254	151	0
1527924947.717049000	75.7268	101	1
1527924948.059483000	76.0693	393	1
1527924948.059573000	76.0694	258	1
1527924948.077130000	76.0869	87	0
1527924948.194450000	76.2042	235	0
1527924948.195104000	76.2049	148	0
1527924948.196195000	76.206	104	1
1527924948.197990000	76.2078	92	0
1527924948.198680000	76.2085	176	0
1527924948.200112000	76.2099	101	1
1527924948.649371000	76.6592	974	1
1527924948.649434000	76.6592	258	1
1527924948.665788000	76.6756	87	0
1527924948.805646000	76.8154	260	0
1527924948.806235000	76.816	148	0
1527924948.807147000	76.8169	104	1
1527924948.809145000	76.8189	92	0
1527924948.810446000	76.8202	306	0
1527924948.811114000	76.8209	101	1
1527924948.907468000	76.9173	398	1
1527924948.907562000	76.9174	258	1
1527924948.924179000	76.934	87	0
1527924949.027753000	77.0376	233	0
1527924949.028418000	77.0382	148	0
1527924949.029242000	77.039	104	1
1527924949.031680000	77.0415	92	0
1527924949.032296000	77.0421	231	0
1527924949.033142000	77.0429	101	1
1527924949.468679000	77.4785	397	1
1527924949.468741000	77.4785	266	1
1527924949.499316000	77.5091	397	1
1527924949.499587000	77.5094	87	0
1527924949.577161000	77.587	87	0
1527924949.593213000	77.603	258	0
1527924949.593843000	77.6036	148	0
1527924949.595265000	77.6051	107	1
1527924949.596217000	77.606	92	0
1527924949.596913000	77.6067	112	0
1527924949.598241000	77.608	101	1
1527924949.694513000	77.7043	398	1
1527924949.694590000	77.7044	260	1
1527924949.714388000	77.7242	87	0
1527924949.818719000	77.8285	237	0
1527924949.819300000	77.8291	148	0
1527924949.820194000	77.83	104	1
1527924949.823008000	77.8328	92	0
1527924949.823697000	77.8335	337	0
1527924949.825254000	77.8351	101	1
1527924949.943566000	77.9534	395	1
1527924949.943628000	77.9534	259	1
1527924949.960789000	77.9706	87	0
1527924950.097122000	78.1069	387	0
1527924950.097836000	78.1076	148	0
1527924950.099259000	78.1091	104	1
1527924950.101760000	78.1116	92	0
1527924950.102436000	78.1122	129	0
1527924950.103190000	78.113	101	1
1527924950.312054000	78.3219	393	1
1527924950.312133000	78.3219	259	1
1527924950.329760000	78.3396	87	0
1527924950.429801000	78.4396	258	0
1527924950.430437000	78.4402	148	0
1527924950.431243000	78.441	104	1
1527924950.434694000	78.4445	92	0
1527924950.435386000	78.4452	306	0
1527924950.436234000	78.446	101	1
1527924951.053780000	79.0636	393	1
1527924951.053876000	79.0637	260	1
1527924951.070961000	79.0808	87	0
1527924951.338985000	79.3488	256	0
1527924951.339594000	79.3494	148	0
1527924951.341374000	79.3512	104	1
1527924951.341990000	79.3518	92	0
1527924951.342677000	79.3525	288	0
1527924951.343246000	79.353	101	1
1527924951.548724000	79.5585	392	1
1527924951.548785000	79.5586	259	1
1527924951.565333000	79.5751	87	0
1527924951.665874000	79.6757	277	0
1527924951.666537000	79.6763	148	0
1527924951.667289000	79.6771	104	1
1527924951.669602000	79.6794	92	0
1527924951.670279000	79.6801	138	0
1527924951.671286000	79.6811	101	1
1527924951.987543000	79.9973	393	1
1527924951.987635000	79.9974	258	1
1527924952.003851000	80.0136	87	0
1527924952.300947000	80.3107	258	0
1527924952.301583000	80.3114	148	0
1527924952.302363000	80.3122	104	1
1527924952.305558000	80.3154	92	0
1527924952.306235000	80.316	270	0
1527924952.307330000	80.3171	101	1
1527924952.456487000	80.4663	516	1
1527924952.456554000	80.4664	258	1
1527924952.473697000	80.4835	87	0
1527924952.750912000	80.7607	233	0
1527924952.751568000	80.7614	148	0
1527924952.752374000	80.7622	104	1
1527924952.754873000	80.7647	92	0
1527924952.755548000	80.7653	105	0
1527924952.756349000	80.7661	101	1
1527924953.041738000	81.0515	874	1
1527924953.041828000	81.0516	259	1
1527924953.058968000	81.0688	87	0
1527924953.345302000	81.3551	301	0
1527924953.345958000	81.3558	148	0
1527924953.347394000	81.3572	104	1
1527924953.349633000	81.3594	92	0
1527924953.350377000	81.3602	89	0
1527924953.351388000	81.3612	101	1
1527924953.385949000	81.3957	404	1
1527924953.386012000	81.3958	260	1
1527924953.403037000	81.4128	87	0
1527924953.409228000	81.419	87	0
1527924953.687349000	81.6971	232	0
1527924953.688054000	81.6979	148	0
1527924953.689480000	81.6993	107	1
1527924953.691069000	81.7009	92	0
1527924953.691760000	81.7016	318	0
1527924953.692400000	81.7022	101	1
1527924953.923799000	81.9336	391	1
1527924953.923884000	81.9337	260	1
1527924953.940957000	81.9508	87	0
1527924954.213420000	82.2232	279	0
1527924954.214003000	82.2238	148	0
1527924954.215536000	82.2253	104	1
1527924954.216959000	82.2268	92	0
1527924954.217756000	82.2276	331	0
1527924954.218443000	82.2282	101	1
1527924954.341784000	82.3516	974	1
1527924954.341881000	82.3517	259	1
1527924954.358137000	82.3679	87	0
1527924954.634127000	82.6439	256	0
1527924954.634739000	82.6445	148	0
1527924954.635391000	82.6452	92	0
1527924954.636139000	82.6459	211	0
1527924954.636660000	82.6465	110	1
1527924954.879013000	82.8888	397	1
1527924954.879103000	82.8889	261	1
1527924954.895702000	82.9055	87	0
1527924955.183145000	83.1929	236	0
1527924955.183783000	83.1936	148	0
1527924955.185570000	83.1954	104	1
1527924955.186056000	83.1959	92	0
1527924955.186704000	83.1965	241	0
1527924955.187488000	83.1973	101	1
1527924955.197422000	83.2072	398	1
1527924955.197505000	83.2073	258	1
1527924955.214323000	83.2241	87	0
1527924955.347571000	83.3574	258	0
1527924955.348303000	83.3581	148	0
1527924955.349591000	83.3594	104	1
1527924955.351958000	83.3618	92	0
1527924955.352698000	83.3625	170	0
1527924955.353501000	83.3633	101	1
1527924955.646868000	83.6567	393	1
1527924955.646963000	83.6568	258	1
1527924955.674716000	83.6845	87	0
1527924955.790704000	83.8005	235	0
1527924955.791298000	83.8011	148	0
1527924955.792630000	83.8024	104	1
1527924955.793623000	83.8034	92	0
1527924955.794357000	83.8042	337	0
1527924955.795526000	83.8053	101	1
1527924956.810388000	84.8202	393	1
1527924956.810470000	84.8203	261	1
1527924956.826726000	84.8365	87	0
1527924956.832411000	84.8422	87	0
1527924957.114398000	85.1242	262	0
1527924957.114984000	85.1248	148	0
1527924957.116675000	85.1265	107	1
1527924957.119940000	85.1297	92	0
1527924957.120612000	85.1304	134	0
1527924957.121618000	85.1314	101	1
1527924957.206738000	85.2165	393	1
1527924957.206803000	85.2166	258	1
1527924957.222748000	85.2325	87	0
1527924957.517218000	85.527	410	0
1527924957.517927000	85.5277	148	0
1527924957.518625000	85.5284	104	1
1527924957.520956000	85.5308	92	0
1527924957.521627000	85.5314	263	0
1527924957.522615000	85.5324	101	1
1527924957.896473000	85.9063	396	1
1527924957.896540000	85.9063	259	1
1527924957.913989000	85.9238	87	0
1527924958.207200000	86.217	235	0
1527924958.207861000	86.2177	148	0
1527924958.208687000	86.2185	104	1
1527924958.210531000	86.2203	92	0
1527924958.211211000	86.221	158	0
1527924958.212719000	86.2225	101	1
1527924958.514024000	86.5238	394	1
1527924958.514106000	86.5239	258	1
1527924958.527909000	86.5377	100	0
1527924958.529714000	86.5395	98	1
1527924958.529865000	86.5397	87	0
1527924958.851876000	86.8617	255	0
1527924958.852505000	86.8623	148	0
1527924958.853756000	86.8636	104	1
1527924958.856161000	86.866	92	0
1527924958.856811000	86.8666	326	0
1527924958.857691000	86.8675	101	1
1527924959.302361000	87.3122	396	1
1527924959.302426000	87.3122	260	1
1527924959.319515000	87.3293	87	0
1527924959.458358000	87.4682	301	0
1527924959.458941000	87.4687	148	0
1527924959.459818000	87.4696	104	1
1527924959.463468000	87.4733	92	0
1527924959.464149000	87.4739	312	0
1527924959.464720000	87.4745	101	1
1527924959.521922000	87.5317	516	1
1527924959.522022000	87.5318	258	1
1527924959.539123000	87.5489	87	0
1527924959.830190000	87.84	233	0
1527924959.830790000	87.8406	148	0
1527924959.831778000	87.8416	104	1
1527924959.834738000	87.8445	92	0
1527924959.835487000	87.8453	110	0
1527924959.836750000	87.8465	101	1
1527924960.070049000	88.0798	874	1
1527924960.070140000	88.0799	260	1
1527924960.087136000	88.0969	87	0
1527924960.376385000	88.3862	256	0
1527924960.376974000	88.3868	148	0
1527924960.377820000	88.3876	104	1
1527924960.381156000	88.391	92	0
1527924960.381785000	88.3916	125	0
1527924960.382780000	88.3926	101	1
1527924960.481842000	88.4916	405	1
1527924960.481907000	88.4917	258	1
1527924960.499019000	88.5088	87	0
1527924960.777277000	88.7871	278	0
1527924960.777997000	88.7878	148	0
1527924960.778821000	88.7886	104	1
1527924960.782238000	88.792	92	0
1527924960.782867000	88.7927	291	0
1527924960.783803000	88.7936	101	1
1527924960.983528000	88.9933	392	1
1527924960.983603000	88.9934	259	1
1527924960.999239000	89.009	87	0
1527924961.098115000	89.1079	235	0
1527924961.098715000	89.1085	148	0
1527924961.099838000	89.1096	104	1
1527924961.101864000	89.1117	92	0
1527924961.102545000	89.1123	164	0
1527924961.103888000	89.1137	101	1
1527924961.511409000	89.5212	975	1
1527924961.511498000	89.5213	261	1
1527924961.529698000	89.5395	87	0
1527924961.796667000	89.8065	304	0
1527924961.797253000	89.8071	148	0
1527924961.798939000	89.8087	104	1
1527924961.800045000	89.8098	92	0
1527924961.800749000	89.8105	195	0
1527924961.801863000	89.8117	101	1
1527924962.098103000	90.1079	394	1
1527924962.098170000	90.108	258	1
1527924962.117729000	90.1275	87	0
1527924962.405903000	90.4157	258	0
1527924962.406486000	90.4163	148	0
1527924962.408000000	90.4178	104	1
1527924962.409939000	90.4197	92	0
1527924962.410705000	90.4205	218	0
1527924962.411897000	90.4217	101	1
1527924962.549225000	90.559	397	1
1527924962.549287000	90.5591	258	1
1527924962.566874000	90.5767	87	0
1527924962.833928000	90.8437	233	0
1527924962.834530000	90.8443	148	0
1527924962.835992000	90.8458	104	1
1527924962.836965000	90.8468	92	0
1527924962.837714000	90.8475	98	0
1527924962.838920000	90.8487	101	1
1527924962.976413000	90.9862	397	1
1527924962.976471000	90.9863	261	1
1527924963.003270000	91.0131	87	0
1527924963.287879000	91.2977	256	0
1527924963.288537000	91.2983	148	0
1527924963.289975000	91.2998	104	1
1527924963.291605000	91.3014	92	0
1527924963.292573000	91.3024	258	0
1527924963.293016000	91.3028	101	1
1527924963.815518000	91.8253	393	1
1527924963.815611000	91.8254	258	1
1527924963.833992000	91.8438	87	0
1527924964.100010000	92.1098	233	0
1527924964.100650000	92.1104	148	0
1527924964.102013000	92.1118	104	1
1527924964.102671000	92.1125	92	0
1527924964.103391000	92.1132	230	0
1527924964.103973000	92.1138	101	1
1527924964.277818000	92.2876	396	1
1527924964.277903000	92.2877	262	1
1527924964.294349000	92.3041	87	0
1527924964.427079000	92.4369	262	0
1527924964.427826000	92.4376	148	0
1527924964.429083000	92.4389	104	1
1527924964.430486000	92.4403	92	0
1527924964.431229000	92.441	134	0
1527924964.432007000	92.4418	101	1
1527924964.801448000	92.8112	394	1
1527924964.801503000	92.8113	258	1
1527924964.817981000	92.8278	87	0
1527924964.945197000	92.955	387	0
1527924964.945812000	92.9556	148	0
1527924964.947143000	92.9569	104	1
1527924964.948996000	92.9588	92	0
1527924964.949708000	92.9595	311	0
1527924964.951045000	92.9608	101	1
1527924965.020144000	93.0299	393	1
1527924965.020206000	93.03	258	1
1527924965.037609000	93.0474	87	0
1527924965.318750000	93.3285	258	0
1527924965.319392000	93.3292	148	0
1527924965.320809000	93.3306	92	0
1527924965.321079000	93.3309	107	1
1527924965.321557000	93.3314	312	0
1527924965.323124000	93.3329	98	1
1527924965.442191000	93.452	394	1
1527924965.442256000	93.4521	261	1
1527924965.459438000	93.4692	87	0
1527924965.464783000	93.4746	87	0
1527924965.569383000	93.5792	235	0
1527924965.570054000	93.5799	148	0
1527924965.571172000	93.581	107	1
1527924965.574584000	93.5844	92	0
1527924965.575651000	93.5854	211	0
1527924965.576121000	93.5859	101	1
1527924965.816426000	93.8262	516	1
1527924965.816517000	93.8263	258	1
1527924965.834696000	93.8445	87	0
1527924965.839908000	93.8497	87	0
1527924965.958521000	93.9683	235	0
1527924965.959135000	93.9689	148	0
1527924965.960182000	93.97	107	1
1527924965.964570000	93.9744	92	0
1527924965.965246000	93.975	86	0
1527924965.966140000	93.9759	101	1
1527924966.185437000	94.1952	874	1
1527924966.185528000	94.1953	258	1
1527924966.202295000	94.2121	87	0
1527924966.355098000	94.3649	300	0
1527924966.357199000	94.367	101	1
1527924966.357812000	94.3676	148	0
1527924966.359180000	94.369	98	1
1527924966.374165000	94.384	92	0
1527924966.374907000	94.3847	138	0
1527924966.376129000	94.3859	101	1
1527924966.440497000	94.4503	300	0
1527924966.442192000	94.452	98	1
1527924966.447911000	94.4577	92	0
1527924966.449184000	94.459	98	1
1527924966.815458000	94.8253	406	1
1527924966.815535000	94.8253	258	1
1527924966.833549000	94.8433	87	0
1527924966.970050000	94.9798	235	0
1527924966.970664000	94.9805	148	0
1527924966.972253000	94.9821	104	1
1527924966.975400000	94.9852	92	0
1527924966.976091000	94.9859	267	0
1527924966.977155000	94.987	101	1
1527924967.363636000	95.3734	394	1
1527924967.363697000	95.3735	261	1
1527924967.380288000	95.3901	87	0
1527924967.676799000	95.6866	258	0
1527924967.677560000	95.6874	148	0
1527924967.678197000	95.688	104	1
1527924967.678400000	95.6882	92	0
1527924967.679108000	95.6889	277	0
1527924967.680188000	95.69	101	1
1527924967.792508000	95.8023	974	1
1527924967.792572000	95.8024	258	1
1527924967.808897000	95.8187	87	0
1527924968.099815000	96.1096	278	0
1527924968.100462000	96.1103	148	0
1527924968.101302000	96.1111	104	1
1527924968.104373000	96.1142	92	0
1527924968.105054000	96.1149	334	0
1527924968.106223000	96.116	101	1
1527924968.160328000	96.1701	391	1
1527924968.160391000	96.1702	258	1
1527924968.175901000	96.1857	87	0
1527924968.279236000	96.289	302	0
1527924968.279832000	96.2896	148	0
1527924968.281339000	96.2911	104	1
1527924968.282997000	96.2928	92	0
1527924968.283680000	96.2935	256	0
1527924968.284229000	96.294	101	1
1527924968.389359000	96.3992	397	1
1527924968.389418000	96.3992	260	1
1527924968.406059000	96.4159	87	0
1527924968.523288000	96.5331	235	0
1527924968.523889000	96.5337	148	0
1527924968.525328000	96.5351	104	1
1527924968.527122000	96.5369	92	0
1527924968.527882000	96.5377	231	0
1527924968.529309000	96.5391	101	1
1527924968.898505000	96.9083	396	1
1527924968.898577000	96.9084	258	1
1527924968.915445000	96.9252	87	0
1527924969.210725000	97.2205	233	0
1527924969.211434000	97.2212	148	0
1527924969.212304000	97.2221	104	1
1527924969.213967000	97.2238	92	0
1527924969.214705000	97.2245	326	0
1527924969.215306000	97.2251	101	1
1527924969.227244000	97.237	392	1
1527924969.227338000	97.2371	260	1
1527924969.245493000	97.2553	87	0
1527924969.538617000	97.5484	256	0
1527924969.539212000	97.549	148	0
1527924969.540375000	97.5502	104	1
1527924969.543347000	97.5531	92	0
1527924969.544053000	97.5539	333	0
1527924969.545310000	97.5551	101	1
1527924969.848693000	97.8585	392	1
1527924969.848782000	97.8586	260	1
1527924969.868548000	97.8783	87	0
1527924969.984615000	97.9944	233	0
1527924969.985205000	97.995	148	0
1527924969.986406000	97.9962	104	1
1527924969.988132000	97.9979	92	0
1527924969.988783000	97.9986	198	0
1527924969.989348000	97.9991	101	1
1527924971.597216000	99.607	392	1
1527924971.597312000	99.6071	258	1
1527924971.615156000	99.625	87	0
1527924971.882372000	99.8922	258	0
1527924971.883024000	99.8928	148	0
1527924971.884524000	99.8943	104	1
1527924971.886354000	99.8962	92	0
1527924971.887045000	99.8968	280	0
1527924971.888503000	99.8983	101	1
1527924971.976123000	99.9859	396	1
1527924971.976215000	99.986	259	1
1527924971.993160000	100.003	87	0
1527924972.284167000	100.294	262	0
1527924972.284760000	100.295	148	0
1527924972.286541000	100.296	104	1
1527924972.287286000	100.297	92	0
1527924972.288068000	100.298	159	0
1527924972.289527000	100.299	101	1
1527924972.555884000	100.566	393	1
1527924972.555959000	100.566	258	1
1527924972.572040000	100.582	87	0
1527924972.577863000	100.588	87	0
1527924972.837295000	100.847	385	0
1527924972.837949000	100.848	148	0
1527924972.839568000	100.849	107	1
1527924972.841006000	100.851	92	0
1527924972.841690000	100.851	189	0
1527924972.842489000	100.852	101	1
1527924972.972771000	100.983	515	1
1527924972.972842000	100.983	259	1
1527924972.989729000	101	87	0
1527924973.088897000	101.099	233	0
1527924973.089498000	101.099	148	0
1527924973.090586000	101.1	104	1
1527924973.093200000	101.103	92	0
1527924973.093879000	101.104	308	0
1527924973.094506000	101.104	101	1
1527924973.190713000	101.201	874	1
1527924973.190802000	101.201	258	1
1527924973.208806000	101.219	87	0
1527924973.308267000	101.318	258	0
1527924973.308933000	101.319	148	0
1527924973.310608000	101.32	104	1
1527924973.311708000	101.322	92	0
1527924973.312453000	101.322	305	0
1527924973.313518000	101.323	101	1
1527924973.629700000	101.639	405	1
1527924973.629793000	101.64	258	1
1527924973.648062000	101.658	87	0
1527924973.773697000	101.783	235	0
1527924973.774354000	101.784	148	0
1527924973.775622000	101.785	104	1
1527924973.776787000	101.787	92	0
1527924973.777522000	101.787	312	0
1527924973.778560000	101.788	101	1
1527924973.980168000	101.99	397	1
1527924973.980234000	101.99	222	1
1527924973.997668000	102.007	87	0
1527924974.000700000	102.01	87	0
1527924974.122439000	102.132	275	0
1527924974.123036000	102.133	148	0
1527924974.124585000	102.134	107	1
1527924974.127031000	102.137	92	0
1527924974.127741000	102.138	238	0
1527924974.128560000	102.138	101	1
1527924974.318047000	102.328	976	1
1527924974.318136000	102.328	316	1
1527924974.336099000	102.346	87	0
1527924974.444319000	102.454	256	0
1527924974.444958000	102.455	158	0
1527924974.446490000	102.456	298	0
1527924974.446632000	102.456	107	1
1527924974.655987000	102.666	397	1
1527924974.656047000	102.666	254	1
1527924974.672514000	102.682	87	0
1527924974.938105000	102.948	235	0
1527924974.938699000	102.948	148	0
1527924974.939714000	102.95	104	1
1527924974.942931000	102.953	92	0
1527924974.943608000	102.953	225	0
1527924974.944611000	102.954	101	1
1527924975.604211000	103.614	398	1
1527924975.604278000	103.614	260	1
1527924975.622694000	103.632	87	0
1527924975.735971000	103.746	302	0
1527924975.736561000	103.746	148	0
1527924975.737747000	103.748	104	1
1527924975.738963000	103.749	92	0
1527924975.739655000	103.749	331	0
1527924975.740671000	103.75	101	1
1527924975.902861000	103.913	396	1
1527924975.902927000	103.913	258	1
1527924975.919263000	103.929	87	0
1527924975.924938000	103.935	87	0
1527924976.189379000	104.199	281	0
1527924976.189965000	104.2	148	0
1527924976.191748000	104.202	107	1
1527924976.193232000	104.203	92	0
1527924976.193909000	104.204	276	0
1527924976.194683000	104.204	101	1
1527924976.441029000	104.451	393	1
1527924976.441118000	104.451	259	1
1527924976.457232000	104.467	87	0
1527924976.739556000	104.749	258	0
1527924976.740159000	104.75	148	0
1527924976.741747000	104.752	104	1
1527924976.744878000	104.755	92	0
1527924976.745548000	104.755	106	0
1527924976.746803000	104.757	101	1
1527924976.839833000	104.85	394	1
1527924976.839907000	104.85	258	1
1527924976.856417000	104.866	87	0
1527924977.126041000	105.136	233	0
1527924977.126649000	105.136	148	0
1527924977.127796000	105.138	104	1
1527924977.130228000	105.14	92	0
1527924977.130916000	105.141	322	0
1527924977.131737000	105.142	101	1
1527924977.411301000	105.421	397	1
1527924977.411392000	105.421	261	1
1527924977.430831000	105.441	87	0
1527924977.534341000	105.544	256	0
1527924977.534984000	105.545	148	0
1527924977.535786000	105.546	104	1
1527924977.538218000	105.548	92	0
1527924977.538987000	105.549	273	0
1527924977.539769000	105.55	101	1
1527924977.958206000	105.968	392	1
1527924977.958303000	105.968	258	1
1527924977.974423000	105.984	87	0
1527924978.241710000	106.252	233	0
1527924978.242342000	106.252	148	0
1527924978.243879000	106.254	104	1
1527924978.244889000	106.255	92	0
1527924978.245596000	106.255	203	0
1527924978.246809000	106.257	101	1
1527924978.426205000	106.436	515	1
1527924978.426298000	106.436	258	1
1527924978.445499000	106.455	87	0
1527924978.719674000	106.729	258	0
1527924978.720384000	106.73	148	0
1527924978.721861000	106.732	104	1
1527924978.724037000	106.734	92	0
1527924978.724695000	106.734	159	0
1527924978.725852000	106.736	101	1
1527924978.875232000	106.885	878	1
1527924978.875303000	106.885	259	1
1527924978.893561000	106.903	87	0
1527924979.005712000	107.016	237	0
1527924979.006323000	107.016	148	0
1527924979.007919000	107.018	104	1
1527924979.012060000	107.022	92	0
1527924979.012706000	107.023	299	0
1527924979.013847000	107.024	101	1
1527924979.623222000	107.633	405	1
1527924979.623315000	107.633	258	1
1527924979.654975000	107.665	405	1
1527924979.686980000	107.697	258	1
1527924979.691325000	107.701	87	0
1527924979.714449000	107.724	87	0
1527924979.804414000	107.814	408	0
1527924979.805022000	107.815	148	0
1527924979.805899000	107.816	107	1
1527924979.809715000	107.82	92	0
1527924979.810458000	107.82	116	0
1527924979.811978000	107.822	101	1
1527924980.042424000	108.052	392	1
1527924980.042489000	108.052	258	1
1527924980.059833000	108.07	87	0
1527924980.160711000	108.171	235	0
1527924980.161357000	108.171	148	0
1527924980.162994000	108.173	104	1
1527924980.163967000	108.174	92	0
1527924980.164705000	108.175	250	0
1527924980.165986000	108.176	101	1
1527924980.410328000	108.42	974	1
1527924980.410420000	108.42	260	1
1527924980.431693000	108.441	87	0
1527924980.725229000	108.735	255	0
1527924980.725831000	108.736	148	0
1527924980.727026000	108.737	104	1
1527924980.728914000	108.739	92	0
1527924980.729595000	108.739	287	0
1527924980.731009000	108.741	101	1
1527924980.820123000	108.83	391	1
1527924980.820216000	108.83	258	1
1527924980.836959000	108.847	87	0
1527924981.144731000	109.155	277	0
1527924981.145439000	109.155	148	0
1527924981.147043000	109.157	104	1
1527924981.149149000	109.159	92	0
1527924981.149906000	109.16	325	0
1527924981.150970000	109.161	101	1
1527924981.319299000	109.329	394	1
1527924981.319394000	109.329	258	1
1527924981.336317000	109.346	87	0
1527924981.341272000	109.351	87	0
1527924981.602171000	109.612	256	0
1527924981.602826000	109.613	148	0
1527924981.604016000	109.614	107	1
1527924981.605728000	109.616	92	0
1527924981.606383000	109.616	296	0
1527924981.606987000	109.617	101	1
1527924981.777514000	109.787	392	1
1527924981.777604000	109.787	261	1
1527924981.794700000	109.804	87	0
1527924981.923499000	109.933	233	0
1527924981.924094000	109.934	148	0
1527924981.925088000	109.935	104	1
1527924981.926541000	109.936	92	0
1527924981.927219000	109.937	90	0
1527924981.928008000	109.938	101	1
1527924982.215479000	110.225	396	1
1527924982.215550000	110.225	258	1
1527924982.236705000	110.247	87	0
1527924982.499433000	110.509	304	0
1527924982.500105000	110.51	148	0
1527924982.501123000	110.511	104	1
1527924982.502434000	110.512	92	0
1527924982.503091000	110.513	270	0
1527924982.504044000	110.514	101	1
1527924985.725692000	113.735	397	1
1527924985.725784000	113.736	260	1
1527924985.742394000	113.752	87	0
1527924986.020519000	114.03	304	0
1527924986.021106000	114.031	148	0
1527924986.022262000	114.032	104	1
1527924986.023985000	114.034	92	0
1527924986.024879000	114.035	135	0
1527924986.025359000	114.035	101	1
1527924986.174837000	114.185	398	1
1527924986.174905000	114.185	274	1
1527924986.191274000	114.201	87	0
1527924986.308536000	114.318	258	0
1527924986.309179000	114.319	148	0
1527924986.310340000	114.32	104	1
1527924986.311668000	114.321	92	0
1527924986.312309000	114.322	232	0
1527924986.313245000	114.323	101	1
1527924986.686643000	114.696	394	1
1527924986.686732000	114.697	259	1
1527924986.704716000	114.715	87	0
1527924986.710421000	114.72	87	0
1527924986.970527000	114.98	233	0
1527924986.971202000	114.981	148	0
1527924986.972391000	114.982	107	1
1527924986.973700000	114.983	92	0
1527924986.974474000	114.984	128	0
1527924986.975314000	114.985	101	1
1527924987.003690000	115.013	233	0
1527924987.005336000	115.015	98	1
