1527882118.867063000	0	898	1
1527882118.890387000	0.023324	87	0
1527882119.125389000	0.258326	301	0
1527882119.126154000	0.259091	1412	0
1527882119.126451000	0.259388	101	1
1527882119.126473000	0.25941	1412	0
1527882119.126832000	0.259769	1412	0
1527882119.127124000	0.260061	180	0
1527882119.127317000	0.260254	107	1
1527882119.127478000	0.260415	1412	0
1527882119.127798000	0.260735	1412	0
1527882119.128160000	0.261097	1412	0
1527882119.128341000	0.261278	104	1
1527882119.128396000	0.261333	188	0
1527882119.128773000	0.26171	701	0
1527882119.129162000	0.262099	1412	0
1527882119.129372000	0.262309	104	1
1527882119.129483000	0.26242	1412	0
1527882119.129786000	0.262723	694	0
1527882119.131331000	0.264268	101	1
1527882119.131346000	0.264283	1412	0
1527882119.131750000	0.264687	1412	0
1527882119.132058000	0.264995	1412	0
1527882119.132344000	0.265281	104	1
1527882119.132352000	0.265289	188	0
1527882119.132691000	0.265628	1199	0
1527882119.133442000	0.266379	101	1
1527882119.156820000	0.289757	1412	0
1527882119.157131000	0.290068	1412	0
1527882119.157416000	0.290353	101	1
1527882119.157452000	0.290389	1412	0
1527882119.157748000	0.290685	198	0
1527882119.158055000	0.290992	84	0
1527882119.158310000	0.291247	104	1
1527882119.159017000	0.291954	1239	0
1527882119.159556000	0.292493	1412	0
1527882119.159849000	0.292786	252	0
1527882119.160199000	0.293136	1412	0
1527882119.160391000	0.293328	107	1
1527882119.160524000	0.293461	802	0
1527882119.161313000	0.29425	98	1
1527882119.162309000	0.295246	1412	0
1527882119.162620000	0.295557	1002	0
1527882119.163336000	0.296273	101	1
1527882119.166979000	0.299916	1412	0
1527882119.167288000	0.300225	1412	0
1527882119.167610000	0.300547	1412	0
1527882119.167899000	0.300836	188	0
1527882119.168249000	0.301186	1412	0
1527882119.168383000	0.30132	110	1
1527882119.168538000	0.301475	170	0
1527882119.168998000	0.301935	1412	0
1527882119.169311000	0.302248	101	1
1527882119.169323000	0.30226	1412	0
1527882119.169645000	0.302582	1412	0
1527882119.169928000	0.302865	188	0
1527882119.170282000	0.303219	1412	0
1527882119.170369000	0.303306	104	1
1527882119.170570000	0.303507	153	0
1527882119.171316000	0.304253	101	1
1527882119.172238000	0.305175	1412	0
1527882119.172561000	0.305498	1412	0
1527882119.172882000	0.305819	1412	0
1527882119.173174000	0.306111	188	0
1527882119.173318000	0.306255	107	1
1527882119.173532000	0.306469	794	0
1527882119.174313000	0.30725	98	1
1527882119.175093000	0.30803	1412	0
1527882119.175315000	0.308252	98	1
1527882119.175492000	0.308429	1412	0
1527882119.175828000	0.308765	1412	0
1527882119.176117000	0.309054	198	0
1527882119.176316000	0.309253	118	1
1527882119.176448000	0.309385	673	0
1527882119.176756000	0.309693	315	0
1527882119.181130000	0.314067	101	1
1527882119.193151000	0.326088	87	0
1527882119.597849000	0.730786	317	1
1527882119.597937000	0.730874	1412	1
1527882119.597961000	0.730898	906	1
1527882119.616251000	0.749188	412	1
1527882119.617423000	0.75036	87	0
1527882119.632628000	0.765565	87	0
1527882119.709819000	0.842756	402	0
1527882119.710707000	0.843644	107	1
1527882119.711962000	0.844899	80	0
1527882119.712500000	0.845437	98	1
1527882119.722294000	0.855231	328	0
1527882119.722626000	0.855563	1412	0
1527882119.722951000	0.855888	1412	0
1527882119.723274000	0.856211	1412	0
1527882119.723382000	0.856319	98	1
1527882119.723582000	0.856519	180	0
1527882119.723942000	0.856879	1412	0
1527882119.724262000	0.857199	1412	0
1527882119.724404000	0.857341	113	1
1527882119.724577000	0.857514	1071	0
1527882119.725367000	0.858304	98	1
1527882119.726146000	0.859083	92	0
1527882119.726359000	0.859296	98	1
1527882119.726458000	0.859395	213	0
1527882119.727359000	0.860296	98	1
1527882119.847642000	0.980579	215	1
1527882119.865819000	0.998756	87	0
1527882119.957582000	1.09052	376	0
1527882119.957903000	1.09084	1115	0
1527882119.958409000	1.09135	92	0
1527882119.958749000	1.09169	216	0
1527882119.958867000	1.0918	101	1
1527882119.960584000	1.09352	104	1
1527882120.270433000	1.40337	885	1
1527882120.271977000	1.40491	427	1
1527882120.287074000	1.42001	87	0
1527882120.395812000	1.52875	328	1
1527882120.413600000	1.54654	87	0
1527882120.435482000	1.56842	301	0
1527882120.435827000	1.56876	557	0
1527882120.437465000	1.5704	107	1
1527882120.460855000	1.59379	483	0
1527882120.461392000	1.59433	98	1
1527882120.604902000	1.73784	1352	0
1527882120.605180000	1.73812	186	0
1527882120.608269000	1.74121	101	1
1527882120.639431000	1.77237	1342	0
1527882120.656681000	1.78962	98	1
1527882120.658964000	1.7919	280	1
1527882120.659034000	1.79197	144	1
1527882120.675969000	1.80891	87	0
1527882120.729228000	1.86216	1412	0
1527882120.729535000	1.86247	1412	0
1527882120.729855000	1.86279	1412	0
1527882120.730156000	1.86309	561	0
1527882120.730455000	1.86339	92	0
1527882120.730780000	1.86372	143	0
1527882120.740996000	1.87393	116	1
1527882120.750130000	1.88307	155	1
1527882120.750206000	1.88314	190	1
1527882120.767365000	1.9003	87	0
1527882120.859872000	1.99281	592	0
1527882120.860160000	1.9931	92	0
1527882120.860483000	1.99342	227	0
1527882120.861463000	1.9944	107	1
1527882121.250131000	2.38307	471	1
1527882121.268396000	2.40133	87	0
1527882121.306814000	2.43975	483	0
1527882121.307107000	2.44004	80	0
1527882121.307469000	2.44041	104	1
1527882121.459680000	2.59262	349	1
1527882121.478890000	2.61183	87	0
1527882121.492782000	2.62572	1412	1
1527882121.492855000	2.62579	543	1
1527882121.511308000	2.64424	87	0
1527882121.518075000	2.65101	1412	1
1527882121.518146000	2.65108	1009	1
1527882121.518206000	2.65114	844	1
1527882121.535658000	2.66859	87	0
1527882121.559125000	2.69206	489	0
1527882121.559426000	2.69236	280	0
1527882121.560614000	2.69355	104	1
1527882121.821739000	2.95468	278	0
1527882121.822078000	2.95501	1412	0
1527882121.822483000	2.95542	996	0
1527882121.822859000	2.9558	98	1
1527882121.824566000	2.9575	101	1
1527882121.824839000	2.95778	92	0
1527882121.825175000	2.95811	254	0
1527882121.825599000	2.95854	101	1
1527882121.867661000	3.0006	437	0
1527882121.867994000	3.00093	1412	0
1527882121.868317000	3.00125	1412	0
1527882121.868488000	3.00143	104	1
1527882121.868659000	3.0016	1412	0
1527882121.868955000	3.00189	188	0
1527882121.869279000	3.00222	431	0
1527882121.870506000	3.00344	104	1
1527882122.080165000	3.2131	1412	1
1527882122.080238000	3.21318	917	1
1527882122.099403000	3.23234	87	0
1527882122.104522000	3.23746	87	0
1527882122.358860000	3.4918	1172	0
1527882122.360775000	3.49371	104	1
1527882122.609839000	3.74278	553	1
1527882122.609936000	3.74287	1412	1
1527882122.609961000	3.7429	1412	1
1527882122.609999000	3.74294	1412	1
1527882122.610051000	3.74299	1412	1
1527882122.610073000	3.74301	1412	1
1527882122.610096000	3.74303	1412	1
1527882122.610143000	3.74308	1412	1
1527882122.610178000	3.74311	1412	1
1527882122.610200000	3.74314	1412	1
1527882122.610245000	3.74318	1412	1
1527882122.610279000	3.74322	1412	1
1527882122.610314000	3.74325	1412	1
1527882122.618424000	3.75136	1271	1
1527882122.627236000	3.76017	87	0
1527882122.629510000	3.76245	87	0
1527882122.633062000	3.766	87	0
1527882122.637908000	3.77084	87	0
1527882122.734329000	3.86727	508	0
1527882122.734602000	3.86754	80	0
1527882122.746954000	3.87989	113	1
1527882122.940253000	4.07319	1389	1
1527882122.958676000	4.09161	87	0
1527882123.084542000	4.21748	262	0
1527882123.084850000	4.21779	273	0
1527882123.097132000	4.23007	104	1
1527882124.721411000	5.85435	332	1
1527882124.721505000	5.85444	1412	1
1527882124.721542000	5.85448	981	1
1527882124.722912000	5.85585	223	1
1527882124.722985000	5.85592	1412	1
1527882124.723022000	5.85596	1412	1
1527882124.723049000	5.85599	758	1
1527882124.740885000	5.87382	87	0
1527882124.742964000	5.8759	251	1
1527882124.743303000	5.87624	87	0
1527882124.757632000	5.89057	118	1
1527882124.762161000	5.8951	87	0
1527882124.780881000	5.91382	94	0
1527882124.781400000	5.91434	101	1
1527882124.784242000	5.91718	87	0
1527882124.917205000	6.05014	396	0
1527882124.918342000	6.05128	101	1
1527882124.921233000	6.05417	80	0
1527882124.922360000	6.0553	98	1
1527882125.119670000	6.25261	568	0
1527882125.119965000	6.2529	340	0
1527882125.121081000	6.25402	101	1
1527882125.122012000	6.25495	101	1
1527882125.124950000	6.25789	251	1
1527882125.138894000	6.27183	87	0
1527882125.142836000	6.27577	87	0
1527882125.577199000	6.71014	857	0
1527882125.577512000	6.71045	1412	0
1527882125.577838000	6.71077	1412	0
1527882125.578161000	6.7111	1412	0
1527882125.578448000	6.71139	104	1
1527882125.578453000	6.71139	180	0
1527882125.578831000	6.71177	1412	0
1527882125.579156000	6.71209	1355	0
1527882125.579496000	6.71243	113	1
1527882125.579674000	6.71261	1412	0
1527882125.579995000	6.71293	1412	0
1527882125.580316000	6.71325	1412	0
1527882125.580606000	6.71354	188	0
1527882125.580950000	6.71389	1226	0
1527882125.581412000	6.71435	110	1
1527882125.581465000	6.7144	1412	0
1527882125.581814000	6.71475	1412	0
1527882125.582144000	6.71508	1412	0
1527882125.582383000	6.71532	104	1
1527882125.582414000	6.71535	188	0
1527882125.582786000	6.71572	1412	0
1527882125.583091000	6.71603	741	0
1527882125.583367000	6.7163	104	1
1527882125.613005000	6.74594	1412	0
1527882125.613335000	6.74627	1412	0
1527882125.613659000	6.7466	1412	0
1527882125.613947000	6.74688	192	0
1527882125.614295000	6.74723	1412	0
1527882125.614619000	6.74756	1412	0
1527882125.614942000	6.74788	1412	0
1527882125.615361000	6.7483	180	0
1527882125.615948000	6.74888	1412	0
1527882125.616271000	6.74921	1412	0
1527882125.616595000	6.74953	1412	0
1527882125.616878000	6.74981	180	0
1527882125.617233000	6.75017	1412	0
1527882125.617525000	6.75046	330	0
1527882125.617874000	6.75081	1412	0
1527882125.618163000	6.7511	184	0
1527882125.618518000	6.75146	1412	0
1527882125.618837000	6.75177	1412	0
1527882125.619161000	6.7521	1412	0
1527882125.619449000	6.75239	188	0
1527882125.619794000	6.75273	1200	0
1527882125.620784000	6.75372	1412	0
1527882125.621107000	6.75404	1412	0
1527882125.621430000	6.75437	1412	0
1527882125.621598000	6.75453	125	1
1527882125.621718000	6.75465	188	0
1527882125.621767000	6.7547	125	1
1527882125.622031000	6.75497	84	0
1527882125.622376000	6.75531	963	0
1527882125.622709000	6.75565	1412	0
1527882125.623028000	6.75596	1301	0
1527882125.623043000	6.75598	110	1
1527882125.623481000	6.75642	1412	0
1527882125.623799000	6.75674	1412	0
1527882125.624102000	6.75704	668	0
1527882125.624442000	6.75738	1412	0
1527882125.624761000	6.7577	1412	0
1527882125.625057000	6.75799	345	0
1527882125.625438000	6.75837	92	0
1527882125.625772000	6.75871	165	0
1527882125.627077000	6.76001	125	1
1527882125.627478000	6.76041	101	1
1527882125.653279000	6.78622	1402	0
1527882125.654395000	6.78733	98	1
1527882126.903187000	8.03612	311	1
1527882126.903261000	8.0362	144	1
1527882126.919367000	8.0523	87	0
1527882126.974404000	8.10734	1412	0
1527882126.974712000	8.10765	1412	0
1527882126.975031000	8.10797	1412	0
1527882126.975401000	8.10834	683	0
1527882126.975720000	8.10866	92	0
1527882126.976048000	8.10898	330	0
1527882126.976557000	8.10949	110	1
1527882126.977652000	8.11059	101	1
1527882128.025985000	9.15892	382	1
1527882128.026062000	9.159	294	1
1527882128.026958000	9.15989	329	1
1527882128.027014000	9.15995	1412	1
1527882128.027038000	9.15998	1412	1
1527882128.027059000	9.16	969	1
1527882128.046583000	9.17952	87	0
1527882128.052334000	9.18527	87	0
1527882128.084606000	9.21754	402	1
1527882128.100452000	9.23339	87	0
1527882128.195129000	9.32807	410	0
1527882128.195484000	9.32842	103	0
1527882128.196156000	9.32909	101	1
1527882128.196687000	9.32962	98	1
1527882128.197478000	9.33042	153	0
1527882128.197931000	9.33087	98	1
1527882128.205276000	9.33821	375	0
1527882128.206145000	9.33908	98	1
1527882128.210211000	9.34315	80	0
1527882128.211083000	9.34402	98	1
1527882128.304393000	9.43733	1412	1
1527882128.304438000	9.43738	1412	1
1527882128.304474000	9.43741	455	1
1527882128.304536000	9.43747	840	1
1527882128.321849000	9.45479	87	0
1527882128.343477000	9.47641	462	0
1527882128.343779000	9.47672	196	0
1527882128.345146000	9.47808	104	1
1527882128.360486000	9.49342	280	0
1527882128.360836000	9.49377	1400	0
1527882128.361175000	9.49411	98	1
1527882128.361179000	9.49412	513	0
1527882128.361697000	9.49463	101	1
1527882128.362231000	9.49517	592	0
1527882128.362696000	9.49563	98	1
1527882128.364266000	9.4972	635	0
1527882128.364702000	9.49764	98	1
1527882128.365770000	9.49871	467	0
1527882128.366736000	9.49967	98	1
1527882128.367345000	9.50028	697	0
1527882128.367698000	9.50063	98	1
1527882128.368262000	9.5012	484	0
1527882128.368696000	9.50163	98	1
1527882128.370553000	9.50349	835	0
1527882128.370710000	9.50365	98	1
1527882128.371035000	9.50397	649	0
1527882128.371696000	9.50463	98	1
1527882128.372396000	9.50533	519	0
1527882128.372696000	9.50563	98	1
1527882128.373759000	9.5067	439	0
1527882128.374698000	9.50763	98	1
1527882128.374703000	9.50764	701	0
1527882128.375716000	9.50865	98	1
1527882128.376613000	9.50955	626	0
1527882128.377729000	9.51067	98	1
1527882128.377817000	9.51075	558	0
1527882128.378714000	9.51165	98	1
1527882128.379276000	9.51221	654	0
1527882128.379726000	9.51266	98	1
1527882128.380149000	9.51309	593	0
1527882128.380456000	9.51339	689	0
1527882128.380713000	9.51365	101	1
1527882128.386835000	9.51977	102	0
1527882128.387716000	9.52065	98	1
1527882128.391921000	9.52486	181	0
1527882128.392718000	9.52566	98	1
1527882128.916881000	10.0498	995	1
1527882128.916956000	10.0499	109	1
1527882128.933018000	10.066	306	1
1527882128.935613000	10.0685	482	1
1527882128.935683000	10.0686	87	1
1527882128.937650000	10.0706	87	0
1527882128.942562000	10.0755	87	0
1527882128.949872000	10.0828	87	0
1527882128.953149000	10.0861	87	0
1527882129.070933000	10.2039	308	0
1527882129.071247000	10.2042	151	0
1527882129.072075000	10.205	110	1
1527882129.072742000	10.2057	98	1
1527882129.075272000	10.2082	92	0
1527882129.075621000	10.2086	157	0
1527882129.076218000	10.2092	101	1
1527882129.216491000	10.3494	275	0
1527882129.216797000	10.3497	141	0
1527882129.217766000	10.3507	101	1
1527882129.220013000	10.3529	92	0
1527882129.220397000	10.3533	139	0
1527882129.220802000	10.3537	101	1
1527882129.306733000	10.4397	243	0
1527882129.307775000	10.4407	98	1
1527882129.308411000	10.4413	103	0
1527882129.308751000	10.4417	98	1
1527882129.312287000	10.4452	92	0
1527882129.312822000	10.4458	98	1
1527882129.313515000	10.4465	213	0
1527882129.315409000	10.4483	98	1
1527882130.309432000	11.4424	490	1
1527882130.309514000	11.4425	94	1
1527882130.326197000	11.4591	87	0
1527882130.406687000	11.5396	329	1
1527882130.406777000	11.5397	261	1
1527882130.423590000	11.5565	87	0
1527882130.456471000	11.5894	288	0
1527882130.456783000	11.5897	365	0
1527882130.457514000	11.5905	104	1
1527882130.457839000	11.5908	98	1
1527882130.459617000	11.5926	87	0
1527882130.460127000	11.5931	98	1
1527882130.955330000	12.0883	374	1
1527882130.955476000	12.0884	1412	1
1527882130.955517000	12.0885	1412	1
1527882130.955639000	12.0886	1412	1
1527882130.955663000	12.0886	1412	1
1527882130.955701000	12.0886	1412	1
1527882130.955734000	12.0887	1412	1
1527882130.955777000	12.0887	1412	1
1527882130.955817000	12.0888	1412	1
1527882130.955861000	12.0888	1412	1
1527882130.955897000	12.0888	1412	1
1527882130.955919000	12.0889	1412	1
1527882130.955982000	12.0889	1412	1
1527882130.957876000	12.0908	1412	1
1527882130.957926000	12.0909	1412	1
1527882130.957965000	12.0909	1412	1
1527882130.958017000	12.091	1412	1
1527882130.958055000	12.091	1412	1
1527882130.958105000	12.091	1412	1
1527882130.959876000	12.0928	1412	1
1527882130.959912000	12.0928	1412	1
1527882130.959946000	12.0929	1412	1
1527882130.959978000	12.0929	1412	1
1527882130.960016000	12.093	1412	1
1527882130.960049000	12.093	1412	1
1527882130.961867000	12.0948	1412	1
1527882130.961904000	12.0948	1412	1
1527882130.961937000	12.0949	1412	1
1527882130.961973000	12.0949	1412	1
1527882130.962008000	12.0949	1412	1
1527882130.963867000	12.0968	1412	1
1527882130.963904000	12.0968	1412	1
1527882130.963938000	12.0969	1412	1
1527882130.963974000	12.0969	1412	1
1527882130.963995000	12.0969	749	1
1527882130.974285000	12.1072	87	0
1527882130.976919000	12.1099	87	0
1527882130.980499000	12.1134	87	0
1527882130.983752000	12.1167	87	0
1527882131.148921000	12.2819	397	0
1527882131.149920000	12.2829	110	1
1527882131.155837000	12.2888	80	0
1527882131.156902000	12.2898	98	1
1527882131.237251000	12.3702	268	0
1527882131.237810000	12.3707	146	0
1527882131.238412000	12.3713	98	1
1527882131.238893000	12.3718	98	1
1527882131.240115000	12.3731	92	0
1527882131.240393000	12.3733	224	0
1527882131.240905000	12.3738	101	1
1527882131.285581000	12.4185	363	1
1527882131.285807000	12.4187	298	1
1527882131.313115000	12.4461	87	0
1527882131.314310000	12.4472	377	1
1527882131.330576000	12.4635	87	0
1527882131.344628000	12.4776	345	1
1527882131.344713000	12.4776	258	1
1527882131.363207000	12.4961	87	0
1527882131.367666000	12.5006	87	0
1527882131.370959000	12.5039	400	1
1527882131.391048000	12.524	87	0
1527882131.408588000	12.5415	303	0
1527882131.408885000	12.5418	118	0
1527882131.409991000	12.5429	104	1
1527882131.414284000	12.5472	92	0
1527882131.414751000	12.5477	316	0
1527882131.414896000	12.5478	101	1
1527882131.428961000	12.5619	520	0
1527882131.429248000	12.5622	80	0
1527882131.430295000	12.5632	101	1
1527882131.490913000	12.6238	243	0
1527882131.491218000	12.6242	146	0
1527882131.492232000	12.6252	101	1
1527882131.492268000	12.6252	92	0
1527882131.492869000	12.6258	337	0
1527882131.492953000	12.6259	98	1
1527882131.493881000	12.6268	98	1
1527882131.501963000	12.6349	599	0
1527882131.502517000	12.6355	804	0
1527882131.503006000	12.6359	98	1
1527882131.504072000	12.637	92	0
1527882131.504408000	12.6373	302	0
1527882131.504887000	12.6378	104	1
1527882131.537553000	12.6705	1412	1
1527882131.537591000	12.6705	254	1
1527882131.555349000	12.6883	87	0
1527882131.606321000	12.7393	338	0
1527882131.606630000	12.7396	280	0
1527882131.607530000	12.7405	101	1
1527882131.607890000	12.7408	98	1
1527882131.610290000	12.7432	92	0
1527882131.610909000	12.7438	98	1
1527882131.611353000	12.7443	193	0
1527882131.611926000	12.7449	98	1
1527882131.677949000	12.8109	768	0
1527882131.678231000	12.8112	98	0
1527882131.679019000	12.812	101	1
1527882131.685928000	12.8189	991	1
1527882131.686014000	12.819	254	1
1527882131.702819000	12.8358	87	0
1527882131.708039000	12.841	404	1
1527882131.726164000	12.8591	87	0
1527882131.846112000	12.979	659	0
1527882131.847323000	12.9803	104	1
1527882131.853122000	12.9861	255	0
1527882131.853419000	12.9864	146	0
1527882131.854119000	12.9871	98	1
1527882131.854903000	12.9878	98	1
1527882131.857012000	12.9899	92	0
1527882131.857342000	12.9903	199	0
1527882131.857907000	12.9908	101	1
1527882132.100461000	13.2334	394	1
1527882132.100551000	13.2335	259	1
1527882132.117569000	13.2505	87	0
1527882132.121977000	13.2549	87	0
1527882132.431092000	13.564	303	0
1527882132.431426000	13.5644	146	0
1527882132.432149000	13.5651	104	1
1527882132.432943000	13.5659	98	1
1527882132.434003000	13.5669	92	0
1527882132.434676000	13.5676	249	0
1527882132.435254000	13.5682	101	1
1527882132.544398000	13.6773	396	1
1527882132.544459000	13.6774	260	1
1527882132.563527000	13.6965	87	0
1527882132.878696000	14.0116	258	0
1527882132.878999000	14.0119	146	0
1527882132.880071000	14.013	104	1
1527882132.882735000	14.0157	92	0
1527882132.882966000	14.0159	98	1
1527882132.883298000	14.0162	287	0
1527882132.884078000	14.017	98	1
1527882132.965270000	14.0982	397	1
1527882132.965335000	14.0983	256	1
1527882132.981872000	14.1148	87	0
1527882133.122544000	14.2555	235	0
1527882133.122852000	14.2558	146	0
1527882133.123609000	14.2565	101	1
1527882133.123978000	14.2569	98	1
1527882133.126289000	14.2592	92	0
1527882133.126610000	14.2595	163	0
1527882133.127141000	14.2601	101	1
1527882133.328445000	14.4614	393	1
1527882133.328537000	14.4615	256	1
1527882133.345635000	14.4786	87	0
1527882133.649846000	14.7828	256	0
1527882133.650097000	14.783	146	0
1527882133.651052000	14.784	104	1
1527882133.654019000	14.787	92	0
1527882133.654282000	14.7872	135	0
1527882133.655029000	14.788	101	1
1527882133.948425000	15.0814	396	1
1527882133.948520000	15.0815	253	1
1527882133.964778000	15.0977	87	0
1527882133.969306000	15.1022	87	0
1527882134.127530000	15.2605	277	0
1527882134.127818000	15.2608	146	0
1527882134.128666000	15.2616	107	1
1527882134.131295000	15.2642	92	0
1527882134.131612000	15.2645	190	0
1527882134.132050000	15.265	101	1
1527882136.780111000	17.913	393	1
1527882136.780181000	17.9131	256	1
1527882136.795967000	17.9289	87	0
1527882136.898706000	18.0316	258	0
1527882136.898954000	18.0319	148	0
1527882136.899892000	18.0328	104	1
1527882136.902198000	18.0351	92	0
1527882136.902471000	18.0354	319	0
1527882136.903208000	18.0361	101	1
1527882137.042513000	18.1754	396	1
1527882137.042588000	18.1755	255	1
1527882137.060153000	18.1931	87	0
1527882137.379346000	18.5123	233	0
1527882137.379654000	18.5126	148	0
1527882137.380552000	18.5135	104	1
1527882137.383512000	18.5164	92	0
1527882137.383844000	18.5168	223	0
1527882137.384294000	18.5172	101	1
1527882137.584295000	18.7172	395	1
1527882137.584386000	18.7173	261	1
1527882137.602326000	18.7353	87	0
1527882137.751408000	18.8843	255	0
1527882137.751703000	18.8846	148	0
1527882137.752456000	18.8854	104	1
1527882137.755509000	18.8884	92	0
1527882137.756313000	18.8893	98	1
1527882137.756992000	18.8899	220	0
1527882137.757456000	18.8904	98	1
1527882137.865684000	18.9986	391	1
1527882137.865780000	18.9987	255	1
1527882137.881961000	19.0149	87	0
1527882137.889671000	19.0226	87	0
1527882137.993209000	19.1261	279	0
1527882137.993441000	19.1264	148	0
1527882137.994381000	19.1273	107	1
1527882137.996777000	19.1297	92	0
1527882137.997045000	19.13	274	0
1527882137.997492000	19.1304	101	1
1527882138.081854000	19.2148	995	1
1527882138.081919000	19.2149	259	1
1527882138.099615000	19.2326	87	0
1527882138.218736000	19.3517	314	0
1527882138.218985000	19.3519	148	0
1527882138.219915000	19.3529	104	1
1527882138.222762000	19.3557	92	0
1527882138.223204000	19.3561	267	0
1527882138.223428000	19.3564	101	1
1527882138.405611000	19.5385	988	1
1527882138.405703000	19.5386	258	1
1527882138.423161000	19.5561	87	0
1527882138.728938000	19.8619	258	0
1527882138.729220000	19.8622	148	0
1527882138.730169000	19.8631	104	1
1527882138.733264000	19.8662	92	0
1527882138.734476000	19.8674	98	1
1527882138.734660000	19.8676	139	0
1527882138.735529000	19.8685	98	1
1527882138.915969000	20.0489	392	1
1527882138.916038000	20.049	260	1
1527882138.933781000	20.0667	87	0
1527882139.046020000	20.179	258	0
1527882139.046269000	20.1792	148	0
1527882139.047360000	20.1803	104	1
1527882139.049800000	20.1827	92	0
1527882139.050054000	20.183	279	0
1527882139.050574000	20.1835	101	1
1527882139.337601000	20.4705	395	1
1527882139.337639000	20.4706	259	1
1527882139.354466000	20.4874	87	0
1527882139.498364000	20.6313	237	0
1527882139.498680000	20.6316	148	0
1527882139.499534000	20.6325	104	1
1527882139.502541000	20.6355	92	0
1527882139.503028000	20.636	258	0
1527882139.503458000	20.6364	101	1
1527882139.767189000	20.9001	392	1
1527882139.767264000	20.9002	256	1
1527882139.781214000	20.9142	100	0
1527882139.782373000	20.9153	98	1
1527882140.105789000	21.2387	258	0
1527882140.106032000	21.239	148	0
1527882140.107164000	21.2401	101	1
1527882140.109666000	21.2426	92	0
1527882140.109898000	21.2428	333	0
1527882140.110376000	21.2433	101	1
1527882140.183599000	21.3165	392	1
1527882140.183684000	21.3166	258	1
1527882140.199936000	21.3329	87	0
1527882140.397994000	21.5309	306	1
1527882140.398094000	21.531	1412	1
1527882140.398132000	21.5311	1412	1
1527882140.398185000	21.5311	1412	1
1527882140.398208000	21.5311	1358	1
1527882140.416365000	21.5493	87	0
1527882140.421350000	21.5543	87	0
1527882140.531703000	21.6646	256	0
1527882140.532004000	21.6649	148	0
1527882140.532741000	21.6657	107	1
1527882140.533432000	21.6664	98	1
1527882140.535783000	21.6687	92	0
1527882140.536104000	21.669	243	0
1527882140.536619000	21.6696	101	1
1527882140.706834000	21.8398	492	0
1527882140.709740000	21.8427	98	1
1527882140.721029000	21.854	80	0
1527882140.721828000	21.8548	98	1
1527882140.860769000	21.9937	392	1
1527882140.860908000	21.9938	259	1
1527882140.878351000	22.0113	87	0
1527882140.882503000	22.0154	87	0
1527882141.194262000	22.3272	232	0
1527882141.194520000	22.3275	148	0
1527882141.195645000	22.3286	107	1
1527882141.198491000	22.3314	92	0
1527882141.198822000	22.3318	295	0
1527882141.199448000	22.3324	101	1
1527882141.221699000	22.3546	395	1
1527882141.221757000	22.3547	256	1
1527882141.238905000	22.3718	87	0
1527882141.408895000	22.5418	233	0
1527882141.409180000	22.5421	148	0
1527882141.410364000	22.5433	104	1
1527882141.412293000	22.5452	92	0
1527882141.412685000	22.5456	213	0
1527882141.413469000	22.5464	101	1
1527882141.602929000	22.7359	392	1
1527882141.603020000	22.736	258	1
1527882141.619930000	22.7529	87	0
1527882141.622518000	22.7555	87	0
1527882141.935798000	23.0687	298	0
1527882141.936427000	23.0694	148	0
1527882141.936874000	23.0698	104	1
1527882141.937551000	23.0705	98	1
1527882141.939868000	23.0728	92	0
1527882141.940195000	23.0731	166	0
1527882141.940731000	23.0737	101	1
1527882141.951615000	23.0846	392	1
1527882141.951675000	23.0846	256	1
1527882141.970309000	23.1032	87	0
1527882141.974147000	23.1071	87	0
1527882142.277683000	23.4106	236	0
1527882142.277933000	23.4109	148	0
1527882142.279056000	23.412	107	1
1527882142.283299000	23.4162	92	0
1527882142.283563000	23.4165	337	0
1527882142.284532000	23.4175	101	1
1527882142.474466000	23.6074	397	1
1527882142.474561000	23.6075	260	1
1527882142.491107000	23.624	87	0
1527882142.812248000	23.9452	259	0
1527882142.812483000	23.9454	148	0
1527882142.813544000	23.9465	104	1
1527882142.815863000	23.9488	92	0
1527882142.816143000	23.9491	241	0
1527882142.816564000	23.9495	101	1
1527882142.940898000	24.0738	393	1
1527882142.940965000	24.0739	258	1
1527882142.959334000	24.0923	87	0
1527882143.299611000	24.4325	235	0
1527882143.299853000	24.4328	148	0
1527882143.301018000	24.434	104	1
1527882143.301968000	24.4349	92	0
1527882143.302235000	24.4352	218	0
1527882143.302667000	24.4356	101	1
1527882143.395633000	24.5286	996	1
1527882143.395710000	24.5286	260	1
1527882143.413556000	24.5465	87	0
1527882143.522395000	24.6553	278	0
1527882143.522695000	24.6556	148	0
1527882143.524459000	24.6574	104	1
1527882143.528166000	24.6611	92	0
1527882143.528425000	24.6614	195	0
1527882143.528615000	24.6616	101	1
1527882143.605143000	24.7381	989	1
1527882143.605236000	24.7382	255	1
1527882143.621917000	24.7549	87	0
1527882143.947718000	25.0807	337	0
1527882143.948025000	25.081	148	0
1527882143.948995000	25.0819	104	1
1527882143.951815000	25.0848	92	0
1527882143.952194000	25.0851	88	0
1527882143.952711000	25.0856	101	1
1527882144.058917000	25.1919	394	1
1527882144.059013000	25.1919	310	1
1527882144.076728000	25.2097	87	0
1527882144.190270000	25.3232	233	0
1527882144.190535000	25.3235	148	0
1527882144.191199000	25.3241	104	1
1527882144.195154000	25.3281	92	0
1527882144.195691000	25.3286	98	1
1527882144.195792000	25.3287	125	0
1527882144.196621000	25.3296	98	1
1527882144.644157000	25.7771	391	1
1527882144.644245000	25.7772	255	1
1527882144.664349000	25.7973	87	0
1527882144.808416000	25.9414	283	0
1527882144.808706000	25.9416	148	0
1527882144.809714000	25.9427	104	1
1527882144.813156000	25.9461	92	0
1527882144.813718000	25.9467	98	1
1527882144.816253000	25.9492	248	0
1527882144.816713000	25.9497	98	1
1527882145.182739000	26.3157	395	1
1527882145.182833000	26.3158	259	1
1527882145.201045000	26.334	87	0
1527882145.205270000	26.3382	87	0
1527882145.526558000	26.6595	235	0
1527882145.526851000	26.6598	148	0
1527882145.527764000	26.6607	107	1
1527882145.530310000	26.6632	92	0
1527882145.530691000	26.6636	170	0
1527882145.530750000	26.6637	98	1
1527882145.531699000	26.6646	98	1
1527882145.732350000	26.8653	392	1
1527882145.732417000	26.8654	259	1
1527882145.751547000	26.8845	87	0
1527882145.754670000	26.8876	87	0
1527882146.057896000	27.1908	258	0
1527882146.058161000	27.1911	148	0
1527882146.059157000	27.1921	107	1
1527882146.060615000	27.1936	92	0
1527882146.060874000	27.1938	92	0
1527882146.061735000	27.1947	101	1
1527882146.167762000	27.3007	392	1
1527882146.167841000	27.3008	256	1
1527882146.185959000	27.3189	87	0
1527882146.191002000	27.3239	87	0
1527882146.299978000	27.4329	326	0
1527882146.300325000	27.4333	148	0
1527882146.300995000	27.4339	104	1
1527882146.301808000	27.4347	98	1
1527882146.303635000	27.4366	92	0
1527882146.303916000	27.4369	203	0
1527882146.304757000	27.4377	101	1
1527882146.546144000	27.6791	395	1
1527882146.546200000	27.6791	256	1
1527882146.565450000	27.6984	87	0
1527882146.669830000	27.8028	256	0
1527882146.670197000	27.8031	148	0
1527882146.670762000	27.8037	101	1
1527882146.671745000	27.8047	98	1
1527882146.673440000	27.8064	92	0
1527882146.673758000	27.8067	124	0
1527882146.673802000	27.8067	98	1
1527882146.674752000	27.8077	98	1
1527882146.883952000	28.0169	396	1
1527882146.884040000	28.017	250	1
1527882146.908655000	28.0416	87	0
1527882146.920518000	28.0535	87	0
1527882147.045843000	28.1788	233	0
1527882147.046155000	28.1791	148	0
1527882147.047022000	28.18	107	1
1527882147.049521000	28.1825	92	0
1527882147.049772000	28.1827	98	1
1527882147.049778000	28.1827	106	0
1527882147.050794000	28.1837	98	1
1527882147.372976000	28.5059	373	1
1527882147.373063000	28.506	1412	1
1527882147.373090000	28.506	1412	1
1527882147.373137000	28.5061	1412	1
1527882147.373171000	28.5061	541	1
1527882147.392354000	28.5253	87	0
1527882147.520628000	28.6536	391	0
1527882147.521833000	28.6548	101	1
1527882147.526213000	28.6591	80	0
1527882147.526880000	28.6598	98	1
1527882149.681904000	30.8148	392	1
1527882149.681994000	30.8149	256	1
1527882149.698762000	30.8317	87	0
1527882149.703092000	30.836	87	0
1527882149.856964000	30.9899	297	0
1527882149.857269000	30.9902	148	0
1527882149.857970000	30.9909	107	1
1527882149.862408000	30.9953	92	0
1527882149.862873000	30.9958	176	0
1527882149.862939000	30.9959	98	1
1527882149.863947000	30.9969	98	1
1527882150.815689000	31.9486	996	1
1527882150.815779000	31.9487	258	1
1527882150.832402000	31.9653	87	0
1527882151.132634000	32.2656	256	0
1527882151.132938000	32.2659	148	0
1527882151.133956000	32.2669	104	1
1527882151.141039000	32.274	92	0
1527882151.141313000	32.2743	160	0
1527882151.142029000	32.275	101	1
1527882151.296700000	32.4296	404	1
1527882151.296787000	32.4297	259	1
1527882151.315396000	32.4483	87	0
1527882151.423649000	32.5566	235	0
1527882151.423947000	32.5569	148	0
1527882151.424585000	32.5575	101	1
1527882151.425017000	32.558	98	1
1527882151.428154000	32.5611	92	0
1527882151.428470000	32.5614	254	0
1527882151.429035000	32.562	101	1
1527882151.456310000	32.5892	955	1
1527882151.456403000	32.5893	1412	1
1527882151.456428000	32.5894	1412	1
1527882151.456469000	32.5894	1412	1
1527882151.456520000	32.5895	826	1
1527882151.462454000	32.5954	241	1
1527882151.474569000	32.6075	87	0
1527882151.477713000	32.6107	87	0
1527882151.648533000	32.7815	342	1
1527882151.648621000	32.7816	256	1
1527882151.665318000	32.7983	87	0
1527882151.766177000	32.8991	398	0
1527882151.767052000	32.9	101	1
1527882151.771476000	32.9044	80	0
1527882151.772048000	32.905	98	1
1527882151.826437000	32.9594	371	0
1527882151.826705000	32.9596	148	0
1527882151.827855000	32.9608	101	1
1527882151.829055000	32.962	92	0
1527882151.829301000	32.9622	95	0
1527882151.830059000	32.963	101	1
1527882151.851085000	32.984	466	0
1527882151.851363000	32.9843	1412	0
1527882151.851659000	32.9846	995	0
1527882151.852095000	32.985	104	1
1527882151.853568000	32.9865	92	0
1527882151.853951000	32.9869	137	0
1527882151.854199000	32.9871	98	1
1527882151.855093000	32.988	98	1
1527882151.991588000	33.1245	395	1
1527882151.991662000	33.1246	257	1
1527882152.015323000	33.1483	87	0
1527882152.027213000	33.1602	87	0
1527882152.081907000	33.2148	184	1
1527882152.101650000	33.2346	87	0
1527882152.365281000	33.4982	232	0
1527882152.365622000	33.4986	148	0
1527882152.366416000	33.4994	101	1
1527882152.367070000	33.5	98	1
1527882152.369199000	33.5021	92	0
1527882152.369528000	33.5025	254	0
1527882152.370099000	33.503	101	1
1527882152.436362000	33.5693	391	1
1527882152.436447000	33.5694	257	1
1527882152.452856000	33.5858	87	0
1527882152.470271000	33.6032	233	0
1527882152.470656000	33.6036	1412	0
1527882152.470949000	33.6039	999	0
1527882152.471238000	33.6042	101	1
1527882152.472202000	33.6051	101	1
1527882152.474262000	33.6072	92	0
1527882152.474591000	33.6075	219	0
1527882152.475101000	33.608	101	1
1527882152.580445000	33.7134	358	0
1527882152.580739000	33.7137	148	0
1527882152.581445000	33.7144	101	1
1527882152.586037000	33.719	92	0
1527882152.586385000	33.7193	170	0
1527882152.587107000	33.72	101	1
1527882152.700487000	33.8334	395	1
1527882152.700546000	33.8335	255	1
1527882152.718123000	33.8511	87	0
1527882152.870308000	34.0032	233	0
1527882152.870557000	34.0035	148	0
1527882152.871700000	34.0046	104	1
1527882152.874848000	34.0078	92	0
1527882152.875110000	34.008	235	0
1527882152.876123000	34.0091	101	1
1527882153.166763000	34.2997	395	1
1527882153.166836000	34.2998	259	1
1527882153.183425000	34.3164	87	0
1527882153.294144000	34.4271	235	0
1527882153.294453000	34.4274	148	0
1527882153.295149000	34.4281	101	1
1527882153.296123000	34.4291	98	1
1527882153.298799000	34.4317	92	0
1527882153.299212000	34.4321	98	1
1527882153.299363000	34.4323	272	0
1527882153.300191000	34.4331	98	1
1527882153.502594000	34.6355	396	1
1527882153.502654000	34.6356	256	1
1527882153.523706000	34.6566	87	0
1527882153.527141000	34.6601	87	0
1527882153.832329000	34.9653	255	0
1527882153.832620000	34.9656	148	0
1527882153.833518000	34.9665	107	1
1527882153.837217000	34.9702	92	0
1527882153.837490000	34.9704	297	0
1527882153.838172000	34.9711	101	1
1527882153.923764000	35.0567	395	1
1527882153.923830000	35.0568	260	1
1527882153.942229000	35.0752	87	0
1527882153.946570000	35.0795	87	0
1527882154.255025000	35.388	277	0
1527882154.255334000	35.3883	148	0
1527882154.256198000	35.3891	107	1
1527882154.259242000	35.3922	92	0
1527882154.259938000	35.3929	166	0
1527882154.260393000	35.3933	101	1
1527882154.508563000	35.6415	393	1
1527882154.508622000	35.6416	257	1
1527882154.528262000	35.6612	87	0
1527882154.682285000	35.8152	256	0
1527882154.682576000	35.8155	148	0
1527882154.683544000	35.8165	104	1
1527882154.686266000	35.8192	92	0
1527882154.686681000	35.8196	233	0
1527882154.687239000	35.8202	101	1
1527882154.792526000	35.9255	995	1
1527882154.792609000	35.9255	259	1
1527882154.809639000	35.9426	87	0
1527882155.112295000	36.2452	235	0
1527882155.112578000	36.2455	148	0
1527882155.113601000	36.2465	104	1
1527882155.117338000	36.2503	92	0
1527882155.118311000	36.2512	98	1
1527882155.118672000	36.2516	141	0
1527882155.119224000	36.2522	98	1
1527882155.337566000	36.4705	404	1
1527882155.337659000	36.4706	256	1
1527882155.355255000	36.4882	87	0
1527882155.510180000	36.6431	235	0
1527882155.510473000	36.6434	148	0
1527882155.511331000	36.6443	104	1
1527882155.515585000	36.6485	92	0
1527882155.516322000	36.6493	98	1
1527882155.546103000	36.679	130	0
1527882155.547278000	36.6802	98	1
1527882155.800742000	36.9337	392	1
1527882155.800828000	36.9338	260	1
1527882155.820199000	36.9531	87	0
1527882155.827080000	36.96	87	0
1527882156.152681000	37.2856	254	0
1527882156.152935000	37.2859	148	0
1527882156.154062000	37.287	107	1
1527882156.159001000	37.2919	92	0
1527882156.159271000	37.2922	131	0
1527882156.159310000	37.2922	98	1
1527882156.160295000	37.2932	98	1
1527882156.315629000	37.4486	971	1
1527882156.315712000	37.4486	257	1
1527882156.333431000	37.4664	87	0
1527882156.446314000	37.5793	233	0
1527882156.446638000	37.5796	148	0
1527882156.447361000	37.5803	104	1
1527882156.449820000	37.5828	92	0
1527882156.450217000	37.5832	325	0
1527882156.450461000	37.5834	101	1
1527882156.739652000	37.8726	392	1
1527882156.739714000	37.8727	257	1
1527882156.756115000	37.8891	87	0
1527882156.767906000	37.9008	87	0
1527882156.892182000	38.0251	386	0
1527882156.892425000	38.0254	148	0
1527882156.893386000	38.0263	107	1
1527882156.895676000	38.0286	92	0
1527882156.895937000	38.0289	206	0
1527882156.896359000	38.0293	101	1
1527882157.164272000	38.2972	395	1
1527882157.164371000	38.2973	257	1
1527882157.180737000	38.3137	87	0
1527882157.287594000	38.4205	235	0
1527882157.287889000	38.4208	148	0
1527882157.288939000	38.4219	104	1
1527882157.291014000	38.424	92	0
1527882157.291359000	38.4243	98	1
1527882157.291436000	38.4244	168	0
1527882157.292352000	38.4253	98	1
1527882157.500812000	38.6337	393	1
1527882157.500908000	38.6338	259	1
1527882157.525014000	38.658	87	0
1527882157.555405000	38.6883	87	0
1527882157.680835000	38.8138	283	0
1527882157.681237000	38.8142	148	0
1527882157.681865000	38.8148	104	1
1527882157.682388000	38.8153	98	1
1527882157.684474000	38.8174	92	0
1527882157.684895000	38.8178	190	0
1527882157.685406000	38.8183	101	1
1527882158.242062000	39.375	392	1
1527882158.242157000	39.3751	257	1
1527882158.256702000	39.3896	100	0
1527882158.257490000	39.3904	98	1
1527882158.263906000	39.3968	87	0
1527882158.584506000	39.7174	256	0
1527882158.584775000	39.7177	148	0
1527882158.585733000	39.7187	104	1
1527882158.589695000	39.7226	92	0
1527882158.589967000	39.7229	126	0
1527882158.590436000	39.7234	101	1
1527882158.645594000	39.7785	391	1
1527882158.645665000	39.7786	256	1
1527882158.662886000	39.7958	87	0
1527882158.668513000	39.8015	87	0
1527882158.979176000	40.1121	326	0
1527882158.979421000	40.1124	148	0
1527882158.980474000	40.1134	107	1
1527882158.982779000	40.1157	92	0
1527882158.983088000	40.116	161	0
1527882158.983513000	40.1165	101	1
1527882159.077618000	40.2106	391	1
1527882159.077682000	40.2106	257	1
1527882159.094749000	40.2277	87	0
1527882159.097586000	40.2305	87	0
1527882159.392263000	40.5252	232	0
1527882159.392495000	40.5254	148	0
1527882159.393650000	40.5266	107	1
1527882159.396727000	40.5297	92	0
1527882159.397370000	40.5303	269	0
1527882159.397593000	40.5305	101	1
1527882159.502709000	40.6356	395	1
1527882159.502774000	40.6357	262	1
1527882159.520156000	40.6531	87	0
1527882159.629322000	40.7623	258	0
1527882159.629571000	40.7625	148	0
1527882159.630559000	40.7635	104	1
1527882159.633757000	40.7667	92	0
1527882159.634031000	40.767	310	0
1527882159.634487000	40.7674	101	1
1527882160.057903000	41.1908	392	1
1527882160.057991000	41.1909	257	1
1527882160.075064000	41.208	87	0
1527882160.079905000	41.2128	87	0
1527882160.227515000	41.3605	233	0
1527882160.227819000	41.3608	148	0
1527882160.228559000	41.3615	104	1
1527882160.229524000	41.3625	98	1
1527882160.231435000	41.3644	92	0
1527882160.231767000	41.3647	293	0
1527882160.232597000	41.3655	101	1
1527882160.435756000	41.5687	392	1
1527882160.435852000	41.5688	257	1
1527882160.453793000	41.5867	87	0
1527882160.601165000	41.7341	300	0
1527882160.601446000	41.7344	148	0
1527882160.602585000	41.7355	104	1
1527882160.605212000	41.7381	92	0
1527882160.605626000	41.7386	145	0
1527882160.605668000	41.7386	98	1
1527882160.606559000	41.7395	98	1
1527882160.760003000	41.8929	998	1
1527882160.760078000	41.893	259	1
1527882160.781967000	41.9149	87	0
1527882160.784947000	41.9179	87	0
1527882160.895639000	42.0286	232	0
1527882160.895956000	42.0289	148	0
1527882160.896677000	42.0296	107	1
1527882160.899274000	42.0322	92	0
1527882160.899578000	42.0325	98	1
1527882160.899894000	42.0328	97	0
1527882160.900579000	42.0335	98	1
1527882161.271013000	42.4039	403	1
1527882161.271105000	42.404	259	1
1527882161.287401000	42.4203	87	0
1527882161.292310000	42.4252	87	0
1527882161.619185000	42.7521	258	0
1527882161.619441000	42.7524	148	0
1527882161.620569000	42.7535	107	1
1527882161.621664000	42.7546	92	0
1527882161.621923000	42.7549	131	0
1527882161.622617000	42.7556	101	1
1527882161.713101000	42.846	392	1
1527882161.713162000	42.8461	257	1
1527882161.731672000	42.8646	87	0
1527882162.045045000	43.178	232	0
1527882162.045340000	43.1783	148	0
1527882162.046257000	43.1792	104	1
1527882162.048853000	43.1818	92	0
1527882162.049115000	43.1821	95	0
1527882162.049674000	43.1826	101	1
1527882162.137134000	43.2701	972	1
1527882162.137195000	43.2701	259	1
1527882162.153979000	43.2869	87	0
1527882162.471302000	43.6042	232	0
1527882162.471560000	43.6045	148	0
1527882162.472692000	43.6056	104	1
1527882162.474718000	43.6077	92	0
1527882162.475075000	43.608	287	0
1527882162.475650000	43.6086	101	1
1527882162.652353000	43.7853	391	1
1527882162.652417000	43.7854	259	1
1527882162.676351000	43.8093	87	0
1527882162.678787000	43.8117	87	0
1527882162.790669000	43.9236	258	0
1527882162.790912000	43.9238	148	0
1527882162.791835000	43.9248	107	1
1527882162.795121000	43.9281	92	0
1527882162.795510000	43.9284	196	0
1527882162.795724000	43.9287	101	1
1527882163.025102000	44.158	395	1
1527882163.025158000	44.1581	257	1
1527882163.043201000	44.1761	87	0
1527882163.351314000	44.4843	265	0
1527882163.351556000	44.4845	148	0
1527882163.352481000	44.4854	104	1
1527882163.354706000	44.4876	92	0
1527882163.355557000	44.4885	340	0
1527882163.355791000	44.4887	101	1
1527882163.520180000	44.6531	392	1
1527882163.520239000	44.6532	257	1
1527882163.536780000	44.6697	87	0
1527882163.928069000	45.061	352	0
1527882163.928326000	45.0613	148	0
1527882163.929468000	45.0624	104	1
1527882163.931293000	45.0642	92	0
1527882163.931751000	45.0647	335	0
1527882163.931772000	45.0647	98	1
1527882163.932756000	45.0657	98	1
1527882163.953792000	45.0867	396	1
1527882163.953884000	45.0868	256	1
1527882163.969583000	45.1025	87	0
1527882164.131128000	45.2641	259	0
1527882164.131356000	45.2643	148	0
1527882164.132439000	45.2654	104	1
1527882164.133648000	45.2666	92	0
1527882164.134056000	45.267	259	0
1527882164.134758000	45.2677	101	1
1527882164.176882000	45.3098	393	1
1527882164.176962000	45.3099	257	1
1527882164.193328000	45.3263	87	0
1527882164.198857000	45.3318	87	0
1527882164.341284000	45.4742	237	0
1527882164.341587000	45.4745	148	0
1527882164.342501000	45.4754	107	1
1527882164.345492000	45.4784	92	0
1527882164.345872000	45.4788	337	0
1527882164.345890000	45.4788	98	1
1527882164.346774000	45.4797	98	1
1527882164.745477000	45.8784	392	1
1527882164.745568000	45.8785	259	1
1527882164.762672000	45.8956	87	0
1527882164.875099000	46.008	258	0
1527882164.875407000	46.0083	148	0
1527882164.876334000	46.0093	104	1
1527882164.878666000	46.0116	92	0
1527882164.879155000	46.0121	252	0
1527882164.879797000	46.0127	101	1
1527882165.042277000	46.1752	392	1
1527882165.042342000	46.1753	256	1
1527882165.061844000	46.1948	87	0
1527882165.367749000	46.5007	326	0
1527882165.367977000	46.5009	148	0
1527882165.368931000	46.5019	104	1
1527882165.371326000	46.5043	92	0
1527882165.371709000	46.5046	301	0
1527882165.371965000	46.5049	101	1
1527882165.472136000	46.6051	392	1
1527882165.472196000	46.6051	256	1
1527882165.490761000	46.6237	87	0
1527882165.607425000	46.7404	258	0
1527882165.607696000	46.7406	148	0
1527882165.608644000	46.7416	104	1
1527882165.611619000	46.7446	92	0
1527882165.611872000	46.7448	98	1
1527882165.611876000	46.7448	106	0
1527882165.612848000	46.7458	98	1
1527882165.742214000	46.8752	397	1
1527882165.742275000	46.8752	261	1
1527882165.758514000	46.8915	87	0
1527882166.060340000	47.1933	235	0
1527882166.060649000	47.1936	148	0
1527882166.061732000	47.1947	104	1
1527882166.064686000	47.1976	92	0
1527882166.064940000	47.1979	127	0
1527882166.065921000	47.1989	101	1
1527882166.310141000	47.4431	995	1
1527882166.310228000	47.4432	256	1
1527882166.328162000	47.4611	87	0
1527882166.334521000	47.4675	87	0
1527882166.458921000	47.5919	235	0
1527882166.459162000	47.5921	148	0
1527882166.460119000	47.5931	107	1
1527882166.462880000	47.5958	92	0
1527882166.463148000	47.5961	176	0
1527882166.463896000	47.5968	101	1
1527882166.720332000	47.8533	407	1
1527882166.720394000	47.8533	258	1
1527882166.736561000	47.8695	87	0
1527882166.866628000	47.9996	300	0
1527882166.866894000	47.9998	148	0
1527882166.867922000	48.0009	104	1
1527882166.870958000	48.0039	92	0
1527882166.871285000	48.0042	288	0
1527882166.871899000	48.0048	101	1
1527882167.207598000	48.3405	393	1
1527882167.207662000	48.3406	257	1
1527882167.223947000	48.3569	87	0
1527882167.229788000	48.3627	87	0
1527882167.529105000	48.662	233	0
1527882167.529439000	48.6624	148	0
1527882167.530209000	48.6631	107	1
1527882167.533587000	48.6665	92	0
1527882167.533855000	48.6668	147	0
1527882167.534022000	48.667	101	1
1527882167.677588000	48.8105	973	1
1527882167.677679000	48.8106	261	1
1527882167.695527000	48.8285	87	0
1527882167.701154000	48.8341	87	0
1527882167.822917000	48.9559	255	0
1527882167.823598000	48.9565	148	0
1527882167.824013000	48.9569	107	1
1527882167.826583000	48.9595	92	0
1527882167.826914000	48.9599	96	0
1527882167.827003000	48.9599	98	1
1527882167.827974000	48.9609	98	1
1527882168.028485000	49.1614	394	1
1527882168.028571000	49.1615	259	1
1527882168.063006000	49.1959	394	1
1527882168.066375000	49.1993	87	0
1527882168.080556000	49.2135	87	0
1527882168.170727000	49.3037	233	0
1527882168.170987000	49.3039	148	0
1527882168.172015000	49.305	107	1
1527882168.174039000	49.307	92	0
1527882168.174295000	49.3072	250	0
1527882168.174998000	49.3079	101	1
1527882168.282966000	49.4159	395	1
1527882168.283056000	49.416	314	1
1527882168.310775000	49.4437	87	0
1527882168.316089000	49.449	87	0
1527882168.437665000	49.5706	235	0
1527882168.437930000	49.5709	148	0
1527882168.439034000	49.572	107	1
1527882168.440800000	49.5737	92	0
1527882168.441054000	49.574	168	0
1527882168.441086000	49.574	98	1
1527882168.442009000	49.5749	98	1
1527882168.506226000	49.6392	393	1
1527882168.506320000	49.6393	314	1
1527882168.522865000	49.6558	87	0
1527882168.652040000	49.785	258	0
1527882168.652285000	49.7852	148	0
1527882168.653235000	49.7862	104	1
1527882168.655916000	49.7889	92	0
1527882168.656251000	49.7892	203	0
1527882168.657024000	49.79	101	1
1527882168.930293000	50.0632	396	1
1527882168.930383000	50.0633	376	1
1527882168.948588000	50.0815	87	0
1527882169.063332000	50.1963	265	0
1527882169.063585000	50.1965	148	0
1527882169.064560000	50.1975	104	1
1527882169.068631000	50.2016	92	0
1527882169.068904000	50.2018	272	0
1527882169.069100000	50.202	101	1
1527882169.836662000	50.9696	395	1
1527882169.836757000	50.9697	256	1
1527882169.852836000	50.9858	87	0
1527882169.858464000	50.9914	87	0
1527882169.959920000	51.0929	352	0
1527882169.960151000	51.0931	148	0
1527882169.961125000	51.0941	107	1
1527882169.962823000	51.0958	92	0
1527882169.963095000	51.096	98	1
1527882169.963120000	51.0961	152	0
1527882169.964099000	51.097	98	1
1527882170.128315000	51.2613	391	1
1527882170.128377000	51.2613	258	1
1527882170.148600000	51.2815	87	0
1527882170.278958000	51.4119	258	0
1527882170.279226000	51.4122	148	0
1527882170.280392000	51.4133	104	1
1527882170.283302000	51.4162	92	0
1527882170.284190000	51.4171	98	1
1527882170.313982000	51.4469	222	0
1527882170.315161000	51.4481	98	1
1527882170.659571000	51.7925	395	1
1527882170.659631000	51.7926	257	1
1527882170.686602000	51.8195	87	0
1527882170.810939000	51.9439	262	0
1527882170.811167000	51.9441	148	0
1527882170.812178000	51.9451	104	1
1527882170.814713000	51.9476	92	0
1527882170.814984000	51.9479	224	0
1527882170.815177000	51.9481	101	1
1527882170.994616000	52.1276	392	1
1527882170.994683000	52.1276	256	1
1527882171.012899000	52.1458	87	0
1527882171.018204000	52.1511	87	0
1527882171.120744000	52.2537	236	0
1527882171.120990000	52.2539	148	0
1527882171.121870000	52.2548	107	1
1527882171.124010000	52.2569	92	0
1527882171.124290000	52.2572	165	0
1527882171.125165000	52.2581	101	1
1527882171.466654000	52.5996	1001	1
1527882171.466742000	52.5997	260	1
1527882171.484962000	52.6179	87	0
1527882171.601935000	52.7349	348	0
1527882171.602167000	52.7351	148	0
1527882171.603211000	52.7361	104	1
1527882171.605563000	52.7385	92	0
1527882171.605923000	52.7389	332	0
1527882171.606417000	52.7394	101	1
1527882171.711378000	52.8443	403	1
1527882171.711475000	52.8444	257	1
1527882171.728909000	52.8618	87	0
1527882171.849305000	52.9822	233	0
1527882171.849600000	52.9825	148	0
1527882171.850453000	52.9834	104	1
1527882171.854275000	52.9872	92	0
1527882171.854666000	52.9876	333	0
1527882171.855207000	52.9881	101	1
1527882172.009000000	53.1419	977	1
1527882172.009086000	53.142	258	1
1527882172.027557000	53.1605	87	0
1527882172.032779000	53.1657	87	0
1527882172.145684000	53.2786	233	0
1527882172.146538000	53.2795	148	0
1527882172.146669000	53.2796	104	1
1527882172.147200000	53.2801	98	1
1527882172.150160000	53.2831	92	0
1527882172.150512000	53.2834	95	0
1527882172.151214000	53.2842	101	1
1527882172.420600000	53.5535	392	1
1527882172.420652000	53.5536	257	1
1527882172.438932000	53.5719	87	0
1527882172.559390000	53.6923	306	1
1527882172.559489000	53.6924	1412	1
1527882172.559528000	53.6925	1412	1
1527882172.559579000	53.6925	1412	1
1527882172.559598000	53.6925	541	1
1527882172.577169000	53.7101	87	0
1527882172.582333000	53.7153	87	0
1527882172.679317000	53.8123	455	0
1527882172.680260000	53.8132	107	1
1527882172.685701000	53.8186	80	0
1527882172.686333000	53.8193	98	1
1527882172.738138000	53.8711	242	0
1527882172.738399000	53.8713	148	0
1527882172.739290000	53.8722	101	1
1527882172.741550000	53.8745	92	0
1527882172.741807000	53.8747	231	0
1527882172.742249000	53.8752	101	1
1527882172.835437000	53.9684	391	1
1527882172.835531000	53.9685	376	1
1527882172.852239000	53.9852	87	0
1527882172.953189000	54.0861	235	0
1527882172.953491000	54.0864	148	0
1527882172.954262000	54.0872	104	1
1527882172.957665000	54.0906	92	0
1527882172.958047000	54.091	300	0
1527882172.958454000	54.0914	101	1
1527882175.820933000	56.9539	396	1
1527882175.821029000	56.954	261	1
1527882175.837935000	56.9709	87	0
1527882175.965421000	57.0984	258	0
1527882175.966281000	57.0992	148	0
1527882175.966433000	57.0994	101	1
1527882175.966812000	57.0997	98	1
1527882175.968571000	57.1015	92	0
1527882175.968819000	57.1018	98	1
1527882175.970009000	57.1029	190	0
1527882175.970855000	57.1038	98	1
1527882176.066459000	57.1994	393	1
1527882176.066553000	57.1995	261	1
1527882176.083365000	57.2163	87	0
1527882176.089871000	57.2228	87	0
1527882176.205143000	57.3381	236	0
1527882176.205574000	57.3385	148	0
1527882176.206205000	57.3391	104	1
1527882176.206911000	57.3398	98	1
1527882176.209472000	57.3424	92	0
1527882176.209741000	57.3427	185	0
1527882176.209903000	57.3428	101	1
1527882176.303496000	57.4364	396	1
1527882176.303558000	57.4365	269	1
1527882176.321600000	57.4545	87	0
1527882176.431318000	57.5643	235	0
1527882176.431620000	57.5646	148	0
1527882176.432430000	57.5654	101	1
1527882176.432835000	57.5658	98	1
1527882176.435439000	57.5684	92	0
1527882176.435770000	57.5687	95	0
1527882176.435893000	57.5688	101	1
1527882176.780994000	57.9139	396	1
1527882176.781071000	57.914	273	1
1527882176.797174000	57.9301	87	0
1527882176.908157000	58.0411	290	0
1527882176.908384000	58.0413	148	0
1527882176.909539000	58.0425	104	1
1527882176.913112000	58.046	92	0
1527882176.913383000	58.0463	170	0
1527882176.913887000	58.0468	101	1
1527882177.223392000	58.3563	396	1
1527882177.223482000	58.3564	262	1
1527882177.240319000	58.3733	87	0
1527882177.344130000	58.4771	332	0
1527882177.344381000	58.4773	148	0
1527882177.345331000	58.4783	104	1
1527882177.347688000	58.4806	92	0
1527882177.347937000	58.4809	98	1
1527882177.348291000	58.4812	188	0
1527882177.348915000	58.4819	98	1
1527882177.466289000	58.5992	397	1
1527882177.466388000	58.5993	257	1
1527882177.482588000	58.6155	87	0
1527882177.581360000	58.7143	281	0
1527882177.581649000	58.7146	148	0
1527882177.582559000	58.7155	104	1
1527882177.585221000	58.7182	92	0
1527882177.585761000	58.7187	297	0
1527882177.586005000	58.7189	101	1
1527882177.679351000	58.8123	995	1
1527882177.679428000	58.8124	262	1
1527882177.698481000	58.8314	87	0
1527882177.851922000	58.9849	237	0
1527882177.852177000	58.9851	148	0
1527882177.853143000	58.9861	104	1
1527882177.856497000	58.9894	92	0
1527882177.856770000	58.9897	309	0
1527882177.856979000	58.9899	101	1
1527882177.951346000	59.0843	408	1
1527882177.951411000	59.0843	256	1
1527882177.980737000	59.1137	87	0
1527882178.088885000	59.2218	235	0
1527882178.089187000	59.2221	148	0
1527882178.089972000	59.2229	101	1
1527882178.090934000	59.2239	98	1
1527882178.093201000	59.2261	92	0
1527882178.093506000	59.2264	168	0
1527882178.094069000	59.227	101	1
1527882178.296664000	59.4296	978	1
1527882178.296758000	59.4297	260	1
1527882178.313751000	59.4467	87	0
1527882178.438238000	59.5712	329	0
1527882178.438500000	59.5714	148	0
1527882178.439440000	59.5724	104	1
1527882178.442154000	59.5751	92	0
1527882178.443036000	59.576	98	1
1527882178.473525000	59.6065	347	0
1527882178.474209000	59.6071	98	1
1527882178.511190000	59.6441	397	1
1527882178.511279000	59.6442	259	1
1527882178.528330000	59.6613	87	0
1527882178.536033000	59.669	87	0
1527882178.650662000	59.7836	256	0
1527882178.650960000	59.7839	148	0
1527882178.651654000	59.7846	104	1
1527882178.651965000	59.7849	98	1
1527882178.655412000	59.7883	92	0
1527882178.655738000	59.7887	211	0
1527882178.656208000	59.7891	101	1
1527882178.804631000	59.9376	392	1
1527882178.804729000	59.9377	259	1
1527882178.821769000	59.9547	87	0
1527882178.828988000	59.9619	87	0
1527882178.944224000	60.0772	235	0
1527882178.944475000	60.0774	148	0
1527882178.945308000	60.0782	107	1
1527882178.946907000	60.0798	92	0
1527882178.947174000	60.0801	202	0
1527882178.948034000	60.081	101	1
1527882179.229575000	60.3625	397	1
1527882179.229639000	60.3626	261	1
1527882179.248634000	60.3816	87	0
1527882179.362568000	60.4955	233	0
1527882179.362808000	60.4957	148	0
1527882179.363801000	60.4967	104	1
1527882179.366668000	60.4996	92	0
1527882179.366932000	60.4999	158	0
1527882179.367139000	60.5001	101	1
1527882179.487479000	60.6204	391	1
1527882179.487541000	60.6205	262	1
1527882179.506445000	60.6394	87	0
1527882179.510082000	60.643	87	0
1527882179.636603000	60.7695	297	0
1527882179.636913000	60.7699	148	0
1527882179.637589000	60.7705	104	1
1527882179.638021000	60.771	98	1
1527882179.639253000	60.7722	92	0
1527882179.639585000	60.7725	324	0
1527882179.640107000	60.773	101	1
1527882179.677178000	60.8101	371	1
1527882179.677285000	60.8102	1412	1
1527882179.677323000	60.8103	1412	1
1527882179.677353000	60.8103	1412	1
1527882179.677387000	60.8103	542	1
1527882179.697846000	60.8308	87	0
1527882179.710420000	60.8434	328	1
1527882179.710482000	60.8434	258	1
1527882179.727002000	60.8599	87	0
1527882179.805211000	60.9381	392	0
1527882179.806062000	60.939	104	1
1527882179.811185000	60.9441	80	0
1527882179.812057000	60.945	98	1
1527882179.841005000	60.9739	245	0
1527882179.841287000	60.9742	148	0
1527882179.842252000	60.9752	101	1
1527882179.844707000	60.9776	92	0
1527882179.845042000	60.978	123	0
1527882179.845083000	60.978	98	1
1527882179.846059000	60.979	98	1
1527882179.943343000	61.0763	396	1
1527882179.943420000	61.0764	564	1
1527882179.960857000	61.0938	87	0
1527882179.966622000	61.0996	87	0
1527882180.087332000	61.2203	232	0
1527882180.087571000	61.2205	148	0
1527882180.088547000	61.2215	107	1
1527882180.090996000	61.2239	92	0
1527882180.091785000	61.2247	252	0
1527882180.092260000	61.2252	101	1
1527882180.366567000	61.4995	390	1
1527882180.366640000	61.4996	261	1
1527882180.384151000	61.5171	87	0
1527882180.388854000	61.5218	87	0
1527882180.514587000	61.6475	232	0
1527882180.514839000	61.6478	148	0
1527882180.515868000	61.6488	107	1
1527882180.519136000	61.6521	92	0
1527882180.519738000	61.6527	222	0
1527882180.520223000	61.6532	101	1
1527882180.802868000	61.9358	394	1
1527882180.802954000	61.9359	265	1
1527882180.819993000	61.9529	87	0
1527882180.825148000	61.9581	87	0
1527882180.941145000	62.0741	288	0
1527882180.941442000	62.0744	148	0
1527882180.942671000	62.0756	107	1
1527882180.944749000	62.0777	92	0
1527882180.945139000	62.0781	327	0
1527882180.945226000	62.0782	98	1
1527882180.946118000	62.0791	98	1
1527882181.212559000	62.3455	998	1
1527882181.212619000	62.3456	267	1
1527882181.230497000	62.3634	87	0
1527882181.238861000	62.3718	87	0
1527882181.370326000	62.5033	331	0
1527882181.370628000	62.5036	148	0
1527882181.371656000	62.5046	107	1
1527882181.373380000	62.5063	92	0
1527882181.374061000	62.507	295	0
1527882181.374144000	62.5071	98	1
1527882181.375135000	62.5081	98	1
1527882181.641058000	62.774	404	1
1527882181.641144000	62.7741	265	1
1527882181.657419000	62.7904	87	0
1527882181.784905000	62.9178	279	0
1527882181.785267000	62.9182	148	0
1527882181.786202000	62.9191	104	1
1527882181.788547000	62.9215	92	0
1527882181.788896000	62.9218	218	0
1527882181.789399000	62.9223	101	1
1527882181.897055000	63.03	974	1
1527882181.897223000	63.0302	261	1
1527882181.913657000	63.0466	87	0
1527882182.027300000	63.1602	239	0
1527882182.027603000	63.1605	148	0
1527882182.028454000	63.1614	104	1
1527882182.031672000	63.1646	92	0
1527882182.031993000	63.1649	272	0
1527882182.032667000	63.1656	101	1
1527882182.178257000	63.3112	396	1
1527882182.178349000	63.3113	263	1
1527882182.196924000	63.3299	87	0
1527882182.321303000	63.4542	235	0
1527882182.321615000	63.4546	148	0
1527882182.322470000	63.4554	104	1
1527882182.325219000	63.4582	92	0
1527882182.325623000	63.4586	123	0
1527882182.326192000	63.4591	101	1
1527882182.625429000	63.7584	393	1
1527882182.625524000	63.7585	263	1
1527882182.642940000	63.7759	87	0
1527882182.676755000	63.8097	306	1
1527882182.676835000	63.8098	1412	1
1527882182.676860000	63.8098	1412	1
1527882182.676898000	63.8098	1412	1
1527882182.676949000	63.8099	1412	1
1527882182.676967000	63.8099	316	1
1527882182.693478000	63.8264	87	0
1527882182.761726000	63.8947	349	0
1527882182.761956000	63.8949	148	0
1527882182.762836000	63.8958	92	0
1527882182.763040000	63.896	110	1
1527882182.763166000	63.8961	131	0
1527882182.764222000	63.8972	98	1
1527882182.820718000	63.9537	386	0
1527882182.821598000	63.9545	98	1
1527882182.825971000	63.9589	80	0
1527882182.826673000	63.9596	98	1
1527882183.042330000	64.1753	396	1
1527882183.042414000	64.1754	378	1
1527882183.059394000	64.1923	87	0
1527882183.184175000	64.3171	233	0
1527882183.184413000	64.3173	148	0
1527882183.185419000	64.3184	104	1
1527882183.187714000	64.3207	92	0
1527882183.188161000	64.3211	338	0
1527882183.188394000	64.3213	101	1
1527882183.465755000	64.5987	395	1
1527882183.465832000	64.5988	444	1
1527882183.483968000	64.6169	87	0
1527882183.811060000	64.944	301	0
1527882183.811359000	64.9443	148	0
1527882183.812406000	64.9453	104	1
1527882183.816115000	64.9491	92	0
1527882183.816320000	64.9493	98	1
1527882183.816457000	64.9494	281	0
1527882183.817275000	64.9502	98	1
1527882183.911506000	65.0444	394	1
1527882183.911593000	65.0445	564	1
1527882183.928272000	65.0612	87	0
1527882184.052867000	65.1858	233	0
1527882184.053125000	65.1861	148	0
1527882184.053929000	65.1869	104	1
1527882184.056782000	65.1897	92	0
1527882184.057172000	65.1901	253	0
1527882184.057405000	65.1903	101	1
1527882184.320934000	65.4539	396	1
1527882184.321008000	65.4539	254	1
1527882184.336765000	65.4697	87	0
1527882184.649985000	65.7829	259	0
1527882184.650247000	65.7832	148	0
1527882184.651068000	65.784	104	1
1527882184.654314000	65.7873	92	0
1527882184.654695000	65.7876	262	0
1527882184.655324000	65.7883	101	1
1527882187.344935000	68.4779	397	1
1527882187.345004000	68.4779	260	1
1527882187.361576000	68.4945	87	0
1527882187.481587000	68.6145	258	0
1527882187.481890000	68.6148	148	0
1527882187.482650000	68.6156	101	1
1527882187.483083000	68.616	98	1
1527882187.486824000	68.6198	92	0
1527882187.487120000	68.6201	98	1
1527882187.487145000	68.6201	152	0
1527882187.488079000	68.621	98	1
1527882187.597488000	68.7304	395	1
1527882187.597578000	68.7305	259	1
1527882187.616089000	68.749	87	0
1527882187.722989000	68.8559	256	0
1527882187.723489000	68.8564	148	0
1527882187.724119000	68.8571	104	1
1527882187.727058000	68.86	92	0
1527882187.727329000	68.8603	264	0
1527882187.728093000	68.861	101	1
1527882187.855576000	68.9885	995	1
1527882187.855669000	68.9886	259	1
1527882187.874162000	69.0071	87	0
1527882187.879798000	69.0127	87	0
1527882187.938378000	69.0713	335	1
1527882187.938477000	69.0714	1412	1
1527882187.938513000	69.0714	1412	1
1527882187.938542000	69.0715	1412	1
1527882187.938592000	69.0715	245	1
1527882187.955155000	69.0881	87	0
1527882187.992768000	69.1257	264	0
1527882187.993130000	69.1261	148	0
1527882187.993842000	69.1268	104	1
1527882187.995800000	69.1287	92	0
1527882187.996074000	69.129	281	0
1527882187.996101000	69.129	98	1
1527882187.997109000	69.13	98	1
1527882188.048677000	69.1816	384	0
1527882188.049501000	69.1824	98	1
1527882188.054798000	69.1877	80	0
1527882188.055334000	69.1883	98	1
1527882188.113209000	69.2461	392	1
1527882188.113276000	69.2462	259	1
1527882188.130109000	69.263	87	0
1527882188.239502000	69.3724	331	0
1527882188.239745000	69.3727	148	0
1527882188.240685000	69.3736	104	1
1527882188.243327000	69.3763	92	0
1527882188.243706000	69.3766	109	0
1527882188.244242000	69.3772	101	1
1527882188.392708000	69.5256	975	1
1527882188.392773000	69.5257	260	1
1527882188.410193000	69.5431	87	0
1527882188.531392000	69.6643	260	0
1527882188.531688000	69.6646	148	0
1527882188.532537000	69.6655	104	1
1527882188.536026000	69.669	92	0
1527882188.536356000	69.6693	198	0
1527882188.537139000	69.6701	101	1
1527882188.719588000	69.8525	395	1
1527882188.719648000	69.8526	263	1
1527882188.736093000	69.869	87	0
1527882188.869427000	70.0024	348	0
1527882188.869720000	70.0027	148	0
1527882188.870552000	70.0035	104	1
1527882188.873202000	70.0061	92	0
1527882188.873683000	70.0066	135	0
1527882188.874177000	70.0071	101	1
1527882189.206531000	70.3395	395	1
1527882189.206620000	70.3396	261	1
1527882189.225456000	70.3584	87	0
1527882189.230024000	70.363	87	0
1527882189.345316000	70.4783	235	0
1527882189.345626000	70.4786	148	0
1527882189.346491000	70.4794	107	1
1527882189.349382000	70.4823	92	0
1527882189.349805000	70.4827	177	0
1527882189.350322000	70.4833	101	1
1527882189.503265000	70.6362	393	1
1527882189.503361000	70.6363	261	1
1527882189.520296000	70.6532	87	0
1527882189.637850000	70.7708	255	0
1527882189.638146000	70.7711	148	0
1527882189.638860000	70.7718	104	1
1527882189.643701000	70.7766	92	0
1527882189.644083000	70.777	225	0
1527882189.644313000	70.7773	101	1
1527882190.005478000	71.1384	395	1
1527882190.005554000	71.1385	262	1
1527882190.021142000	71.1541	87	0
1527882190.125151000	71.2581	235	0
1527882190.125452000	71.2584	148	0
1527882190.126347000	71.2593	104	1
1527882190.129020000	71.262	92	0
1527882190.129275000	71.2622	297	0
1527882190.129306000	71.2622	98	1
1527882190.130235000	71.2632	98	1
1527882190.414614000	71.5476	396	1
1527882190.414688000	71.5476	264	1
1527882190.432149000	71.5651	87	0
1527882190.536344000	71.6693	235	0
1527882190.536653000	71.6696	148	0
1527882190.537375000	71.6703	101	1
1527882190.538232000	71.6712	98	1
1527882190.539378000	71.6723	92	0
1527882190.539692000	71.6726	281	0
1527882190.540343000	71.6733	101	1
1527882190.744548000	71.8775	395	1
1527882190.744614000	71.8776	258	1
1527882190.761917000	71.8949	87	0
1527882190.885668000	72.0186	298	0
1527882190.885951000	72.0189	148	0
1527882190.887011000	72.0199	104	1
1527882190.889785000	72.0227	92	0
1527882190.890062000	72.023	295	0
1527882190.890267000	72.0232	101	1
1527882190.940853000	72.0738	374	1
1527882190.940950000	72.0739	1412	1
1527882190.940975000	72.0739	1412	1
1527882190.941015000	72.074	1412	1
1527882190.941066000	72.074	1412	1
1527882190.941088000	72.074	1412	1
1527882190.941112000	72.074	1412	1
1527882190.941152000	72.0741	1412	1
1527882190.941187000	72.0741	1412	1
1527882190.941224000	72.0742	1412	1
1527882190.941272000	72.0742	1412	1
1527882190.941295000	72.0742	1412	1
1527882190.941316000	72.0743	1412	1
1527882190.943280000	72.0762	1412	1
1527882190.943319000	72.0763	770	1
1527882190.956532000	72.0895	87	0
1527882190.959719000	72.0927	87	0
1527882191.097143000	72.2301	373	0
1527882191.098347000	72.2313	104	1
1527882191.103332000	72.2363	80	0
1527882191.104285000	72.2372	98	1
1527882191.201802000	72.3347	391	1
1527882191.201890000	72.3348	261	1
1527882191.223747000	72.3567	87	0
1527882191.333719000	72.4667	233	0
1527882191.334016000	72.467	148	0
1527882191.334816000	72.4678	101	1
1527882191.335286000	72.4682	98	1
1527882191.337963000	72.4709	92	0
1527882191.338275000	72.4712	265	0
1527882191.338315000	72.4713	98	1
1527882191.339322000	72.4723	98	1
1527882191.630062000	72.763	994	1
1527882191.630124000	72.7631	261	1
1527882191.647307000	72.7802	87	0
1527882191.752031000	72.885	258	0
1527882191.752317000	72.8853	148	0
1527882191.753326000	72.8863	104	1
1527882191.755536000	72.8885	92	0
1527882191.755868000	72.8888	330	0
1527882191.756307000	72.8892	101	1
1527882191.863616000	72.9966	405	1
1527882191.863680000	72.9966	261	1
1527882191.880799000	73.0137	87	0
1527882192.019923000	73.1529	265	0
1527882192.020218000	73.1532	148	0
1527882192.021203000	73.1541	104	1
1527882192.025124000	73.1581	92	0
1527882192.025535000	73.1585	204	0
1527882192.026368000	73.1593	101	1
1527882192.212848000	73.3458	977	1
1527882192.212940000	73.3459	259	1
1527882192.229355000	73.3623	87	0
1527882192.359915000	73.4929	233	0
1527882192.360180000	73.4931	148	0
1527882192.361072000	73.494	104	1
1527882192.364367000	73.4973	92	0
1527882192.364696000	73.4976	166	0
1527882192.365368000	73.4983	101	1
1527882192.768960000	73.9019	392	1
1527882192.769027000	73.902	261	1
1527882192.786120000	73.9191	87	0
1527882192.890221000	74.0232	256	0
1527882192.890453000	74.0234	148	0
1527882192.891433000	74.0244	104	1
1527882192.894370000	74.0273	92	0
1527882192.894760000	74.0277	324	0
1527882192.895383000	74.0283	101	1
1527882193.070047000	74.203	395	1
1527882193.070132000	74.2031	316	1
1527882193.087047000	74.22	87	0
1527882193.207373000	74.3403	329	0
1527882193.207688000	74.3406	148	0
1527882193.208847000	74.3418	104	1
1527882193.211097000	74.344	92	0
1527882193.211391000	74.3443	98	1
1527882193.211410000	74.3443	90	0
1527882193.212390000	74.3453	98	1
1527882193.537658000	74.6706	391	1
1527882193.537750000	74.6707	316	1
1527882193.554112000	74.687	87	0
1527882193.678762000	74.8117	283	0
1527882193.678999000	74.8119	148	0
1527882193.679972000	74.8129	104	1
1527882193.682651000	74.8156	92	0
1527882193.683498000	74.8164	98	1
1527882193.714539000	74.8475	155	0
1527882193.715444000	74.8484	98	1
1527882193.810842000	74.9438	391	1
1527882193.810909000	74.9438	259	1
1527882193.827821000	74.9608	87	0
1527882193.941365000	75.0743	326	0
1527882193.941669000	75.0746	148	0
1527882193.942465000	75.0754	104	1
1527882193.944103000	75.077	92	0
1527882193.944426000	75.0774	212	0
1527882193.944466000	75.0774	98	1
1527882193.945457000	75.0784	98	1
1527882194.150833000	75.2838	396	1
1527882194.150907000	75.2838	262	1
1527882194.167812000	75.3007	87	0
1527882194.290805000	75.4237	235	0
1527882194.291037000	75.424	148	0
1527882194.292018000	75.425	104	1
1527882194.294859000	75.4278	92	0
1527882194.295318000	75.4283	121	0
1527882194.295521000	75.4285	101	1
1527882194.436611000	75.5695	392	1
1527882194.436676000	75.5696	258	1
1527882194.455548000	75.5885	87	0
1527882194.557674000	75.6906	256	0
1527882194.557983000	75.6909	148	0
1527882194.558636000	75.6916	104	1
1527882194.561408000	75.6943	92	0
1527882194.561803000	75.6947	315	0
1527882194.562475000	75.6954	101	1
1527882194.886080000	76.019	391	1
1527882194.886174000	76.0191	259	1
1527882194.902316000	76.0353	87	0
1527882195.007049000	76.14	235	0
1527882195.007281000	76.1402	148	0
1527882195.008266000	76.1412	104	1
1527882195.009988000	76.1429	92	0
1527882195.010569000	76.1435	98	1
1527882195.010791000	76.1437	237	0
1527882195.011510000	76.1444	98	1
1527882195.333122000	76.4661	396	1
1527882195.333209000	76.4661	265	1
1527882195.356054000	76.489	87	0
1527882195.458535000	76.5915	235	0
1527882195.458762000	76.5917	148	0
1527882195.459688000	76.5926	104	1
1527882195.462197000	76.5951	92	0
1527882195.462465000	76.5954	263	0
1527882195.462533000	76.5955	98	1
1527882195.463537000	76.5965	98	1
1527882195.797876000	76.9308	392	1
1527882195.797968000	76.9309	259	1
1527882195.813612000	76.9465	87	0
1527882195.963049000	77.096	300	0
1527882195.963309000	77.0962	148	0
1527882195.964364000	77.0973	104	1
1527882195.967578000	77.1005	92	0
1527882195.968514000	77.1015	255	0
1527882195.968596000	77.1015	98	1
1527882195.969577000	77.1025	98	1
1527882196.195984000	77.3289	999	1
1527882196.196049000	77.329	260	1
1527882196.212964000	77.3459	87	0
1527882196.326256000	77.4592	233	0
1527882196.326492000	77.4594	148	0
1527882196.327479000	77.4604	92	0
1527882196.327636000	77.4606	104	1
1527882196.327832000	77.4608	232	0
1527882196.328585000	77.4615	101	1
1527882196.462858000	77.5958	408	1
1527882196.462955000	77.5959	261	1
1527882196.483395000	77.6163	87	0
1527882196.586831000	77.7198	256	0
1527882196.587083000	77.72	148	0
1527882196.588012000	77.7209	104	1
1527882196.590316000	77.7233	92	0
1527882196.590646000	77.7236	101	0
1527882196.590701000	77.7236	98	1
1527882196.591600000	77.7245	98	1
1527882196.731002000	77.8639	977	1
1527882196.731064000	77.864	259	1
1527882196.747674000	77.8806	87	0
1527882196.855487000	77.9884	237	0
1527882196.856630000	77.9896	101	1
1527882196.859506000	77.9924	158	0
1527882196.860677000	77.9936	98	1
1527882196.861805000	77.9947	265	0
1527882196.862619000	77.9956	98	1
1527882196.999157000	78.1321	394	1
1527882196.999243000	78.1322	259	1
1527882197.016121000	78.1491	87	0
1527882197.021350000	78.1543	87	0
1527882197.126981000	78.2599	235	0
1527882197.127269000	78.2602	148	0
1527882197.128202000	78.2611	107	1
1527882197.129542000	78.2625	92	0
1527882197.130542000	78.2635	217	0
1527882197.130747000	78.2637	101	1
1527882197.257000000	78.3899	392	1
1527882197.257067000	78.39	261	1
1527882197.275664000	78.4086	87	0
1527882197.383490000	78.5164	265	0
1527882197.383749000	78.5167	148	0
1527882197.384692000	78.5176	104	1
1527882197.387190000	78.5201	92	0
1527882197.387519000	78.5205	157	0
1527882197.387748000	78.5207	101	1
1527882197.634880000	78.7678	394	1
1527882197.634945000	78.7679	258	1
1527882197.653831000	78.7868	87	0
1527882197.657626000	78.7906	87	0
1527882197.782099000	78.915	259	0
1527882197.782413000	78.9153	148	0
1527882197.783079000	78.916	107	1
1527882197.786559000	78.9195	92	0
1527882197.786824000	78.9198	331	0
1527882197.787670000	78.9206	101	1
1527882198.307237000	79.4402	393	1
1527882198.307302000	79.4402	258	1
1527882198.323944000	79.4569	87	0
1527882198.446327000	79.5793	235	0
1527882198.446565000	79.5795	148	0
1527882198.447708000	79.5806	104	1
1527882198.449748000	79.5827	92	0
1527882198.450064000	79.583	262	0
1527882198.450690000	79.5836	101	1
1527882198.546858000	79.6798	395	1
1527882198.546935000	79.6799	378	1
1527882198.563111000	79.696	87	0
1527882198.684601000	79.8175	354	0
1527882198.684897000	79.8178	148	0
1527882198.685758000	79.8187	104	1
1527882198.688281000	79.8212	92	0
1527882198.688610000	79.8215	175	0
1527882198.688750000	79.8217	101	1
1527882198.753898000	79.8868	393	1
1527882198.753989000	79.8869	378	1
1527882198.771109000	79.904	87	0
1527882198.895946000	80.0289	260	0
1527882198.896202000	80.0291	148	0
1527882198.897044000	80.03	104	1
1527882198.898780000	80.0317	92	0
1527882198.899053000	80.032	293	0
1527882198.899729000	80.0327	101	1
1527882198.956812000	80.0897	396	1
1527882198.956876000	80.0898	254	1
1527882198.974422000	80.1074	87	0
1527882199.080759000	80.2137	328	0
1527882199.081047000	80.214	148	0
1527882199.081807000	80.2147	104	1
1527882199.084232000	80.2172	92	0
1527882199.084749000	80.2177	98	1
1527882199.084886000	80.2178	157	0
1527882199.085744000	80.2187	98	1
1527882199.394151000	80.5271	392	1
1527882199.394233000	80.5272	258	1
1527882199.410250000	80.5432	87	0
1527882199.529836000	80.6628	233	0
1527882199.530099000	80.663	148	0
1527882199.531029000	80.664	104	1
1527882199.532422000	80.6654	92	0
1527882199.532810000	80.6657	330	0
1527882199.532844000	80.6658	98	1
1527882199.533752000	80.6667	98	1
1527882199.713213000	80.8461	391	1
1527882199.713309000	80.8462	259	1
1527882199.730554000	80.8635	87	0
1527882199.857080000	80.99	258	0
1527882199.857340000	80.9903	148	0
1527882199.858287000	80.9912	104	1
1527882199.860802000	80.9937	92	0
1527882199.861189000	80.9941	174	0
1527882199.861766000	80.9947	101	1
1527882200.182178000	81.3151	1000	1
1527882200.182238000	81.3152	265	1
1527882200.210866000	81.3438	87	0
1527882200.332058000	81.465	236	0
1527882200.332294000	81.4652	148	0
1527882200.333256000	81.4662	104	1
1527882200.336510000	81.4694	92	0
1527882200.336873000	81.4698	98	1
1527882200.337172000	81.4701	158	0
1527882200.337791000	81.4707	98	1
1527882200.507121000	81.6401	406	1
1527882200.507207000	81.6401	259	1
1527882200.523333000	81.6563	87	0
1527882200.651714000	81.7847	256	0
1527882200.651945000	81.7849	148	0
1527882200.652911000	81.7858	104	1
1527882200.656178000	81.7891	92	0
1527882200.656454000	81.7894	324	0
1527882200.656887000	81.7898	101	1
1527882200.827101000	81.96	977	1
1527882200.827194000	81.9601	261	1
1527882200.844210000	81.9771	87	0
1527882200.992989000	82.1259	277	0
1527882200.993290000	82.1262	148	0
1527882200.994178000	82.1271	104	1
1527882200.996043000	82.129	92	0
1527882200.996414000	82.1294	307	0
1527882200.996850000	82.1298	101	1
1527882201.065936000	82.1989	396	1
1527882201.066000000	82.1989	222	1
1527882201.083470000	82.2164	87	0
1527882201.086678000	82.2196	87	0
1527882201.204964000	82.3379	232	0
1527882201.205322000	82.3383	148	0
1527882201.206024000	82.339	107	1
1527882201.209674000	82.3426	92	0
1527882201.210065000	82.343	193	0
1527882201.210869000	82.3438	101	1
1527882201.572334000	82.7053	391	1
1527882201.572427000	82.7054	258	1
1527882201.589353000	82.7223	87	0
1527882201.707925000	82.8409	256	0
1527882201.708164000	82.8411	148	0
1527882201.709150000	82.8421	104	1
1527882201.711950000	82.8449	92	0
1527882201.712314000	82.8453	144	0
1527882201.712890000	82.8458	101	1
1527882201.850082000	82.983	395	1
1527882201.850177000	82.9831	260	1
1527882201.867088000	83	87	0
1527882201.994979000	83.1279	233	0
1527882201.995268000	83.1282	148	0
1527882201.996116000	83.1291	104	1
1527882201.998889000	83.1318	92	0
1527882201.999159000	83.1321	221	0
1527882201.999918000	83.1329	101	1
1527882202.079290000	83.2122	395	1
1527882202.079350000	83.2123	262	1
1527882202.094910000	83.2278	87	0
1527882202.213150000	83.3461	233	0
1527882202.213787000	83.3467	148	0
1527882202.214209000	83.3471	101	1
1527882202.214909000	83.3478	98	1
1527882202.217253000	83.3502	92	0
1527882202.217595000	83.3505	282	0
1527882202.218062000	83.351	101	1
1527882202.386316000	83.5193	391	1
1527882202.386405000	83.5193	260	1
1527882202.402242000	83.5352	87	0
1527882202.523298000	83.6562	267	0
1527882202.523625000	83.6566	148	0
1527882202.524275000	83.6572	104	1
1527882202.526520000	83.6595	92	0
1527882202.526977000	83.6599	322	0
1527882202.527031000	83.66	98	1
1527882202.527941000	83.6609	98	1
1527882202.737504000	83.8704	373	1
1527882202.737587000	83.8705	1412	1
1527882202.737612000	83.8705	1412	1
1527882202.737649000	83.8706	1412	1
1527882202.737697000	83.8706	550	1
1527882202.755220000	83.8882	87	0
1527882202.824062000	83.957	325	1
1527882202.824149000	83.9571	261	1
1527882202.840672000	83.9736	87	0
1527882202.849538000	83.9825	411	0
1527882202.850345000	83.9833	104	1
1527882202.856651000	83.9896	80	0
1527882202.857222000	83.9902	98	1
1527882202.955083000	84.088	341	0
1527882202.955483000	84.0884	148	0
1527882202.956211000	84.0891	101	1
1527882202.959121000	84.0921	92	0
1527882202.959844000	84.0928	154	0
1527882202.960071000	84.093	101	1
1527882203.332541000	84.4655	392	1
1527882203.332627000	84.4656	260	1
1527882203.348755000	84.4817	87	0
1527882203.467805000	84.6007	262	0
1527882203.468056000	84.601	148	0
1527882203.469002000	84.6019	104	1
1527882203.471397000	84.6043	92	0
1527882203.472084000	84.605	339	0
1527882203.472166000	84.6051	98	1
1527882203.472993000	84.6059	98	1
1527882203.559176000	84.6921	392	1
1527882203.559259000	84.6922	261	1
1527882203.576188000	84.7091	87	0
1527882203.581664000	84.7146	87	0
1527882203.709244000	84.8422	349	0
1527882203.709498000	84.8424	148	0
1527882203.710449000	84.8434	107	1
1527882203.713617000	84.8466	92	0
1527882203.714072000	84.847	98	1
1527882203.714942000	84.8479	195	0
1527882203.716012000	84.8489	98	1
1527882203.777292000	84.9102	394	1
1527882203.777350000	84.9103	259	1
1527882203.793725000	84.9267	87	0
1527882203.896867000	85.0298	235	0
1527882203.897105000	85.03	148	0
1527882203.898052000	85.031	104	1
1527882203.900425000	85.0334	92	0
1527882203.901078000	85.034	98	1
1527882203.901243000	85.0342	138	0
1527882203.902016000	85.035	98	1
1527882204.045990000	85.1789	995	1
1527882204.046052000	85.179	261	1
1527882204.064244000	85.1972	87	0
1527882204.068395000	85.2013	87	0
1527882204.172132000	85.3051	236	0
1527882204.172434000	85.3054	148	0
1527882204.173336000	85.3063	107	1
1527882204.176661000	85.3096	92	0
1527882204.177056000	85.31	247	0
1527882204.177088000	85.31	98	1
1527882204.178032000	85.311	98	1
1527882204.514592000	85.6475	405	1
1527882204.514673000	85.6476	261	1
1527882204.531547000	85.6645	87	0
1527882204.537474000	85.6704	87	0
1527882204.637103000	85.77	256	0
1527882204.637356000	85.7703	148	0
1527882204.638207000	85.7711	107	1
1527882204.640422000	85.7734	92	0
1527882204.640798000	85.7737	293	0
1527882204.641322000	85.7743	101	1
1527882205.230560000	86.3635	973	1
1527882205.230651000	86.3636	262	1
1527882205.248090000	86.381	87	0
1527882205.360159000	86.4931	232	0
1527882205.360450000	86.4934	148	0
1527882205.361298000	86.4942	104	1
1527882205.364148000	86.4971	92	0
1527882205.364767000	86.4977	156	0
1527882205.365323000	86.4983	101	1
1527882205.596527000	86.7295	394	1
1527882205.596619000	86.7296	258	1
1527882205.614077000	86.747	87	0
1527882205.722947000	86.8559	300	0
1527882205.723271000	86.8562	148	0
1527882205.724133000	86.8571	104	1
1527882205.726828000	86.8598	92	0
1527882205.727098000	86.86	302	0
1527882205.727140000	86.8601	98	1
1527882205.728132000	86.8611	98	1
1527882205.855418000	86.9884	392	1
1527882205.855479000	86.9884	259	1
1527882205.872222000	87.0052	87	0
1527882205.987313000	87.1202	233	0
1527882205.987564000	87.1205	148	0
1527882205.988489000	87.1214	104	1
1527882205.991187000	87.1241	92	0
1527882205.991589000	87.1245	265	0
1527882205.992155000	87.1251	101	1
1527882206.105904000	87.2388	391	1
1527882206.106018000	87.239	259	1
1527882206.123195000	87.2561	87	0
1527882206.251019000	87.384	235	0
1527882206.251273000	87.3842	148	0
1527882206.252368000	87.3853	104	1
1527882206.256062000	87.389	92	0
1527882206.256326000	87.3893	99	0
1527882206.257159000	87.3901	101	1
1527882206.561961000	87.6949	396	1
1527882206.562054000	87.695	260	1
1527882206.580506000	87.7134	87	0
1527882206.684042000	87.817	256	0
1527882206.684295000	87.8172	148	0
1527882206.685244000	87.8182	104	1
1527882206.689397000	87.8223	92	0
1527882206.689765000	87.8227	162	0
1527882206.690309000	87.8232	101	1
1527882206.868378000	88.0013	395	1
1527882206.868446000	88.0014	261	1
1527882206.885013000	88.018	87	0
1527882206.900944000	88.0339	87	0
1527882207.009221000	88.1422	236	0
1527882207.009467000	88.1424	148	0
1527882207.010389000	88.1433	107	1
1527882207.013699000	88.1466	92	0
1527882207.013971000	88.1469	270	0
1527882207.014405000	88.1473	101	1
1527882207.146620000	88.2796	397	1
1527882207.146712000	88.2796	262	1
1527882207.164324000	88.2973	87	0
1527882207.169898000	88.3028	87	0
1527882207.276793000	88.4097	268	0
1527882207.277095000	88.41	148	0
1527882207.278323000	88.4113	107	1
1527882207.281157000	88.4141	92	0
1527882207.281604000	88.4145	121	0
1527882207.282266000	88.4152	101	1
1527882207.463797000	88.5967	393	1
1527882207.463859000	88.5968	262	1
1527882207.482788000	88.6157	87	0
1527882207.627053000	88.76	258	0
1527882207.627306000	88.7602	148	0
1527882207.628254000	88.7612	104	1
1527882207.630831000	88.7638	92	0
1527882207.631210000	88.7641	280	0
1527882207.631235000	88.7642	98	1
1527882207.632246000	88.7652	98	1
1527882207.800475000	88.9334	393	1
1527882207.800575000	88.9335	258	1
1527882207.816089000	88.949	87	0
1527882207.920755000	89.0537	235	0
1527882207.921000000	89.0539	148	0
1527882207.921888000	89.0548	104	1
1527882207.925163000	89.0581	92	0
1527882207.925563000	89.0585	206	0
1527882207.926237000	89.0592	101	1
1527882208.259721000	89.3927	392	1
1527882208.259816000	89.3928	261	1
1527882208.275914000	89.4089	87	0
1527882208.394029000	89.527	329	0
1527882208.394266000	89.5272	148	0
1527882208.395405000	89.5283	104	1
1527882208.398952000	89.5319	92	0
1527882208.399213000	89.5322	181	0
1527882208.399271000	89.5322	98	1
1527882208.400281000	89.5332	98	1
1527882208.617822000	89.7508	998	1
1527882208.617887000	89.7508	259	1
1527882208.636213000	89.7692	87	0
1527882208.740100000	89.873	285	0
1527882208.740397000	89.8733	148	0
1527882208.741516000	89.8745	104	1
1527882208.744937000	89.8779	92	0
1527882208.745266000	89.8782	152	0
1527882208.745287000	89.8782	98	1
1527882208.746299000	89.8792	98	1
1527882209.537864000	90.6708	407	1
1527882209.537962000	90.6709	268	1
1527882209.556078000	90.689	87	0
1527882209.672798000	90.8057	349	0
1527882209.673027000	90.806	148	0
1527882209.674036000	90.807	104	1
1527882209.676555000	90.8095	92	0
1527882209.676826000	90.8098	246	0
1527882209.677331000	90.8103	101	1
1527882209.769518000	90.9025	973	1
1527882209.769594000	90.9025	258	1
1527882209.786831000	90.9198	87	0
1527882209.791420000	90.9244	87	0
1527882209.914341000	91.0473	233	0
1527882209.914612000	91.0475	148	0
1527882209.915518000	91.0485	107	1
1527882209.918992000	91.0519	92	0
1527882209.919381000	91.0523	98	1
1527882209.919386000	91.0523	164	0
1527882209.920379000	91.0533	98	1
1527882210.199657000	91.3326	392	1
1527882210.199746000	91.3327	261	1
1527882210.216276000	91.3492	87	0
1527882210.339246000	91.4722	233	0
1527882210.339546000	91.4725	148	0
1527882210.340450000	91.4734	104	1
1527882210.342824000	91.4758	92	0
1527882210.343182000	91.4761	90	0
1527882210.343664000	91.4766	101	1
1527882210.647016000	91.78	395	1
1527882210.647099000	91.78	263	1
1527882210.663688000	91.7966	87	0
1527882210.788556000	91.9215	258	0
1527882210.788810000	91.9217	148	0
1527882210.789789000	91.9227	104	1
1527882210.793368000	91.9263	92	0
1527882210.794139000	91.9271	324	0
1527882210.794592000	91.9275	101	1
1527882210.899264000	92.0322	393	1
1527882210.899325000	92.0323	260	1
1527882210.921117000	92.0541	87	0
1527882210.926471000	92.0594	87	0
1527882211.029748000	92.1627	235	0
1527882211.029977000	92.1629	148	0
1527882211.031027000	92.164	107	1
1527882211.033324000	92.1663	92	0
1527882211.033607000	92.1665	118	0
1527882211.034437000	92.1674	101	1
1527882211.212836000	92.3458	395	1
1527882211.212891000	92.3458	316	1
1527882211.230021000	92.363	87	0
1527882211.235314000	92.3683	87	0
1527882211.353405000	92.4863	275	0
1527882211.353686000	92.4866	148	0
1527882211.354512000	92.4874	107	1
1527882211.357328000	92.4903	92	0
1527882211.357718000	92.4907	303	0
1527882211.358440000	92.4914	101	1
1527882215.250961000	96.3839	373	1
1527882215.251050000	96.384	1412	1
1527882215.251075000	96.384	1412	1
1527882215.251098000	96.384	1412	1
1527882215.251138000	96.3841	769	1
1527882215.268954000	96.4019	87	0
1527882215.272805000	96.4057	87	0
1527882215.364859000	96.4978	416	0
1527882215.366158000	96.4991	104	1
1527882215.369137000	96.5021	80	0
1527882215.370078000	96.503	98	1
1527882215.452181000	96.5851	396	1
1527882215.452246000	96.5852	258	1
1527882215.468398000	96.6013	87	0
1527882215.581839000	96.7148	256	0
1527882215.582104000	96.715	148	0
1527882215.583102000	96.716	104	1
1527882215.585254000	96.7182	92	0
1527882215.585594000	96.7185	242	0
1527882215.586120000	96.7191	101	1
1527882215.795372000	96.9283	391	1
1527882215.795467000	96.9284	258	1
1527882215.811373000	96.9443	87	0
1527882215.924329000	97.0573	267	0
1527882215.924648000	97.0576	148	0
1527882215.925499000	97.0584	104	1
1527882215.928877000	97.0618	92	0
1527882215.929135000	97.0621	237	0
1527882215.929171000	97.0621	98	1
1527882215.930135000	97.0631	98	1
1527882216.228470000	97.3614	397	1
1527882216.228533000	97.3615	260	1
1527882216.246148000	97.3791	87	0
1527882216.249046000	97.382	87	0
1527882216.355338000	97.4883	235	0
1527882216.355643000	97.4886	148	0
1527882216.356726000	97.4897	107	1
1527882216.359177000	97.4921	92	0
1527882216.359683000	97.4926	292	0
1527882216.360270000	97.4932	101	1
1527882216.511932000	97.6449	393	1
1527882216.512017000	97.645	260	1
1527882216.528433000	97.6614	87	0
1527882216.770046000	97.903	258	0
1527882216.770405000	97.9033	148	0
1527882216.771213000	97.9042	104	1
1527882216.773296000	97.9062	92	0
1527882216.773715000	97.9067	138	0
1527882216.774130000	97.9071	101	1
1527882216.936536000	98.0695	995	1
1527882216.936640000	98.0696	260	1
1527882216.954297000	98.0872	87	0
1527882217.068595000	98.2015	331	0
1527882217.068846000	98.2018	148	0
1527882217.069759000	98.2027	104	1
1527882217.072757000	98.2057	92	0
1527882217.073026000	98.206	156	0
1527882217.073200000	98.2061	101	1
1527882217.397630000	98.5306	404	1
1527882217.397703000	98.5306	258	1
1527882217.413811000	98.5467	87	0
1527882217.560453000	98.6934	283	0
1527882217.560737000	98.6937	148	0
1527882217.561370000	98.6943	101	1
1527882217.562207000	98.6951	98	1
1527882217.564186000	98.6971	92	0
1527882217.565196000	98.6981	98	1
1527882217.566275000	98.6992	145	0
1527882217.567181000	98.7001	98	1
1527882217.701007000	98.8339	976	1
1527882217.701068000	98.834	259	1
1527882217.717229000	98.8502	87	0
1527882217.722517000	98.8555	87	0
1527882217.848271000	98.9812	329	0
1527882217.848557000	98.9815	148	0
1527882217.849461000	98.9824	107	1
1527882217.852245000	98.9852	92	0
1527882217.852516000	98.9855	115	0
1527882217.853215000	98.9862	101	1
1527882218.157493000	99.2904	393	1
1527882218.157581000	99.2905	258	1
1527882218.174211000	99.3071	87	0
1527882218.177760000	99.3107	87	0
1527882218.290899000	99.4238	235	0
1527882218.291136000	99.4241	148	0
1527882218.292270000	99.4252	107	1
1527882218.295833000	99.4288	92	0
1527882218.296298000	99.4292	98	1
1527882218.296942000	99.4299	161	0
1527882218.297403000	99.4303	98	1
1527882218.611624000	99.7446	392	1
1527882218.611716000	99.7447	260	1
1527882218.628270000	99.7612	87	0
1527882218.632271000	99.7652	87	0
1527882218.748612000	99.8815	259	0
1527882218.748842000	99.8818	148	0
1527882218.749825000	99.8828	107	1
1527882218.751609000	99.8845	92	0
1527882218.751876000	99.8848	245	0
1527882218.752314000	99.8853	101	1
1527882218.986460000	100.119	393	1
1527882218.986557000	100.119	260	1
1527882219.002902000	100.136	87	0
1527882219.005967000	100.139	87	0
1527882219.121265000	100.254	233	0
1527882219.121494000	100.254	148	0
1527882219.122444000	100.255	107	1
1527882219.125173000	100.258	92	0
1527882219.125585000	100.259	254	0
1527882219.126297000	100.259	101	1
1527882219.628813000	100.762	391	1
1527882219.628880000	100.762	258	1
1527882219.645473000	100.778	87	0
1527882219.779882000	100.913	256	0
1527882219.780138000	100.913	148	0
1527882219.781105000	100.914	104	1
1527882219.783513000	100.916	92	0
1527882219.784334000	100.917	98	1
1527882219.816097000	100.949	251	0
1527882219.816674000	100.95	98	1
1527882219.922400000	101.055	391	1
1527882219.922465000	101.055	258	1
1527882219.942277000	101.075	87	0
1527882220.068130000	101.201	275	0
1527882220.068451000	101.201	148	0
1527882220.069364000	101.202	101	1
1527882220.070351000	101.203	98	1
1527882220.071375000	101.204	92	0
1527882220.071699000	101.205	138	0
1527882220.072363000	101.205	101	1
1527882220.266581000	101.4	392	1
1527882220.266677000	101.4	259	1
1527882220.283009000	101.416	87	0
1527882220.287320000	101.42	87	0
1527882220.390609000	101.524	235	0
1527882220.390870000	101.524	148	0
1527882220.391551000	101.524	107	1
1527882220.395159000	101.528	92	0
1527882220.395714000	101.529	183	0
1527882220.396359000	101.529	101	1
1527882220.814804000	101.948	392	1
1527882220.814873000	101.948	260	1
1527882220.831396000	101.964	87	0
1527882220.836668000	101.97	87	0
1527882220.937561000	102.07	259	0
1527882220.937789000	102.071	148	0
1527882220.938764000	102.072	107	1
1527882220.941071000	102.074	92	0
1527882220.941339000	102.074	102	0
1527882220.941513000	102.074	101	1
1527882221.070504000	102.203	396	1
1527882221.070600000	102.204	258	1
1527882221.088768000	102.222	87	0
1527882221.203952000	102.337	233	0
1527882221.204192000	102.337	148	0
1527882221.205092000	102.338	104	1
1527882221.210191000	102.343	92	0
1527882221.210440000	102.343	98	1
1527882221.211353000	102.344	326	0
1527882221.212411000	102.345	98	1
1527882221.485628000	102.619	391	1
1527882221.485722000	102.619	259	1
1527882221.504166000	102.637	87	0
1527882221.620708000	102.754	255	0
1527882221.620957000	102.754	148	0
1527882221.621890000	102.755	104	1
1527882221.623825000	102.757	92	0
1527882221.624498000	102.757	98	1
1527882221.625145000	102.758	289	0
1527882221.625632000	102.759	98	1
1527882221.801022000	102.934	390	1
1527882221.801080000	102.934	259	1
1527882221.818203000	102.951	87	0
1527882221.920134000	103.053	264	0
1527882221.920478000	103.053	148	0
1527882221.921497000	103.054	104	1
1527882221.926368000	103.059	92	0
1527882221.927504000	103.06	98	1
1527882221.927613000	103.061	249	0
1527882221.928445000	103.061	98	1
1527882223.559297000	104.692	993	1
1527882223.559362000	104.692	258	1
1527882223.579312000	104.712	87	0
1527882223.708163000	104.841	258	0
1527882223.708394000	104.841	148	0
1527882223.709687000	104.843	104	1
1527882223.712032000	104.845	92	0
1527882223.712346000	104.845	131	0
1527882223.712754000	104.846	101	1
1527882223.782866000	104.916	409	1
1527882223.782962000	104.916	261	1
1527882223.800603000	104.934	87	0
1527882223.941051000	105.074	233	0
1527882223.941279000	105.074	148	0
1527882223.942254000	105.075	104	1
1527882223.944282000	105.077	92	0
1527882223.944585000	105.078	98	1
1527882223.944610000	105.078	179	0
1527882223.945562000	105.078	98	1
1527882224.100825000	105.234	974	1
1527882224.100913000	105.234	258	1
1527882224.117353000	105.25	87	0
1527882224.240550000	105.373	329	0
1527882224.240795000	105.374	148	0
1527882224.241680000	105.375	104	1
1527882224.244165000	105.377	92	0
1527882224.244433000	105.377	136	0
1527882224.244638000	105.378	101	1
1527882224.377089000	105.51	394	1
1527882224.377178000	105.51	259	1
1527882224.393717000	105.527	87	0
1527882224.608902000	105.742	285	0
1527882224.609148000	105.742	148	0
1527882224.610251000	105.743	104	1
1527882224.612692000	105.746	92	0
1527882224.613389000	105.746	236	0
1527882224.613663000	105.747	101	1
1527882224.892797000	106.026	393	1
1527882224.892848000	106.026	258	1
1527882224.910232000	106.043	87	0
1527882225.035687000	106.169	328	0
1527882225.035951000	106.169	148	0
1527882225.036862000	106.17	104	1
1527882225.039482000	106.172	92	0
1527882225.039737000	106.173	119	0
1527882225.040628000	106.174	101	1
1527882225.316802000	106.45	392	1
1527882225.316893000	106.45	258	1
1527882225.334570000	106.468	87	0
1527882225.459711000	106.593	235	0
1527882225.459954000	106.593	148	0
1527882225.460929000	106.594	104	1
1527882225.463633000	106.597	92	0
1527882225.464404000	106.597	205	0
1527882225.464651000	106.598	101	1
1527882225.591433000	106.724	392	1
1527882225.591525000	106.724	259	1
1527882225.607976000	106.741	87	0
1527882225.613017000	106.746	87	0
1527882225.771918000	106.905	256	0
1527882225.772164000	106.905	148	0
1527882225.773267000	106.906	107	1
1527882225.774948000	106.908	92	0
1527882225.775370000	106.908	161	0
1527882225.775892000	106.909	101	1
1527882226.052912000	107.186	396	1
1527882226.052980000	107.186	263	1
1527882226.069953000	107.203	87	0
1527882226.195558000	107.328	232	0
1527882226.195805000	107.329	148	0
1527882226.196759000	107.33	104	1
1527882226.198374000	107.331	92	0
1527882226.198741000	107.332	209	0
1527882226.198797000	107.332	98	1
1527882226.199689000	107.333	98	1
1527882226.517930000	107.651	394	1
1527882226.517994000	107.651	316	1
1527882226.534845000	107.668	87	0
1527882226.540241000	107.673	87	0
1527882226.644782000	107.778	256	0
1527882226.645102000	107.778	148	0
1527882226.645835000	107.779	107	1
1527882226.647189000	107.78	92	0
1527882226.647777000	107.781	98	1
1527882226.648246000	107.781	234	0
1527882226.648699000	107.782	98	1
1527882227.462303000	108.595	391	1
1527882227.462368000	108.595	259	1
1527882227.479106000	108.612	87	0
1527882227.604184000	108.737	298	0
1527882227.604485000	108.737	148	0
1527882227.605352000	108.738	104	1
1527882227.608668000	108.742	92	0
1527882227.608963000	108.742	207	0
1527882227.609778000	108.743	101	1
1527882227.724974000	108.858	394	1
1527882227.725040000	108.858	258	1
1527882227.742243000	108.875	87	0
1527882227.872753000	109.006	235	0
1527882227.872986000	109.006	148	0
1527882227.874058000	109.007	104	1
1527882227.877171000	109.01	92	0
1527882227.877428000	109.01	141	0
1527882227.877856000	109.011	101	1
1527882228.027457000	109.16	392	1
1527882228.027548000	109.16	261	1
1527882228.043829000	109.177	87	0
1527882228.049125000	109.182	87	0
1527882228.160889000	109.294	235	0
1527882228.161054000	109.294	148	0
1527882228.162092000	109.295	107	1
1527882228.164840000	109.298	92	0
1527882228.165102000	109.298	112	0
1527882228.165808000	109.299	101	1
1527882228.551760000	109.685	999	1
1527882228.551858000	109.685	260	1
1527882228.565766000	109.699	100	0
1527882228.566892000	109.7	98	1
1527882228.568578000	109.702	87	0
1527882228.684333000	109.817	259	0
1527882228.684593000	109.818	148	0
1527882228.685463000	109.818	104	1
1527882228.687656000	109.821	92	0
1527882228.687944000	109.821	220	0
1527882228.688838000	109.822	101	1
1527882228.897665000	110.031	405	1
1527882228.897726000	110.031	260	1
1527882228.914408000	110.047	87	0
1527882229.017466000	110.15	888	1
1527882229.017564000	110.151	1412	1
1527882229.017601000	110.151	1412	1
1527882229.017659000	110.151	1412	1
1527882229.017692000	110.151	832	1
1527882229.033448000	110.166	100	0
1527882229.033763000	110.167	235	0
1527882229.033986000	110.167	104	1
1527882229.034101000	110.167	148	0
1527882229.034895000	110.168	98	1
1527882229.037511000	110.17	92	0
1527882229.037837000	110.171	314	0
1527882229.037880000	110.171	98	1
1527882229.038837000	110.172	98	1
1527882229.133606000	110.267	400	0
1527882229.134394000	110.267	98	1
1527882229.140329000	110.273	80	0
1527882229.140841000	110.274	98	1
1527882229.386275000	110.519	391	1
1527882229.386368000	110.519	260	1
1527882229.402713000	110.536	87	0
1527882229.507819000	110.641	265	0
1527882229.508048000	110.641	148	0
1527882229.509009000	110.642	104	1
1527882229.512048000	110.645	92	0
1527882229.512382000	110.645	311	0
1527882229.512890000	110.646	101	1
1527882229.643217000	110.776	391	1
1527882229.643280000	110.776	260	1
1527882229.659942000	110.793	87	0
1527882229.788635000	110.922	355	0
1527882229.788900000	110.922	148	0
1527882229.789939000	110.923	104	1
1527882229.792946000	110.926	92	0
1527882229.793326000	110.926	144	0
1527882229.793880000	110.927	101	1
1527882229.965368000	111.098	396	1
1527882229.965428000	111.098	259	1
1527882229.981476000	111.114	87	0
1527882230.132400000	111.265	264	0
1527882230.132703000	111.266	148	0
1527882230.133368000	111.266	101	1
1527882230.133969000	111.267	98	1
1527882230.136739000	111.27	92	0
1527882230.137013000	111.27	190	0
1527882230.137926000	111.271	101	1
1527882230.229572000	111.363	398	1
1527882230.229649000	111.363	261	1
1527882230.249768000	111.383	87	0
1527882230.560523000	111.693	351	0
1527882230.560761000	111.694	148	0
1527882230.561952000	111.695	104	1
1527882230.564689000	111.698	92	0
1527882230.564942000	111.698	98	1
1527882230.565325000	111.698	241	0
1527882230.565928000	111.699	98	1
1527882230.803489000	111.936	392	1
1527882230.803553000	111.936	260	1
1527882230.819599000	111.953	87	0
1527882230.930005000	112.063	233	0
1527882230.930250000	112.063	148	0
1527882230.931189000	112.064	104	1
1527882230.939773000	112.073	92	0
1527882230.940034000	112.073	106	0
1527882230.941028000	112.074	101	1
1527882231.112108000	112.245	391	1
1527882231.112177000	112.245	259	1
1527882231.128737000	112.262	87	0
1527882231.134234000	112.267	87	0
1527882231.249023000	112.382	233	0
1527882231.249328000	112.382	148	0
1527882231.249990000	112.383	104	1
1527882231.250981000	112.384	98	1
1527882231.252518000	112.385	92	0
1527882231.252777000	112.386	283	0
1527882231.252966000	112.386	101	1
1527882231.464202000	112.597	391	1
1527882231.464268000	112.597	259	1
1527882231.481752000	112.615	87	0
1527882231.484710000	112.618	87	0
1527882231.600316000	112.733	258	0
1527882231.601165000	112.734	148	0
1527882231.601354000	112.734	104	1
1527882231.602063000	112.735	98	1
1527882231.603716000	112.737	92	0
1527882231.604044000	112.737	283	0
1527882231.604057000	112.737	98	1
1527882231.604999000	112.738	98	1
1527882231.739199000	112.872	392	1
1527882231.739286000	112.872	259	1
1527882231.756617000	112.89	87	0
1527882231.861250000	112.994	235	0
1527882231.861490000	112.994	148	0
1527882231.862618000	112.996	104	1
1527882231.865044000	112.998	92	0
1527882231.865398000	112.998	340	0
1527882231.866014000	112.999	101	1
1527882232.213164000	113.346	393	1
1527882232.213250000	113.346	261	1
1527882232.230128000	113.363	87	0
1527882232.441993000	113.575	277	0
1527882232.442295000	113.575	148	0
1527882232.443067000	113.576	101	1
1527882232.444073000	113.577	98	1
1527882232.445807000	113.579	92	0
1527882232.446112000	113.579	305	0
1527882232.446231000	113.579	98	1
1527882232.447108000	113.58	98	1
1527882232.487055000	113.62	392	1
1527882232.487134000	113.62	259	1
1527882232.503375000	113.636	87	0
1527882232.624545000	113.757	256	0
1527882232.624888000	113.758	148	0
1527882232.625628000	113.759	104	1
1527882232.628936000	113.762	92	0
1527882232.629262000	113.762	136	0
1527882232.630112000	113.763	101	1
1527882232.790305000	113.923	392	1
1527882232.790370000	113.923	259	1
1527882232.808304000	113.941	87	0
1527882232.814036000	113.947	87	0
1527882232.929688000	114.063	235	0
1527882232.930592000	114.064	104	1
1527882232.933834000	114.067	158	0
1527882232.934078000	114.067	98	0
1527882232.934468000	114.067	101	1
1527882233.163416000	114.296	996	1
1527882233.163487000	114.296	261	1
1527882233.181149000	114.314	87	0
1527882233.293972000	114.427	233	0
1527882233.294208000	114.427	148	0
1527882233.295169000	114.428	104	1
1527882233.296686000	114.43	92	0
1527882233.297015000	114.43	318	0
1527882233.297143000	114.43	101	1
1527882233.487320000	114.62	404	1
1527882233.487387000	114.62	259	1
1527882233.505164000	114.638	87	0
1527882233.510381000	114.643	87	0
1527882233.624668000	114.758	258	0
1527882233.624938000	114.758	148	0
1527882233.625723000	114.759	107	1
1527882233.628845000	114.762	92	0
1527882233.629101000	114.762	123	0
1527882233.629154000	114.762	98	1
1527882233.630122000	114.763	98	1
1527882234.102635000	115.236	977	1
1527882234.102726000	115.236	258	1
1527882234.120365000	115.253	87	0
1527882234.226215000	115.359	233	0
1527882234.226503000	115.359	148	0
1527882234.227347000	115.36	104	1
1527882234.231357000	115.364	92	0
1527882234.231744000	115.365	285	0
1527882234.232297000	115.365	101	1
1527882234.524354000	115.657	392	1
1527882234.524437000	115.657	258	1
1527882234.543256000	115.676	87	0
1527882234.545811000	115.679	87	0
1527882234.647507000	115.78	258	0
1527882234.647742000	115.781	148	0
1527882234.648727000	115.782	107	1
1527882234.650585000	115.784	92	0
1527882234.650920000	115.784	293	0
1527882234.651164000	115.784	101	1
1527882234.785282000	115.918	396	1
1527882234.785347000	115.918	260	1
1527882234.802361000	115.935	87	0
1527882234.807360000	115.94	87	0
1527882234.937695000	116.071	267	0
1527882234.937945000	116.071	148	0
1527882234.938868000	116.072	107	1
1527882234.941451000	116.074	92	0
1527882234.941819000	116.075	202	0
1527882234.942339000	116.075	101	1
1527882235.137563000	116.27	395	1
1527882235.137651000	116.271	259	1
1527882235.153864000	116.287	87	0
1527882235.281268000	116.414	331	0
1527882235.281594000	116.415	148	0
1527882235.282239000	116.415	101	1
1527882235.283277000	116.416	98	1
1527882235.285285000	116.418	92	0
1527882235.286293000	116.419	98	1
1527882235.286712000	116.42	325	0
1527882235.287213000	116.42	98	1
1527882235.371333000	116.504	392	1
