1527746271.504292000	0	296	1
1527746271.523587000	0.019295	87	0
1527746271.705843000	0.201551	305	0
1527746271.707153000	0.202861	1412	0
1527746271.708574000	0.204282	1412	0
1527746271.709836000	0.205544	1412	0
1527746271.710097000	0.205805	110	1
1527746271.711184000	0.206892	180	0
1527746271.712462000	0.20817	1412	0
1527746271.713810000	0.209518	1412	0
1527746271.714992000	0.2107	104	1
1527746271.715071000	0.210779	1412	0
1527746271.716362000	0.21207	826	0
1527746271.717775000	0.213483	1412	0
1527746271.719026000	0.214734	1412	0
1527746271.719114000	0.214822	104	1
1527746271.720326000	0.216034	693	0
1527746271.721619000	0.217327	1412	0
1527746271.722971000	0.218679	1412	0
1527746271.723021000	0.218729	104	1
1527746271.724282000	0.21999	1412	0
1527746271.725523000	0.221231	1297	0
1527746271.726822000	0.22253	1412	0
1527746271.727042000	0.22275	107	1
1527746271.728232000	0.22394	1412	0
1527746271.729477000	0.225185	1412	0
1527746271.730851000	0.226559	1412	0
1527746271.732015000	0.227723	104	1
1527746271.732205000	0.227913	1412	0
1527746271.733403000	0.229111	187	0
1527746271.734734000	0.230442	1412	0
1527746271.736013000	0.231721	802	0
1527746271.736100000	0.231808	104	1
1527746271.737437000	0.233145	1412	0
1527746271.739236000	0.234944	1014	0
1527746271.740015000	0.235723	104	1
1527746271.740499000	0.236207	1412	0
1527746271.741804000	0.237512	1412	0
1527746271.743137000	0.238845	1412	0
1527746271.744013000	0.239721	104	1
1527746271.744382000	0.24009	1412	0
1527746271.745666000	0.241374	288	0
1527746271.746976000	0.242684	1412	0
1527746271.748011000	0.243719	104	1
1527746271.748325000	0.244033	1412	0
1527746271.749630000	0.245338	1412	0
1527746271.750972000	0.24668	1412	0
1527746271.751992000	0.2477	104	1
1527746271.752247000	0.247955	255	0
1527746271.753609000	0.249317	1412	0
1527746271.754914000	0.250622	1412	0
1527746271.755965000	0.251673	104	1
1527746271.756206000	0.251914	1412	0
1527746271.757676000	0.253384	895	0
1527746271.758989000	0.254697	1412	0
1527746271.759934000	0.255642	101	1
1527746271.760284000	0.255992	1412	0
1527746271.761587000	0.257295	1412	0
1527746271.762992000	0.2587	966	0
1527746271.767807000	0.263515	305	0
1527746271.813182000	0.30889	110	1
1527746272.141105000	0.636813	318	1
1527746272.141183000	0.636891	1412	1
1527746272.141206000	0.636914	916	1
1527746272.146792000	0.6425	230	1
1527746272.160440000	0.656148	87	0
1527746272.164713000	0.660421	87	0
1527746272.435545000	0.931253	396	0
1527746272.436104000	0.931812	166	1
1527746272.436851000	0.932559	257	0
1527746272.438252000	0.93396	1412	0
1527746272.439553000	0.935261	1412	0
1527746272.439968000	0.935676	107	1
1527746272.440850000	0.936558	1412	0
1527746272.442115000	0.937823	180	0
1527746272.443500000	0.939208	1412	0
1527746272.443963000	0.939671	104	1
1527746272.444802000	0.94051	1412	0
1527746272.446088000	0.941796	1071	0
1527746272.447490000	0.943198	80	0
1527746272.447960000	0.943668	104	1
1527746272.448789000	0.944497	92	0
1527746272.450093000	0.945801	288	0
1527746272.451955000	0.947663	101	1
1527746272.468454000	0.964162	87	0
1527746272.746594000	1.2423	377	0
1527746272.747979000	1.24369	1113	0
1527746272.749249000	1.24496	92	0
1527746272.750562000	1.24627	248	0
1527746272.758207000	1.25392	110	1
1527746273.077352000	1.57306	280	1
1527746273.077420000	1.57313	144	1
1527746273.097409000	1.59312	87	0
1527746273.151576000	1.64728	1412	0
1527746273.152863000	1.64857	1412	0
1527746273.154165000	1.64987	1412	0
1527746273.155438000	1.65115	624	0
1527746273.156715000	1.65242	92	0
1527746273.158083000	1.65379	329	0
1527746273.227597000	1.7233	1412	0
1527746273.302512000	1.79822	1412	0
1527746273.362020000	1.85773	122	1
1527746273.388317000	1.88403	222	1
1527746273.388405000	1.88411	190	1
1527746273.407230000	1.90294	87	0
1527746273.503568000	1.99928	594	0
1527746273.504836000	2.00054	92	0
1527746273.506143000	2.00185	295	0
1527746273.572444000	2.06815	107	1
1527746273.588824000	2.08453	594	0
1527746273.592095000	2.0878	98	1
1527746274.404979000	2.90069	243	1
1527746274.423604000	2.91931	87	0
1527746274.765509000	3.26122	357	0
1527746274.766821000	3.26253	1412	0
1527746274.768168000	3.26388	996	0
1527746274.769116000	3.26482	107	1
1527746274.769462000	3.26517	92	0
1527746274.770760000	3.26647	102	0
1527746274.787081000	3.28279	101	1
1527746275.306707000	3.80241	292	1
1527746275.306810000	3.80252	1412	1
1527746275.306847000	3.80256	1412	1
1527746275.306882000	3.80259	1412	1
1527746275.306919000	3.80263	1412	1
1527746275.306967000	3.80268	1412	1
1527746275.307004000	3.80271	1412	1
1527746275.307032000	3.80274	1412	1
1527746275.307070000	3.80278	1412	1
1527746275.307104000	3.80281	1412	1
1527746275.307140000	3.80285	1412	1
1527746275.309156000	3.80486	1412	1
1527746275.327447000	3.82315	87	0
1527746275.332594000	3.8283	87	0
1527746275.428527000	3.92424	1412	1
1527746275.428588000	3.9243	1282	1
1527746275.449996000	3.9457	87	0
1527746275.558642000	4.05435	373	0
1527746275.561693000	4.0574	80	0
1527746275.565585000	4.06129	110	1
1527746277.387029000	5.88274	437	1
1527746277.387111000	5.88282	1412	1
1527746277.387134000	5.88284	990	1
1527746277.387585000	5.88329	223	1
1527746277.387625000	5.88333	1412	1
1527746277.387660000	5.88337	1412	1
1527746277.387686000	5.88339	769	1
1527746277.389730000	5.88544	101	1
1527746277.409240000	5.90495	87	0
1527746277.410586000	5.90629	94	0
1527746277.415961000	5.91167	101	1
1527746277.417140000	5.91285	87	0
1527746277.423487000	5.91919	165	1
1527746277.452597000	5.9483	87	0
1527746277.520595000	6.0163	396	0
1527746277.524529000	6.02024	80	0
1527746277.558619000	6.05433	107	1
1527746277.983307000	6.47901	575	0
1527746277.984564000	6.48027	307	0
1527746277.985623000	6.48133	118	1
1527746277.985870000	6.48158	284	0
1527746277.988091000	6.4838	264	1
1527746278.018077000	6.51378	87	0
1527746278.432118000	6.92783	888	0
1527746278.448199000	6.94391	1412	0
1527746278.449506000	6.94521	1412	0
1527746278.450790000	6.9465	1412	0
1527746278.452074000	6.94778	186	0
1527746278.453403000	6.94911	1412	0
1527746278.454687000	6.9504	1349	0
1527746278.455995000	6.9517	1412	0
1527746278.457357000	6.95306	1412	0
1527746278.458639000	6.95435	1412	0
1527746278.459980000	6.95569	188	0
1527746278.461308000	6.95702	1218	0
1527746278.470929000	6.96664	128	1
1527746278.474145000	6.96985	1412	0
1527746278.475428000	6.97114	1412	0
1527746278.476395000	6.9721	101	1
1527746278.476739000	6.97245	1412	0
1527746278.478082000	6.97379	190	0
1527746278.479414000	6.97512	1412	0
1527746278.480682000	6.97639	733	0
1527746278.482762000	6.97847	110	1
1527746278.486661000	6.98237	98	1
1527746278.491938000	6.98765	1412	0
1527746278.493257000	6.98897	1412	0
1527746278.494537000	6.99025	1412	0
1527746278.495821000	6.99153	856	0
1527746278.497852000	6.99356	1412	0
1527746278.499157000	6.99486	1412	0
1527746278.500475000	6.99618	1412	0
1527746278.501766000	6.99747	1077	0
1527746278.503069000	6.99878	1412	0
1527746278.504371000	7.00008	1412	0
1527746278.505653000	7.00136	1412	0
1527746278.506926000	7.00263	200	0
1527746278.508318000	7.00403	1412	0
1527746278.509568000	7.00528	184	0
1527746278.510995000	7.0067	1412	0
1527746278.512278000	7.00799	1412	0
1527746278.513577000	7.00928	1412	0
1527746278.514871000	7.01058	188	0
1527746278.516193000	7.0119	1200	0
1527746278.517567000	7.01327	1412	0
1527746278.518863000	7.01457	1412	0
1527746278.520165000	7.01587	1412	0
1527746278.521443000	7.01715	1071	0
1527746278.522751000	7.01846	1412	0
1527746278.524048000	7.01976	1302	0
1527746278.525331000	7.02104	749	0
1527746278.526646000	7.02235	1412	0
1527746278.527989000	7.0237	1327	0
1527746278.529292000	7.025	1412	0
1527746278.530589000	7.0263	1412	0
1527746278.531857000	7.02757	321	0
1527746278.533168000	7.02888	277	0
1527746278.539602000	7.03531	101	1
1527746278.540071000	7.03578	125	1
1527746278.540244000	7.03595	125	1
1527746278.540456000	7.03616	125	1
1527746279.953904000	8.44961	663	1
1527746279.953990000	8.4497	144	1
1527746279.980321000	8.47603	87	0
1527746280.032123000	8.52783	1412	0
1527746280.033420000	8.52913	1412	0
1527746280.034717000	8.53043	1412	0
1527746280.035737000	8.53145	107	1
1527746280.036025000	8.53173	618	0
1527746280.037376000	8.53308	92	0
1527746280.038685000	8.53439	240	0
1527746280.039722000	8.53543	104	1
1527746281.039323000	9.53503	891	1
1527746281.039399000	9.53511	294	1
1527746281.042162000	9.53787	302	1
1527746281.042274000	9.53798	1412	1
1527746281.042314000	9.53802	1412	1
1527746281.042365000	9.53807	979	1
1527746281.058546000	9.55425	87	0
1527746281.067488000	9.5632	87	0
1527746281.106736000	9.60244	399	1
1527746281.126055000	9.62176	87	0
1527746281.167565000	9.66327	473	0
1527746281.172026000	9.66773	101	1
1527746281.174171000	9.66988	80	0
1527746281.177982000	9.67369	98	1
1527746281.178310000	9.67402	305	0
1527746281.179640000	9.67535	1400	0
1527746281.180914000	9.67662	513	0
1527746281.181969000	9.67768	104	1
1527746281.182214000	9.67792	592	0
1527746281.183514000	9.67922	635	0
1527746281.184804000	9.68051	467	0
1527746281.185978000	9.68169	104	1
1527746281.186109000	9.68182	697	0
1527746281.187454000	9.68316	484	0
1527746281.188759000	9.68447	835	0
1527746281.189982000	9.68569	104	1
1527746281.190039000	9.68575	649	0
1527746281.191346000	9.68705	519	0
1527746281.192644000	9.68835	439	0
1527746281.193968000	9.68968	104	1
1527746281.194023000	9.68973	701	0
1527746281.195318000	9.69103	616	0
1527746281.196676000	9.69238	558	0
1527746281.197961000	9.69367	104	1
1527746281.198095000	9.6938	654	0
1527746281.199494000	9.6952	583	0
1527746281.200794000	9.6965	689	0
1527746281.201992000	9.6977	98	1
1527746281.206001000	9.70171	101	1
1527746281.213898000	9.70961	92	0
1527746281.215184000	9.71089	117	0
1527746281.218002000	9.71371	101	1
1527746281.336324000	9.83203	287	0
1527746281.337733000	9.83344	103	0
1527746281.340010000	9.83572	101	1
1527746281.340333000	9.83604	294	0
1527746281.344042000	9.83975	98	1
1527746282.023606000	10.5193	486	1
1527746282.023657000	10.5194	94	1
1527746282.049662000	10.5454	87	0
1527746282.169500000	10.6652	260	0
1527746282.170771000	10.6665	366	0
1527746282.173053000	10.6688	104	1
1527746282.175511000	10.6712	147	0
1527746282.179040000	10.6747	98	1
1527746282.658596000	11.1543	410	1
1527746282.658670000	11.1544	109	1
1527746282.669115000	11.1648	302	1
1527746282.671421000	11.1671	514	1
1527746282.671460000	11.1672	87	1
1527746282.677908000	11.1736	87	0
1527746282.690647000	11.1864	87	0
1527746282.804361000	11.3001	259	0
1527746282.805661000	11.3014	103	0
1527746282.808099000	11.3038	107	1
1527746282.809169000	11.3049	92	0
1527746282.810469000	11.3062	89	0
1527746282.813122000	11.3088	101	1
1527746282.902252000	11.398	288	0
1527746282.903531000	11.3992	151	0
1527746282.906088000	11.4018	101	1
1527746282.913552000	11.4093	92	0
1527746282.914839000	11.4105	136	0
1527746282.917092000	11.4128	101	1
1527746282.958597000	11.4543	278	0
1527746282.959908000	11.4556	141	0
1527746282.962083000	11.4578	101	1
1527746282.963047000	11.4588	92	0
1527746282.964409000	11.4601	96	0
1527746282.967233000	11.4629	101	1
1527746283.224480000	11.7202	393	1
1527746283.224553000	11.7203	255	1
1527746283.243929000	11.7396	87	0
1527746283.702575000	12.1983	235	0
1527746283.703908000	12.1996	146	0
1527746283.706202000	12.2019	104	1
1527746283.706914000	12.2026	92	0
1527746283.708281000	12.204	184	0
1527746283.710163000	12.2059	101	1
1527746283.749376000	12.2451	359	1
1527746283.750528000	12.2462	306	1
1527746283.770060000	12.2658	87	0
1527746283.796793000	12.2925	377	1
1527746283.814456000	12.3102	87	0
1527746283.865693000	12.3614	342	1
1527746283.865778000	12.3615	256	1
1527746283.882846000	12.3786	257	0
1527746283.884156000	12.3799	118	0
1527746283.886721000	12.3824	243	0
1527746283.887726000	12.3834	104	1
1527746283.888093000	12.3838	279	0
1527746283.889501000	12.3852	92	0
1527746283.890870000	12.3866	224	0
1527746283.892158000	12.3879	104	1
1527746283.899684000	12.3954	92	0
1527746283.900960000	12.3967	182	0
1527746283.903304000	12.399	101	1
1527746284.015644000	12.5114	482	1
1527746284.015791000	12.5115	1412	1
1527746284.015829000	12.5115	1412	1
1527746284.015863000	12.5116	1412	1
1527746284.015900000	12.5116	1412	1
1527746284.015937000	12.5116	1412	1
1527746284.015972000	12.5117	1412	1
1527746284.016008000	12.5117	1412	1
1527746284.016031000	12.5117	1412	1
1527746284.016093000	12.5118	1412	1
1527746284.016128000	12.5118	1412	1
1527746284.018148000	12.5139	1412	1
1527746284.018205000	12.5139	1412	1
1527746284.020171000	12.5159	1412	1
1527746284.020207000	12.5159	1412	1
1527746284.022172000	12.5179	1412	1
1527746284.022208000	12.5179	1412	1
1527746284.024227000	12.5199	1412	1
1527746284.024335000	12.52	1412	1
1527746284.026150000	12.5219	1412	1
1527746284.026762000	12.5225	1412	1
1527746284.028150000	12.5239	1412	1
1527746284.033231000	12.5289	87	0
1527746284.033557000	12.5293	1412	1
1527746284.033590000	12.5293	1412	1
1527746284.035150000	12.5309	1412	1
1527746284.037159000	12.5329	87	0
1527746284.037358000	12.5331	1412	1
1527746284.037383000	12.5331	1412	1
1527746284.039129000	12.5348	1412	1
1527746284.039155000	12.5349	1412	1
1527746284.040716000	12.5364	87	0
1527746284.040810000	12.5365	1412	1
1527746284.042123000	12.5378	1412	1
1527746284.042148000	12.5379	1412	1
1527746284.044212000	12.5399	1412	1
1527746284.044237000	12.5399	1412	1
1527746284.044521000	12.5402	87	0
1527746284.046130000	12.5418	307	1
1527746284.046851000	12.5426	598	0
1527746284.048225000	12.5439	801	0
1527746284.049577000	12.5453	92	0
1527746284.050193000	12.5459	104	1
1527746284.050875000	12.5466	214	0
1527746284.052176000	12.5479	326	0
1527746284.053466000	12.5492	146	0
1527746284.054141000	12.5498	104	1
1527746284.055571000	12.5513	102	0
1527746284.056875000	12.5526	254	0
1527746284.059157000	12.5549	101	1
1527746284.064595000	12.5603	87	0
1527746284.087891000	12.5836	87	0
1527746284.204642000	12.7004	379	0
1527746284.208234000	12.7039	104	1
1527746284.210009000	12.7057	80	0
1527746284.214170000	12.7099	98	1
1527746284.434701000	12.9304	392	1
1527746284.434789000	12.9305	442	1
1527746284.452891000	12.9486	87	0
1527746284.612242000	13.1079	307	0
1527746284.613544000	13.1093	146	0
1527746284.616253000	13.112	104	1
1527746284.616592000	13.1123	92	0
1527746284.618006000	13.1137	93	0
1527746284.620167000	13.1159	101	1
1527746285.082979000	13.5787	390	1
1527746285.083053000	13.5788	257	1
1527746285.100849000	13.5966	87	0
1527746285.103940000	13.5996	87	0
1527746285.380912000	13.8766	256	0
1527746285.382205000	13.8779	146	0
1527746285.385301000	13.881	107	1
1527746285.386255000	13.882	92	0
1527746285.387566000	13.8833	119	0
1527746285.390310000	13.886	101	1
1527746285.492462000	13.9882	822	1
1527746285.492523000	13.9882	255	1
1527746285.510878000	14.0066	87	0
1527746285.766306000	14.262	258	0
1527746285.767630000	14.2633	146	0
1527746285.770321000	14.266	104	1
1527746285.770524000	14.2662	92	0
1527746285.771847000	14.2676	95	0
1527746285.774307000	14.27	101	1
1527746285.864137000	14.3598	981	1
1527746285.864197000	14.3599	254	1
1527746285.883887000	14.3796	87	0
1527746286.045819000	14.5415	236	0
1527746286.047115000	14.5428	146	0
1527746286.048522000	14.5442	92	0
1527746286.049337000	14.545	107	1
1527746286.049830000	14.5455	235	0
1527746286.053333000	14.549	98	1
1527746286.703893000	15.1996	392	1
1527746286.703990000	15.1997	259	1
1527746286.722451000	15.2182	87	0
1527746287.244877000	15.7406	301	0
1527746287.246092000	15.7418	146	0
1527746287.248277000	15.744	92	0
1527746287.248401000	15.7441	104	1
1527746287.249546000	15.7453	161	0
1527746287.252331000	15.748	101	1
1527746287.542610000	16.0383	401	1
1527746287.542700000	16.0384	257	1
1527746287.562405000	16.0581	87	0
1527746287.693923000	16.1896	264	0
1527746287.695149000	16.1909	146	0
1527746287.697432000	16.1931	104	1
1527746287.699395000	16.1951	92	0
1527746287.700635000	16.1963	156	0
1527746287.703371000	16.1991	101	1
1527746288.996513000	17.4922	387	1
1527746288.996580000	17.4923	255	1
1527746289.015082000	17.5108	87	0
1527746289.023878000	17.5196	87	0
1527746289.256706000	17.7524	259	0
1527746289.260780000	17.7565	104	1
1527746289.260901000	17.7566	148	0
1527746289.262197000	17.7579	92	0
1527746289.263493000	17.7592	193	0
1527746289.264618000	17.7603	104	1
1527746289.456047000	17.9518	424	1
1527746289.456109000	17.9518	259	1
1527746289.486481000	17.9822	87	0
1527746289.491745000	17.9875	87	0
1527746289.618892000	18.1146	232	0
1527746289.620267000	18.116	148	0
1527746289.622710000	18.1184	107	1
1527746289.622878000	18.1186	92	0
1527746289.624186000	18.1199	205	0
1527746289.626627000	18.1223	101	1
1527746289.920221000	18.4159	386	1
1527746289.920295000	18.416	259	1
1527746289.945404000	18.4411	87	0
1527746290.182831000	18.6785	259	0
1527746290.184056000	18.6798	148	0
1527746290.186743000	18.6825	104	1
1527746290.187531000	18.6832	92	0
1527746290.188893000	18.6846	267	0
1527746290.191758000	18.6875	101	1
1527746290.628101000	19.1238	400	1
1527746290.628162000	19.1239	256	1
1527746290.647015000	19.1427	87	0
1527746290.799874000	19.2956	259	0
1527746290.801099000	19.2968	148	0
1527746290.803777000	19.2995	104	1
1527746290.804527000	19.3002	92	0
1527746290.805872000	19.3016	131	0
1527746290.808771000	19.3045	101	1
1527746290.848343000	19.3441	392	1
1527746290.848434000	19.3441	258	1
1527746290.868305000	19.364	87	0
1527746291.118980000	19.6147	277	0
1527746291.120277000	19.616	148	0
1527746291.122795000	19.6185	104	1
1527746291.123762000	19.6195	92	0
1527746291.125125000	19.6208	177	0
1527746291.127798000	19.6235	101	1
1527746291.379111000	19.8748	500	1
1527746291.379171000	19.8749	259	1
1527746291.397894000	19.8936	87	0
1527746291.529550000	20.0253	328	0
1527746291.530900000	20.0266	148	0
1527746291.533298000	20.029	92	0
1527746291.533820000	20.0295	107	1
1527746291.534575000	20.0303	299	0
1527746291.538828000	20.0345	98	1
1527746293.285316000	21.781	388	1
1527746293.285404000	21.7811	257	1
1527746293.303724000	21.7994	87	0
1527746293.459552000	21.9553	259	0
1527746293.460877000	21.9566	148	0
1527746293.463930000	21.9596	104	1
1527746293.464449000	21.9602	92	0
1527746293.465763000	21.9615	337	0
1527746293.467851000	21.9636	101	1
1527746293.521290000	22.017	393	1
1527746293.521375000	22.0171	255	1
1527746293.543077000	22.0388	87	0
1527746293.670532000	22.1662	237	0
1527746293.671874000	22.1676	148	0
1527746293.674925000	22.1706	104	1
1527746293.677365000	22.1731	92	0
1527746293.679910000	22.1756	113	0
1527746293.680870000	22.1766	101	1
1527746295.854572000	24.3503	387	1
1527746295.854668000	24.3504	255	1
1527746295.875014000	24.3707	87	0
1527746296.133140000	24.6288	330	0
1527746296.134363000	24.6301	148	0
1527746296.136886000	24.6326	104	1
1527746296.138149000	24.6339	92	0
1527746296.139536000	24.6352	181	0
1527746296.141876000	24.6376	101	1
1527746296.309427000	24.8051	826	1
1527746296.309490000	24.8052	256	1
1527746296.331741000	24.8274	87	0
1527746296.578597000	25.0743	236	0
1527746296.579937000	25.0756	148	0
1527746296.581225000	25.0769	92	0
1527746296.582538000	25.0782	277	0
1527746296.583069000	25.0788	110	1
1527746296.656240000	25.1519	978	1
1527746296.656318000	25.152	258	1
1527746296.675222000	25.1709	87	0
1527746296.823885000	25.3196	258	0
1527746296.825228000	25.3209	148	0
1527746296.826535000	25.3222	92	0
1527746296.827888000	25.3236	129	0
1527746296.828004000	25.3237	107	1
1527746296.831907000	25.3276	98	1
1527746297.103975000	25.5997	382	1
1527746297.104056000	25.5998	1412	1
1527746297.104084000	25.5998	1412	1
1527746297.104125000	25.5998	1412	1
1527746297.104177000	25.5999	836	1
1527746297.125400000	25.6211	100	0
1527746297.128857000	25.6246	98	1
1527746297.248920000	25.7446	391	0
1527746297.252951000	25.7487	98	1
1527746297.257918000	25.7536	80	0
1527746297.261957000	25.7577	98	1
1527746297.342389000	25.8381	389	1
1527746297.342450000	25.8382	255	1
1527746297.360921000	25.8566	87	0
1527746297.606596000	26.1023	280	0
1527746297.608001000	26.1037	148	0
1527746297.610977000	26.1067	104	1
1527746297.611850000	26.1076	92	0
1527746297.613157000	26.1089	149	0
1527746297.615962000	26.1117	101	1
1527746297.699241000	26.1949	429	1
1527746297.699303000	26.195	261	1
1527746297.718125000	26.2138	87	0
1527746297.724219000	26.2199	87	0
1527746297.851752000	26.3475	289	0
1527746297.853038000	26.3487	148	0
1527746297.855925000	26.3516	107	1
1527746297.858196000	26.3539	92	0
1527746297.859499000	26.3552	210	0
1527746297.861912000	26.3576	101	1
1527746298.059312000	26.555	388	1
1527746298.059374000	26.5551	256	1
1527746298.085205000	26.5809	87	0
1527746298.231444000	26.7272	232	0
1527746298.232739000	26.7284	148	0
1527746298.234997000	26.7307	104	1
1527746298.235211000	26.7309	92	0
1527746298.236509000	26.7322	192	0
1527746298.238985000	26.7347	101	1
1527746298.792802000	27.2885	403	1
1527746298.792887000	27.2886	260	1
1527746298.811312000	27.307	87	0
1527746298.946897000	27.4426	260	0
1527746298.948250000	27.444	148	0
1527746298.951055000	27.4468	104	1
1527746298.951618000	27.4473	92	0
1527746298.952960000	27.4487	307	0
1527746298.954967000	27.4507	101	1
1527746299.007422000	27.5031	389	1
1527746299.007512000	27.5032	255	1
1527746299.026552000	27.5223	87	0
1527746299.272566000	27.7683	233	0
1527746299.273835000	27.7695	148	0
1527746299.276933000	27.7726	104	1
1527746299.285539000	27.7812	92	0
1527746299.286968000	27.7827	264	0
1527746299.289021000	27.7847	101	1
1527746299.473308000	27.969	499	1
1527746299.473405000	27.9691	256	1
1527746299.510090000	28.0058	499	1
1527746299.521532000	28.0172	87	0
1527746299.540348000	28.0361	87	0
1527746299.778336000	28.274	299	0
1527746299.779566000	28.2753	148	0
1527746299.782093000	28.2778	107	1
1527746299.783052000	28.2788	92	0
1527746299.784415000	28.2801	187	0
1527746299.787078000	28.2828	101	1
1527746299.945488000	28.4412	388	1
1527746299.945550000	28.4413	256	1
1527746299.981572000	28.4773	87	0
1527746300.226206000	28.7219	325	0
1527746300.227528000	28.7232	148	0
1527746300.230126000	28.7258	104	1
1527746300.231691000	28.7274	92	0
1527746300.233050000	28.7288	101	0
1527746300.235042000	28.7308	101	1
1527746300.445726000	28.9414	390	1
1527746300.445793000	28.9415	259	1
1527746300.465120000	28.9608	87	0
1527746300.615876000	29.1116	235	0
1527746300.617104000	29.1128	148	0
1527746300.620140000	29.1158	104	1
1527746300.620739000	29.1164	92	0
1527746300.622043000	29.1178	134	0
1527746300.624070000	29.1198	101	1
1527746300.755315000	29.251	391	1
1527746300.755389000	29.2511	258	1
1527746300.775901000	29.2716	87	0
1527746301.018764000	29.5145	264	0
1527746301.020074000	29.5158	148	0
1527746301.022554000	29.5183	92	0
1527746301.023153000	29.5189	107	1
1527746301.023937000	29.5196	303	0
1527746301.028162000	29.5239	98	1
1527746301.156507000	29.6522	827	1
1527746301.156610000	29.6523	256	1
1527746301.193625000	29.6893	87	0
1527746301.456857000	29.9526	232	0
1527746301.458208000	29.9539	148	0
1527746301.461108000	29.9568	104	1
1527746301.461772000	29.9575	92	0
1527746301.463085000	29.9588	309	0
1527746301.465104000	29.9608	101	1
1527746301.616378000	30.1121	976	1
1527746301.616466000	30.1122	260	1
1527746301.639488000	30.1352	87	0
1527746301.768159000	30.2639	333	0
1527746301.769456000	30.2652	148	0
1527746301.772129000	30.2678	104	1
1527746301.772417000	30.2681	92	0
1527746301.773748000	30.2695	323	0
1527746301.776122000	30.2718	101	1
1527746302.070502000	30.5662	402	1
1527746302.070676000	30.5664	260	1
1527746302.093238000	30.5889	87	0
1527746302.346200000	30.8419	235	0
1527746302.347537000	30.8432	148	0
1527746302.349175000	30.8449	92	0
1527746302.350230000	30.8459	107	1
1527746302.350508000	30.8462	127	0
1527746302.354239000	30.8499	98	1
1527746302.785947000	31.2817	392	1
1527746302.786042000	31.2817	255	1
1527746302.804655000	31.3004	87	0
1527746303.052311000	31.548	259	0
1527746303.053595000	31.5493	148	0
1527746303.056201000	31.5519	104	1
1527746303.057108000	31.5528	92	0
1527746303.058478000	31.5542	295	0
1527746303.061213000	31.5569	101	1
1527746303.142529000	31.6382	425	1
1527746303.142588000	31.6383	259	1
1527746303.160184000	31.6559	87	0
1527746303.290449000	31.7862	235	0
1527746303.291663000	31.7874	148	0
1527746303.294310000	31.79	104	1
1527746303.295540000	31.7912	92	0
1527746303.296899000	31.7926	142	0
1527746303.299242000	31.795	101	1
1527746303.429813000	31.9255	391	1
1527746303.429886000	31.9256	257	1
1527746303.447857000	31.9436	87	0
1527746303.710291000	32.206	236	0
1527746303.711562000	32.2073	148	0
1527746303.714307000	32.21	104	1
1527746303.714525000	32.2102	92	0
1527746303.715857000	32.2116	206	0
1527746303.718298000	32.214	101	1
1527746303.840694000	32.3364	401	1
1527746303.840768000	32.3365	257	1
1527746303.867768000	32.3635	87	0
1527746304.119832000	32.6155	304	0
1527746304.121121000	32.6168	148	0
1527746304.123333000	32.619	104	1
1527746304.126015000	32.6217	92	0
1527746304.127378000	32.6231	137	0
1527746304.129321000	32.625	101	1
1527746304.256452000	32.7522	388	1
1527746304.256543000	32.7523	256	1
1527746304.275461000	32.7712	87	0
1527746304.402162000	32.8979	265	0
1527746304.403475000	32.8992	148	0
1527746304.406364000	32.9021	104	1
1527746304.407026000	32.9027	92	0
1527746304.408323000	32.904	334	0
1527746304.410370000	32.9061	101	1
1527746304.583568000	33.0793	500	1
1527746304.583658000	33.0794	259	1
1527746304.615589000	33.1113	87	0
1527746304.981551000	33.4773	257	0
1527746304.982878000	33.4786	148	0
1527746304.985383000	33.4811	104	1
1527746304.987964000	33.4837	92	0
1527746304.989286000	33.485	330	0
1527746304.991393000	33.4871	101	1
1527746305.072471000	33.5682	387	1
1527746305.072535000	33.5682	256	1
1527746305.091565000	33.5873	87	0
1527746305.232707000	33.7284	235	0
1527746305.234076000	33.7298	148	0
1527746305.236394000	33.7321	104	1
1527746305.237172000	33.7329	92	0
1527746305.238526000	33.7342	100	0
1527746305.241407000	33.7371	101	1
1527746307.584983000	36.0807	389	1
1527746307.585047000	36.0808	255	1
1527746307.604916000	36.1006	87	0
1527746307.609460000	36.1052	87	0
1527746307.865216000	36.3609	257	0
1527746307.866432000	36.3621	148	0
1527746307.868628000	36.3643	92	0
1527746307.869362000	36.3651	110	1
1527746307.869982000	36.3657	334	0
1527746307.873350000	36.3691	98	1
1527746307.882951000	36.3787	387	1
1527746307.883030000	36.3787	255	1
1527746307.920374000	36.4161	87	0
1527746308.153861000	36.6496	275	0
1527746308.155178000	36.6509	148	0
1527746308.157351000	36.6531	104	1
1527746308.159787000	36.6555	92	0
1527746308.161123000	36.6568	155	0
1527746308.163424000	36.6591	101	1
1527746308.295730000	36.7914	391	1
1527746308.295820000	36.7915	258	1
1527746308.315034000	36.8107	87	0
1527746308.564345000	37.0601	329	0
1527746308.565694000	37.0614	148	0
1527746308.568367000	37.0641	104	1
1527746308.569047000	37.0648	92	0
1527746308.570570000	37.0663	163	0
1527746308.572413000	37.0681	101	1
1527746308.791844000	37.2876	827	1
1527746308.791932000	37.2876	256	1
1527746308.810993000	37.3067	87	0
1527746308.943351000	37.4391	257	0
1527746308.944592000	37.4403	148	0
1527746308.947397000	37.4431	104	1
1527746308.947858000	37.4436	92	0
1527746308.949156000	37.4449	95	0
1527746308.951388000	37.4471	101	1
1527746309.043764000	37.5395	977	1
1527746309.043826000	37.5395	258	1
1527746309.085412000	37.5811	977	1
1527746309.089843000	37.5856	87	0
1527746309.105720000	37.6014	87	0
1527746309.222018000	37.7177	237	0
1527746309.223312000	37.719	148	0
1527746309.225818000	37.7215	92	0
1527746309.226431000	37.7221	110	1
1527746309.227145000	37.7229	209	0
1527746309.231428000	37.7271	98	1
1527746309.283924000	37.7796	401	1
1527746309.283986000	37.7797	257	1
1527746309.307009000	37.8027	87	0
1527746309.312370000	37.8081	87	0
1527746309.454312000	37.95	235	0
1527746309.455609000	37.9513	148	0
1527746309.458359000	37.9541	107	1
1527746309.458736000	37.9544	92	0
1527746309.460044000	37.9558	220	0
1527746309.462345000	37.9581	101	1
1527746309.667463000	38.1632	392	1
1527746309.667541000	38.1632	260	1
1527746309.685636000	38.1813	87	0
1527746309.936154000	38.4319	333	0
1527746309.937536000	38.4332	148	0
1527746309.940453000	38.4362	104	1
1527746309.942100000	38.4378	92	0
1527746309.943399000	38.4391	96	0
1527746309.945375000	38.4411	101	1
1527746309.950524000	38.4462	425	1
1527746309.950613000	38.4463	258	1
1527746309.971411000	38.4671	87	0
1527746310.104974000	38.6007	233	0
1527746310.106271000	38.602	148	0
1527746310.108391000	38.6041	104	1
1527746310.109513000	38.6052	92	0
1527746310.110977000	38.6067	339	0
1527746310.113394000	38.6091	101	1
1527746310.314330000	38.81	387	1
1527746310.314423000	38.8101	256	1
1527746310.335929000	38.8316	87	0
1527746310.579691000	39.0754	235	0
1527746310.580995000	39.0767	148	0
1527746310.583446000	39.0792	104	1
1527746310.583686000	39.0794	92	0
1527746310.584990000	39.0807	219	0
1527746310.587433000	39.0831	101	1
1527746310.657055000	39.1528	401	1
1527746310.657142000	39.1528	258	1
1527746310.676812000	39.1725	87	0
1527746310.680410000	39.1761	87	0
1527746310.827641000	39.3233	259	0
1527746310.828918000	39.3246	148	0
1527746310.831447000	39.3272	107	1
1527746310.833015000	39.3287	92	0
1527746310.834321000	39.33	287	0
1527746310.836435000	39.3321	101	1
1527746310.951513000	39.4472	388	1
1527746310.951600000	39.4473	260	1
1527746310.969737000	39.4654	87	0
1527746311.225014000	39.7207	232	0
1527746311.226359000	39.7221	148	0
1527746311.228448000	39.7242	104	1
1527746311.229562000	39.7253	92	0
1527746311.230936000	39.7266	285	0
1527746311.233439000	39.7291	101	1
1527746311.506323000	40.002	502	1
1527746311.506366000	40.0021	266	1
1527746311.537434000	40.0331	87	0
1527746311.671194000	40.1669	278	0
1527746311.672485000	40.1682	148	0
1527746311.674496000	40.1702	92	0
1527746311.675553000	40.1713	107	1
1527746311.675818000	40.1715	234	0
1527746311.679545000	40.1753	98	1
1527746312.089958000	40.5857	387	1
1527746312.090051000	40.5858	256	1
1527746312.108536000	40.6042	87	0
1527746312.355719000	40.8514	288	0
1527746312.357069000	40.8528	148	0
1527746312.359563000	40.8553	104	1
1527746312.361213000	40.8569	92	0
1527746312.362527000	40.8582	331	0
1527746312.364527000	40.8602	101	1
1527746312.788880000	41.2846	390	1
1527746312.788971000	41.2847	259	1
1527746312.807737000	41.3034	87	0
1527746313.070038000	41.5657	259	0
1527746313.071325000	41.567	148	0
1527746313.073576000	41.5693	104	1
1527746313.076099000	41.5718	92	0
1527746313.078769000	41.5745	336	0
1527746313.079576000	41.5753	101	1
1527746313.368088000	41.8638	391	1
1527746313.368153000	41.8639	257	1
1527746313.389576000	41.8853	87	0
1527746313.393205000	41.8889	87	0
1527746313.763631000	42.2593	257	0
1527746313.765204000	42.2609	148	0
1527746313.766828000	42.2625	92	0
1527746313.767618000	42.2633	110	1
1527746313.768197000	42.2639	338	0
1527746313.771598000	42.2673	98	1
1527746314.494926000	42.9906	826	1
1527746314.495012000	42.9907	256	1
1527746314.513499000	43.0092	87	0
1527746314.521206000	43.0169	87	0
1527746314.661290000	43.157	235	0
1527746314.662523000	43.1582	148	0
1527746314.665205000	43.1609	92	0
1527746314.665322000	43.161	107	1
1527746314.666536000	43.1622	118	0
1527746314.669266000	43.165	101	1
1527746314.832643000	43.3284	978	1
1527746314.832731000	43.3284	257	1
1527746314.852976000	43.3487	87	0
1527746315.008305000	43.504	299	0
1527746315.009593000	43.5053	148	0
1527746315.010933000	43.5066	92	0
1527746315.012235000	43.5079	150	0
1527746315.012263000	43.508	107	1
1527746315.016337000	43.512	98	1
1527746315.322664000	43.8184	403	1
1527746315.322753000	43.8185	258	1
1527746315.342053000	43.8378	87	0
1527746315.475843000	43.9716	328	0
1527746315.477092000	43.9728	148	0
1527746315.479367000	43.9751	104	1
1527746315.481082000	43.9768	92	0
1527746315.482331000	43.978	147	0
1527746315.484393000	43.9801	101	1
1527746315.621913000	44.1176	388	1
1527746315.622009000	44.1177	259	1
1527746315.651943000	44.1477	87	0
1527746315.912127000	44.4078	264	0
1527746315.913359000	44.4091	148	0
1527746315.915064000	44.4108	92	0
1527746315.916364000	44.4121	167	0
1527746315.916426000	44.4121	107	1
1527746315.920399000	44.4161	98	1
1527746318.048049000	46.5438	407	1
1527746318.048147000	46.5439	1412	1
1527746318.048185000	46.5439	1412	1
1527746318.048213000	46.5439	1412	1
1527746318.048250000	46.544	1089	1
1527746318.065357000	46.5611	87	0
1527746318.249735000	46.7454	321	1
1527746318.249823000	46.7455	256	1
1527746318.268946000	46.7647	87	0
1527746318.275940000	46.7716	416	0
1527746318.279540000	46.7752	104	1
1527746318.283177000	46.7789	80	0
1527746318.286521000	46.7822	98	1
1527746318.423582000	46.9193	319	0
1527746318.424918000	46.9206	148	0
1527746318.427531000	46.9232	101	1
1527746318.431850000	46.9276	92	0
1527746318.433135000	46.9288	225	0
1527746318.435529000	46.9312	101	1
1527746318.527631000	47.0233	389	1
1527746318.527727000	47.0234	259	1
1527746318.549568000	47.0453	87	0
1527746318.699426000	47.1951	233	0
1527746318.700775000	47.1965	148	0
1527746318.703544000	47.1993	104	1
1527746318.704514000	47.2002	92	0
1527746318.705895000	47.2016	273	0
1527746318.708547000	47.2043	101	1
1527746319.061170000	47.5569	400	1
1527746319.061232000	47.5569	256	1
1527746319.079354000	47.5751	100	0
1527746319.081610000	47.5773	87	0
1527746319.083551000	47.5793	101	1
1527746319.211265000	47.707	257	0
1527746319.212572000	47.7083	148	0
1527746319.215555000	47.7113	101	1
1527746319.215818000	47.7115	92	0
1527746319.217182000	47.7129	158	0
1527746319.219559000	47.7153	101	1
1527746319.252270000	47.748	257	0
1527746319.255546000	47.7513	98	1
1527746319.526845000	48.0226	388	1
1527746319.526937000	48.0226	256	1
1527746319.577306000	48.073	87	0
1527746319.735168000	48.2309	237	0
1527746319.736485000	48.2322	148	0
1527746319.738590000	48.2343	104	1
1527746319.741445000	48.2372	92	0
1527746319.742767000	48.2385	320	0
1527746319.745581000	48.2413	101	1
1527746319.868922000	48.3646	506	1
1527746319.869015000	48.3647	261	1
1527746319.895641000	48.3913	87	0
1527746319.897798000	48.3935	87	0
1527746320.027831000	48.5235	305	0
1527746320.029112000	48.5248	148	0
1527746320.031580000	48.5273	107	1
1527746320.033656000	48.5294	92	0
1527746320.034951000	48.5307	152	0
1527746320.037554000	48.5333	101	1
1527746320.228936000	48.7246	389	1
1527746320.229029000	48.7247	256	1
1527746320.250087000	48.7458	87	0
1527746320.497454000	48.9932	268	0
1527746320.498739000	48.9944	148	0
1527746320.501597000	48.9973	104	1
1527746320.503395000	48.9991	92	0
1527746320.504663000	49.0004	272	0
1527746320.507580000	49.0033	101	1
1527746320.742067000	49.2378	393	1
1527746320.742152000	49.2379	260	1
1527746320.770778000	49.2665	87	0
1527746320.904785000	49.4005	257	0
1527746320.906138000	49.4018	148	0
1527746320.908619000	49.4043	104	1
1527746320.909978000	49.4057	92	0
1527746320.911279000	49.407	237	0
1527746320.913602000	49.4093	101	1
1527746321.211350000	49.7071	390	1
1527746321.211405000	49.7071	259	1
1527746321.257270000	49.753	87	0
1527746321.411784000	49.9075	235	0
1527746321.413080000	49.9088	148	0
1527746321.414496000	49.9102	92	0
1527746321.415673000	49.9114	107	1
1527746321.415711000	49.9114	268	0
1527746321.419720000	49.9154	98	1
1527746322.019863000	50.5156	821	1
1527746322.019950000	50.5157	261	1
1527746322.038518000	50.5342	87	0
1527746322.176716000	50.6724	260	0
1527746322.178132000	50.6738	148	0
1527746322.180738000	50.6764	104	1
1527746322.182421000	50.6781	92	0
1527746322.183714000	50.6794	92	0
1527746322.185673000	50.6814	101	1
1527746322.480189000	50.9759	982	1
1527746322.480247000	50.976	256	1
1527746322.499460000	50.9952	87	0
1527746322.650923000	51.1466	278	0
1527746322.652137000	51.1478	148	0
1527746322.654775000	51.1505	104	1
1527746322.655533000	51.1512	92	0
1527746322.656895000	51.1526	213	0
1527746322.659775000	51.1555	101	1
1527746322.832155000	51.3279	402	1
1527746322.832245000	51.328	260	1
1527746322.852737000	51.3484	87	0
1527746322.981537000	51.4772	350	0
1527746322.982815000	51.4785	148	0
1527746322.985782000	51.4815	104	1
1527746322.985820000	51.4815	92	0
1527746322.987353000	51.4831	326	0
1527746322.989777000	51.4855	101	1
1527746323.443199000	51.9389	391	1
1527746323.443292000	51.939	257	1
1527746323.464545000	51.9603	87	0
1527746323.734810000	52.2305	239	0
1527746323.736035000	52.2317	148	0
1527746323.738829000	52.2345	104	1
1527746323.741296000	52.237	92	0
1527746323.742538000	52.2382	91	0
1527746323.744824000	52.2405	101	1
1527746323.861902000	52.3576	427	1
1527746323.861964000	52.3577	258	1
1527746323.904846000	52.4006	87	0
1527746324.029574000	52.5253	260	0
1527746324.030991000	52.5267	148	0
1527746324.033415000	52.5291	92	0
1527746324.033840000	52.5295	107	1
1527746324.034776000	52.5305	295	0
1527746324.038861000	52.5346	98	1
1527746324.372070000	52.8678	389	1
1527746324.372156000	52.8679	256	1
1527746324.390427000	52.8861	87	0
1527746324.523226000	53.0189	235	0
1527746324.524436000	53.0201	148	0
1527746324.526890000	53.0226	104	1
1527746324.529534000	53.0252	92	0
1527746324.530846000	53.0266	297	0
1527746324.532881000	53.0286	101	1
1527746324.631899000	53.1276	400	1
1527746324.631983000	53.1277	256	1
1527746324.649530000	53.1452	87	0
1527746324.783065000	53.2788	333	0
1527746324.784329000	53.28	148	0
1527746324.786780000	53.2825	92	0
1527746324.786831000	53.2825	104	1
1527746324.788180000	53.2839	195	0
1527746324.790817000	53.2865	101	1
1527746324.892978000	53.3887	388	1
1527746324.893032000	53.3887	260	1
1527746324.915523000	53.4112	87	0
1527746325.052072000	53.5478	233	0
1527746325.053385000	53.5491	148	0
1527746325.055909000	53.5516	104	1
1527746325.057532000	53.5532	92	0
1527746325.058861000	53.5546	112	0
1527746325.060921000	53.5566	101	1
1527746325.161960000	53.6577	500	1
1527746325.162052000	53.6578	256	1
1527746325.185740000	53.6814	87	0
1527746325.313922000	53.8096	235	0
1527746325.315282000	53.811	148	0
1527746325.317929000	53.8136	104	1
1527746325.318824000	53.8145	92	0
1527746325.320133000	53.8158	291	0
1527746325.322850000	53.8186	101	1
1527746325.360767000	53.8565	235	0
1527746325.364928000	53.8606	98	1
1527746325.416167000	53.9119	392	1
1527746325.416304000	53.912	261	1
1527746325.444514000	53.9402	87	0
1527746325.573193000	54.0689	233	0
1527746325.574406000	54.0701	148	0
1527746325.576889000	54.0726	104	1
1527746325.577794000	54.0735	92	0
1527746325.579102000	54.0748	194	0
1527746325.581868000	54.0776	101	1
1527746325.746276000	54.242	387	1
1527746325.746367000	54.2421	257	1
1527746325.765855000	54.2616	87	0
1527746325.913278000	54.409	259	0
1527746325.915123000	54.4108	148	0
1527746325.916910000	54.4126	104	1
1527746325.920388000	54.4161	92	0
1527746325.921805000	54.4175	114	0
1527746325.923888000	54.4196	101	1
1527746326.246343000	54.7421	393	1
1527746326.246403000	54.7421	260	1
1527746326.270967000	54.7667	87	0
1527746326.283164000	54.7789	87	0
1527746326.427827000	54.9235	281	0
1527746326.429116000	54.9248	148	0
1527746326.431999000	54.9277	107	1
1527746326.432422000	54.9281	92	0
1527746326.433729000	54.9294	149	0
1527746326.435982000	54.9317	101	1
1527746326.667272000	55.163	823	1
1527746326.667364000	55.1631	256	1
1527746326.684631000	55.1803	87	0
1527746326.813200000	55.3089	289	0
1527746326.814530000	55.3102	148	0
1527746326.817028000	55.3127	104	1
1527746326.818789000	55.3145	92	0
1527746326.820100000	55.3158	209	0
1527746326.822942000	55.3187	101	1
1527746326.988434000	55.4841	980	1
1527746326.988528000	55.4842	256	1
1527746327.010300000	55.506	87	0
1527746327.140970000	55.6367	235	0
1527746327.142260000	55.638	148	0
1527746327.145033000	55.6407	104	1
1527746327.146994000	55.6427	92	0
1527746327.148353000	55.6441	237	0
1527746327.151033000	55.6467	101	1
1527746327.422980000	55.9187	402	1
1527746327.423080000	55.9188	260	1
1527746327.444162000	55.9399	87	0
1527746327.581036000	56.0767	235	0
1527746327.582301000	56.078	148	0
1527746327.583612000	56.0793	92	0
1527746327.584952000	56.0807	182	0
1527746327.585052000	56.0808	107	1
1527746327.589069000	56.0848	98	1
1527746327.880216000	56.3759	391	1
1527746327.880307000	56.376	257	1
1527746327.923131000	56.4188	391	1
1527746327.923903000	56.4196	87	0
1527746327.959536000	56.4552	87	0
1527746328.040797000	56.5365	259	0
1527746328.042014000	56.5377	148	0
1527746328.045087000	56.5408	107	1
1527746328.046704000	56.5424	92	0
1527746328.048011000	56.5437	234	0
1527746328.050027000	56.5457	101	1
1527746328.177231000	56.6729	388	1
1527746328.177327000	56.673	256	1
1527746328.195538000	56.6912	87	0
1527746328.351179000	56.8469	277	0
1527746328.352471000	56.8482	148	0
1527746328.355095000	56.8508	104	1
1527746328.357265000	56.853	92	0
1527746328.358536000	56.8542	300	0
1527746328.361115000	56.8568	101	1
1527746328.648495000	57.1442	427	1
1527746328.648584000	57.1443	258	1
1527746328.676452000	57.1722	87	0
1527746328.920267000	57.416	353	0
1527746328.921538000	57.4172	148	0
1527746328.924140000	57.4198	104	1
1527746328.927552000	57.4233	92	0
1527746328.928946000	57.4247	158	0
1527746328.931062000	57.4268	101	1
1527746328.938348000	57.4341	401	1
1527746328.938411000	57.4341	261	1
1527746328.957290000	57.453	87	0
1527746329.111320000	57.607	237	0
1527746329.112552000	57.6083	148	0
1527746329.115148000	57.6109	104	1
1527746329.115658000	57.6114	92	0
1527746329.117104000	57.6128	134	0
1527746329.119160000	57.6149	101	1
1527746329.219838000	57.7155	388	1
1527746329.219928000	57.7156	257	1
1527746329.238762000	57.7345	87	0
1527746329.243469000	57.7392	87	0
1527746329.376361000	57.8721	236	0
1527746329.377715000	57.8734	148	0
1527746329.380165000	57.8759	107	1
1527746329.382907000	57.8786	92	0
1527746329.384139000	57.8798	287	0
1527746329.387099000	57.8828	101	1
1527746329.709409000	58.2051	501	1
1527746329.709470000	58.2052	257	1
1527746329.732858000	58.2286	87	0
1527746329.973156000	58.4689	257	0
1527746329.974513000	58.4702	148	0
1527746329.977226000	58.4729	104	1
1527746329.977887000	58.4736	92	0
1527746329.979160000	58.4749	291	0
1527746329.981195000	58.4769	101	1
1527746330.251222000	58.7469	390	1
1527746330.251311000	58.747	259	1
1527746330.270093000	58.7658	87	0
1527746330.399168000	58.8949	309	0
1527746330.400468000	58.8962	148	0
1527746330.402527000	58.8982	92	0
1527746330.403178000	58.8989	107	1
1527746330.403858000	58.8996	264	0
1527746330.407232000	58.9029	98	1
1527746330.949576000	59.4453	389	1
1527746330.949668000	59.4454	256	1
1527746330.968814000	59.4645	87	0
1527746331.214645000	59.7104	259	0
1527746331.215897000	59.7116	148	0
1527746331.218231000	59.7139	92	0
1527746331.218320000	59.714	104	1
1527746331.219539000	59.7152	193	0
1527746331.222270000	59.718	101	1
1527746331.289791000	59.7855	388	1
1527746331.289885000	59.7856	259	1
1527746331.323834000	59.8195	87	0
1527746331.482642000	59.9783	233	0
1527746331.483993000	59.9797	148	0
1527746331.486290000	59.982	104	1
1527746331.488769000	59.9845	92	0
1527746331.490101000	59.9858	148	0
1527746331.492278000	59.988	101	1
1527746331.520298000	60.016	826	1
1527746331.520385000	60.0161	260	1
1527746331.540917000	60.0366	87	0
1527746331.669954000	60.1657	236	0
1527746331.671254000	60.167	148	0
1527746331.673056000	60.1688	92	0
1527746331.674286000	60.17	107	1
1527746331.674304000	60.17	241	0
1527746331.678314000	60.174	98	1
1527746331.742790000	60.2385	983	1
1527746331.742876000	60.2386	256	1
1527746331.766791000	60.2625	87	0
1527746331.900020000	60.3957	259	0
1527746331.901307000	60.397	148	0
1527746331.902608000	60.3983	92	0
1527746331.903905000	60.3996	333	0
1527746331.904312000	60.4	110	1
1527746332.203495000	60.6992	401	1
1527746332.203552000	60.6993	259	1
1527746332.224407000	60.7201	87	0
1527746332.228775000	60.7245	87	0
1527746332.471185000	60.9669	280	0
1527746332.472453000	60.9682	148	0
1527746332.475345000	60.9711	107	1
1527746332.476311000	60.972	92	0
1527746332.477619000	60.9733	230	0
1527746332.480281000	60.976	101	1
1527746332.630639000	61.1263	388	1
1527746332.630732000	61.1264	260	1
1527746332.652107000	61.1478	87	0
1527746332.912792000	61.4085	288	0
1527746332.914077000	61.4098	148	0
1527746332.916362000	61.4121	104	1
1527746332.917534000	61.4132	92	0
1527746332.918844000	61.4146	191	0
1527746332.921346000	61.4171	101	1
1527746333.078865000	61.5746	386	1
1527746333.078957000	61.5747	260	1
1527746333.096550000	61.5923	87	0
1527746333.238162000	61.7339	231	0
1527746333.239461000	61.7352	148	0
1527746333.242377000	61.7381	104	1
1527746333.244521000	61.7402	92	0
1527746333.247266000	61.743	87	0
1527746333.248302000	61.744	101	1
1527746333.486812000	61.9825	386	1
1527746333.486907000	61.9826	256	1
1527746333.523368000	62.0191	87	0
1527746333.525856000	62.0216	87	0
1527746333.657717000	62.1534	233	0
1527746333.659012000	62.1547	148	0
1527746333.661409000	62.1571	107	1
1527746333.662530000	62.1582	92	0
1527746333.663881000	62.1596	275	0
1527746333.666392000	62.1621	101	1
1527746333.896714000	62.3924	426	1
1527746333.896776000	62.3925	257	1
1527746333.916517000	62.4122	87	0
1527746334.160280000	62.656	256	0
1527746334.161568000	62.6573	148	0
1527746334.163307000	62.659	92	0
1527746334.164457000	62.6602	107	1
1527746334.164587000	62.6603	321	0
1527746334.168448000	62.6642	98	1
1527746334.206180000	62.7019	256	0
1527746334.210441000	62.7061	98	1
1527746334.226534000	62.7222	403	1
1527746334.226623000	62.7223	261	1
1527746334.248931000	62.7446	87	0
1527746334.381652000	62.8774	277	0
1527746334.383005000	62.8787	148	0
1527746334.385438000	62.8811	104	1
1527746334.387220000	62.8829	92	0
1527746334.388456000	62.8842	128	0
1527746334.391362000	62.8871	101	1
1527746334.596925000	63.0926	501	1
1527746334.596990000	63.0927	256	1
1527746334.616120000	63.1118	87	0
1527746334.757314000	63.253	349	0
1527746334.758551000	63.2543	148	0
1527746334.761486000	63.2572	104	1
1527746334.762316000	63.258	92	0
1527746334.763567000	63.2593	134	0
1527746334.766456000	63.2622	101	1
1527746336.934144000	65.4299	390	1
1527746336.934214000	65.4299	258	1
1527746336.953873000	65.4496	87	0
1527746336.960019000	65.4557	87	0
1527746337.092155000	65.5879	262	0
1527746337.093369000	65.5891	148	0
1527746337.096577000	65.5923	107	1
1527746337.100273000	65.596	92	0
1527746337.101535000	65.5972	234	0
1527746337.103589000	65.5993	101	1
1527746337.203018000	65.6987	391	1
1527746337.203110000	65.6988	259	1
1527746337.234167000	65.7299	87	0
1527746337.389269000	65.885	233	0
1527746337.390540000	65.8862	148	0
1527746337.393585000	65.8893	104	1
1527746337.395303000	65.891	92	0
1527746337.396545000	65.8923	271	0
1527746337.398573000	65.8943	101	1
1527746337.762802000	66.2585	387	1
1527746337.762891000	66.2586	258	1
1527746337.788781000	66.2845	87	0
1527746338.037934000	66.5336	331	0
1527746338.039219000	66.5349	148	0
1527746338.041598000	66.5373	104	1
1527746338.042928000	66.5386	92	0
1527746338.044238000	66.5399	322	0
1527746338.046604000	66.5423	101	1
1527746338.122729000	66.6184	826	1
1527746338.122815000	66.6185	264	1
1527746338.142218000	66.6379	87	0
1527746338.273525000	66.7692	235	0
1527746338.274825000	66.7705	148	0
1527746338.277594000	66.7733	104	1
1527746338.278615000	66.7743	92	0
1527746338.279973000	66.7757	279	0
1527746338.282593000	66.7783	101	1
1527746338.535140000	67.0308	981	1
1527746338.535202000	67.0309	262	1
1527746338.554801000	67.0505	87	0
1527746338.693278000	67.189	232	0
1527746338.694520000	67.1902	148	0
1527746338.697671000	67.1934	104	1
1527746338.698122000	67.1938	92	0
1527746338.699431000	67.1951	162	0
1527746338.701634000	67.1973	101	1
1527746338.912045000	67.4078	400	1
1527746338.912106000	67.4078	259	1
1527746338.953514000	67.4492	87	0
1527746338.953699000	67.4494	400	1
1527746338.997437000	67.4931	87	0
1527746339.091846000	67.5876	257	0
1527746339.093063000	67.5888	148	0
1527746339.095671000	67.5914	107	1
1527746339.097371000	67.5931	92	0
1527746339.098633000	67.5943	255	0
1527746339.100679000	67.5964	101	1
1527746339.352585000	67.8483	392	1
1527746339.352670000	67.8484	260	1
1527746339.370214000	67.8659	87	0
1527746339.500060000	67.9958	233	0
1527746339.501343000	67.9971	148	0
1527746339.503661000	67.9994	104	1
1527746339.504662000	68.0004	92	0
1527746339.505971000	68.0017	301	0
1527746339.508646000	68.0044	101	1
1527746339.704038000	68.1997	388	1
1527746339.704127000	68.1998	260	1
1527746339.732603000	68.2283	87	0
1527746339.744524000	68.2402	87	0
1527746339.873248000	68.369	257	0
1527746339.874539000	68.3702	148	0
1527746339.876413000	68.3721	92	0
1527746339.876681000	68.3724	110	1
1527746339.877722000	68.3734	322	0
1527746339.881791000	68.3775	98	1
1527746339.913910000	68.4096	388	1
1527746339.913989000	68.4097	259	1
1527746339.939972000	68.4357	87	0
1527746340.108379000	68.6041	278	0
1527746340.109644000	68.6054	148	0
1527746340.111756000	68.6075	104	1
1527746340.114530000	68.6102	92	0
1527746340.115884000	68.6116	236	0
1527746340.118753000	68.6145	101	1
1527746340.383137000	68.8788	423	1
1527746340.383197000	68.8789	261	1
1527746340.400300000	68.896	87	0
1527746340.534272000	69.03	268	0
1527746340.535539000	69.0312	148	0
1527746340.537794000	69.0335	104	1
1527746340.538491000	69.0342	92	0
1527746340.539753000	69.0355	205	0
1527746340.541827000	69.0375	101	1
1527746340.604510000	69.1002	406	1
1527746340.604600000	69.1003	263	1
1527746340.626120000	69.1218	87	0
1527746340.761283000	69.257	259	0
1527746340.762541000	69.2582	148	0
1527746340.764822000	69.2605	104	1
1527746340.766458000	69.2622	92	0
1527746340.767766000	69.2635	137	0
1527746340.769719000	69.2654	101	1
1527746340.905931000	69.4016	481	1
1527746340.906036000	69.4017	1412	1
1527746340.906072000	69.4018	1412	1
1527746340.906100000	69.4018	1145	1
1527746340.924536000	69.4202	87	0
1527746340.944780000	69.4405	87	0
1527746341.016807000	69.5125	341	1
1527746341.016899000	69.5126	258	1
1527746341.038160000	69.5339	87	0
1527746341.043975000	69.5397	435	0
1527746341.047799000	69.5435	101	1
1527746341.052735000	69.5484	80	0
1527746341.056809000	69.5525	98	1
1527746341.166394000	69.6621	336	0
1527746341.167745000	69.6635	148	0
1527746341.169781000	69.6655	92	0
1527746341.169860000	69.6656	101	1
1527746341.171110000	69.6668	202	0
1527746341.173766000	69.6695	101	1
1527746341.474203000	69.9699	388	1
1527746341.474263000	69.97	262	1
1527746341.500729000	69.9964	87	0
1527746341.633027000	70.1287	235	0
1527746341.634346000	70.1301	148	0
1527746341.636851000	70.1326	104	1
1527746341.637411000	70.1331	92	0
1527746341.638724000	70.1344	234	0
1527746341.640809000	70.1365	101	1
1527746341.808513000	70.3042	388	1
1527746341.808580000	70.3043	258	1
1527746341.845551000	70.3413	87	0
1527746342.099869000	70.5956	261	0
1527746342.101208000	70.5969	148	0
1527746342.103905000	70.5996	104	1
1527746342.106845000	70.6026	92	0
1527746342.108274000	70.604	254	0
1527746342.110867000	70.6066	101	1
1527746342.238137000	70.7338	391	1
1527746342.238228000	70.7339	271	1
1527746342.258856000	70.7546	87	0
1527746342.504782000	71.0005	233	0
1527746342.506078000	71.0018	148	0
1527746342.508908000	71.0046	104	1
1527746342.510086000	71.0058	92	0
1527746342.511384000	71.0071	104	0
1527746342.513887000	71.0096	101	1
1527746342.743263000	71.239	822	1
1527746342.743323000	71.239	258	1
1527746342.763835000	71.2595	87	0
1527746342.892809000	71.3885	330	0
1527746342.894094000	71.3898	148	0
1527746342.896763000	71.3925	92	0
1527746342.897067000	71.3928	107	1
1527746342.898140000	71.3938	166	0
1527746342.901914000	71.3976	98	1
1527746342.987908000	71.4836	976	1
1527746342.987995000	71.4837	258	1
1527746343.018532000	71.5142	87	0
1527746343.156912000	71.6526	236	0
1527746343.158305000	71.654	148	0
1527746343.160960000	71.6567	104	1
1527746343.162562000	71.6583	92	0
1527746343.163902000	71.6596	171	0
1527746343.165929000	71.6616	101	1
1527746343.911520000	72.4072	384	1
1527746343.911623000	72.4073	1412	1
1527746343.911648000	72.4074	1412	1
1527746343.911675000	72.4074	1412	1
1527746343.911709000	72.4074	1412	1
1527746343.911737000	72.4074	1412	1
1527746343.911788000	72.4075	1412	1
1527746343.911818000	72.4075	1412	1
1527746343.911860000	72.4076	1412	1
1527746343.911884000	72.4076	1412	1
1527746343.911919000	72.4076	1412	1
1527746343.911953000	72.4077	1412	1
1527746343.921582000	72.4173	1412	1
1527746343.921622000	72.4173	1412	1
1527746343.921664000	72.4174	138	1
1527746343.932770000	72.4285	87	0
1527746343.942036000	72.4377	87	0
1527746343.951540000	72.4472	87	0
1527746344.081308000	72.577	397	0
1527746344.085184000	72.5809	107	1
1527746344.087431000	72.5831	80	0
1527746344.091179000	72.5869	98	1
1527746345.996857000	74.4926	390	1
1527746345.996953000	74.4927	259	1
1527746346.022324000	74.518	87	0
1527746346.149286000	74.645	256	0
1527746346.150560000	74.6463	148	0
1527746346.153328000	74.649	104	1
1527746346.153749000	74.6495	92	0
1527746346.155058000	74.6508	122	0
1527746346.157314000	74.653	101	1
1527746346.208855000	74.7046	392	1
1527746346.208942000	74.7046	272	1
1527746346.244057000	74.7398	87	0
1527746346.376754000	74.8725	277	0
1527746346.378111000	74.8738	148	0
1527746346.380308000	74.876	104	1
1527746346.382532000	74.8782	92	0
1527746346.383841000	74.8795	136	0
1527746346.386333000	74.882	101	1
1527746346.518351000	75.0141	422	1
1527746346.518443000	75.0142	258	1
1527746346.538195000	75.0339	87	0
1527746346.687168000	75.1829	265	0
1527746346.688457000	75.1842	148	0
1527746346.691330000	75.187	104	1
1527746346.693344000	75.1891	92	0
1527746346.696081000	75.1918	277	0
1527746346.697263000	75.193	101	1
1527746346.988352000	75.4841	399	1
1527746346.988432000	75.4841	258	1
1527746347.008634000	75.5043	87	0
1527746347.144555000	75.6403	259	0
1527746347.145892000	75.6416	148	0
1527746347.148361000	75.6441	104	1
1527746347.150325000	75.646	92	0
1527746347.151699000	75.6474	147	0
1527746347.154370000	75.6501	101	1
1527746347.277695000	75.7734	389	1
1527746347.277770000	75.7735	258	1
1527746347.296340000	75.792	87	0
1527746347.301733000	75.7974	87	0
1527746347.433629000	75.9293	235	0
1527746347.434967000	75.9307	148	0
1527746347.437372000	75.9331	107	1
1527746347.439577000	75.9353	92	0
1527746347.440937000	75.9366	160	0
1527746347.443390000	75.9391	101	1
1527746347.719539000	76.2152	505	1
1527746347.719602000	76.2153	262	1
1527746347.741315000	76.237	87	0
1527746347.745006000	76.2407	87	0
1527746347.902084000	76.3978	299	0
1527746347.903370000	76.3991	148	0
1527746347.905372000	76.4011	92	0
1527746347.906396000	76.4021	110	1
1527746347.906690000	76.4024	100	0
1527746347.910391000	76.4061	98	1
1527746347.924981000	76.4207	299	0
1527746347.928410000	76.4241	98	1
1527746348.329269000	76.825	391	1
1527746348.329340000	76.825	261	1
1527746348.348429000	76.8441	87	0
1527746348.478287000	76.974	328	0
1527746348.479566000	76.9753	148	0
1527746348.482357000	76.9781	104	1
1527746348.482682000	76.9784	92	0
1527746348.483981000	76.9797	104	0
1527746348.486348000	76.9821	101	1
1527746348.589793000	77.0855	389	1
1527746348.589876000	77.0856	262	1
1527746348.611316000	77.107	87	0
1527746348.771861000	77.2676	257	0
1527746348.773159000	77.2689	148	0
1527746348.775455000	77.2712	104	1
1527746348.777702000	77.2734	92	0
1527746348.779013000	77.2747	334	0
1527746348.781390000	77.2771	101	1
1527746348.814697000	77.3104	391	1
1527746348.814768000	77.3105	258	1
1527746348.833321000	77.329	87	0
1527746348.961001000	77.4567	241	0
1527746348.962297000	77.458	148	0
1527746348.964458000	77.4602	104	1
1527746348.964640000	77.4603	92	0
1527746348.965990000	77.4617	96	0
1527746348.968464000	77.4642	101	1
1527746350.232406000	78.7281	824	1
1527746350.232502000	78.7282	258	1
1527746350.250504000	78.7462	87	0
1527746350.390451000	78.8862	259	0
1527746350.391667000	78.8874	148	0
1527746350.394544000	78.8903	104	1
1527746350.396304000	78.892	92	0
1527746350.397604000	78.8933	236	0
1527746350.400534000	78.8962	101	1
1527746350.570911000	79.0666	977	1
1527746350.570976000	79.0667	261	1
1527746350.609586000	79.1053	977	1
1527746350.614753000	79.1105	87	0
1527746350.629239000	79.1249	87	0
1527746350.739259000	79.235	309	0
1527746350.740477000	79.2362	148	0
1527746350.743578000	79.2393	107	1
1527746350.746012000	79.2417	92	0
1527746350.747385000	79.2431	337	0
1527746350.749490000	79.2452	101	1
1527746350.901760000	79.3975	405	1
1527746350.901852000	79.3976	260	1
1527746350.920175000	79.4159	87	0
1527746351.050785000	79.5465	260	0
1527746351.052083000	79.5478	148	0
1527746351.054081000	79.5498	92	0
1527746351.054558000	79.5503	107	1
1527746351.055403000	79.5511	180	0
1527746351.059508000	79.5552	98	1
1527746351.584013000	80.0797	390	1
1527746351.584105000	80.0798	258	1
1527746351.602584000	80.0983	87	0
1527746351.762371000	80.2581	256	0
1527746351.763635000	80.2593	148	0
1527746351.766578000	80.2623	104	1
1527746351.781336000	80.277	92	0
1527746351.782592000	80.2783	220	0
1527746351.784580000	80.2803	101	1
1527746352.184500000	80.6802	387	1
1527746352.184581000	80.6803	261	1
1527746352.212965000	80.7087	87	0
1527746352.356113000	80.8518	235	0
1527746352.357516000	80.8532	148	0
1527746352.359625000	80.8553	104	1
1527746352.360432000	80.8561	92	0
1527746352.361743000	80.8575	326	0
1527746352.364592000	80.8603	101	1
1527746352.623104000	81.1188	388	1
1527746352.623198000	81.1189	261	1
1527746352.663653000	81.1594	388	1
1527746352.672539000	81.1682	87	0
1527746352.681641000	81.1773	87	0
1527746352.805305000	81.301	256	0
1527746352.806534000	81.3022	148	0
1527746352.809652000	81.3054	107	1
1527746352.812331000	81.308	92	0
1527746352.813577000	81.3093	106	0
1527746352.815624000	81.3113	101	1
1527746352.903605000	81.3993	423	1
1527746352.903689000	81.3994	258	1
1527746352.921541000	81.4172	87	0
1527746353.055287000	81.551	278	0
1527746353.056580000	81.5523	148	0
1527746353.058629000	81.5543	104	1
1527746353.063451000	81.5592	92	0
1527746353.064749000	81.5605	156	0
1527746353.067635000	81.5633	101	1
1527746353.266089000	81.7618	400	1
1527746353.266180000	81.7619	262	1
1527746353.285813000	81.7815	87	0
1527746353.420977000	81.9167	265	0
1527746353.422258000	81.918	148	0
1527746353.424662000	81.9204	104	1
1527746353.426232000	81.9219	92	0
1527746353.427552000	81.9233	306	0
1527746353.429670000	81.9254	101	1
1527746353.572701000	82.0684	387	1
1527746353.572766000	82.0685	258	1
1527746353.591276000	82.087	87	0
1527746353.723283000	82.219	235	0
1527746353.724542000	82.2202	148	0
1527746353.726682000	82.2224	104	1
1527746353.726881000	82.2226	92	0
1527746353.728321000	82.224	163	0
1527746353.730731000	82.2264	101	1
1527746354.023658000	82.5194	503	1
1527746354.023745000	82.5195	259	1
1527746354.041700000	82.5374	87	0
1527746354.180138000	82.6758	257	0
1527746354.181426000	82.6771	148	0
1527746354.183766000	82.6795	104	1
1527746354.185901000	82.6816	92	0
1527746354.187268000	82.683	150	0
1527746354.189769000	82.6855	101	1
1527746354.522980000	83.0187	391	1
1527746354.523071000	83.0188	261	1
1527746354.540145000	83.0359	87	0
1527746354.550894000	83.0466	87	0
1527746354.676503000	83.1722	233	0
1527746354.677918000	83.1736	148	0
1527746354.680754000	83.1765	92	0
1527746354.680847000	83.1766	107	1
1527746354.682079000	83.1778	179	0
1527746354.684720000	83.1804	101	1
1527746354.803127000	83.2988	388	1
1527746354.803190000	83.2989	261	1
1527746354.822475000	83.3182	87	0
1527746354.948786000	83.4445	298	0
1527746354.950093000	83.4458	148	0
1527746354.952800000	83.4485	104	1
1527746354.953382000	83.4491	92	0
1527746354.954696000	83.4504	264	0
1527746354.956793000	83.4525	101	1
1527746355.093817000	83.5895	391	1
1527746355.093886000	83.5896	258	1
1527746355.122132000	83.6178	87	0
1527746355.362299000	83.858	329	0
1527746355.363538000	83.8592	148	0
1527746355.365848000	83.8616	104	1
1527746355.366953000	83.8627	92	0
1527746355.368321000	83.864	122	0
1527746355.370842000	83.8665	101	1
1527746355.624168000	84.1199	824	1
1527746355.624232000	84.1199	259	1
1527746355.652470000	84.1482	87	0
1527746355.776694000	84.2724	263	0
1527746355.778090000	84.2738	148	0
1527746355.780871000	84.2766	104	1
1527746355.784202000	84.2799	92	0
1527746355.785506000	84.2812	150	0
1527746355.787874000	84.2836	101	1
1527746356.043258000	84.539	979	1
1527746356.043350000	84.5391	260	1
1527746356.064115000	84.5598	87	0
1527746356.185801000	84.6815	233	0
1527746356.187163000	84.6829	148	0
1527746356.189833000	84.6855	92	0
1527746356.189923000	84.6856	104	1
1527746356.191164000	84.6869	340	0
1527746356.193887000	84.6896	101	1
1527746358.241543000	86.7373	404	1
1527746358.241617000	86.7373	263	1
1527746358.259844000	86.7556	87	0
1527746358.389193000	86.8849	330	0
1527746358.390429000	86.8861	148	0
1527746358.392993000	86.8887	104	1
1527746358.393856000	86.8896	92	0
1527746358.395163000	86.8909	292	0
1527746358.397982000	86.8937	101	1
1527746358.574259000	87.07	387	1
1527746358.574353000	87.0701	261	1
1527746358.595347000	87.0911	87	0
1527746358.724493000	87.2202	235	0
1527746358.725783000	87.2215	148	0
1527746358.728485000	87.2242	92	0
1527746358.728932000	87.2246	107	1
1527746358.729936000	87.2256	218	0
1527746358.733935000	87.2296	98	1
1527746358.938703000	87.4344	388	1
1527746358.938796000	87.4345	261	1
1527746358.959039000	87.4547	87	0
1527746359.088110000	87.5838	260	0
1527746359.089400000	87.5851	148	0
1527746359.091970000	87.5877	92	0
1527746359.092032000	87.5877	104	1
1527746359.093299000	87.589	87	0
1527746359.096046000	87.5918	101	1
1527746359.433672000	87.9294	429	1
1527746359.433734000	87.9294	265	1
1527746359.455163000	87.9509	87	0
1527746359.460473000	87.9562	87	0
1527746359.855960000	88.3517	257	0
1527746359.857855000	88.3536	148	0
1527746359.860041000	88.3557	107	1
1527746359.863477000	88.3592	92	0
1527746359.864785000	88.3605	285	0
1527746359.867076000	88.3628	101	1
1527746359.914175000	88.4099	400	1
1527746359.914259000	88.41	263	1
1527746359.931819000	88.4275	87	0
1527746360.066566000	88.5623	235	0
1527746360.067986000	88.5637	148	0
1527746360.070074000	88.5658	104	1
1527746360.071157000	88.5669	92	0
1527746360.072459000	88.5682	174	0
1527746360.075094000	88.5708	101	1
1527746360.291968000	88.7877	369	1
1527746360.292069000	88.7878	1412	1
1527746360.292107000	88.7878	1412	1
1527746360.292140000	88.7878	1412	1
1527746360.292173000	88.7879	560	1
1527746360.311728000	88.8074	87	0
1527746360.420358000	88.9161	390	0
1527746360.424097000	88.9198	101	1
1527746360.429442000	88.9251	80	0
1527746360.433093000	88.9288	98	1
1527746361.276112000	89.7718	503	1
1527746361.276179000	89.7719	259	1
1527746361.295028000	89.7907	87	0
1527746361.440593000	89.9363	333	0
1527746361.441941000	89.9376	148	0
1527746361.444355000	89.9401	92	0
1527746361.444611000	89.9403	107	1
1527746361.445641000	89.9413	161	0
1527746361.449542000	89.9453	98	1
1527746361.544841000	90.0405	391	1
1527746361.544934000	90.0406	260	1
1527746361.571163000	90.0669	87	0
1527746361.701535000	90.1972	235	0
1527746361.703120000	90.1988	148	0
1527746361.705591000	90.2013	104	1
1527746361.705839000	90.2015	92	0
1527746361.707578000	90.2033	192	0
1527746361.709556000	90.2053	101	1
1527746361.785562000	90.2813	388	1
1527746361.785654000	90.2814	258	1
1527746361.822766000	90.3185	87	0
1527746361.825932000	90.3216	87	0
1527746361.939872000	90.4356	257	0
1527746361.941133000	90.4368	148	0
1527746361.943123000	90.4388	92	0
1527746361.943524000	90.4392	110	1
1527746361.944428000	90.4401	141	0
1527746361.948515000	90.4442	98	1
1527746362.096907000	90.5926	391	1
1527746362.096989000	90.5927	262	1
1527746362.116499000	90.6122	87	0
1527746362.246399000	90.7421	275	0
1527746362.247699000	90.7434	148	0
1527746362.250534000	90.7462	92	0
1527746362.250569000	90.7463	104	1
1527746362.251912000	90.7476	194	0
1527746362.254572000	90.7503	101	1
1527746362.826142000	91.3219	821	1
1527746362.826232000	91.3219	260	1
1527746362.845501000	91.3412	87	0
1527746362.982051000	91.4778	352	0
1527746362.983336000	91.479	148	0
1527746362.985494000	91.4812	92	0
1527746362.985599000	91.4813	104	1
1527746362.986826000	91.4825	323	0
1527746362.989574000	91.4853	101	1
1527746363.154735000	91.6504	981	1
1527746363.154798000	91.6505	258	1
1527746363.174656000	91.6704	87	0
1527746363.313176000	91.8089	237	0
1527746363.314391000	91.8101	148	0
1527746363.316616000	91.8123	104	1
1527746363.319254000	91.815	92	0
1527746363.320541000	91.8162	172	0
1527746363.322595000	91.8183	101	1
1527746364.520339000	93.016	401	1
1527746364.520434000	93.0161	260	1
1527746364.539302000	93.035	87	0
1527746364.705658000	93.2014	259	0
1527746364.706978000	93.2027	148	0
1527746364.709950000	93.2057	104	1
1527746364.711012000	93.2067	92	0
1527746364.712323000	93.208	303	0
1527746364.714945000	93.2107	101	1
1527746364.800423000	93.2961	389	1
1527746364.800513000	93.2962	259	1
1527746364.821705000	93.3174	87	0
1527746364.951340000	93.447	333	0
1527746364.952563000	93.4483	148	0
1527746364.954938000	93.4506	104	1
1527746364.957208000	93.4529	92	0
1527746364.958515000	93.4542	109	0
1527746364.960927000	93.4566	101	1
1527746365.089955000	93.5857	388	1
1527746365.090039000	93.5857	258	1
1527746365.108640000	93.6043	87	0
1527746365.237658000	93.7334	235	0
1527746365.238951000	93.7347	148	0
1527746365.241973000	93.7377	104	1
1527746365.243097000	93.7388	92	0
1527746365.244407000	93.7401	320	0
1527746365.247021000	93.7427	101	1
1527746365.320146000	93.8159	424	1
1527746365.320235000	93.8159	259	1
1527746365.337539000	93.8332	87	0
1527746365.462839000	93.9585	235	0
1527746365.464050000	93.9598	148	0
1527746365.466982000	93.9627	92	0
1527746365.467075000	93.9628	104	1
1527746365.468348000	93.9641	233	0
1527746365.470878000	93.9666	101	1
1527746365.820491000	94.3162	405	1
1527746365.820586000	94.3163	261	1
1527746365.854112000	94.3498	87	0
1527746366.002705000	94.4984	260	0
1527746366.003966000	94.4997	148	0
1527746366.006999000	94.5027	104	1
1527746366.008227000	94.5039	92	0
1527746366.009539000	94.5052	249	0
1527746366.012007000	94.5077	101	1
1527746366.280958000	94.7767	389	1
1527746366.281046000	94.7768	259	1
1527746366.300570000	94.7963	87	0
1527746366.427161000	94.9229	233	0
1527746366.428454000	94.9242	148	0
1527746366.430620000	94.9263	92	0
1527746366.431025000	94.9267	107	1
1527746366.431980000	94.9277	112	0
1527746366.436102000	94.9318	98	1
1527746366.871698000	95.3674	502	1
1527746366.871761000	95.3675	259	1
1527746366.890103000	95.3858	87	0
1527746367.024692000	95.5204	259	0
1527746367.026025000	95.5217	148	0
1527746367.029042000	95.5247	104	1
1527746367.031091000	95.5268	92	0
1527746367.032512000	95.5282	131	0
1527746367.035072000	95.5308	101	1
1527746367.423597000	95.9193	393	1
1527746367.423656000	95.9194	263	1
1527746367.442333000	95.938	87	0
1527746367.572546000	96.0683	235	0
1527746367.573893000	96.0696	148	0
1527746367.576027000	96.0717	104	1
1527746367.577001000	96.0727	92	0
1527746367.578306000	96.074	176	0
1527746367.581016000	96.0767	101	1
1527746367.786473000	96.2822	388	1
1527746367.786561000	96.2823	258	1
1527746367.804803000	96.3005	87	0
1527746367.933904000	96.4296	334	0
1527746367.935204000	96.4309	148	0
1527746367.938101000	96.4338	104	1
1527746367.942939000	96.4386	92	0
1527746367.944244000	96.44	334	0
1527746367.947111000	96.4428	101	1
1527746368.211722000	96.7074	391	1
1527746368.211798000	96.7075	260	1
1527746368.230963000	96.7267	87	0
1527746368.370725000	96.8664	235	0
1527746368.371948000	96.8677	148	0
1527746368.374976000	96.8707	92	0
1527746368.375097000	96.8708	104	1
1527746368.376284000	96.872	271	0
1527746368.379146000	96.8749	101	1
1527746368.676360000	97.1721	826	1
1527746368.676447000	97.1722	264	1
1527746368.695930000	97.1916	87	0
1527746368.704504000	97.2002	87	0
1527746368.827445000	97.3232	257	0
1527746368.828745000	97.3245	148	0
1527746368.831163000	97.3269	107	1
1527746368.831944000	97.3277	92	0
1527746368.833258000	97.329	319	0
1527746368.836158000	97.3319	101	1
1527746369.236700000	97.7324	976	1
1527746369.236795000	97.7325	259	1
1527746369.269634000	97.7653	87	0
1527746369.399011000	97.8947	275	0
1527746369.400298000	97.896	148	0
1527746369.403037000	97.8987	92	0
1527746369.403258000	97.899	107	1
1527746369.404367000	97.9001	296	0
1527746369.408210000	97.9039	98	1
1527746369.446155000	97.9419	404	1
1527746369.446213000	97.9419	258	1
1527746369.464158000	97.9599	87	0
1527746369.615689000	98.1114	326	0
1527746369.617021000	98.1127	148	0
1527746369.619037000	98.1147	92	0
1527746369.619162000	98.1149	104	1
1527746369.620336000	98.116	183	0
1527746369.623156000	98.1189	101	1
1527746369.808571000	98.3043	388	1
1527746369.808633000	98.3043	260	1
1527746369.848230000	98.3439	388	1
1527746369.851248000	98.347	87	0
1527746369.873163000	98.3689	87	0
1527746369.975464000	98.4712	261	0
1527746369.976761000	98.4725	148	0
1527746369.978846000	98.4746	92	0
1527746369.979167000	98.4749	110	1
1527746369.980182000	98.4759	165	0
1527746369.984159000	98.4799	98	1
1527746370.309808000	98.8055	404	1
1527746370.309915000	98.8056	1412	1
1527746370.309951000	98.8057	1412	1
1527746370.309980000	98.8057	1412	1
1527746370.310001000	98.8057	1124	1
1527746370.329890000	98.8256	87	0
1527746370.431768000	98.9275	391	0
1527746370.435287000	98.931	101	1
1527746370.436410000	98.9321	80	0
1527746370.440244000	98.936	98	1
1527746370.623678000	99.1194	401	1
1527746370.623756000	99.1195	260	1
1527746370.642915000	99.1386	87	0
1527746370.768610000	99.2643	334	0
1527746370.769948000	99.2657	148	0
1527746370.772275000	99.268	104	1
1527746370.773910000	99.2696	92	0
1527746370.775214000	99.2709	281	0
1527746370.777197000	99.2729	101	1
1527746371.058473000	99.5542	389	1
1527746371.058537000	99.5542	260	1
1527746371.080932000	99.5766	87	0
1527746371.207652000	99.7034	235	0
1527746371.208909000	99.7046	148	0
1527746371.211301000	99.707	104	1
1527746371.216878000	99.7126	92	0
1527746371.219556000	99.7153	317	0
1527746371.220212000	99.7159	101	1
1527746371.394670000	99.8904	388	1
1527746371.394761000	99.8905	258	1
1527746371.413243000	99.909	87	0
1527746371.548923000	100.045	235	0
1527746371.550200000	100.046	148	0
1527746371.551765000	100.047	92	0
1527746371.553087000	100.049	265	0
1527746371.553295000	100.049	110	1
1527746371.594235000	100.09	235	0
1527746371.598302000	100.094	98	1
1527746371.735436000	100.231	500	1
1527746371.735504000	100.231	258	1
1527746371.764191000	100.26	87	0
1527746371.887444000	100.383	259	0
1527746371.888710000	100.384	148	0
1527746371.891361000	100.387	104	1
1527746371.896032000	100.392	92	0
1527746371.897354000	100.393	262	0
1527746371.899261000	100.395	101	1
1527746372.183613000	100.679	392	1
1527746372.183672000	100.679	259	1
1527746372.204091000	100.7	87	0
1527746372.339584000	100.835	235	0
1527746372.340926000	100.837	148	0
1527746372.343445000	100.839	104	1
1527746372.346023000	100.842	92	0
1527746372.347343000	100.843	329	0
1527746372.349375000	100.845	101	1
1527746372.637724000	101.133	388	1
1527746372.637789000	101.133	259	1
1527746372.670082000	101.166	87	0
1527746372.801482000	101.297	257	0
1527746372.802826000	101.299	148	0
1527746372.805309000	101.301	104	1
1527746372.806876000	101.303	92	0
1527746372.808261000	101.304	95	0
1527746372.810377000	101.306	101	1
1527746373.078465000	101.574	391	1
1527746373.078521000	101.574	267	1
1527746373.097370000	101.593	87	0
1527746373.231339000	101.727	288	0
1527746373.232610000	101.728	148	0
1527746373.235415000	101.731	104	1
1527746373.236845000	101.733	92	0
1527746373.238205000	101.734	91	0
1527746373.240344000	101.736	101	1
1527746373.649514000	102.145	825	1
1527746373.649601000	102.145	261	1
1527746373.691530000	102.187	825	1
1527746373.693406000	102.189	87	0
1527746373.800277000	102.296	87	0
1527746373.823829000	102.32	283	0
1527746373.825129000	102.321	148	0
1527746373.827446000	102.323	107	1
1527746373.830475000	102.326	92	0
1527746373.831854000	102.328	340	0
1527746373.834464000	102.33	101	1
1527746374.078797000	102.575	983	1
1527746374.078860000	102.575	260	1
1527746374.098431000	102.594	87	0
1527746374.233782000	102.729	233	0
1527746374.235065000	102.731	148	0
1527746374.237421000	102.733	104	1
1527746374.238441000	102.734	92	0
1527746374.239745000	102.735	111	0
1527746374.242462000	102.738	101	1
1527746374.418851000	102.915	400	1
1527746374.418937000	102.915	259	1
1527746374.436451000	102.932	87	0
1527746374.560458000	103.056	235	0
1527746374.561808000	103.058	148	0
1527746374.564482000	103.06	104	1
1527746374.565587000	103.061	92	0
1527746374.566942000	103.063	94	0
1527746374.569494000	103.065	101	1
1527746374.828715000	103.324	391	1
1527746374.828779000	103.324	258	1
1527746374.847666000	103.343	87	0
1527746374.976828000	103.473	299	0
1527746374.978172000	103.474	148	0
1527746374.980463000	103.476	104	1
1527746374.981511000	103.477	92	0
1527746374.982831000	103.479	232	0
1527746374.985446000	103.481	101	1
1527746375.300068000	103.796	428	1
1527746375.300160000	103.796	266	1
1527746375.319115000	103.815	87	0
1527746375.466513000	103.962	328	0
1527746375.467823000	103.964	148	0
1527746375.470556000	103.966	104	1
1527746375.472135000	103.968	92	0
1527746375.473447000	103.969	332	0
1527746375.475527000	103.971	101	1
1527746375.740004000	104.236	400	1
1527746375.740088000	104.236	258	1
1527746375.791591000	104.287	400	1
1527746375.834568000	104.33	87	0
1527746375.840021000	104.336	87	0
1527746375.848226000	104.344	87	0
1527746375.903527000	104.399	260	0
1527746375.904832000	104.401	148	0
1527746375.907556000	104.403	110	1
1527746375.910014000	104.406	92	0
1527746375.911316000	104.407	178	0
1527746375.913563000	104.409	101	1
1527746375.954232000	104.45	260	0
1527746375.957561000	104.453	98	1
1527746376.330463000	104.826	386	1
1527746376.330563000	104.826	260	1
1527746376.350132000	104.846	87	0
1527746376.492101000	104.988	231	0
1527746376.493392000	104.989	148	0
1527746376.495542000	104.991	92	0
1527746376.495629000	104.991	104	1
1527746376.496804000	104.993	271	0
1527746376.499589000	104.995	101	1
1527746377.500148000	105.996	386	1
1527746377.500214000	105.996	258	1
1527746377.521426000	106.017	87	0
1527746377.655970000	106.152	257	0
1527746377.657314000	106.153	148	0
1527746377.659616000	106.155	104	1
1527746377.661616000	106.157	92	0
1527746377.662992000	106.159	323	0
1527746377.665609000	106.161	101	1
1527746377.849997000	106.346	504	1
1527746377.850089000	106.346	262	1
1527746377.869826000	106.366	87	0
1527746377.879348000	106.375	87	0
1527746377.999485000	106.495	334	0
1527746378.000829000	106.497	148	0
1527746378.003656000	106.499	107	1
1527746378.005777000	106.501	92	0
1527746378.007143000	106.503	197	0
1527746378.009639000	106.505	101	1
1527746378.300634000	106.796	389	1
1527746378.300694000	106.796	260	1
1527746378.320009000	106.816	87	0
1527746378.568607000	107.064	233	0
1527746378.569945000	107.066	148	0
1527746378.572680000	107.068	104	1
1527746378.574300000	107.07	92	0
1527746378.575552000	107.071	202	0
1527746378.577679000	107.073	101	1
1527746378.710845000	107.207	388	1
1527746378.710912000	107.207	258	1
1527746378.733247000	107.229	87	0
1527746378.870168000	107.366	257	0
1527746378.871446000	107.367	148	0
1527746378.873678000	107.369	104	1
1527746378.874220000	107.37	92	0
1527746378.875523000	107.371	125	0
1527746378.877667000	107.373	101	1
1527746379.009996000	107.506	387	1
1527746379.010056000	107.506	261	1
1527746379.029191000	107.525	87	0
1527746379.160546000	107.656	235	0
1527746379.161874000	107.658	148	0
1527746379.164744000	107.66	104	1
1527746379.165450000	107.661	92	0
1527746379.166785000	107.662	197	0
1527746379.168698000	107.664	101	1
1527746379.501932000	107.998	388	1
1527746379.502028000	107.998	258	1
1527746379.519634000	108.015	87	0
1527746379.670206000	108.166	235	0
1527746379.671508000	108.167	148	0
1527746379.673780000	108.169	104	1
1527746379.674815000	108.171	92	0
1527746379.676108000	108.172	315	0
1527746379.678801000	108.175	101	1
1527746381.383128000	109.879	822	1
1527746381.383226000	109.879	258	1
1527746381.402719000	109.898	87	0
1527746381.555250000	110.051	259	0
1527746381.556546000	110.052	148	0
1527746381.559300000	110.055	104	1
1527746381.560939000	110.057	92	0
1527746381.562242000	110.058	157	0
1527746381.564214000	110.06	101	1
1527746383.870414000	112.366	980	1
1527746383.870505000	112.366	259	1
1527746383.901342000	112.397	87	0
1527746384.030741000	112.526	334	0
1527746384.032031000	112.528	148	0
1527746384.034807000	112.531	104	1
1527746384.035181000	112.531	92	0
1527746384.036487000	112.532	147	0
1527746384.038866000	112.535	101	1
1527746384.387160000	112.883	400	1
1527746384.387221000	112.883	262	1
1527746384.408613000	112.904	87	0
1527746384.536548000	113.032	233	0
1527746384.537957000	113.034	148	0
1527746384.540855000	113.037	104	1
1527746384.541173000	113.037	92	0
1527746384.542474000	113.038	172	0
1527746384.544836000	113.041	101	1
1527746385.727468000	114.223	391	1
1527746385.727565000	114.223	261	1
1527746385.749727000	114.245	87	0
1527746385.888162000	114.384	259	0
1527746385.889453000	114.385	148	0
1527746385.891954000	114.388	104	1
1527746385.897236000	114.393	92	0
1527746385.898550000	114.394	111	0
1527746385.900946000	114.397	101	1
1527746385.929853000	114.426	259	0
1527746385.933934000	114.43	98	1
1527746386.006986000	114.503	428	1
1527746386.007080000	114.503	258	1
1527746386.025914000	114.522	87	0
1527746386.166909000	114.663	275	0
1527746386.168281000	114.664	148	0
1527746386.170936000	114.667	104	1
1527746386.172219000	114.668	92	0
1527746386.173525000	114.669	180	0
1527746386.175956000	114.672	101	1
1527746386.427214000	114.923	400	1
1527746386.427307000	114.923	258	1
1527746386.446283000	114.942	87	0
1527746386.457923000	114.954	87	0
1527746386.578300000	115.074	328	0
1527746386.579547000	115.075	148	0
1527746386.581972000	115.078	107	1
1527746386.582624000	115.078	92	0
1527746386.583931000	115.08	154	0
1527746386.585977000	115.082	101	1
1527746386.817681000	115.313	388	1
1527746386.817770000	115.313	261	1
1527746386.862986000	115.359	388	1
1527746386.868622000	115.364	87	0
1527746386.885473000	115.381	87	0
1527746386.991480000	115.487	261	0
1527746386.992793000	115.489	148	0
1527746386.994993000	115.491	107	1
1527746386.995539000	115.491	92	0
1527746386.996899000	115.493	241	0
1527746386.999016000	115.495	101	1
1527746387.060072000	115.556	387	1
1527746387.060166000	115.556	259	1
1527746387.088546000	115.584	87	0
1527746387.216135000	115.712	235	0
1527746387.217491000	115.713	148	0
1527746387.220002000	115.716	104	1
1527746387.221624000	115.717	92	0
1527746387.222957000	115.719	246	0
1527746387.224992000	115.721	101	1
1527746387.590216000	116.086	500	1
1527746387.590314000	116.086	261	1
1527746387.609542000	116.105	87	0
1527746387.746516000	116.242	237	0
1527746387.747944000	116.244	148	0
1527746387.749973000	116.246	104	1
1527746387.764273000	116.26	92	0
1527746387.765601000	116.261	283	0
1527746387.767971000	116.264	101	1
1527746387.937506000	116.433	390	1
