1528079619.847140000	0	295	1
1528079619.873212000	0.026072	87	0
1528079620.023609000	0.176469	300	0
1528079620.025079000	0.177939	1412	0
1528079620.026582000	0.179442	1412	0
1528079620.027246000	0.180106	107	1
1528079620.028046000	0.180906	1412	0
1528079620.029460000	0.18232	180	0
1528079620.030926000	0.183786	1412	0
1528079620.032362000	0.185222	1412	0
1528079620.033850000	0.18671	1412	0
1528079620.035264000	0.188124	188	0
1528079620.036124000	0.188984	101	1
1528079620.036726000	0.189586	1412	0
1528079620.038164000	0.191024	1412	0
1528079620.039610000	0.19247	1412	0
1528079620.040210000	0.19307	116	1
1528079620.041012000	0.193872	173	0
1528079620.042473000	0.195333	1412	0
1528079620.043966000	0.196826	1412	0
1528079620.044181000	0.197041	104	1
1528079620.045402000	0.198262	1412	0
1528079620.046832000	0.199692	1412	0
1528079620.048275000	0.201135	1412	0
1528079620.049444000	0.202304	104	1
1528079620.049712000	0.202572	1412	0
1528079620.051154000	0.204014	1412	0
1528079620.052589000	0.205449	1412	0
1528079620.054074000	0.206934	1412	0
1528079620.055463000	0.208323	107	1
1528079620.055503000	0.208363	1412	0
1528079620.056951000	0.209811	1412	0
1528079620.058395000	0.211255	1412	0
1528079620.059337000	0.212197	101	1
1528079620.059820000	0.21268	1412	0
1528079620.061261000	0.214121	1412	0
1528079620.062697000	0.215557	1412	0
1528079620.063180000	0.21604	107	1
1528079620.064188000	0.217048	1412	0
1528079620.065630000	0.21849	1412	0
1528079620.067067000	0.219927	1412	0
1528079620.068186000	0.221046	104	1
1528079620.068504000	0.221364	1412	0
1528079620.069941000	0.222801	1412	0
1528079620.071374000	0.224234	1412	0
1528079620.072158000	0.225018	104	1
1528079620.072815000	0.225675	1412	0
1528079620.074305000	0.227165	1412	0
1528079620.075740000	0.2286	1412	0
1528079620.076187000	0.229047	104	1
1528079620.077177000	0.230037	1412	0
1528079620.078613000	0.231473	1412	0
1528079620.080050000	0.23291	1412	0
1528079620.081190000	0.23405	104	1
1528079620.081472000	0.234332	918	0
1528079620.085210000	0.23807	98	1
1528079620.091125000	0.243985	300	0
1528079620.095227000	0.248087	98	1
1528079620.456860000	0.60972	369	1
1528079620.456953000	0.609813	1412	1
1528079620.456992000	0.609852	906	1
1528079620.463283000	0.616143	217	1
1528079620.476189000	0.629049	87	0
1528079620.482227000	0.635087	87	0
1528079620.700631000	0.853491	399	0
1528079620.705105000	0.857965	80	0
1528079620.707690000	0.86055	107	1
1528079620.711875000	0.864735	217	1
1528079620.751279000	0.904139	87	0
1528079620.789834000	0.942694	350	0
1528079620.791288000	0.944148	1412	0
1528079620.792725000	0.945585	1412	0
1528079620.794224000	0.947084	1412	0
1528079620.794255000	0.947115	104	1
1528079620.795659000	0.948519	180	0
1528079620.797120000	0.94998	1412	0
1528079620.798219000	0.951079	107	1
1528079620.798557000	0.951417	1412	0
1528079620.799989000	0.952849	1071	0
1528079620.801394000	0.954254	92	0
1528079620.802243000	0.955103	104	1
1528079620.802828000	0.955688	196	0
1528079620.806279000	0.959139	98	1
1528079620.838944000	0.991804	390	0
1528079620.840390000	0.99325	1115	0
1528079620.842085000	0.994945	92	0
1528079620.843469000	0.996329	104	1
1528079620.843507000	0.996367	121	0
1528079620.847258000	1.00012	98	1
1528079621.176048000	1.32891	395	1
1528079621.198125000	1.35098	87	0
1528079621.217347000	1.37021	277	0
1528079621.218794000	1.37165	360	0
1528079621.220234000	1.37309	269	0
1528079621.221432000	1.37429	107	1
1528079621.440968000	1.59383	243	1
1528079621.441054000	1.59391	144	1
1528079621.458160000	1.61102	87	0
1528079621.479938000	1.6328	155	1
1528079621.480014000	1.63287	190	1
1528079621.499903000	1.65276	87	0
1528079621.516493000	1.66935	1412	0
1528079621.517921000	1.67078	1412	0
1528079621.519355000	1.67221	1412	0
1528079621.520772000	1.67363	616	0
1528079621.521280000	1.67414	113	1
1528079621.522220000	1.67508	233	0
1528079621.529632000	1.68249	98	1
1528079621.596231000	1.74909	646	0
1528079621.597636000	1.7505	92	0
1528079621.599071000	1.75193	260	0
1528079621.600273000	1.75313	104	1
1528079622.871519000	3.02438	243	1
1528079622.889867000	3.04273	87	0
1528079622.970990000	3.12385	257	0
1528079622.972450000	3.12531	1412	0
1528079622.973934000	3.12679	994	0
1528079622.974380000	3.12724	107	1
1528079622.975370000	3.12823	92	0
1528079622.976815000	3.12967	197	0
1528079622.979521000	3.13238	101	1
1528079623.629065000	3.78192	292	1
1528079623.629177000	3.78204	1412	1
1528079623.629226000	3.78209	1412	1
1528079623.629289000	3.78215	1412	1
1528079623.629314000	3.78217	1412	1
1528079623.629353000	3.78221	1412	1
1528079623.629409000	3.78227	1412	1
1528079623.629437000	3.7823	1412	1
1528079623.629479000	3.78234	1412	1
1528079623.629513000	3.78237	1412	1
1528079623.629549000	3.78241	1412	1
1528079623.629597000	3.78246	1412	1
1528079623.629635000	3.7825	1412	1
1528079623.631410000	3.78427	1269	1
1528079623.648295000	3.80115	87	0
1528079623.652141000	3.805	87	0
1528079623.776750000	3.92961	396	0
1528079623.780136000	3.933	80	0
1528079623.787430000	3.94029	107	1
1528079625.757187000	5.91005	356	1
1528079625.757267000	5.91013	1412	1
1528079625.757289000	5.91015	981	1
1528079625.762255000	5.91511	355	1
1528079625.776302000	5.92916	87	0
1528079625.783529000	5.93639	87	0
1528079625.856813000	6.00967	396	0
1528079625.859479000	6.01234	80	0
1528079625.864015000	6.01688	104	1
1528079625.867504000	6.02036	98	1
1528079625.976483000	6.12934	612	0
1528079625.977944000	6.1308	305	0
1528079625.978925000	6.13178	118	1
1528079625.979369000	6.13223	207	0
1528079625.982701000	6.13556	265	1
1528079625.996862000	6.14972	87	0
1528079626.004407000	6.15727	87	0
1528079626.368287000	6.52115	890	0
1528079626.369661000	6.52252	1412	0
1528079626.371100000	6.52396	1412	0
1528079626.372458000	6.52532	110	1
1528079626.372544000	6.5254	1412	0
1528079626.374031000	6.52689	180	0
1528079626.375577000	6.52844	1412	0
1528079626.376694000	6.52955	101	1
1528079626.376999000	6.52986	1352	0
1528079626.378451000	6.53131	1412	0
1528079626.379886000	6.53275	1412	0
1528079626.380643000	6.5335	107	1
1528079626.381317000	6.53418	1412	0
1528079626.382725000	6.53558	188	0
1528079626.384242000	6.5371	1223	0
1528079626.385489000	6.53835	101	1
1528079626.385685000	6.53854	1412	0
1528079626.387127000	6.53999	1412	0
1528079626.388564000	6.54142	1412	0
1528079626.389436000	6.5423	107	1
1528079626.389962000	6.54282	190	0
1528079626.393513000	6.54637	98	1
1528079626.397059000	6.54992	1412	0
1528079626.398474000	6.55133	735	0
1528079626.400335000	6.55319	1412	0
1528079626.401775000	6.55463	1412	0
1528079626.402437000	6.5553	107	1
1528079626.403234000	6.55609	1412	0
1528079626.404706000	6.55757	180	0
1528079626.406172000	6.55903	1412	0
1528079626.406561000	6.55942	104	1
1528079626.407615000	6.56047	1412	0
1528079626.409056000	6.56192	1412	0
1528079626.410492000	6.56335	1412	0
1528079626.411903000	6.56476	459	0
1528079626.413367000	6.56623	1412	0
1528079626.413833000	6.56669	98	1
1528079626.414896000	6.56776	1412	0
1528079626.416341000	6.5692	1412	0
1528079626.417748000	6.57061	198	0
1528079626.418429000	6.57129	116	1
1528079626.419214000	6.57207	1412	0
1528079626.420619000	6.57348	186	0
1528079626.422084000	6.57494	1412	0
1528079626.422451000	6.57531	104	1
1528079626.423526000	6.57639	1412	0
1528079626.425000000	6.57786	1412	0
1528079626.426411000	6.57927	188	0
1528079626.427870000	6.58073	1200	0
1528079626.429311000	6.58217	1412	0
1528079626.429445000	6.5823	110	1
1528079626.430745000	6.5836	1412	0
1528079626.432186000	6.58505	1412	0
1528079626.433631000	6.58649	188	0
1528079626.434819000	6.58768	104	1
1528079626.435085000	6.58794	965	0
1528079626.436539000	6.5894	1412	0
1528079626.437966000	6.59083	1301	0
1528079626.438453000	6.59131	104	1
1528079626.439387000	6.59225	749	0
1528079626.440842000	6.5937	1412	0
1528079626.442277000	6.59514	1330	0
1528079626.443478000	6.59634	104	1
1528079626.443781000	6.59664	1412	0
1528079626.445222000	6.59808	1412	0
1528079626.446631000	6.59949	340	0
1528079626.447687000	6.60055	104	1
1528079626.448058000	6.60092	129	0
1528079626.451466000	6.60433	98	1
1528079627.645089000	7.79795	437	1
1528079627.645165000	7.79802	144	1
1528079627.666973000	7.81983	87	0
1528079627.719651000	7.87251	1412	0
1528079627.721077000	7.87394	1412	0
1528079627.722519000	7.87538	1412	0
1528079627.724057000	7.87692	759	0
1528079627.724175000	7.87703	104	1
1528079627.725503000	7.87836	92	0
1528079627.727006000	7.87987	121	0
1528079627.727600000	7.88046	107	1
1528079628.794333000	8.94719	1026	1
1528079628.794411000	8.94727	294	1
1528079628.794867000	8.94773	356	1
1528079628.794927000	8.94779	1412	1
1528079628.794965000	8.94782	1412	1
1528079628.794993000	8.94785	969	1
1528079628.810702000	8.96356	100	0
1528079628.814629000	8.96749	98	1
1528079628.814639000	8.9675	87	0
1528079628.822584000	8.97544	87	0
1528079628.896382000	9.04924	399	1
1528079628.916352000	9.06921	413	0
1528079628.919893000	9.07275	80	0
1528079628.920603000	9.07346	101	1
1528079629.110674000	9.26353	278	0
1528079629.112146000	9.26501	1400	0
1528079629.113569000	9.26643	513	0
1528079629.114602000	9.26746	104	1
1528079629.115085000	9.26794	592	0
1528079629.116529000	9.26939	635	0
1528079629.117964000	9.27082	467	0
1528079629.118583000	9.27144	104	1
1528079629.119384000	9.27224	697	0
1528079629.120813000	9.27367	484	0
1528079629.122274000	9.27513	835	0
1528079629.122583000	9.27544	104	1
1528079629.123781000	9.27664	649	0
1528079629.125235000	9.2781	519	0
1528079629.126650000	9.27951	439	0
1528079629.127586000	9.28045	104	1
1528079629.128092000	9.28095	701	0
1528079629.129527000	9.28239	616	0
1528079629.130958000	9.28382	558	0
1528079629.131586000	9.28445	104	1
1528079629.132409000	9.28527	654	0
1528079629.133875000	9.28673	583	0
1528079629.135310000	9.28817	689	0
1528079629.135585000	9.28844	104	1
1528079629.136740000	9.2896	92	0
1528079629.139274000	9.29213	135	0
1528079629.140618000	9.29348	101	1
1528079629.203991000	9.35685	287	0
1528079629.205389000	9.35825	103	0
1528079629.206834000	9.35969	196	0
1528079629.207606000	9.36047	104	1
1528079629.709287000	9.86215	398	1
1528079629.709371000	9.86223	109	1
1528079629.729036000	9.8819	87	0
1528079629.741366000	9.89423	303	1
1528079629.744232000	9.89709	478	1
1528079629.744301000	9.89716	87	1
1528079629.759988000	9.91285	87	0
1528079630.017270000	10.1701	326	0
1528079630.018713000	10.1716	151	0
1528079630.020637000	10.1735	107	1
1528079630.022735000	10.1756	92	0
1528079630.024085000	10.1769	166	0
1528079630.052734000	10.2056	101	1
1528079630.071419000	10.2243	243	0
1528079630.072854000	10.2257	103	0
1528079630.075644000	10.2285	92	0
1528079630.075809000	10.2287	101	1
1528079630.077095000	10.23	174	0
1528079630.081898000	10.2348	101	1
1528079630.157085000	10.3099	268	0
1528079630.158526000	10.3114	141	0
1528079630.160772000	10.3136	92	0
1528079630.160847000	10.3137	101	1
1528079630.162257000	10.3151	320	0
1528079630.164656000	10.3175	101	1
1528079631.219073000	11.3719	392	1
1528079631.219147000	11.372	261	1
1528079631.237750000	11.3906	87	0
1528079631.287147000	11.44	419	1
1528079631.287218000	11.4401	94	1
1528079631.307357000	11.4602	87	0
1528079631.592490000	11.7453	293	0
1528079631.594003000	11.7469	367	0
1528079631.596797000	11.7497	107	1
1528079631.597204000	11.7501	277	0
1528079631.600753000	11.7536	98	1
1528079631.682232000	11.8351	372	1
1528079631.682362000	11.8352	1412	1
1528079631.682399000	11.8353	1412	1
1528079631.682427000	11.8353	1412	1
1528079631.682470000	11.8353	1412	1
1528079631.682497000	11.8354	1412	1
1528079631.682528000	11.8354	1412	1
1528079631.682562000	11.8354	1412	1
1528079631.682602000	11.8355	1412	1
1528079631.682644000	11.8355	1412	1
1528079631.682678000	11.8355	1412	1
1528079631.682721000	11.8356	1412	1
1528079631.682744000	11.8356	1412	1
1528079631.682780000	11.8356	1412	1
1528079631.684835000	11.8377	1412	1
1528079631.684876000	11.8377	1412	1
1528079631.684934000	11.8378	1412	1
1528079631.684995000	11.8379	1412	1
1528079631.685016000	11.8379	1412	1
1528079631.686808000	11.8397	1412	1
1528079631.686848000	11.8397	1412	1
1528079631.686907000	11.8398	1412	1
1528079631.686967000	11.8398	1412	1
1528079631.687002000	11.8399	1412	1
1528079631.688799000	11.8417	1412	1
1528079631.688836000	11.8417	1412	1
1528079631.688896000	11.8418	1412	1
1528079631.688933000	11.8418	1412	1
1528079631.688998000	11.8419	1412	1
1528079631.690798000	11.8437	1412	1
1528079631.690859000	11.8437	1412	1
1528079631.690896000	11.8438	1412	1
1528079631.690947000	11.8438	1412	1
1528079631.691009000	11.8439	1412	1
1528079631.692807000	11.8457	743	1
1528079631.700578000	11.8534	87	0
1528079631.708220000	11.8611	87	0
1528079631.711090000	11.864	87	0
1528079631.712547000	11.8654	100	0
1528079631.714077000	11.8669	87	0
1528079631.715513000	11.8684	87	0
1528079631.715757000	11.8686	113	1
1528079632.037012000	12.1899	373	0
1528079632.040833000	12.1937	98	1
1528079632.042133000	12.195	80	0
1528079632.045786000	12.1986	98	1
1528079632.068880000	12.2217	243	0
1528079632.070295000	12.2232	146	0
1528079632.072750000	12.2256	101	1
1528079632.073231000	12.2261	92	0
1528079632.074735000	12.2276	248	0
1528079632.076759000	12.2296	101	1
1528079632.309897000	12.4628	372	1
1528079632.311792000	12.4647	295	1
1528079632.328314000	12.4812	87	0
1528079632.330980000	12.4838	87	0
1528079632.355138000	12.508	393	1
1528079632.374445000	12.5273	87	0
1528079632.452572000	12.6054	383	1
1528079632.475771000	12.6286	87	0
1528079632.485320000	12.6382	762	1
1528079632.485412000	12.6383	280	1
1528079632.504063000	12.6569	87	0
1528079632.506582000	12.6594	589	0
1528079632.507233000	12.6601	118	1
1528079632.508024000	12.6609	80	0
1528079632.511802000	12.6647	98	1
1528079632.525008000	12.6779	87	0
1528079632.598047000	12.7509	564	0
1528079632.599477000	12.7523	802	0
1528079632.600997000	12.7539	92	0
1528079632.601797000	12.7547	107	1
1528079632.602437000	12.7553	226	0
1528079632.605817000	12.7587	98	1
1528079632.608291000	12.7612	304	0
1528079632.609715000	12.7626	118	0
1528079632.611156000	12.764	92	0
1528079632.611801000	12.7647	104	1
1528079632.612607000	12.7655	323	0
1528079632.616072000	12.7689	305	0
1528079632.616838000	12.7697	101	1
1528079632.617524000	12.7704	279	0
1528079632.619165000	12.772	102	0
1528079632.620656000	12.7735	103	0
1528079632.620868000	12.7737	104	1
1528079632.820021000	12.9729	243	0
1528079632.821439000	12.9743	146	0
1528079632.823761000	12.9766	92	0
1528079632.823918000	12.9768	101	1
1528079632.825276000	12.9781	243	0
1528079632.827815000	12.9807	101	1
1528079632.865333000	13.0182	393	1
1528079632.865410000	13.0183	254	1
1528079632.899859000	13.0527	393	1
1528079632.912415000	13.0653	87	0
1528079632.933850000	13.0867	87	0
1528079633.185133000	13.338	258	0
1528079633.186553000	13.3394	146	0
1528079633.188604000	13.3415	92	0
1528079633.188828000	13.3417	110	1
1528079633.190058000	13.3429	283	0
1528079633.193926000	13.3468	98	1
1528079633.299160000	13.452	1116	1
1528079633.299262000	13.4521	257	1
1528079633.322167000	13.475	87	0
1528079633.634278000	13.7871	290	0
1528079633.635702000	13.7886	146	0
1528079633.637389000	13.7902	92	0
1528079633.637923000	13.7908	107	1
1528079633.638849000	13.7917	105	0
1528079633.642939000	13.7958	98	1
1528079633.809361000	13.9622	446	1
1528079633.809458000	13.9623	248	1
1528079633.827359000	13.9802	87	0
1528079634.112868000	14.2657	235	0
1528079634.114360000	14.2672	146	0
1528079634.115787000	14.2686	92	0
1528079634.116959000	14.2698	107	1
1528079634.117248000	14.2701	128	0
1528079634.120936000	14.2738	98	1
1528079634.398265000	14.5511	389	1
1528079634.398359000	14.5512	254	1
1528079634.440015000	14.5929	389	1
1528079634.456827000	14.6097	87	0
1528079634.464058000	14.6169	87	0
1528079634.465938000	14.6188	87	0
1528079634.582276000	14.7351	258	0
1528079634.583772000	14.7366	146	0
1528079634.585206000	14.7381	92	0
1528079634.585904000	14.7388	113	1
1528079634.586643000	14.7395	256	0
1528079634.589915000	14.7428	98	1
1528079634.717142000	14.87	389	1
1528079634.717237000	14.8701	254	1
1528079634.734757000	14.8876	87	0
1528079634.921551000	15.0744	233	0
1528079634.922924000	15.0758	146	0
1528079634.924466000	15.0773	92	0
1528079634.925968000	15.0788	213	0
1528079634.926070000	15.0789	107	1
1528079634.928894000	15.0818	233	0
1528079634.929981000	15.0828	101	1
1528079635.189023000	15.3419	392	1
1528079635.189266000	15.3421	259	1
1528079635.207933000	15.3608	87	0
1528079635.514019000	15.6669	258	0
1528079635.515481000	15.6683	146	0
1528079635.517495000	15.6704	92	0
1528079635.518029000	15.6709	107	1
1528079635.518892000	15.6718	203	0
1528079635.523010000	15.6759	98	1
1528079635.590393000	15.7433	406	1
1528079635.590454000	15.7433	256	1
1528079635.609477000	15.7623	87	0
1528079635.931043000	16.0839	233	0
1528079635.932473000	16.0853	148	0
1528079635.933962000	16.0868	92	0
1528079635.935057000	16.0879	107	1
1528079635.935400000	16.0883	137	0
1528079635.939061000	16.0919	98	1
1528079636.078093000	16.231	392	1
1528079636.078157000	16.231	255	1
1528079636.095866000	16.2487	87	0
1528079636.212741000	16.3656	233	0
1528079636.214217000	16.3671	148	0
1528079636.216687000	16.3695	92	0
1528079636.217000000	16.3699	107	1
1528079636.218156000	16.371	304	0
1528079636.222104000	16.375	98	1
1528079636.498591000	16.6515	389	1
1528079636.498686000	16.6515	257	1
1528079636.516954000	16.6698	87	0
1528079636.826409000	16.9793	301	0
1528079636.827838000	16.9807	148	0
1528079636.830062000	16.9829	92	0
1528079636.830149000	16.983	104	1
1528079636.831593000	16.9845	191	0
1528079636.834099000	16.987	101	1
1528079636.990368000	17.1432	390	1
1528079636.990455000	17.1433	259	1
1528079637.007932000	17.1608	87	0
1528079637.310027000	17.4629	285	0
1528079637.311457000	17.4643	148	0
1528079637.312884000	17.4657	92	0
1528079637.314091000	17.467	107	1
1528079637.314396000	17.4673	93	0
1528079637.318080000	17.4709	98	1
1528079637.390098000	17.543	393	1
1528079637.390185000	17.543	258	1
1528079637.410074000	17.5629	87	0
1528079637.722893000	17.8758	258	0
1528079637.724520000	17.8774	148	0
1528079637.726811000	17.8797	92	0
1528079637.727094000	17.88	107	1
1528079637.728282000	17.8811	265	0
1528079637.732114000	17.885	98	1
1528079637.821327000	17.9742	809	1
1528079637.821389000	17.9742	258	1
1528079637.839125000	17.992	87	0
1528079638.140080000	18.2929	239	0
1528079638.141540000	18.2944	148	0
1528079638.143319000	18.2962	92	0
1528079638.144148000	18.297	107	1
1528079638.144883000	18.2977	188	0
1528079638.148111000	18.301	98	1
1528079638.276422000	18.4293	389	1
1528079638.276519000	18.4294	257	1
1528079638.296666000	18.4495	87	0
1528079638.588586000	18.7414	325	0
1528079638.590006000	18.7429	148	0
1528079638.591682000	18.7445	92	0
1528079638.592135000	18.745	107	1
1528079638.593161000	18.746	228	0
1528079638.597184000	18.75	98	1
1528079638.754304000	18.9072	1111	1
1528079638.754367000	18.9072	258	1
1528079638.773547000	18.9264	87	0
1528079639.085976000	19.2388	305	0
1528079639.087417000	19.2403	148	0
1528079639.089103000	19.242	92	0
1528079639.090222000	19.2431	107	1
1528079639.090624000	19.2435	226	0
1528079639.094250000	19.2471	98	1
1528079639.183788000	19.3366	442	1
1528079639.183854000	19.3367	259	1
1528079639.202451000	19.3553	87	0
1528079639.504736000	19.6576	258	0
1528079639.506165000	19.659	148	0
1528079639.508199000	19.6611	104	1
1528079639.508474000	19.6613	92	0
1528079639.512196000	19.6651	98	1
1528079639.512868000	19.6657	251	0
1528079639.516180000	19.669	98	1
1528079639.725554000	19.8784	393	1
1528079639.725716000	19.8786	257	1
1528079639.745217000	19.8981	87	0
1528079640.034094000	20.187	256	0
1528079640.035591000	20.1885	148	0
1528079640.037015000	20.1899	92	0
1528079640.038287000	20.1911	107	1
1528079640.038479000	20.1913	163	0
1528079640.042310000	20.1952	98	1
1528079640.095988000	20.2488	389	1
1528079640.096080000	20.2489	256	1
1528079640.114435000	20.2673	87	0
1528079640.411172000	20.564	287	0
1528079640.412638000	20.5655	148	0
1528079640.414988000	20.5678	92	0
1528079640.415244000	20.5681	107	1
1528079640.416464000	20.5693	340	0
1528079640.420295000	20.5732	98	1
1528079640.624765000	20.7776	391	1
1528079640.624830000	20.7777	259	1
1528079640.643581000	20.7964	87	0
1528079640.938535000	21.0914	232	0
1528079640.939911000	21.0928	148	0
1528079640.941324000	21.0942	92	0
1528079640.942345000	21.0952	107	1
1528079640.942833000	21.0957	234	0
1528079640.946358000	21.0992	98	1
1528079641.055791000	21.2087	404	1
1528079641.055864000	21.2087	256	1
1528079641.073840000	21.2267	87	0
1528079641.218384000	21.3712	233	0
1528079641.219881000	21.3727	148	0
1528079641.222368000	21.3752	104	1
1528079641.222746000	21.3756	92	0
1528079641.224326000	21.3772	147	0
1528079641.226429000	21.3793	101	1
1528079641.555836000	21.7087	389	1
1528079641.555903000	21.7088	259	1
1528079641.573870000	21.7267	87	0
1528079641.693917000	21.8468	258	0
1528079641.695354000	21.8482	148	0
1528079641.697323000	21.8502	104	1
1528079641.698065000	21.8509	92	0
1528079641.699510000	21.8524	142	0
1528079641.701317000	21.8542	101	1
1528079641.893181000	22.046	393	1
1528079641.893242000	22.0461	255	1
1528079641.926389000	22.0792	393	1
1528079641.941570000	22.0944	87	0
1528079641.942992000	22.0959	87	0
1528079641.946058000	22.0989	87	0
1528079642.071701000	22.2246	235	0
1528079642.073076000	22.2259	148	0
1528079642.074616000	22.2275	92	0
1528079642.075413000	22.2283	113	1
1528079642.076064000	22.2289	285	0
1528079642.079357000	22.2322	98	1
1528079642.342785000	22.4956	389	1
1528079642.342875000	22.4957	256	1
1528079642.362059000	22.5149	87	0
1528079642.650026000	22.8029	258	0
1528079642.651424000	22.8043	148	0
1528079642.653302000	22.8062	92	0
1528079642.654364000	22.8072	107	1
1528079642.654818000	22.8077	153	0
1528079642.658375000	22.8112	98	1
1528079642.798930000	22.9518	394	1
1528079642.799007000	22.9519	260	1
1528079642.819745000	22.9726	87	0
1528079643.111570000	23.2644	233	0
1528079643.112994000	23.2659	148	0
1528079643.114612000	23.2675	92	0
1528079643.115387000	23.2682	107	1
1528079643.116049000	23.2689	132	0
1528079643.119375000	23.2722	98	1
1528079643.350972000	23.5038	808	1
1528079643.351133000	23.504	257	1
1528079643.370414000	23.5233	87	0
1528079643.499162000	23.652	300	0
1528079643.500622000	23.6535	148	0
1528079643.501998000	23.6549	92	0
1528079643.503451000	23.6563	316	0
1528079643.503506000	23.6564	107	1
1528079643.507503000	23.6604	98	1
1528079643.787912000	23.9408	390	1
1528079643.787983000	23.9408	259	1
1528079643.805482000	23.9583	87	0
1528079644.107640000	24.2605	283	0
1528079644.109071000	24.2619	148	0
1528079644.111520000	24.2644	104	1
1528079644.112079000	24.2649	92	0
1528079644.113584000	24.2664	327	0
1528079644.115443000	24.2683	101	1
1528079644.314861000	24.4677	1112	1
1528079644.314918000	24.4678	257	1
1528079644.334340000	24.4872	87	0
1528079644.659841000	24.8127	260	0
1528079644.661256000	24.8141	148	0
1528079644.662899000	24.8158	92	0
1528079644.663557000	24.8164	107	1
1528079644.664424000	24.8173	282	0
1528079644.668571000	24.8214	98	1
1528079644.835705000	24.9886	442	1
1528079644.835794000	24.9887	259	1
1528079644.854004000	25.0069	87	0
1528079645.138960000	25.2918	258	0
1528079645.140402000	25.2933	148	0
1528079645.142005000	25.2949	92	0
1528079645.142573000	25.2954	107	1
1528079645.143444000	25.2963	168	0
1528079645.147567000	25.3004	98	1
1528079645.249882000	25.4027	389	1
1528079645.249973000	25.4028	256	1
1528079645.279060000	25.4319	87	0
1528079645.580051000	25.7329	302	0
1528079645.581451000	25.7343	148	0
1528079645.583208000	25.7361	92	0
1528079645.583548000	25.7364	107	1
1528079645.584794000	25.7377	137	0
1528079645.588519000	25.7414	98	1
1528079645.766835000	25.9197	389	1
1528079645.766931000	25.9198	260	1
1528079645.785905000	25.9388	87	0
1528079646.077613000	26.2305	305	0
1528079646.079067000	26.2319	148	0
1528079646.081629000	26.2345	104	1
1528079646.081647000	26.2345	92	0
1528079646.083116000	26.236	340	0
1528079646.085626000	26.2385	101	1
1528079646.226051000	26.3789	392	1
1528079646.226140000	26.379	257	1
1528079646.245542000	26.3984	87	0
1528079646.350571000	26.5034	233	0
1528079646.352008000	26.5049	148	0
1528079646.354649000	26.5075	104	1
1528079646.355470000	26.5083	92	0
1528079646.356843000	26.5097	85	0
1528079646.359640000	26.5125	101	1
1528079646.603041000	26.7559	404	1
1528079646.603133000	26.756	256	1
1528079646.620608000	26.7735	87	0
1528079646.953225000	27.1061	279	0
1528079646.954716000	27.1076	148	0
1528079646.956157000	27.109	92	0
1528079646.956634000	27.1095	107	1
1528079646.957642000	27.1105	181	0
1528079646.961642000	27.1145	98	1
1528079646.961943000	27.1148	279	0
1528079646.965609000	27.1185	98	1
1528079647.031714000	27.1846	389	1
1528079647.031780000	27.1846	260	1
1528079647.059461000	27.2123	87	0
1528079647.350158000	27.503	263	0
1528079647.351615000	27.5045	148	0
1528079647.353706000	27.5066	104	1
1528079647.354467000	27.5073	92	0
1528079647.355916000	27.5088	330	0
1528079647.358787000	27.5116	101	1
1528079647.455906000	27.6088	368	1
1528079647.455994000	27.6089	1412	1
1528079647.456018000	27.6089	1412	1
1528079647.456045000	27.6089	1412	1
1528079647.456078000	27.6089	1357	1
1528079647.480027000	27.6329	87	0
1528079647.514823000	27.6677	322	1
1528079647.514918000	27.6678	256	1
1528079647.533992000	27.6869	87	0
1528079647.585738000	27.7386	412	0
1528079647.589723000	27.7426	104	1
1528079647.590679000	27.7435	80	0
1528079647.594753000	27.7476	98	1
1528079647.675322000	27.8282	243	0
1528079647.676706000	27.8296	148	0
1528079647.678306000	27.8312	92	0
1528079647.679692000	27.8326	179	0
1528079647.679730000	27.8326	104	1
1528079647.683647000	27.8365	98	1
1528079650.916213000	31.0691	393	1
1528079650.916294000	31.0692	438	1
1528079650.938348000	31.0912	87	0
1528079651.241954000	31.3948	255	0
1528079651.243441000	31.3963	148	0
1528079651.245227000	31.3981	92	0
1528079651.245932000	31.3988	107	1
1528079651.246698000	31.3996	320	0
1528079651.250944000	31.4038	98	1
1528079651.279315000	31.4322	392	1
1528079651.279381000	31.4322	391	1
1528079651.296817000	31.4497	87	0
1528079651.594500000	31.7474	256	0
1528079651.595919000	31.7488	148	0
1528079651.597917000	31.7508	92	0
1528079651.597967000	31.7508	104	1
1528079651.599388000	31.7522	161	0
1528079651.601940000	31.7548	101	1
1528079651.785175000	31.938	812	1
1528079651.785265000	31.9381	260	1
1528079651.803303000	31.9562	87	0
1528079652.092805000	32.2457	277	0
1528079652.094290000	32.2471	148	0
1528079652.095982000	32.2488	92	0
1528079652.096981000	32.2498	107	1
1528079652.097510000	32.2504	300	0
1528079652.100993000	32.2539	98	1
1528079652.264531000	32.4174	1116	1
1528079652.264621000	32.4175	258	1
1528079652.283944000	32.4368	87	0
1528079652.407973000	32.5608	306	0
1528079652.409404000	32.5623	148	0
1528079652.411428000	32.5643	92	0
1528079652.411998000	32.5649	107	1
1528079652.412896000	32.5658	288	0
1528079652.416999000	32.5699	98	1
1528079652.779338000	32.9322	442	1
1528079652.779395000	32.9323	258	1
1528079652.801655000	32.9545	87	0
1528079653.086613000	33.2395	239	0
1528079653.088037000	33.2409	148	0
1528079653.089661000	33.2425	92	0
1528079653.089968000	33.2428	107	1
1528079653.091115000	33.244	267	0
1528079653.094950000	33.2478	98	1
1528079653.288447000	33.4413	393	1
1528079653.288509000	33.4414	259	1
1528079653.322197000	33.4751	87	0
1528079653.466883000	33.6197	279	0
1528079653.468316000	33.6212	148	0
1528079653.471067000	33.6239	104	1
1528079653.471235000	33.6241	92	0
1528079653.472735000	33.6256	300	0
1528079653.475127000	33.628	101	1
1528079653.727011000	33.8799	389	1
1528079653.727093000	33.88	258	1
1528079653.747045000	33.8999	87	0
1528079653.893485000	34.0463	279	0
1528079653.894985000	34.0478	148	0
1528079653.897084000	34.0499	104	1
1528079653.897187000	34.05	92	0
1528079653.898683000	34.0515	214	0
1528079653.901095000	34.054	101	1
1528079654.011709000	34.1646	389	1
1528079654.011798000	34.1647	259	1
1528079654.029837000	34.1827	87	0
1528079654.319793000	34.4727	305	0
1528079654.321162000	34.474	148	0
1528079654.323150000	34.476	92	0
1528079654.324089000	34.4769	107	1
1528079654.324740000	34.4776	219	0
1528079654.328095000	34.481	98	1
1528079654.594092000	34.747	404	1
1528079654.594175000	34.747	257	1
1528079654.617042000	34.7699	87	0
1528079654.920033000	35.0729	255	0
1528079654.921408000	35.0743	148	0
1528079654.923995000	35.0769	92	0
1528079654.924225000	35.0771	107	1
1528079654.925463000	35.0783	268	0
1528079654.929111000	35.082	98	1
1528079654.999383000	35.1522	388	1
1528079654.999477000	35.1523	260	1
1528079655.017072000	35.1699	87	0
1528079655.305642000	35.4585	258	0
1528079655.307064000	35.4599	148	0
1528079655.309110000	35.462	104	1
1528079655.310075000	35.4629	92	0
1528079655.311568000	35.4644	236	0
1528079655.314083000	35.4669	101	1
1528079655.485665000	35.6385	389	1
1528079655.485761000	35.6386	438	1
1528079655.504386000	35.6572	87	0
1528079655.793338000	35.9462	288	0
1528079655.794825000	35.9477	148	0
1528079655.796645000	35.9495	92	0
1528079655.797131000	35.95	107	1
1528079655.798107000	35.951	141	0
1528079655.802134000	35.955	98	1
1528079656.163424000	36.3163	393	1
1528079656.163488000	36.3163	500	1
1528079656.181609000	36.3345	87	0
1528079656.191783000	36.3446	87	0
1528079656.338860000	36.4917	235	0
1528079656.340292000	36.4932	148	0
1528079656.343183000	36.496	92	0
1528079656.343235000	36.4961	107	1
1528079656.344702000	36.4976	112	0
1528079656.347224000	36.5001	101	1
1528079657.059074000	37.2119	390	1
1528079657.059170000	37.212	257	1
1528079657.078016000	37.2309	87	0
1528079657.368522000	37.5214	256	0
1528079657.369942000	37.5228	148	0
1528079657.372226000	37.5251	104	1
1528079657.372584000	37.5254	92	0
1528079657.374097000	37.527	116	0
1528079657.376216000	37.5291	101	1
1528079657.402631000	37.5555	389	1
1528079657.402707000	37.5556	259	1
1528079657.421721000	37.5746	87	0
1528079657.425851000	37.5787	87	0
1528079657.736614000	37.8895	258	0
1528079657.738034000	37.8909	148	0
1528079657.740259000	37.8931	107	1
1528079657.740809000	37.8937	92	0
1528079657.742254000	37.8951	307	0
1528079657.744309000	37.8972	101	1
1528079657.964656000	38.1175	808	1
1528079657.964718000	38.1176	258	1
1528079657.984787000	38.1376	87	0
1528079658.118848000	38.2717	233	0
1528079658.120689000	38.2735	148	0
1528079658.121700000	38.2746	92	0
1528079658.122323000	38.2752	107	1
1528079658.123093000	38.276	275	0
1528079658.126278000	38.2791	98	1
1528079658.322189000	38.475	388	1
1528079658.322253000	38.4751	257	1
1528079658.340063000	38.4929	87	0
1528079658.344060000	38.4969	87	0
1528079658.464017000	38.6169	256	0
1528079658.465446000	38.6183	158	0
1528079658.466880000	38.6197	195	0
1528079658.468384000	38.6212	110	1
1528079658.740315000	38.8932	1112	1
1528079658.740412000	38.8933	257	1
1528079658.759223000	38.9121	87	0
1528079659.150099000	39.303	275	0
1528079659.151527000	39.3044	148	0
1528079659.152959000	39.3058	92	0
1528079659.154334000	39.3072	107	1
1528079659.154500000	39.3074	273	0
1528079659.158334000	39.3112	98	1
1528079659.330735000	39.4836	441	1
1528079659.330825000	39.4837	257	1
1528079659.348927000	39.5018	87	0
1528079659.654531000	39.8074	305	0
1528079659.656925000	39.8098	158	0
1528079659.658413000	39.8113	104	1
1528079659.659723000	39.8126	262	0
1528079659.663427000	39.8163	98	1
1528079660.002686000	40.1555	392	1
1528079660.002778000	40.1556	261	1
1528079660.021386000	40.1742	87	0
1528079660.055381000	40.2082	303	1
1528079660.055478000	40.2083	1412	1
1528079660.055517000	40.2084	1412	1
1528079660.055569000	40.2084	1412	1
1528079660.055600000	40.2085	823	1
1528079660.089482000	40.2423	303	1
1528079660.096818000	40.2497	87	0
1528079660.107573000	40.2604	87	0
1528079660.133249000	40.2861	239	0
1528079660.134738000	40.2876	148	0
1528079660.137461000	40.2903	110	1
1528079660.137707000	40.2906	92	0
1528079660.139098000	40.292	278	0
1528079660.141458000	40.2943	101	1
1528079660.373289000	40.5261	401	0
1528079660.377473000	40.5303	98	1
1528079660.378309000	40.5312	80	0
1528079660.382442000	40.5353	98	1
1528079660.438665000	40.5915	393	1
1528079660.438829000	40.5917	260	1
1528079660.457392000	40.6103	87	0
1528079660.563139000	40.716	328	0
1528079660.564656000	40.7175	148	0
1528079660.567465000	40.7203	104	1
1528079660.570105000	40.723	92	0
1528079660.571603000	40.7245	334	0
1528079660.573387000	40.7262	101	1
1528079660.831934000	40.9848	405	1
1528079660.832019000	40.9849	257	1
1528079660.850155000	41.003	87	0
1528079661.221714000	41.3746	305	0
1528079661.223077000	41.3759	148	0
1528079661.225503000	41.3784	104	1
1528079661.234874000	41.3877	92	0
1528079661.236321000	41.3892	183	0
1528079661.238505000	41.3914	101	1
1528079661.419055000	41.5719	390	1
1528079661.419148000	41.572	260	1
1528079661.453281000	41.6061	87	0
1528079661.614689000	41.7675	281	0
1528079661.616062000	41.7689	148	0
1528079661.618548000	41.7714	104	1
1528079661.619708000	41.7726	92	0
1528079661.621096000	41.774	191	0
1528079661.623520000	41.7764	101	1
1528079661.774772000	41.9276	394	1
1528079661.774838000	41.9277	256	1
1528079661.793504000	41.9464	87	0
1528079661.899785000	42.0526	265	0
1528079661.901219000	42.0541	148	0
1528079661.903539000	42.0564	104	1
1528079661.905408000	42.0583	92	0
1528079661.906919000	42.0598	257	0
1528079661.909533000	42.0624	101	1
1528079662.013656000	42.1665	389	1
1528079662.013721000	42.1666	256	1
1528079662.031749000	42.1846	87	0
1528079662.137036000	42.2899	233	0
1528079662.138531000	42.2914	148	0
1528079662.140502000	42.2934	104	1
1528079662.142219000	42.2951	92	0
1528079662.143643000	42.2965	125	0
1528079662.145483000	42.2983	101	1
1528079662.435925000	42.5888	389	1
1528079662.435984000	42.5888	260	1
1528079662.455534000	42.6084	87	0
1528079662.749951000	42.9028	258	0
1528079662.751377000	42.9042	148	0
1528079662.753410000	42.9063	92	0
1528079662.753589000	42.9064	104	1
1528079662.754958000	42.9078	159	0
1528079662.757577000	42.9104	101	1
1528079662.780711000	42.9336	393	1
1528079662.780771000	42.9336	259	1
1528079662.798793000	42.9517	87	0
1528079663.116007000	43.2689	236	0
1528079663.117431000	43.2703	148	0
1528079663.119611000	43.2725	104	1
1528079663.120782000	43.2736	92	0
1528079663.122220000	43.2751	228	0
1528079663.124608000	43.2775	101	1
1528079663.329958000	43.4828	813	1
1528079663.330031000	43.4829	258	1
1528079663.352862000	43.5057	87	0
1528079663.468450000	43.6213	256	0
1528079663.469855000	43.6227	148	0
1528079663.471287000	43.6241	92	0
1528079663.472646000	43.6255	107	1
1528079663.472745000	43.6256	244	0
1528079663.476569000	43.6294	98	1
1528079663.674213000	43.8271	1112	1
1528079663.674271000	43.8271	256	1
1528079663.694412000	43.8473	87	0
1528079664.002579000	44.1554	233	0
1528079664.004063000	44.1569	148	0
1528079664.006616000	44.1595	104	1
1528079664.006842000	44.1597	92	0
1528079664.008289000	44.1611	121	0
1528079664.010687000	44.1635	101	1
1528079664.102396000	44.2553	442	1
1528079664.102456000	44.2553	258	1
1528079664.120763000	44.2736	87	0
1528079664.429887000	44.5827	298	0
1528079664.431304000	44.5842	148	0
1528079664.433423000	44.5863	92	0
1528079664.433689000	44.5865	107	1
1528079664.434940000	44.5878	160	0
1528079664.438675000	44.5915	98	1
1528079664.600096000	44.753	388	1
1528079664.600187000	44.753	260	1
1528079664.619606000	44.7725	87	0
1528079664.921296000	45.0742	233	0
1528079664.922649000	45.0755	148	0
1528079664.925288000	45.0781	92	0
1528079664.925733000	45.0786	107	1
1528079664.926694000	45.0796	140	0
1528079664.930729000	45.0836	98	1
1528079665.138264000	45.2911	389	1
1528079665.138354000	45.2912	260	1
1528079665.157699000	45.3106	87	0
1528079665.278283000	45.4311	282	0
1528079665.279706000	45.4326	148	0
1528079665.281888000	45.4347	92	0
1528079665.282735000	45.4356	107	1
1528079665.283356000	45.4362	300	0
1528079665.286727000	45.4396	98	1
1528079665.401905000	45.5548	388	1
1528079665.401973000	45.5548	256	1
1528079665.420064000	45.5729	87	0
1528079665.530049000	45.6829	260	0
1528079665.531484000	45.6843	148	0
1528079665.533745000	45.6866	104	1
1528079665.533980000	45.6868	92	0
1528079665.535424000	45.6883	122	0
1528079665.537733000	45.6906	101	1
1528079665.630899000	45.7838	404	1
1528079665.630983000	45.7838	257	1
1528079665.654546000	45.8074	87	0
1528079665.763310000	45.9162	233	0
1528079665.764806000	45.9177	148	0
1528079665.766710000	45.9196	104	1
1528079665.767943000	45.9208	92	0
1528079665.769393000	45.9223	340	0
1528079665.771699000	45.9246	101	1
1528079665.920137000	46.073	388	1
1528079665.920229000	46.0731	259	1
1528079665.940496000	46.0934	87	0
1528079666.247685000	46.4005	235	0
1528079666.249051000	46.4019	148	0
1528079666.250457000	46.4033	92	0
1528079666.251816000	46.4047	107	1
1528079666.251987000	46.4048	194	0
1528079666.255781000	46.4086	98	1
1528079666.447381000	46.6002	390	1
1528079666.447455000	46.6003	257	1
1528079666.466231000	46.6191	87	0
1528079666.591630000	46.7445	324	0
1528079666.592992000	46.7459	148	0
1528079666.595025000	46.7479	92	0
1528079666.595812000	46.7487	107	1
1528079666.596562000	46.7494	258	0
1528079666.600795000	46.7537	98	1
1528079666.858198000	47.0111	388	1
1528079666.858261000	47.0111	257	1
1528079666.879287000	47.0321	87	0
1528079667.168700000	47.3216	305	0
1528079667.170081000	47.3229	148	0
1528079667.172780000	47.3256	92	0
1528079667.172879000	47.3257	104	1
1528079667.174298000	47.3272	153	0
1528079667.176841000	47.3297	101	1
1528079667.311656000	47.4645	394	1
1528079667.311720000	47.4646	262	1
1528079667.329671000	47.4825	87	0
1528079667.629165000	47.782	281	0
1528079667.630627000	47.7835	148	0
1528079667.632858000	47.7857	92	0
1528079667.632870000	47.7857	104	1
1528079667.634445000	47.7873	178	0
1528079667.636807000	47.7897	101	1
1528079667.671944000	47.8248	92	0
1528079667.675878000	47.8287	98	1
1528079667.859890000	48.0127	393	1
1528079667.859973000	48.0128	260	1
1528079667.877085000	48.0299	87	0
1528079667.988424000	48.1413	265	0
1528079667.989849000	48.1427	148	0
1528079667.991892000	48.1448	104	1
1528079667.992166000	48.145	92	0
1528079667.993646000	48.1465	179	0
1528079667.995878000	48.1487	101	1
1528079668.157456000	48.3103	389	1
1528079668.157516000	48.3104	257	1
1528079668.176049000	48.3289	87	0
1528079668.311696000	48.4646	233	0
1528079668.313078000	48.4659	148	0
1528079668.314754000	48.4676	92	0
1528079668.315931000	48.4688	107	1
1528079668.316169000	48.469	160	0
1528079668.319921000	48.4728	98	1
1528079668.466109000	48.619	808	1
1528079668.466200000	48.6191	257	1
1528079668.484267000	48.6371	87	0
1528079668.588849000	48.7417	256	0
1528079668.590222000	48.7431	148	0
1528079668.592872000	48.7457	104	1
1528079668.592909000	48.7458	92	0
1528079668.594440000	48.7473	326	0
1528079668.596902000	48.7498	101	1
1528079668.788275000	48.9411	1112	1
1528079668.788369000	48.9412	257	1
1528079668.806239000	48.9591	87	0
1528079668.913619000	49.0665	233	0
1528079668.915103000	49.068	148	0
1528079668.916734000	49.0696	92	0
1528079668.917939000	49.0708	107	1
1528079668.918164000	49.071	173	0
1528079668.922868000	49.0757	98	1
1528079669.135275000	49.2881	444	1
1528079669.135350000	49.2882	259	1
1528079669.155870000	49.3087	87	0
1528079669.458774000	49.6116	255	0
1528079669.460196000	49.6131	148	0
1528079669.461988000	49.6148	92	0
1528079669.462920000	49.6158	107	1
1528079669.463465000	49.6163	227	0
1528079669.466893000	49.6198	98	1
1528079669.531989000	49.6848	388	1
1528079669.532080000	49.6849	257	1
1528079669.550807000	49.7037	87	0
1528079669.659956000	49.8128	233	0
1528079669.661387000	49.8142	148	0
1528079669.663504000	49.8164	92	0
1528079669.663974000	49.8168	107	1
1528079669.664966000	49.8178	223	0
1528079669.669003000	49.8219	98	1
1528079669.850480000	50.0033	388	1
1528079669.850567000	50.0034	259	1
1528079669.869982000	50.0228	87	0
1528079669.975226000	50.1281	275	0
1528079669.976665000	50.1295	148	0
1528079669.979009000	50.1319	104	1
1528079669.979399000	50.1323	92	0
1528079669.980835000	50.1337	91	0
1528079669.982992000	50.1359	101	1
1528079670.194320000	50.3472	404	1
1528079670.194410000	50.3473	257	1
1528079670.212941000	50.3658	87	0
1528079670.336579000	50.4894	235	0
1528079670.337995000	50.4909	148	0
1528079670.339983000	50.4928	104	1
1528079670.341141000	50.494	92	0
1528079670.342584000	50.4954	304	0
1528079670.344946000	50.4978	101	1
1528079670.543396000	50.6963	394	1
1528079670.543472000	50.6963	256	1
1528079670.562462000	50.7153	87	0
1528079670.571015000	50.7239	87	0
1528079670.681824000	50.8347	306	0
1528079670.683259000	50.8361	148	0
1528079670.685063000	50.8379	92	0
1528079670.686046000	50.8389	110	1
1528079670.686590000	50.8394	286	0
1528079670.689996000	50.8429	98	1
1528079671.561564000	51.7144	388	1
1528079671.561631000	51.7145	257	1
1528079671.580551000	51.7334	87	0
1528079671.712022000	51.8649	260	0
1528079671.713369000	51.8662	148	0
1528079671.714927000	51.8678	92	0
1528079671.716096000	51.869	107	1
1528079671.716398000	51.8693	253	0
1528079671.720111000	51.873	98	1
1528079671.889476000	52.0423	388	1
1528079671.889566000	52.0424	259	1
1528079671.907802000	52.0607	87	0
1528079672.028468000	52.1813	236	0
1528079672.029885000	52.1827	148	0
1528079672.032096000	52.185	104	1
1528079672.032266000	52.1851	92	0
1528079672.033708000	52.1866	335	0
1528079672.036164000	52.189	101	1
1528079672.190599000	52.3435	390	1
1528079672.190686000	52.3435	257	1
1528079672.209118000	52.362	87	0
1528079672.351410000	52.5043	235	0
1528079672.352908000	52.5058	148	0
1528079672.354396000	52.5073	92	0
1528079672.355096000	52.508	107	1
1528079672.355801000	52.5087	89	0
1528079672.359079000	52.5119	98	1
1528079672.554332000	52.7072	389	1
1528079672.554423000	52.7073	259	1
1528079672.573020000	52.7259	87	0
1528079672.698266000	52.8511	325	0
1528079672.699697000	52.8526	148	0
1528079672.701238000	52.8541	92	0
1528079672.702098000	52.855	107	1
1528079672.702701000	52.8556	137	0
1528079672.706097000	52.859	98	1
1528079672.932492000	53.0854	388	1
1528079672.932552000	53.0854	257	1
1528079672.951952000	53.1048	87	0
1528079673.058688000	53.2115	307	0
1528079673.060094000	53.213	148	0
1528079673.062125000	53.215	104	1
1528079673.063107000	53.216	92	0
1528079673.064625000	53.2175	124	0
1528079673.067108000	53.22	101	1
1528079673.280262000	53.4331	391	1
1528079673.280329000	53.4332	256	1
1528079673.298502000	53.4514	87	0
1528079673.408605000	53.5615	279	0
1528079673.410034000	53.5629	148	0
1528079673.411461000	53.5643	92	0
1528079673.412146000	53.565	107	1
1528079673.412927000	53.5658	315	0
1528079673.417116000	53.57	98	1
1528079673.700438000	53.8533	811	1
1528079673.700530000	53.8534	260	1
1528079673.719035000	53.8719	87	0
1528079673.842830000	53.9957	265	0
1528079673.844326000	53.9972	148	0
1528079673.847186000	54	104	1
1528079673.847375000	54.0002	92	0
1528079673.848820000	54.0017	251	0
1528079673.851183000	54.004	101	1
1528079673.881648000	54.0345	265	0
1528079673.885172000	54.038	98	1
1528079674.027499000	54.1804	1112	1
1528079674.027590000	54.1804	257	1
1528079674.048170000	54.201	87	0
1528079674.158353000	54.3112	237	0
1528079674.159778000	54.3126	148	0
1528079674.161260000	54.3141	92	0
1528079674.162207000	54.3151	107	1
1528079674.162731000	54.3156	185	0
1528079674.166196000	54.3191	98	1
1528079674.344496000	54.4974	444	1
1528079674.344591000	54.4975	257	1
1528079674.372604000	54.5255	87	0
1528079674.378817000	54.5317	87	0
1528079674.492669000	54.6455	255	0
1528079674.494097000	54.647	148	0
1528079674.496274000	54.6491	107	1
1528079674.496964000	54.6498	92	0
1528079674.498409000	54.6513	141	0
1528079674.500366000	54.6532	101	1
1528079674.635787000	54.7886	391	1
1528079674.635848000	54.7887	259	1
1528079674.656991000	54.8099	87	0
1528079674.776215000	54.9291	237	0
1528079674.777650000	54.9305	148	0
1528079674.779529000	54.9324	92	0
1528079674.780268000	54.9331	107	1
1528079674.780986000	54.9338	218	0
1528079674.784264000	54.9371	98	1
1528079675.022564000	55.1754	406	1
1528079675.022658000	55.1755	258	1
1528079675.041494000	55.1944	87	0
1528079675.157580000	55.3104	235	0
1528079675.159014000	55.3119	148	0
1528079675.161299000	55.3142	104	1
1528079675.161409000	55.3143	92	0
1528079675.162904000	55.3158	116	0
1528079675.165350000	55.3182	101	1
1528079675.239803000	55.3927	393	1
1528079675.239864000	55.3927	257	1
1528079675.259071000	55.4119	87	0
1528079675.392454000	55.5453	235	0
1528079675.393888000	55.5467	148	0
1528079675.396321000	55.5492	104	1
1528079675.397641000	55.5505	92	0
1528079675.399063000	55.5519	304	0
1528079675.401301000	55.5542	101	1
1528079675.559266000	55.7121	393	1
1528079675.559352000	55.7122	256	1
1528079675.578503000	55.7314	87	0
1528079675.873589000	56.0264	301	0
1528079675.875064000	56.0279	148	0
1528079675.876686000	56.0295	92	0
1528079675.877345000	56.0302	107	1
1528079675.878077000	56.0309	104	0
1528079675.881268000	56.0341	98	1
1528079676.190861000	56.3437	394	1
1528079676.190926000	56.3438	261	1
1528079676.220893000	56.3738	87	0
1528079676.350766000	56.5036	235	0
1528079676.352238000	56.5051	148	0
1528079676.354063000	56.5069	92	0
1528079676.354317000	56.5072	107	1
1528079676.355558000	56.5084	128	0
1528079676.359388000	56.5122	98	1
1528079676.494676000	56.6475	389	1
1528079676.494767000	56.6476	259	1
1528079676.525327000	56.6782	87	0
1528079676.630493000	56.7834	306	0
1528079676.631909000	56.7848	148	0
1528079676.634033000	56.7869	92	0
1528079676.634330000	56.7872	107	1
1528079676.635569000	56.7884	209	0
1528079676.639320000	56.7922	98	1
1528079676.832504000	56.9854	389	1
1528079676.832579000	56.9854	257	1
1528079676.861502000	57.0144	87	0
1528079676.866686000	57.0195	87	0
1528079677.174619000	57.3275	237	0
1528079677.176045000	57.3289	148	0
1528079677.178416000	57.3313	107	1
1528079677.178828000	57.3317	92	0
1528079677.180265000	57.3331	96	0
1528079677.182403000	57.3353	101	1
1528079677.431148000	57.584	388	1
1528079677.431211000	57.5841	258	1
1528079677.449668000	57.6025	87	0
1528079677.583422000	57.7363	256	0
1528079677.584929000	57.7378	148	0
1528079677.587063000	57.7399	92	0
1528079677.587439000	57.7403	107	1
1528079677.588498000	57.7414	149	0
1528079677.592433000	57.7453	98	1
1528079677.730725000	57.8836	388	1
1528079677.730814000	57.8837	258	1
1528079677.762349000	57.9152	87	0
1528079677.873166000	58.026	235	0
1528079677.874733000	58.0276	148	0
1528079677.876110000	58.029	92	0
1528079677.877453000	58.0303	107	1
1528079677.877629000	58.0305	199	0
1528079677.881467000	58.0343	98	1
1528079678.135699000	58.2886	809	1
1528079678.135783000	58.2886	258	1
1528079678.156441000	58.3093	87	0
1528079678.449662000	58.6025	327	0
1528079678.451072000	58.6039	148	0
1528079678.452579000	58.6054	92	0
1528079678.453429000	58.6063	107	1
1528079678.454098000	58.607	117	0
1528079678.457451000	58.6103	98	1
1528079678.597496000	58.7504	1117	1
1528079678.597668000	58.7505	262	1
1528079678.615956000	58.7688	87	0
1528079678.732622000	58.8855	305	0
1528079678.734089000	58.8869	148	0
1528079678.735526000	58.8884	92	0
1528079678.736507000	58.8894	107	1
1528079678.737048000	58.8899	200	0
1528079678.740497000	58.8934	98	1
1528079679.124769000	59.2776	442	1
1528079679.124830000	59.2777	262	1
1528079679.153065000	59.3059	87	0
1528079679.263446000	59.4163	256	0
1528079679.264939000	59.4178	148	0
1528079679.267502000	59.4204	104	1
1528079679.268816000	59.4217	92	0
1528079679.270329000	59.4232	204	0
1528079679.272474000	59.4253	101	1
1528079679.469861000	59.6227	392	1
1528079679.469926000	59.6228	259	1
1528079679.489514000	59.6424	87	0
1528079679.613476000	59.7663	287	0
1528079679.614963000	59.7678	148	0
1528079679.617064000	59.7699	92	0
1528079679.617558000	59.7704	107	1
1528079679.618520000	59.7714	319	0
1528079679.622490000	59.7753	98	1
1528079679.905933000	60.0588	400	1
1528079679.906022000	60.0589	261	1
1528079679.926588000	60.0794	87	0
1528079680.226277000	60.3791	235	0
1528079680.227714000	60.3806	148	0
1528079680.230592000	60.3835	104	1
1528079680.231061000	60.3839	92	0
1528079680.232522000	60.3854	297	0
1528079680.234579000	60.3874	101	1
1528079680.403863000	60.5567	390	1
1528079680.403923000	60.5568	262	1
1528079680.421892000	60.5748	87	0
1528079680.547189000	60.7	256	0
1528079680.548590000	60.7014	148	0
1528079680.550525000	60.7034	92	0
1528079680.551608000	60.7045	107	1
1528079680.551966000	60.7048	307	0
1528079680.555602000	60.7085	98	1
1528079680.882659000	61.0355	389	1
1528079680.882728000	61.0356	262	1
1528079680.901647000	61.0545	87	0
1528079681.207518000	61.3604	235	0
1528079681.208939000	61.3618	148	0
1528079681.211649000	61.3645	104	1
1528079681.212157000	61.365	92	0
1528079681.213613000	61.3665	334	0
1528079681.215659000	61.3685	101	1
1528079681.412211000	61.5651	393	1
1528079681.412305000	61.5652	260	1
1528079681.431222000	61.5841	87	0
1528079681.570353000	61.7232	256	0
1528079681.571769000	61.7246	148	0
1528079681.574320000	61.7272	92	0
1528079681.574611000	61.7275	107	1
1528079681.575910000	61.7288	174	0
1528079681.579622000	61.7325	98	1
1528079681.770971000	61.9238	392	1
1528079681.771062000	61.9239	258	1
1528079681.789579000	61.9424	87	0
1528079681.898585000	62.0514	235	0
1528079681.900015000	62.0529	148	0
1528079681.902687000	62.0555	104	1
1528079681.903083000	62.0559	92	0
1528079681.904638000	62.0575	155	0
1528079681.906701000	62.0596	101	1
1528079682.192876000	62.3457	393	1
1528079682.192970000	62.3458	261	1
1528079682.211064000	62.3639	87	0
1528079682.220057000	62.3729	87	0
1528079682.325084000	62.4779	275	0
1528079682.326523000	62.4794	148	0
1528079682.328714000	62.4816	107	1
1528079682.330088000	62.4829	92	0
1528079682.331597000	62.4845	259	0
1528079682.333695000	62.4866	101	1
1528079682.597889000	62.7507	389	1
1528079682.597966000	62.7508	260	1
1528079682.617699000	62.7706	87	0
1528079682.730915000	62.8838	255	0
1528079682.732343000	62.8852	148	0
1528079682.734735000	62.8876	104	1
1528079682.734980000	62.8878	92	0
1528079682.736423000	62.8893	150	0
1528079682.738689000	62.8915	101	1
1528079682.991924000	63.1448	388	1
1528079682.992014000	63.1449	259	1
1528079683.011271000	63.1641	87	0
1528079683.155502000	63.3084	285	0
1528079683.156950000	63.3098	148	0
1528079683.159702000	63.3126	104	1
1528079683.161001000	63.3139	92	0
1528079683.162438000	63.3153	119	0
1528079683.164687000	63.3175	101	1
1528079683.341529000	63.4944	808	1
1528079683.341604000	63.4945	259	1
1528079683.361047000	63.5139	87	0
1528079683.478771000	63.6316	263	0
1528079683.480267000	63.6331	148	0
1528079683.482747000	63.6356	92	0
1528079683.482836000	63.6357	104	1
1528079683.484334000	63.6372	328	0
1528079683.486761000	63.6396	101	1
1528079683.728210000	63.8811	1114	1
1528079683.728300000	63.8812	259	1
1528079683.747624000	63.9005	87	0
1528079683.856518000	64.0094	235	0
1528079683.857949000	64.0108	148	0
1528079683.860354000	64.0132	92	0
1528079683.860798000	64.0137	107	1
1528079683.861768000	64.0146	319	0
1528079683.865811000	64.0187	98	1
1528079684.007180000	64.16	443	1
1528079684.007270000	64.1601	259	1
1528079684.025473000	64.1783	87	0
1528079684.156816000	64.3097	235	0
1528079684.158290000	64.3111	148	0
1528079684.160767000	64.3136	104	1
1528079684.160898000	64.3138	92	0
1528079684.162391000	64.3153	104	0
1528079684.164809000	64.3177	101	1
1528079684.332976000	64.4858	390	1
1528079684.333072000	64.4859	261	1
1528079684.350512000	64.5034	87	0
1528079684.672580000	64.8254	325	0
1528079684.674008000	64.8269	148	0
1528079684.675497000	64.8284	92	0
1528079684.676846000	64.8297	107	1
1528079684.676885000	64.8297	188	0
1528079684.680857000	64.8337	98	1
1528079684.871392000	65.0243	389	1
1528079684.871458000	65.0243	260	1
1528079684.891056000	65.0439	87	0
1528079685.013299000	65.1662	303	0
1528079685.014780000	65.1676	148	0
1528079685.016222000	65.1691	92	0
1528079685.016808000	65.1697	107	1
1528079685.017688000	65.1705	313	0
1528079685.021851000	65.1747	98	1
1528079685.939471000	66.0923	401	1
1528079685.939540000	66.0924	258	1
1528079685.957899000	66.1108	87	0
1528079686.083918000	66.2368	282	0
1528079686.085465000	66.2383	148	0
1528079686.087918000	66.2408	92	0
1528079686.088029000	66.2409	104	1
1528079686.089422000	66.2423	110	0
1528079686.091925000	66.2448	101	1
1528079686.172078000	66.3249	394	1
1528079686.172154000	66.325	259	1
1528079686.191084000	66.3439	87	0
1528079686.320491000	66.4734	267	0
1528079686.321910000	66.4748	148	0
1528079686.323937000	66.4768	104	1
1528079686.324586000	66.4774	92	0
1528079686.326030000	66.4789	171	0
1528079686.327904000	66.4808	101	1
1528079686.565170000	66.718	389	1
1528079686.565263000	66.7181	261	1
1528079686.585790000	66.7386	87	0
1528079686.708145000	66.861	258	0
1528079686.709623000	66.8625	148	0
1528079686.711961000	66.8648	104	1
1528079686.712074000	66.8649	92	0
1528079686.713571000	66.8664	214	0
1528079686.715968000	66.8688	101	1
1528079686.855218000	67.0081	390	1
1528079686.855305000	67.0082	261	1
1528079686.875929000	67.0288	87	0
1528079686.983377000	67.1362	235	0
1528079686.984881000	67.1377	148	0
1528079686.986311000	67.1392	92	0
1528079686.986976000	67.1398	107	1
1528079686.987778000	67.1406	286	0
1528079686.991981000	67.1448	98	1
1528079687.114299000	67.2672	392	1
1528079687.114388000	67.2672	316	1
1528079687.131910000	67.2848	87	0
1528079687.255141000	67.408	235	0
1528079687.256639000	67.4095	148	0
1528079687.258993000	67.4119	104	1
1528079687.259160000	67.412	92	0
1528079687.260566000	67.4134	98	0
1528079687.262906000	67.4158	101	1
1528079687.551473000	67.7043	393	1
1528079687.551570000	67.7044	440	1
1528079687.569730000	67.7226	87	0
1528079687.689774000	67.8426	256	0
1528079687.691158000	67.844	148	0
1528079687.693888000	67.8467	92	0
1528079687.693987000	67.8468	104	1
1528079687.695416000	67.8483	305	0
1528079687.698004000	67.8509	101	1
1528079688.586454000	68.7393	391	1
1528079688.586549000	68.7394	258	1
1528079688.606217000	68.7591	87	0
1528079688.672888000	68.8257	722	1
1528079688.672990000	68.8259	1412	1
1528079688.673026000	68.8259	1412	1
1528079688.673053000	68.8259	1134	1
1528079688.693107000	68.846	87	0
1528079688.726929000	68.8798	298	0
1528079688.728359000	68.8812	148	0
1528079688.730622000	68.8835	92	0
1528079688.731080000	68.8839	110	1
1528079688.732045000	68.8849	87	0
1528079688.736010000	68.8889	98	1
1528079688.789114000	68.942	402	0
1528079688.793083000	68.9459	98	1
1528079688.794223000	68.9471	80	0
1528079688.798069000	68.9509	98	1
1528079688.826033000	68.9789	390	1
1528079688.826122000	68.979	259	1
1528079688.844063000	68.9969	87	0
1528079688.966818000	69.1197	285	0
1528079688.968252000	69.1211	148	0
1528079688.970434000	69.1233	92	0
1528079688.971092000	69.124	107	1
1528079688.971907000	69.1248	227	0
1528079688.976085000	69.1289	98	1
1528079689.198971000	69.3518	1113	1
1528079689.199092000	69.352	259	1
1528079689.217390000	69.3702	87	0
1528079689.325588000	69.4784	237	0
1528079689.327023000	69.4799	148	0
1528079689.328787000	69.4816	92	0
1528079689.329051000	69.4819	107	1
1528079689.330253000	69.4831	212	0
1528079689.334083000	69.4869	98	1
1528079689.601523000	69.7544	445	1
1528079689.601613000	69.7545	261	1
1528079689.619737000	69.7726	87	0
1528079689.733360000	69.8862	256	0
1528079689.734837000	69.8877	148	0
1528079689.737138000	69.89	104	1
1528079689.737599000	69.8905	92	0
1528079689.739047000	69.8919	229	0
1528079689.741067000	69.8939	101	1
1528079689.940350000	70.0932	389	1
1528079689.940410000	70.0933	258	1
1528079689.957888000	70.1107	87	0
1528079690.069690000	70.2225	259	0
1528079690.071068000	70.2239	148	0
1528079690.073111000	70.226	104	1
1528079690.074551000	70.2274	92	0
1528079690.075996000	70.2289	144	0
1528079690.078088000	70.2309	101	1
1528079690.359296000	70.5122	394	1
1528079690.359360000	70.5122	262	1
1528079690.377913000	70.5308	87	0
1528079690.493630000	70.6465	304	0
1528079690.495114000	70.648	148	0
1528079690.497121000	70.65	104	1
1528079690.497681000	70.6505	92	0
1528079690.499134000	70.652	210	0
1528079690.501118000	70.654	101	1
1528079690.696588000	70.8494	404	1
1528079690.696654000	70.8495	259	1
1528079690.716736000	70.8696	87	0
1528079690.864353000	71.0172	303	0
1528079690.865771000	71.0186	148	0
1528079690.868138000	71.021	104	1
1528079690.869239000	71.0221	92	0
1528079690.871581000	71.0244	161	0
1528079690.873193000	71.0261	101	1
1528079691.076277000	71.2291	388	1
1528079691.076365000	71.2292	259	1
1528079691.096287000	71.2491	87	0
1528079691.206473000	71.3593	256	0
1528079691.207898000	71.3608	148	0
1528079691.209773000	71.3626	92	0
1528079691.210173000	71.363	107	1
1528079691.211178000	71.364	261	0
1528079691.215167000	71.368	98	1
1528079691.372684000	71.5255	389	1
1528079691.372841000	71.5257	261	1
1528079691.390618000	71.5435	87	0
1528079691.674604000	71.8275	304	1
1528079691.674704000	71.8276	1412	1
1528079691.674728000	71.8276	1412	1
1528079691.674756000	71.8276	1412	1
1528079691.674791000	71.8277	1412	1
1528079691.674819000	71.8277	1412	1
1528079691.674881000	71.8277	1412	1
1528079691.674904000	71.8278	1412	1
1528079691.674941000	71.8278	1412	1
1528079691.674988000	71.8278	1412	1
1528079691.675023000	71.8279	1412	1
1528079691.675072000	71.8279	1412	1
1528079691.675094000	71.828	1412	1
1528079691.676273000	71.8291	1412	1
1528079691.676332000	71.8292	501	1
1528079691.692550000	71.8454	87	0
1528079691.694253000	71.8471	298	0
1528079691.695742000	71.8486	148	0
1528079691.698169000	71.851	102	0
1528079691.698231000	71.8511	107	1
1528079691.699660000	71.8525	204	0
1528079691.702160000	71.855	101	1
1528079691.757357000	71.9102	389	1
1528079691.757449000	71.9103	258	1
1528079691.776408000	71.9293	87	0
1528079691.814562000	71.9674	376	0
1528079691.818254000	71.9711	101	1
1528079691.819366000	71.9722	80	0
1528079691.823251000	71.9761	98	1
1528079691.883228000	72.0361	243	0
1528079691.884789000	72.0376	148	0
1528079691.887248000	72.0401	101	1
1528079691.887628000	72.0405	92	0
1528079691.889712000	72.0426	139	0
1528079691.891393000	72.0443	101	1
1528079691.987587000	72.1404	389	1
1528079691.987673000	72.1405	261	1
1528079692.006874000	72.1597	87	0
1528079692.128188000	72.281	232	0
1528079692.129672000	72.2825	148	0
1528079692.132066000	72.2849	92	0
1528079692.132292000	72.2852	107	1
1528079692.133557000	72.2864	97	0
1528079692.137247000	72.2901	98	1
1528079692.355621000	72.5085	388	1
1528079692.355711000	72.5086	259	1
1528079692.373268000	72.5261	87	0
1528079692.485170000	72.638	298	0
1528079692.486644000	72.6395	148	0
1528079692.489266000	72.6421	104	1
1528079692.490656000	72.6435	92	0
1528079692.492111000	72.645	173	0
1528079692.494224000	72.6471	101	1
1528079692.724654000	72.8775	393	1
1528079692.724739000	72.8776	260	1
1528079692.741717000	72.8946	87	0
1528079692.847919000	73.0008	233	0
1528079692.849289000	73.0021	148	0
1528079692.850916000	73.0038	92	0
1528079692.852298000	73.0052	333	0
1528079692.852322000	73.0052	107	1
1528079692.856308000	73.0092	98	1
1528079693.133745000	73.2866	808	1
1528079693.133797000	73.2867	262	1
1528079693.167311000	73.3202	87	0
1528079693.294668000	73.4475	235	0
1528079693.296089000	73.4489	148	0
1528079693.297973000	73.4508	92	0
1528079693.298339000	73.4512	107	1
1528079693.299443000	73.4523	270	0
1528079693.303324000	73.4562	98	1
1528079693.461623000	73.6145	1113	1
1528079693.461679000	73.6145	261	1
1528079693.482042000	73.6349	87	0
1528079693.785246000	73.9381	306	0
1528079693.786670000	73.9395	148	0
1528079693.788523000	73.9414	92	0
1528079693.789312000	73.9422	107	1
1528079693.789988000	73.9428	268	0
1528079693.793296000	73.9462	98	1
1528079693.927970000	74.0808	445	1
1528079693.928065000	74.0809	254	1
1528079693.945968000	74.0988	87	0
1528079694.072847000	74.2257	235	0
1528079694.074336000	74.2272	148	0
1528079694.075871000	74.2287	92	0
1528079694.076386000	74.2292	107	1
1528079694.077313000	74.2302	291	0
1528079694.081402000	74.2343	98	1
1528079694.199782000	74.3526	390	1
1528079694.199842000	74.3527	316	1
1528079694.218576000	74.3714	87	0
1528079694.346619000	74.4995	235	0
1528079694.348044000	74.5009	148	0
1528079694.350478000	74.5033	104	1
1528079694.350713000	74.5036	92	0
1528079694.352163000	74.505	166	0
1528079694.354395000	74.5073	101	1
1528079694.544503000	74.6974	389	1
1528079694.544567000	74.6974	254	1
1528079694.562917000	74.7158	87	0
1528079694.690891000	74.8438	281	0
1528079694.692320000	74.8452	148	0
1528079694.693967000	74.8468	92	0
1528079694.694420000	74.8473	107	1
1528079694.695538000	74.8484	337	0
1528079694.699406000	74.8523	98	1
1528079696.726874000	76.8797	405	1
1528079696.726939000	76.8798	258	1
1528079696.745660000	76.8985	87	0
1528079697.045414000	77.1983	302	0
1528079697.046862000	77.1997	148	0
1528079697.048290000	77.2011	92	0
1528079697.049549000	77.2024	107	1
1528079697.049753000	77.2026	293	0
1528079697.053561000	77.2064	98	1
1528079697.183617000	77.3365	393	1
1528079697.183680000	77.3365	261	1
1528079697.203754000	77.3566	87	0
1528079697.318763000	77.4716	303	0
1528079697.320197000	77.4731	148	0
1528079697.322554000	77.4754	92	0
1528079697.322605000	77.4755	104	1
1528079697.324063000	77.4769	88	0
1528079697.326551000	77.4794	101	1
1528079697.599241000	77.7521	392	1
1528079697.599314000	77.7522	259	1
1528079697.618542000	77.7714	87	0
1528079697.724857000	77.8777	281	0
1528079697.726274000	77.8791	148	0
1528079697.728524000	77.8814	104	1
1528079697.729363000	77.8822	92	0
1528079697.730804000	77.8837	86	0
1528079697.733511000	77.8864	101	1
1528079698.132489000	78.2853	393	1
1528079698.132586000	78.2854	262	1
1528079698.151227000	78.3041	87	0
1528079698.268280000	78.4211	265	0
1528079698.269713000	78.4226	148	0
1528079698.271962000	78.4248	92	0
1528079698.272610000	78.4255	107	1
1528079698.273429000	78.4263	291	0
1528079698.277622000	78.4305	98	1
1528079698.509726000	78.6626	388	1
1528079698.509815000	78.6627	258	1
1528079698.537934000	78.6908	87	0
1528079698.646626000	78.7995	256	0
1528079698.648068000	78.8009	148	0
1528079698.650633000	78.8035	104	1
1528079698.651738000	78.8046	92	0
1528079698.653151000	78.806	274	0
1528079698.655626000	78.8085	101	1
1528079698.831600000	78.9845	388	1
1528079698.831689000	78.9845	258	1
1528079698.861188000	79.014	87	0
1528079698.968084000	79.1209	233	0
1528079698.969503000	79.1224	148	0
1528079698.972864000	79.1257	104	1
1528079698.973135000	79.126	789	1
1528079698.973203000	79.1261	1412	1
1528079698.973228000	79.1261	1412	1
1528079698.973262000	79.1261	1412	1
1528079698.973288000	79.1261	548	1
1528079698.973897000	79.1268	92	0
1528079698.975488000	79.1283	211	0
1528079698.977588000	79.1304	101	1
1528079698.996392000	79.1493	87	0
1528079699.100612000	79.2535	392	0
1528079699.102042000	79.2549	80	0
1528079699.104690000	79.2576	104	1
1528079699.140062000	79.2929	392	0
1528079699.143647000	79.2965	98	1
1528079699.316031000	79.4689	1112	1
1528079699.316109000	79.469	261	1
1528079699.337067000	79.4899	87	0
1528079699.521693000	79.6746	298	0
1528079699.523123000	79.676	148	0
1528079699.524651000	79.6775	92	0
1528079699.525684000	79.6785	107	1
1528079699.526117000	79.679	110	0
1528079699.529669000	79.6825	98	1
1528079699.624704000	79.7776	389	1
1528079699.624799000	79.7777	258	1
1528079699.643124000	79.796	87	0
1528079699.761069000	79.9139	233	0
1528079699.762512000	79.9154	148	0
1528079699.764065000	79.9169	92	0
1528079699.764696000	79.9176	107	1
1528079699.765661000	79.9185	195	0
1528079699.769683000	79.9225	98	1
1528079699.848777000	80.0016	441	1
1528079699.848868000	80.0017	258	1
1528079699.873205000	80.0261	87	0
1528079699.993243000	80.1461	235	0
1528079699.994700000	80.1476	148	0
1528079699.996734000	80.1496	104	1
1528079699.999390000	80.1522	92	0
1528079700.000839000	80.1537	302	0
1528079700.002696000	80.1556	101	1
1528079700.272899000	80.4258	390	1
1528079700.272991000	80.4259	261	1
1528079700.290697000	80.4436	87	0
1528079700.445704000	80.5986	313	0
1528079700.447075000	80.5999	148	0
1528079700.449733000	80.6026	104	1
1528079700.452065000	80.6049	92	0
1528079700.453543000	80.6064	107	0
1528079700.455732000	80.6086	101	1
1528079700.710942000	80.8638	390	1
1528079700.711001000	80.8639	259	1
1528079700.729474000	80.8823	87	0
1528079700.852689000	81.0055	232	0
1528079700.854050000	81.0069	148	0
1528079700.856385000	81.0092	92	0
1528079700.856682000	81.0095	107	1
1528079700.857851000	81.0107	194	0
1528079700.861771000	81.0146	98	1
1528079700.896952000	81.0498	232	0
1528079700.900763000	81.0536	98	1
1528079701.088928000	81.2418	403	1
1528079701.089024000	81.2419	258	1
1528079701.104005000	81.2569	100	0
1528079701.107234000	81.2601	87	0
1528079701.107757000	81.2606	101	1
1528079701.252551000	81.4054	256	0
1528079701.253904000	81.4068	158	0
1528079701.256784000	81.4096	101	1
1528079701.259352000	81.4122	117	0
1528079701.262770000	81.4156	98	1
1528079701.551072000	81.7039	392	1
1528079701.551134000	81.704	261	1
1528079701.570871000	81.7237	87	0
1528079701.700637000	81.8535	255	0
1528079701.702064000	81.8549	148	0
1528079701.704570000	81.8574	92	0
1528079701.704823000	81.8577	107	1
1528079701.706026000	81.8589	108	0
1528079701.709820000	81.8627	98	1
1528079701.965596000	82.1185	390	1
1528079701.965672000	82.1185	259	1
1528079701.983039000	82.1359	87	0
1528079702.109504000	82.2624	279	0
1528079702.110936000	82.2638	148	0
1528079702.113210000	82.2661	92	0
1528079702.113832000	82.2667	107	1
1528079702.114758000	82.2676	142	0
1528079702.118774000	82.2716	98	1
1528079702.462960000	82.6158	392	1
1528079702.463045000	82.6159	260	1
1528079702.482464000	82.6353	87	0
1528079702.609862000	82.7627	326	0
1528079702.611349000	82.7642	148	0
1528079702.613854000	82.7667	104	1
1528079702.614381000	82.7672	92	0
1528079702.615819000	82.7687	123	0
1528079702.617916000	82.7708	101	1
1528079702.756908000	82.9098	389	1
1528079702.756974000	82.9098	258	1
1528079702.776567000	82.9294	87	0
1528079702.908834000	83.0617	258	0
1528079702.910265000	83.0631	148	0
1528079702.912607000	83.0655	92	0
1528079702.912838000	83.0657	107	1
1528079702.914069000	83.0669	335	0
1528079702.917861000	83.0707	98	1
1528079703.211044000	83.3639	390	1
1528079703.211138000	83.364	261	1
1528079703.242880000	83.3957	87	0
1528079703.356814000	83.5097	268	0
1528079703.358300000	83.5112	148	0
1528079703.360928000	83.5138	104	1
1528079703.361373000	83.5142	92	0
1528079703.362815000	83.5157	170	0
1528079703.364888000	83.5177	101	1
1528079703.649314000	83.8022	809	1
1528079703.649375000	83.8022	259	1
1528079703.670581000	83.8234	87	0
1528079703.783440000	83.9363	259	0
1528079703.784897000	83.9378	148	0
1528079703.786914000	83.9398	92	0
1528079703.786973000	83.9398	104	1
1528079703.788621000	83.9415	188	0
1528079703.790920000	83.9438	101	1
1528079703.947078000	84.0999	1113	1
1528079703.947167000	84.1	260	1
1528079703.966406000	84.1193	87	0
1528079704.083010000	84.2359	233	0
1528079704.084480000	84.2373	148	0
1528079704.086509000	84.2394	92	0
1528079704.086881000	84.2397	107	1
1528079704.087978000	84.2408	224	0
1528079704.091887000	84.2447	98	1
1528079704.451159000	84.604	389	1
1528079704.451254000	84.6041	259	1
1528079704.470256000	84.6231	87	0
1528079704.602791000	84.7557	258	0
1528079704.604292000	84.7572	148	0
1528079704.606647000	84.7595	92	0
1528079704.606906000	84.7598	107	1
1528079704.608113000	84.761	201	0
1528079704.611982000	84.7648	98	1
1528079704.859309000	85.0122	442	1
1528079704.859374000	85.0122	258	1
1528079704.877190000	85.0301	87	0
1528079705.002575000	85.1554	235	0
1528079705.003966000	85.1568	148	0
1528079705.005715000	85.1586	92	0
1528079705.007007000	85.1599	107	1
1528079705.007121000	85.16	92	0
1528079705.010982000	85.1638	98	1
1528079705.273244000	85.4261	389	1
1528079705.273336000	85.4262	261	1
1528079705.290944000	85.4438	87	0
1528079705.399555000	85.5524	298	0
1528079705.400987000	85.5538	148	0
1528079705.402987000	85.5558	92	0
1528079705.403036000	85.5559	104	1
1528079705.404439000	85.5573	211	0
1528079705.407011000	85.5599	101	1
1528079705.641132000	85.794	388	1
1528079705.641197000	85.7941	258	1
1528079705.660348000	85.8132	87	0
1528079705.784840000	85.9377	232	0
1528079705.786347000	85.9392	148	0
1528079705.788521000	85.9414	92	0
1528079705.789042000	85.9419	107	1
1528079705.789984000	85.9428	85	0
1528079705.794053000	85.9469	98	1
1528079705.905278000	86.0581	403	1
1528079705.905342000	86.0582	258	1
1528079705.924671000	86.0775	87	0
1528079706.042491000	86.1954	233	0
1528079706.043910000	86.1968	148	0
1528079706.045822000	86.1987	92	0
1528079706.046057000	86.1989	107	1
1528079706.047290000	86.2002	134	0
1528079706.051045000	86.2039	98	1
1528079706.118960000	86.2718	389	1
1528079706.119045000	86.2719	258	1
1528079706.137907000	86.2908	87	0
1528079706.256571000	86.4094	287	0
1528079706.258003000	86.4109	148	0
1528079706.259724000	86.4126	92	0
1528079706.259988000	86.4128	107	1
1528079706.261156000	86.414	150	0
1528079706.265057000	86.4179	98	1
1528079706.403900000	86.5568	392	1
1528079706.403955000	86.5568	222	1
1528079706.422102000	86.575	87	0
1528079706.563832000	86.7167	255	0
1528079706.565324000	86.7182	148	0
1528079706.566759000	86.7196	92	0
1528079706.568090000	86.7209	107	1
1528079706.568130000	86.721	134	0
1528079706.572083000	86.7249	98	1
1528079706.954747000	87.1076	390	1
1528079706.954841000	87.1077	378	1
1528079706.973647000	87.1265	87	0
1528079707.080183000	87.233	255	0
1528079707.081660000	87.2345	148	0
1528079707.084070000	87.2369	92	0
1528079707.084129000	87.237	104	1
1528079707.085703000	87.2386	221	0
1528079707.088165000	87.241	101	1
1528079708.279139000	88.432	392	1
1528079708.279235000	88.4321	261	1
1528079708.297980000	88.4508	87	0
1528079708.407240000	88.5601	258	0
1528079708.408679000	88.5615	148	0
1528079708.410579000	88.5634	92	0
1528079708.411137000	88.564	107	1
1528079708.412036000	88.5649	92	0
1528079708.416155000	88.569	98	1
1528079708.757288000	88.9101	390	1
1528079708.757354000	88.9102	258	1
1528079708.775728000	88.9286	87	0
1528079708.895003000	89.0479	281	0
1528079708.896443000	89.0493	148	0
1528079708.897865000	89.0507	92	0
1528079708.899175000	89.052	107	1
1528079708.899297000	89.0522	225	0
1528079708.903181000	89.056	98	1
1528079709.131416000	89.2843	809	1
1528079709.131503000	89.2844	258	1
1528079709.150524000	89.3034	87	0
1528079709.302619000	89.4555	305	0
1528079709.303967000	89.4568	148	0
1528079709.306209000	89.4591	104	1
1528079709.307068000	89.4599	92	0
1528079709.308508000	89.4614	160	0
1528079709.311200000	89.4641	101	1
1528079709.385202000	89.5381	1113	1
1528079709.385282000	89.5381	258	1
1528079709.404877000	89.5577	87	0
1528079709.520973000	89.6738	278	0
1528079709.522460000	89.6753	148	0
1528079709.525236000	89.6781	92	0
1528079709.525294000	89.6782	104	1
1528079709.526767000	89.6796	200	0
1528079709.529191000	89.6821	101	1
1528079709.608190000	89.761	388	1
1528079709.608255000	89.7611	258	1
1528079709.628111000	89.781	87	0
1528079709.738245000	89.8911	267	0
1528079709.739714000	89.8926	148	0
1528079709.742267000	89.8951	104	1
1528079709.742342000	89.8952	92	0
1528079709.743866000	89.8967	326	0
1528079709.746261000	89.8991	101	1
1528079709.913414000	90.0663	447	1
1528079709.913508000	90.0664	260	1
1528079709.933546000	90.0864	87	0
1528079710.062051000	90.2149	235	0
1528079710.063476000	90.2163	148	0
1528079710.065715000	90.2186	92	0
1528079710.066292000	90.2192	107	1
1528079710.067148000	90.22	209	0
1528079710.071279000	90.2241	98	1
1528079710.409101000	90.562	393	1
1528079710.409200000	90.5621	259	1
1528079710.426757000	90.5796	87	0
1528079710.542071000	90.6949	256	0
1528079710.543558000	90.6964	148	0
1528079710.545811000	90.6987	92	0
1528079710.546307000	90.6992	107	1
1528079710.547278000	90.7001	148	0
1528079710.551242000	90.7041	98	1
1528079710.784466000	90.9373	389	1
1528079710.784528000	90.9374	258	1
1528079710.802926000	90.9558	87	0
1528079711.110086000	91.2629	233	0
1528079711.111520000	91.2644	148	0
1528079711.114346000	91.2672	104	1
1528079711.114597000	91.2675	92	0
1528079711.116029000	91.2689	100	0
1528079711.118332000	91.2712	101	1
1528079711.278418000	91.4313	401	1
1528079711.278482000	91.4313	260	1
1528079711.297703000	91.4506	87	0
1528079711.437552000	91.5904	255	0
1528079711.438978000	91.5918	148	0
1528079711.441369000	91.5942	104	1
1528079711.442453000	91.5953	92	0
1528079711.443887000	91.5967	106	0
1528079711.446350000	91.5992	101	1
1528079713.061147000	93.214	391	1
1528079713.061217000	93.2141	258	1
1528079713.080058000	93.2329	87	0
1528079713.210991000	93.3639	297	0
1528079713.212409000	93.3653	148	0
1528079713.214588000	93.3674	104	1
1528079713.215494000	93.3684	92	0
1528079713.216937000	93.3698	158	0
1528079713.219580000	93.3724	101	1
1528079713.283178000	93.436	388	1
1528079713.283262000	93.4361	258	1
1528079713.301692000	93.4546	87	0
1528079713.612762000	93.7656	255	0
1528079713.614154000	93.767	148	0
1528079713.616686000	93.7695	104	1
1528079713.618054000	93.7709	92	0
1528079713.619589000	93.7724	108	0
1528079713.621674000	93.7745	101	1
1528079713.757037000	93.9099	388	1
1528079713.757096000	93.91	261	1
1528079713.776101000	93.929	87	0
1528079713.891632000	94.0445	289	0
1528079713.893057000	94.0459	148	0
1528079713.895655000	94.0485	104	1
1528079713.896126000	94.049	92	0
1528079713.897639000	94.0505	210	0
1528079713.899649000	94.0525	101	1
1528079714.087081000	94.2399	390	1
1528079714.087157000	94.24	258	1
1528079714.104717000	94.2576	87	0
1528079714.256686000	94.4095	235	0
1528079714.258152000	94.411	148	0
1528079714.260381000	94.4132	92	0
1528079714.260637000	94.4135	107	1
1528079714.261846000	94.4147	335	0
1528079714.265691000	94.4186	98	1
1528079714.328730000	94.4816	390	1
1528079714.328798000	94.4817	258	1
1528079714.347811000	94.5007	87	0
1528079714.473598000	94.6265	256	0
1528079714.475069000	94.6279	148	0
1528079714.477727000	94.6306	104	1
1528079714.478316000	94.6312	92	0
1528079714.479709000	94.6326	287	0
1528079714.481709000	94.6346	101	1
1528079714.602827000	94.7557	389	1
1528079714.602920000	94.7558	258	1
1528079714.634797000	94.7877	389	1
1528079714.666791000	94.8197	258	1
1528079714.667696000	94.8206	87	0
1528079714.686947000	94.8398	87	0
1528079714.791865000	94.9447	258	0
1528079714.793293000	94.9462	148	0
1528079714.795743000	94.9486	107	1
1528079714.797435000	94.9503	92	0
1528079714.798947000	94.9518	174	0
1528079714.800725000	94.9536	101	1
1528079715.032641000	95.1855	812	1
1528079715.032704000	95.1856	263	1
1528079715.052379000	95.2052	87	0
1528079715.205391000	95.3583	232	0
1528079715.206752000	95.3596	148	0
1528079715.209763000	95.3626	104	1
1528079715.209833000	95.3627	92	0
1528079715.211357000	95.3642	223	0
1528079715.213748000	95.3666	101	1
1528079715.475920000	95.6288	1111	1
1528079715.476030000	95.6289	258	1
1528079715.495454000	95.6483	87	0
1528079715.631087000	95.7839	302	0
1528079715.632539000	95.7854	148	0
1528079715.634793000	95.7877	104	1
1528079715.635239000	95.7881	92	0
1528079715.636687000	95.7895	258	0
1528079715.638788000	95.7916	101	1
1528079715.880989000	96.0338	388	1
1528079715.881084000	96.0339	258	1
1528079715.900428000	96.0533	87	0
1528079716.011583000	96.1644	302	0
1528079716.013001000	96.1659	148	0
1528079716.015490000	96.1683	92	0
1528079716.015744000	96.1686	107	1
1528079716.016930000	96.1698	119	0
1528079716.020802000	96.1737	98	1
1528079716.351540000	96.5044	441	1
1528079716.351606000	96.5045	259	1
1528079716.369758000	96.5226	87	0
1528079716.685620000	96.8385	279	0
1528079716.686971000	96.8398	148	0
1528079716.689436000	96.8423	92	0
1528079716.689852000	96.8427	107	1
1528079716.690908000	96.8438	337	0
1528079716.694869000	96.8477	98	1
1528079716.790929000	96.9438	388	1
1528079716.791025000	96.9439	258	1
1528079716.811445000	96.9643	87	0
1528079717.018534000	97.1714	267	0
1528079717.019892000	97.1728	148	0
1528079717.022870000	97.1757	104	1
1528079717.023420000	97.1763	92	0
1528079717.024860000	97.1777	102	0
1528079717.026850000	97.1797	101	1
1528079717.234070000	97.3869	392	1
1528079717.234168000	97.387	259	1
1528079717.252072000	97.4049	87	0
1528079717.388376000	97.5412	235	0
1528079717.389809000	97.5427	148	0
1528079717.391890000	97.5447	104	1
1528079717.392113000	97.545	92	0
1528079717.393565000	97.5464	89	0
1528079717.395881000	97.5487	101	1
1528079717.763107000	97.916	405	1
1528079717.763168000	97.916	261	1
1528079717.786358000	97.9392	87	0
1528079717.898105000	98.051	255	0
1528079717.899595000	98.0525	148	0
1528079717.901915000	98.0548	104	1
1528079717.901950000	98.0548	92	0
1528079717.903484000	98.0563	289	0
1528079717.905840000	98.0587	101	1
1528079718.175109000	98.328	390	1
1528079718.175173000	98.328	258	1
1528079718.194853000	98.3477	87	0
1528079718.369201000	98.5221	235	0
1528079718.370680000	98.5235	148	0
1528079718.372125000	98.525	92	0
1528079718.372939000	98.5258	107	1
1528079718.373639000	98.5265	276	0
1528079718.376950000	98.5298	98	1
1528079718.657578000	98.8104	389	1
1528079718.657672000	98.8105	258	1
1528079718.675775000	98.8286	87	0
1528079718.801337000	98.9542	256	0
1528079718.802706000	98.9556	148	0
1528079718.804991000	98.9579	104	1
1528079718.806286000	98.9591	92	0
1528079718.808807000	98.9617	111	0
1528079718.809888000	98.9627	101	1
1528079718.934853000	99.0877	392	1
1528079718.934938000	99.0878	260	1
1528079718.954087000	99.1069	87	0
1528079719.068302000	99.2212	275	0
1528079719.069734000	99.2226	148	0
1528079719.071759000	99.2246	92	0
1528079719.072011000	99.2249	107	1
1528079719.073171000	99.226	167	0
1528079719.076932000	99.2298	98	1
1528079719.435208000	99.5881	388	1
1528079719.435268000	99.5881	259	1
1528079719.468075000	99.6209	388	1
1528079719.473575000	99.6264	87	0
1528079719.486372000	99.6392	87	0
1528079719.787667000	99.9405	258	0
1528079719.789047000	99.9419	148	0
1528079719.792014000	99.9449	107	1
1528079719.792355000	99.9452	92	0
1528079719.793799000	99.9467	243	0
1528079719.796007000	99.9489	101	1
1528079719.802843000	99.9557	390	1
1528079719.802932000	99.9558	258	1
1528079719.821500000	99.9744	87	0
1528079719.936306000	100.089	287	0
1528079719.937655000	100.091	148	0
1528079719.940030000	100.093	104	1
1528079719.941069000	100.094	92	0
1528079719.942568000	100.095	232	0
1528079719.945013000	100.098	101	1
1528079720.038183000	100.191	808	1
1528079720.038276000	100.191	260	1
1528079720.056722000	100.21	87	0
1528079720.178540000	100.331	233	0
1528079720.179967000	100.333	148	0
1528079720.181557000	100.334	92	0
1528079720.182042000	100.335	107	1
1528079720.183010000	100.336	151	0
1528079720.187044000	100.34	98	1
1528079720.343138000	100.496	1112	1
1528079720.343201000	100.496	258	1
1528079720.362245000	100.515	87	0
1528079720.477574000	100.63	256	0
1528079720.479043000	100.632	148	0
1528079720.481026000	100.634	104	1
1528079720.481485000	100.634	92	0
1528079720.482928000	100.636	186	0
1528079720.485108000	100.638	101	1
1528079720.655052000	100.808	388	1
1528079720.655145000	100.808	258	1
1528079720.672583000	100.825	87	0
1528079720.795952000	100.949	256	0
1528079720.797396000	100.95	148	0
1528079720.800076000	100.953	104	1
1528079720.800611000	100.953	92	0
1528079720.802042000	100.955	99	0
1528079720.804074000	100.957	101	1
1528079720.949360000	101.102	442	1
1528079720.949420000	101.102	258	1
1528079720.969303000	101.122	87	0
1528079721.095262000	101.248	235	0
1528079721.096678000	101.25	148	0
1528079721.098885000	101.252	92	0
1528079721.099089000	101.252	107	1
1528079721.100421000	101.253	278	0
1528079721.104091000	101.257	98	1
1528079721.285955000	101.439	389	1
1528079721.286067000	101.439	259	1
1528079721.303755000	101.457	87	0
1528079721.426532000	101.579	304	0
1528079721.427941000	101.581	148	0
1528079721.430058000	101.583	104	1
1528079721.431784000	101.585	92	0
1528079721.433221000	101.586	86	0
1528079721.435035000	101.588	101	1
1528079721.741156000	101.894	390	1
1528079721.741251000	101.894	260	1
1528079721.768383000	101.921	87	0
1528079721.884100000	102.037	303	0
1528079721.885651000	102.039	148	0
1528079721.887181000	102.04	92	0
1528079721.888140000	102.041	107	1
1528079721.890225000	102.043	304	0
1528079721.894119000	102.047	98	1
1528079722.048061000	102.201	392	1
1528079722.048151000	102.201	259	1
1528079722.070629000	102.223	87	0
1528079722.189318000	102.342	255	0
1528079722.190748000	102.344	148	0
1528079722.193104000	102.346	104	1
1528079722.194107000	102.347	92	0
1528079722.195665000	102.349	316	0
1528079722.198088000	102.351	101	1
1528079722.583327000	102.736	400	1
1528079722.583420000	102.736	258	1
1528079722.602434000	102.755	87	0
1528079722.736364000	102.889	291	0
1528079722.737868000	102.891	148	0
1528079722.740134000	102.893	104	1
1528079722.740904000	102.894	92	0
1528079722.742345000	102.895	163	0
1528079722.745123000	102.898	101	1
1528079722.857129000	103.01	390	1
1528079722.857214000	103.01	260	1
1528079722.876074000	103.029	87	0
1528079722.995109000	103.148	236	0
1528079722.996595000	103.149	148	0
1528079722.998885000	103.152	92	0
1528079722.999143000	103.152	107	1
1528079723.000352000	103.153	314	0
1528079723.004172000	103.157	98	1
1528079723.091450000	103.244	393	1
1528079723.091538000	103.244	258	1
1528079723.123845000	103.277	87	0
1528079723.132456000	103.285	87	0
1528079723.245969000	103.399	233	0
1528079723.247383000	103.4	148	0
1528079723.248813000	103.402	92	0
1528079723.250163000	103.403	110	1
1528079723.250291000	103.403	118	0
1528079723.254154000	103.407	98	1
1528079723.342116000	103.495	389	1
1528079723.342209000	103.495	258	1
1528079723.361346000	103.514	87	0
1528079723.481687000	103.635	256	0
1528079723.483071000	103.636	148	0
1528079723.485195000	103.638	104	1
1528079723.486539000	103.639	92	0
1528079723.488058000	103.641	313	0
1528079723.490177000	103.643	101	1
1528079723.650214000	103.803	389	1
1528079723.650271000	103.803	258	1
1528079723.678300000	103.831	87	0
1528079723.802871000	103.956	235	0
1528079723.804259000	103.957	148	0
1528079723.807111000	103.96	92	0
1528079723.807223000	103.96	104	1
1528079723.809697000	103.963	176	0
1528079723.811241000	103.964	101	1
1528079723.974302000	104.127	390	1
1528079723.974366000	104.127	258	1
1528079723.992741000	104.146	87	0
1528079724.121901000	104.275	275	0
1528079724.123263000	104.276	148	0
1528079724.126294000	104.279	104	1
1528079724.128068000	104.281	92	0
1528079724.129524000	104.282	239	0
1528079724.132204000	104.285	101	1
1528079724.297349000	104.45	812	1
1528079724.297438000	104.45	260	1
1528079724.316072000	104.469	87	0
1528079724.426051000	104.579	255	0
1528079724.427487000	104.58	148	0
1528079724.430287000	104.583	104	1
1528079724.430971000	104.584	92	0
1528079724.432513000	104.585	102	0
1528079724.434356000	104.587	101	1
1528079724.730546000	104.883	1111	1
1528079724.730605000	104.883	259	1
1528079724.750561000	104.903	87	0
1528079724.882836000	105.036	287	0
1528079724.884257000	105.037	148	0
1528079724.885754000	105.039	92	0
1528079724.886296000	105.039	107	1
1528079724.887218000	105.04	131	0
1528079724.891280000	105.044	98	1
1528079725.089427000	105.242	389	1
1528079725.089523000	105.242	260	1
1528079725.108163000	105.261	87	0
1528079725.230712000	105.384	235	0
1528079725.232084000	105.385	148	0
1528079725.234328000	105.387	104	1
1528079725.235443000	105.388	92	0
1528079725.236820000	105.39	306	0
1528079725.239323000	105.392	101	1
1528079725.367348000	105.52	424	1
1528079725.367453000	105.52	1412	1
1528079725.367490000	105.52	1412	1
1528079725.367518000	105.52	1412	1
1528079725.367551000	105.52	767	1
1528079725.385060000	105.538	87	0
1528079725.488309000	105.641	412	0
1528079725.492313000	105.645	101	1
1528079725.493630000	105.646	80	0
1528079725.497361000	105.65	98	1
1528079725.593424000	105.746	393	1
1528079725.593521000	105.746	502	1
1528079725.612345000	105.765	87	0
1528079725.738598000	105.891	256	0
1528079725.740003000	105.893	148	0
1528079725.742324000	105.895	104	1
1528079725.742809000	105.896	92	0
1528079725.744280000	105.897	196	0
1528079725.746309000	105.899	101	1
1528079725.816442000	105.969	393	1
1528079725.816536000	105.969	440	1
1528079725.838887000	105.992	87	0
1528079726.005568000	106.158	279	0
1528079726.007008000	106.16	148	0
1528079726.009370000	106.162	104	1
1528079726.011659000	106.165	92	0
1528079726.013072000	106.166	149	0
1528079726.015367000	106.168	101	1
1528079727.137968000	107.291	405	1
1528079727.138062000	107.291	262	1
1528079727.158107000	107.311	87	0
1528079727.276930000	107.43	329	0
1528079727.278354000	107.431	148	0
1528079727.280424000	107.433	104	1
1528079727.281039000	107.434	92	0
1528079727.282464000	107.435	254	0
1528079727.284462000	107.437	101	1
1528079727.354984000	107.508	394	1
1528079727.355056000	107.508	261	1
1528079727.373891000	107.527	87	0
1528079727.500899000	107.654	281	0
1528079727.502322000	107.655	148	0
1528079727.503801000	107.657	92	0
1528079727.504388000	107.657	107	1
1528079727.505316000	107.658	301	0
1528079727.509411000	107.662	98	1
1528079727.616176000	107.769	394	1
1528079727.616268000	107.769	264	1
1528079727.643619000	107.796	87	0
1528079727.772029000	107.925	265	0
1528079727.773447000	107.926	148	0
1528079727.775118000	107.928	92	0
1528079727.775405000	107.928	107	1
1528079727.776585000	107.929	219	0
1528079727.780407000	107.933	98	1
1528079728.056398000	108.209	393	1
1528079728.056478000	108.209	266	1
1528079728.075269000	108.228	87	0
1528079728.181065000	108.334	233	0
1528079728.182467000	108.335	148	0
1528079728.185436000	108.338	104	1
1528079728.185782000	108.339	92	0
1528079728.187225000	108.34	170	0
1528079728.189440000	108.342	101	1
1528079728.367372000	108.52	369	1
1528079728.367463000	108.52	1412	1
1528079728.367487000	108.52	1412	1
1528079728.367520000	108.52	1412	1
1528079728.367549000	108.52	1412	1
1528079728.367582000	108.52	325	1
1528079728.386495000	108.539	87	0
1528079728.487694000	108.641	741	1
1528079728.487774000	108.641	266	1
1528079728.506073000	108.659	87	0
1528079728.521943000	108.675	398	0
1528079728.525529000	108.678	104	1
1528079728.525698000	108.679	80	0
1528079728.529534000	108.682	98	1
1528079728.812522000	108.965	284	0
1528079728.813917000	108.967	148	0
1528079728.816538000	108.969	101	1
1528079728.816578000	108.969	92	0
1528079728.818341000	108.971	227	0
1528079728.820482000	108.973	101	1
1528079728.917825000	109.071	388	1
1528079728.917885000	109.071	266	1
1528079728.952610000	109.105	388	1
1528079728.961911000	109.115	87	0
1528079728.977073000	109.13	87	0
1528079729.086310000	109.239	235	0
1528079729.087734000	109.241	148	0
1528079729.090407000	109.243	92	0
1528079729.090524000	109.243	107	1
1528079729.091867000	109.245	254	0
1528079729.094491000	109.247	101	1
1528079729.145386000	109.298	1112	1
1528079729.145452000	109.298	264	1
1528079729.174009000	109.327	87	0
1528079729.303952000	109.457	235	0
1528079729.305423000	109.458	148	0
1528079729.307505000	109.46	104	1
1528079729.308233000	109.461	92	0
1528079729.309678000	109.463	133	0
1528079729.311494000	109.464	101	1
1528079729.619609000	109.772	393	1
1528079729.619694000	109.773	254	1
1528079729.637529000	109.79	87	0
1528079729.747522000	109.9	310	0
1528079729.748950000	109.902	148	0
1528079729.751339000	109.904	92	0
1528079729.751592000	109.904	107	1
1528079729.752736000	109.906	229	0
1528079729.756544000	109.909	98	1
1528079732.613718000	112.767	445	1
1528079732.613784000	112.767	259	1
1528079732.633678000	112.787	87	0
1528079732.767413000	112.92	259	0
1528079732.768847000	112.922	148	0
1528079732.771094000	112.924	104	1
1528079732.772810000	112.926	92	0
1528079732.774281000	112.927	289	0
1528079732.776096000	112.929	101	1
1528079732.825362000	112.978	391	1
1528079732.825456000	112.978	259	1
1528079732.845073000	112.998	87	0
1528079732.950872000	113.104	236	0
1528079732.952226000	113.105	148	0
1528079732.955104000	113.108	104	1
1528079732.955619000	113.108	92	0
1528079732.957064000	113.11	198	0
1528079732.959258000	113.112	101	1
1528079733.056366000	113.209	390	1
1528079733.056431000	113.209	259	1
1528079733.075069000	113.228	87	0
1528079733.085645000	113.239	87	0
1528079733.194961000	113.348	235	0
1528079733.196444000	113.349	148	0
1528079733.198693000	113.352	92	0
1528079733.199183000	113.352	110	1
1528079733.200111000	113.353	281	0
1528079733.204127000	113.357	98	1
1528079733.538994000	113.692	405	1
1528079733.539083000	113.692	263	1
1528079733.557657000	113.711	87	0
1528079733.692292000	113.845	327	0
1528079733.693730000	113.847	148	0
1528079733.696134000	113.849	104	1
1528079733.696163000	113.849	92	0
1528079733.697701000	113.851	291	0
1528079733.700127000	113.853	101	1
1528079733.842335000	113.995	394	1
1528079733.842403000	113.995	261	1
1528079733.861936000	114.015	87	0
1528079733.976666000	114.13	305	0
1528079733.978030000	114.131	148	0
1528079733.980173000	114.133	104	1
1528079733.980281000	114.133	92	0
1528079733.981776000	114.135	176	0
1528079733.984143000	114.137	101	1
1528079734.334530000	114.487	390	1
1528079734.334591000	114.487	263	1
1528079734.352448000	114.505	87	0
1528079734.379255000	114.532	303	1
1528079734.379353000	114.532	1412	1
1528079734.379392000	114.532	1412	1
1528079734.379427000	114.532	1412	1
1528079734.379459000	114.532	251	1
1528079734.396184000	114.549	100	0
1528079734.400197000	114.553	101	1
1528079734.400480000	114.553	87	0
1528079734.468726000	114.622	258	0
1528079734.470091000	114.623	148	0
1528079734.472205000	114.625	104	1
1528079734.473042000	114.626	92	0
1528079734.474570000	114.627	340	0
1528079734.477196000	114.63	101	1
1528079734.498728000	114.652	386	0
1528079734.502190000	114.655	98	1
1528079734.503985000	114.657	80	0
1528079734.508196000	114.661	98	1
1528079734.785788000	114.939	393	1
1528079734.785862000	114.939	564	1
1528079734.804599000	114.957	87	0
1528079734.915247000	115.068	288	0
1528079734.916709000	115.07	148	0
1528079734.919232000	115.072	92	0
1528079734.919352000	115.072	104	1
1528079734.920704000	115.074	309	0
1528079734.923297000	115.076	101	1
1528079735.065573000	115.218	391	1
1528079735.065663000	115.219	378	1
1528079735.084013000	115.237	87	0
1528079735.197034000	115.35	233	0
1528079735.198464000	115.351	148	0
1528079735.199894000	115.353	92	0
1528079735.201266000	115.354	107	1
1528079735.201282000	115.354	211	0
1528079735.205295000	115.358	98	1
1528079735.508342000	115.661	808	1
1528079735.508402000	115.661	254	1
1528079735.527162000	115.68	87	0
1528079735.634316000	115.787	256	0
1528079735.635790000	115.789	148	0
1528079735.637544000	115.79	92	0
1528079735.638245000	115.791	107	1
1528079735.639026000	115.792	136	0
1528079735.642255000	115.795	98	1
1528079735.828753000	115.982	1111	1
1528079735.828811000	115.982	259	1
1528079735.848445000	116.001	87	0
1528079735.854285000	116.007	87	0
1528079735.959484000	116.112	277	0
1528079735.960967000	116.114	148	0
1528079735.962813000	116.116	92	0
1528079735.963326000	116.116	110	1
1528079735.964244000	116.117	96	0
1528079735.968338000	116.121	98	1
1528079736.120700000	116.274	389	1
