1527914851.428645000	0	308	1
1527914851.449052000	0.0204072	87	0
1527914851.811935000	0.38329	546	0
1527914851.812614000	0.383969	1412	0
1527914851.813251000	0.384606	994	0
1527914851.813869000	0.385224	92	0
1527914851.814533000	0.385888	123	0
1527914851.822772000	0.394127	113	1
1527914851.974679000	0.546034	246	1
1527914851.991886000	0.563241	87	0
1527914852.140953000	0.712308	234	0
1527914852.141626000	0.712981	1412	0
1527914852.142267000	0.713622	998	0
1527914852.142898000	0.714253	92	0
1527914852.143557000	0.714912	260	0
1527914852.151240000	0.722595	113	1
1527914853.310930000	1.88229	210	1
1527914853.329931000	1.90129	87	0
1527914853.503296000	2.07465	348	0
1527914853.503952000	2.07531	1412	0
1527914853.504609000	2.07596	1412	0
1527914853.505324000	2.07668	1412	0
1527914853.505953000	2.07731	180	0
1527914853.506743000	2.0781	1412	0
1527914853.507383000	2.07874	1412	0
1527914853.507883000	2.07924	116	1
1527914853.508044000	2.0794	1412	0
1527914853.508671000	2.08003	188	0
1527914853.509356000	2.08071	1412	0
1527914853.510013000	2.08137	1412	0
1527914853.510670000	2.08203	1299	0
1527914853.511402000	2.08276	110	1
1527914853.512736000	2.08409	1412	0
1527914853.513457000	2.08481	1412	0
1527914853.514119000	2.08547	1412	0
1527914853.514743000	2.0861	188	0
1527914853.515427000	2.08678	1200	0
1527914853.518307000	2.08966	98	1
1527914853.531445000	2.1028	110	1
1527914853.547971000	2.11933	1412	0
1527914853.548616000	2.11997	1412	0
1527914853.549333000	2.12069	1412	0
1527914853.549964000	2.12132	198	0
1527914853.550652000	2.12201	1412	0
1527914853.551306000	2.12266	1411	0
1527914853.551447000	2.1228	113	1
1527914853.551983000	2.12334	1412	0
1527914853.552629000	2.12398	802	0
1527914853.553300000	2.12466	1412	0
1527914853.553959000	2.12531	1412	0
1527914853.554612000	2.12597	1412	0
1527914853.555271000	2.12663	1412	0
1527914853.555409000	2.12676	113	1
1527914853.555918000	2.12727	1110	0
1527914853.556663000	2.12802	1412	0
1527914853.557300000	2.12866	170	0
1527914853.557981000	2.12934	1412	0
1527914853.558639000	2.12999	1412	0
1527914853.559292000	2.13065	1412	0
1527914853.559438000	2.13079	113	1
1527914853.559918000	2.13127	188	0
1527914853.560603000	2.13196	1412	0
1527914853.561227000	2.13258	153	0
1527914853.562180000	2.13354	1412	0
1527914853.562835000	2.13419	1412	0
1527914853.563438000	2.13479	110	1
1527914853.563479000	2.13483	1412	0
1527914853.564113000	2.13547	188	0
1527914853.564857000	2.13621	794	0
1527914853.565529000	2.13688	1412	0
1527914853.566247000	2.1376	1412	0
1527914853.566916000	2.13827	1412	0
1527914853.567446000	2.1388	113	1
1527914853.567538000	2.13889	188	0
1527914853.568207000	2.13956	662	0
1527914853.568849000	2.1402	267	0
1527914853.571441000	2.1428	104	1
1527914853.976257000	2.54761	973	1
1527914853.976353000	2.54771	1412	1
1527914853.976393000	2.54775	906	1
1527914853.979712000	2.55107	218	1
1527914853.996804000	2.56816	87	0
1527914854.003330000	2.57469	87	0
1527914854.099225000	2.67058	400	0
1527914854.103483000	2.67484	104	1
1527914854.103500000	2.67485	80	0
1527914854.107446000	2.6788	98	1
1527914854.268187000	2.83954	217	1
1527914854.284476000	2.85583	87	0
1527914854.365171000	2.93653	331	0
1527914854.365844000	2.9372	1412	0
1527914854.366600000	2.93796	1412	0
1527914854.367316000	2.93867	1412	0
1527914854.367959000	2.93931	180	0
1527914854.368631000	2.93999	1412	0
1527914854.369287000	2.94064	1412	0
1527914854.369932000	2.94129	1071	0
1527914854.370457000	2.94181	122	1
1527914854.370555000	2.94191	92	0
1527914854.371216000	2.94257	115	0
1527914854.374714000	2.94607	101	1
1527914854.540100000	3.11146	889	1
1527914854.540311000	3.11167	742	1
1527914854.558094000	3.12945	87	0
1527914854.596986000	3.16834	405	0
1527914854.597667000	3.16902	1119	0
1527914854.599526000	3.17088	92	0
1527914854.600189000	3.17154	130	0
1527914854.601129000	3.17248	107	1
1527914854.605482000	3.17684	98	1
1527914854.713180000	3.28454	557	0
1527914854.713831000	3.28519	1002	0
1527914854.717492000	3.28885	101	1
1527914854.721053000	3.29241	395	1
1527914854.739971000	3.31133	87	0
1527914854.748294000	3.31965	368	0
1527914854.752505000	3.32386	101	1
1527914854.760947000	3.3323	279	0
1527914854.761588000	3.33294	437	0
1527914854.764587000	3.33594	101	1
1527914855.018541000	3.5899	279	1
1527914855.018631000	3.58999	144	1
1527914855.035942000	3.6073	87	0
1527914855.057326000	3.62868	155	1
1527914855.057414000	3.62877	190	1
1527914855.077184000	3.64854	87	0
1527914855.092695000	3.66405	1412	0
1527914855.093337000	3.66469	1412	0
1527914855.093997000	3.66535	1412	0
1527914855.094689000	3.66604	525	0
1527914855.095339000	3.66669	92	0
1527914855.096003000	3.66736	331	0
1527914855.099409000	3.67076	119	1
1527914855.177205000	3.74856	634	0
1527914855.177821000	3.74918	92	0
1527914855.178485000	3.74984	294	0
1527914855.181561000	3.75292	104	1
1527914855.872774000	4.44413	230	1
1527914855.896188000	4.46754	87	0
1527914855.936997000	4.50835	1263	1
1527914855.961413000	4.53277	90	0
1527914855.965544000	4.5369	101	1
1527914855.968121000	4.53948	87	0
1527914855.971772000	4.54313	1412	1
1527914855.971843000	4.5432	1412	1
1527914855.971875000	4.54323	246	1
1527914855.971930000	4.54329	844	1
1527914855.974227000	4.54558	299	0
1527914855.974923000	4.54628	1412	0
1527914855.975570000	4.54693	997	0
1527914855.976256000	4.54761	92	0
1527914855.977713000	4.54907	110	1
1527914855.996351000	4.56771	87	0
1527914856.002496000	4.57385	87	0
1527914856.018449000	4.5898	114	0
1527914856.022600000	4.59396	104	1
1527914856.023464000	4.59482	463	0
1527914856.024176000	4.59553	315	0
1527914856.027587000	4.59894	101	1
1527914856.296473000	4.86783	1412	0
1527914856.297127000	4.86848	1412	0
1527914856.297790000	4.86915	1412	0
1527914856.298449000	4.8698	537	0
1527914856.299097000	4.87045	400	0
1527914856.300566000	4.87192	110	1
1527914856.615593000	5.18695	1412	1
1527914856.615648000	5.187	339	1
1527914856.663072000	5.23443	1412	1
1527914856.680417000	5.25177	87	0
1527914856.697505000	5.26886	87	0
1527914856.851066000	5.42242	326	0
1527914856.851705000	5.42306	793	0
1527914856.852330000	5.42369	297	0
1527914856.854228000	5.42558	110	1
1527914857.060757000	5.63211	526	1
1527914857.060864000	5.63222	1412	1
1527914857.060890000	5.63225	1412	1
1527914857.060912000	5.63227	1412	1
1527914857.060974000	5.63233	1412	1
1527914857.060997000	5.63235	1412	1
1527914857.061033000	5.63239	1412	1
1527914857.061063000	5.63242	1412	1
1527914857.061101000	5.63246	1412	1
1527914857.061129000	5.63248	1412	1
1527914857.061166000	5.63252	1412	1
1527914857.062800000	5.63416	1412	1
1527914857.062845000	5.6342	1412	1
1527914857.064826000	5.63618	1269	1
1527914857.079762000	5.65112	87	0
1527914857.083187000	5.65454	87	0
1527914857.085650000	5.65701	87	0
1527914857.262558000	5.83391	376	0
1527914857.265040000	5.8364	107	1
1527914857.266632000	5.83799	80	0
1527914857.280692000	5.85205	98	1
1527914860.159218000	8.73057	334	1
1527914860.159303000	8.73066	1412	1
1527914860.159327000	8.73068	981	1
1527914860.159478000	8.73083	251	1
1527914860.178344000	8.7497	87	0
1527914860.253776000	8.82513	1323	1
1527914860.272420000	8.84378	87	0
1527914860.307886000	8.87924	399	0
1527914860.311207000	8.88256	80	0
1527914860.311843000	8.8832	107	1
1527914860.396531000	8.96789	311	0
1527914860.397176000	8.96853	382	0
1527914860.400715000	8.97207	101	1
1527914860.480309000	9.05166	658	0
1527914860.480942000	9.0523	306	0
1527914860.481589000	9.05294	97	0
1527914860.482221000	9.05358	121	1
1527914860.485117000	9.05647	252	1
1527914860.505594000	9.07695	87	0
1527914860.875407000	9.44676	871	0
1527914860.876062000	9.44742	1412	0
1527914860.876849000	9.4482	1412	0
1527914860.877517000	9.44887	1412	0
1527914860.878144000	9.4495	180	0
1527914860.878865000	9.45022	1412	0
1527914860.879520000	9.45088	1353	0
1527914860.879743000	9.4511	116	1
1527914860.880844000	9.4522	1412	0
1527914860.881503000	9.45286	1412	0
1527914860.882160000	9.45352	1412	0
1527914860.882792000	9.45415	188	0
1527914860.883479000	9.45483	1223	0
1527914860.883704000	9.45506	113	1
1527914860.885674000	9.45703	1412	0
1527914860.886397000	9.45775	1412	0
1527914860.887064000	9.45842	1412	0
1527914860.887687000	9.45904	188	0
1527914860.888977000	9.46033	84	0
1527914860.889705000	9.46106	110	1
1527914860.918232000	9.48959	1412	0
1527914860.918837000	9.49019	736	0
1527914860.919514000	9.49087	1412	0
1527914860.920235000	9.49159	1412	0
1527914860.920885000	9.49224	1412	0
1527914860.921512000	9.49287	180	0
1527914860.925746000	9.4971	1412	0
1527914860.926482000	9.49784	1412	0
1527914860.927121000	9.49848	98	1
1527914860.927649000	9.499	1412	0
1527914860.928337000	9.49969	180	0
1527914860.929032000	9.50039	1412	0
1527914860.929662000	9.50102	373	0
1527914860.930293000	9.50165	125	1
1527914860.930683000	9.50204	1412	0
1527914860.931342000	9.5027	1412	0
1527914860.932421000	9.50378	1412	0
1527914860.933294000	9.50465	188	0
1527914860.933980000	9.50534	1412	0
1527914860.934607000	9.50596	182	0
1527914860.935077000	9.50643	116	1
1527914860.935290000	9.50665	1412	0
1527914860.935946000	9.5073	1412	0
1527914860.936684000	9.50804	1412	0
1527914860.937315000	9.50867	188	0
1527914860.937995000	9.50935	1199	0
1527914860.938657000	9.51001	1412	0
1527914860.938730000	9.51009	110	1
1527914860.939313000	9.51067	1412	0
1527914860.939971000	9.51133	1412	0
1527914860.940592000	9.51195	188	0
1527914860.941267000	9.51262	963	0
1527914860.941936000	9.51329	1412	0
1527914860.942591000	9.51395	1306	0
1527914860.942750000	9.51411	116	1
1527914860.943237000	9.51459	749	0
1527914860.943903000	9.51526	1412	0
1527914860.944581000	9.51594	1326	0
1527914860.945231000	9.51659	1412	0
1527914860.945874000	9.51723	1412	0
1527914860.946591000	9.51795	344	0
1527914860.947210000	9.51857	110	0
1527914860.947924000	9.51928	116	1
1527914864.637630000	13.209	309	1
1527914864.637717000	13.2091	144	1
1527914864.638071000	13.2094	982	1
1527914864.638103000	13.2095	294	1
1527914864.638260000	13.2096	302	1
1527914864.638298000	13.2097	1412	1
1527914864.638334000	13.2097	1412	1
1527914864.638361000	13.2097	979	1
1527914864.638506000	13.2099	381	1
1527914864.638628000	13.21	302	1
1527914864.638792000	13.2101	476	1
1527914864.638821000	13.2102	87	1
1527914864.639195000	13.2106	329	1
1527914864.639245000	13.2106	109	1
1527914864.661090000	13.2324	87	0
1527914864.666266000	13.2376	87	0
1527914864.716650000	13.288	1412	0
1527914864.717320000	13.2887	1412	0
1527914864.717984000	13.2893	1412	0
1527914864.718633000	13.29	565	0
1527914864.719256000	13.2906	92	0
1527914864.719918000	13.2913	297	0
1527914864.720942000	13.2923	119	1
1527914864.786617000	13.358	284	0
1527914864.787294000	13.3586	1400	0
1527914864.788920000	13.3603	513	0
1527914864.789635000	13.361	592	0
1527914864.791308000	13.3627	107	1
1527914864.791828000	13.3632	233	0
1527914864.792536000	13.3639	151	0
1527914864.793206000	13.3646	635	0
1527914864.793975000	13.3653	467	0
1527914864.794778000	13.3661	697	0
1527914864.795425000	13.3668	484	0
1527914864.795941000	13.3673	113	1
1527914864.796189000	13.3675	92	0
1527914864.796883000	13.3682	835	0
1527914864.797534000	13.3689	291	0
1527914864.798255000	13.3696	649	0
1527914864.798907000	13.3703	519	0
1527914864.799559000	13.3709	439	0
1527914864.799928000	13.3713	113	1
1527914864.801640000	13.373	701	0
1527914864.802294000	13.3736	616	0
1527914864.802949000	13.3743	558	0
1527914864.804775000	13.3761	654	0
1527914864.804955000	13.3763	107	1
1527914864.806388000	13.3777	583	0
1527914864.807065000	13.3784	689	0
1527914864.809920000	13.3813	101	1
1527914864.830822000	13.4022	102	0
1527914864.831544000	13.4029	336	0
1527914864.835969000	13.4073	101	1
1527914864.903242000	13.4746	374	0
1527914864.904869000	13.4762	299	0
1527914864.905519000	13.4769	103	0
1527914864.906945000	13.4783	104	1
1527914864.907445000	13.4788	80	0
1527914864.908706000	13.4801	282	0
1527914864.911038000	13.4824	101	1
1527914864.918313000	13.4897	325	0
1527914864.919077000	13.4904	103	0
1527914864.923989000	13.4953	92	0
1527914864.926084000	13.4974	98	1
1527914864.927396000	13.4988	256	0
1527914864.930018000	13.5014	104	1
1527914864.999110000	13.5705	389	1
1527914864.999197000	13.5706	258	1
1527914865.019774000	13.5911	87	0
1527914865.030001000	13.6014	87	0
1527914865.067363000	13.6387	302	0
1527914865.068003000	13.6394	141	0
1527914865.070898000	13.6423	92	0
1527914865.070979000	13.6423	107	1
1527914865.071613000	13.643	101	0
1527914865.074972000	13.6463	101	1
1527914865.699211000	14.2706	268	0
1527914865.699907000	14.2713	146	0
1527914865.702432000	14.2738	92	0
1527914865.703096000	14.2745	222	0
1527914865.707983000	14.2793	107	1
1527914865.846977000	14.4183	1412	1
1527914865.847057000	14.4184	1412	1
1527914865.847078000	14.4184	478	1
1527914865.847148000	14.4185	843	1
1527914865.868185000	14.4395	87	0
1527914865.889274000	14.4606	462	0
1527914865.889935000	14.4613	229	0
1527914865.901098000	14.4725	104	1
1527914865.926818000	14.4982	462	0
1527914865.931012000	14.5024	98	1
1527914866.228985000	14.8003	1000	1
1527914866.229079000	14.8004	94	1
1527914866.248651000	14.82	87	0
1527914866.370176000	14.9415	270	0
1527914866.370833000	14.9422	562	0
1527914866.374176000	14.9455	94	0
1527914866.374362000	14.9457	104	1
1527914866.378008000	14.9494	98	1
1527914866.487111000	15.0585	401	1
1527914866.487816000	15.0592	294	1
1527914866.506209000	15.0776	87	0
1527914866.512241000	15.0836	87	0
1527914866.583847000	15.1552	393	1
1527914866.602078000	15.1734	87	0
1527914866.645776000	15.2171	258	0
1527914866.646484000	15.2178	118	0
1527914866.649271000	15.2206	92	0
1527914866.649930000	15.2213	167	0
1527914866.650082000	15.2214	110	1
1527914866.673573000	15.2449	407	1
1527914866.673771000	15.2451	1412	1
1527914866.673799000	15.2452	1412	1
1527914866.673841000	15.2452	1412	1
1527914866.673876000	15.2452	1412	1
1527914866.673913000	15.2453	1412	1
1527914866.673954000	15.2453	1412	1
1527914866.674010000	15.2454	1412	1
1527914866.674048000	15.2454	1412	1
1527914866.674083000	15.2454	1412	1
1527914866.674118000	15.2455	1412	1
1527914866.674156000	15.2455	1412	1
1527914866.676134000	15.2475	1412	1
1527914866.676187000	15.2475	1412	1
1527914866.678035000	15.2494	1412	1
1527914866.678076000	15.2494	1412	1
1527914866.680069000	15.2514	1412	1
1527914866.680109000	15.2515	1412	1
1527914866.692590000	15.2639	87	0
1527914866.692842000	15.2642	1412	1
1527914866.692882000	15.2642	1412	1
1527914866.694029000	15.2654	1412	1
1527914866.694068000	15.2654	1412	1
1527914866.695582000	15.2669	87	0
1527914866.695709000	15.2671	1412	1
1527914866.697040000	15.2684	1412	1
1527914866.697071000	15.2684	1412	1
1527914866.699045000	15.2704	1412	1
1527914866.699080000	15.2704	1412	1
1527914866.699119000	15.2705	1412	1
1527914866.699432000	15.2708	87	0
1527914866.701030000	15.2724	1412	1
1527914866.701060000	15.2724	1412	1
1527914866.703054000	15.2744	1412	1
1527914866.703114000	15.2745	1412	1
1527914866.705028000	15.2764	1412	1
1527914866.705057000	15.2764	1412	1
1527914866.707062000	15.2784	779	1
1527914866.708142000	15.2795	324	1
1527914866.708204000	15.2796	450	1
1527914866.711355000	15.2827	87	0
1527914866.715398000	15.2868	87	0
1527914866.718452000	15.2898	87	0
1527914866.724416000	15.2958	87	0
1527914866.727015000	15.2984	409	1
1527914866.727269000	15.2986	87	0
1527914866.746881000	15.3182	87	0
1527914866.761798000	15.3332	255	0
1527914866.762457000	15.3338	279	0
1527914866.766067000	15.3374	107	1
1527914866.766435000	15.3378	92	0
1527914866.767878000	15.3392	103	0
1527914866.770055000	15.3414	101	1
1527914866.780063000	15.3514	560	0
1527914866.780774000	15.3521	802	0
1527914866.781625000	15.353	92	0
1527914866.782285000	15.3536	147	0
1527914866.784057000	15.3554	107	1
1527914866.784305000	15.3557	502	0
1527914866.784714000	15.3561	115	1
1527914866.784951000	15.3563	80	0
1527914866.790067000	15.3614	98	1
1527914866.809918000	15.3813	87	0
1527914866.983248000	15.5546	373	0
1527914866.983883000	15.5552	146	0
1527914866.987179000	15.5585	92	0
1527914866.987832000	15.5592	330	0
1527914866.991080000	15.5624	110	1
1527914867.011075000	15.5824	1412	1
1527914867.011111000	15.5825	254	1
1527914867.020341000	15.5917	415	0
1527914867.024119000	15.5955	98	1
1527914867.029312000	15.6007	80	0
1527914867.033150000	15.6045	87	0
1527914867.033160000	15.6045	98	1
1527914867.164103000	15.7355	349	0
1527914867.164751000	15.7361	581	0
1527914867.168095000	15.7395	104	1
1527914867.178458000	15.7498	665	1
1527914867.196327000	15.7677	87	0
1527914867.319896000	15.8913	235	0
1527914867.320544000	15.8919	614	0
1527914867.324117000	15.8955	104	1
1527914867.372986000	15.9443	728	1
1527914867.373076000	15.9444	261	1
1527914867.392058000	15.9634	87	0
1527914867.648461000	16.2198	291	0
1527914867.649663000	16.221	146	0
1527914867.652088000	16.2234	104	1
1527914867.652435000	16.2238	92	0
1527914867.654135000	16.2255	108	0
1527914867.656158000	16.2275	101	1
1527914867.671775000	16.2431	450	1
1527914867.671864000	16.2432	248	1
1527914867.691557000	16.2629	87	0
1527914867.942617000	16.514	258	0
1527914867.943207000	16.5146	146	0
1527914867.946194000	16.5175	104	1
1527914867.946587000	16.5179	92	0
1527914867.947329000	16.5187	107	0
1527914867.950174000	16.5215	101	1
1527914868.126414000	16.6978	392	1
1527914868.126506000	16.6979	428	1
1527914868.146486000	16.7178	87	0
1527914868.256572000	16.8279	232	0
1527914868.257190000	16.8285	146	0
1527914868.260140000	16.8315	104	1
1527914868.261426000	16.8328	92	0
1527914868.262114000	16.8335	325	0
1527914868.265233000	16.8366	101	1
1527914868.409515000	16.9809	389	1
1527914868.409577000	16.9809	308	1
1527914868.429816000	17.0012	87	0
1527914868.433232000	17.0046	87	0
1527914868.530664000	17.102	235	0
1527914868.531318000	17.1027	146	0
1527914868.534252000	17.1056	107	1
1527914868.535392000	17.1067	92	0
1527914868.536046000	17.1074	242	0
1527914868.539224000	17.1106	101	1
1527914869.458712000	18.0301	392	1
1527914869.458777000	18.0301	255	1
1527914869.477095000	18.0484	87	0
1527914869.760065000	18.3314	259	0
1527914869.760630000	18.332	146	0
1527914869.761612000	18.333	92	0
1527914869.762261000	18.3336	103	0
1527914869.764233000	18.3356	110	1
1527914869.929630000	18.501	389	1
1527914869.929689000	18.501	253	1
1527914869.949494000	18.5208	87	0
1527914870.201603000	18.773	235	0
1527914870.202193000	18.7735	146	0
1527914870.205320000	18.7767	104	1
1527914870.206545000	18.7779	92	0
1527914870.207269000	18.7786	87	0
1527914870.210306000	18.7817	101	1
1527914870.302668000	18.874	392	1
1527914870.302729000	18.8741	254	1
1527914870.322765000	18.8941	87	0
1527914870.572909000	19.1443	255	0
1527914870.573606000	19.145	148	0
1527914870.575922000	19.1473	92	0
1527914870.576334000	19.1477	107	1
1527914870.576705000	19.1481	249	0
1527914870.580348000	19.1517	98	1
1527914870.703648000	19.275	386	1
1527914870.703738000	19.2751	255	1
1527914870.726587000	19.2979	87	0
1527914871.056542000	19.6279	235	0
1527914871.057137000	19.6285	148	0
1527914871.060364000	19.6317	104	1
1527914871.060780000	19.6321	92	0
1527914871.061433000	19.6328	110	0
1527914871.064361000	19.6357	101	1
1527914871.174666000	19.746	388	1
1527914871.174726000	19.7461	255	1
1527914871.193939000	19.7653	87	0
1527914871.444786000	20.0161	233	0
1527914871.445357000	20.0167	148	0
1527914871.447594000	20.0189	92	0
1527914871.448255000	20.0196	134	0
1527914871.448372000	20.0197	107	1
1527914871.452378000	20.0237	98	1
1527914871.688031000	20.2594	994	1
1527914871.688123000	20.2595	258	1
1527914871.704757000	20.2761	87	0
1527914871.837850000	20.4092	418	0
1527914871.838430000	20.4098	148	0
1527914871.841416000	20.4128	104	1
1527914871.842102000	20.4135	92	0
1527914871.842788000	20.4141	229	0
1527914871.846454000	20.4178	101	1
1527914871.966685000	20.538	582	1
1527914871.966785000	20.5381	255	1
1527914871.984503000	20.5559	87	0
1527914872.237179000	20.8085	275	0
1527914872.237770000	20.8091	148	0
1527914872.241441000	20.8128	104	1
1527914872.242068000	20.8134	92	0
1527914872.242733000	20.8141	263	0
1527914872.245424000	20.8168	101	1
1527914872.408699000	20.9801	729	1
1527914872.408789000	20.9801	256	1
1527914872.432268000	21.0036	87	0
1527914872.684724000	21.2561	254	0
1527914872.685316000	21.2567	148	0
1527914872.688128000	21.2595	92	0
1527914872.688407000	21.2598	107	1
1527914872.688807000	21.2602	104	0
1527914872.692471000	21.2638	98	1
1527914872.891058000	21.4624	447	1
1527914872.891152000	21.4625	259	1
1527914872.909465000	21.4808	87	0
1527914873.039828000	21.6112	239	0
1527914873.040409000	21.6118	148	0
1527914873.043488000	21.6148	104	1
1527914873.043822000	21.6152	92	0
1527914873.044510000	21.6159	225	0
1527914873.047474000	21.6188	101	1
1527914873.334864000	21.9062	391	1
1527914873.334956000	21.9063	257	1
1527914873.352582000	21.9239	87	0
1527914873.601222000	22.1726	281	0
1527914873.601820000	22.1732	148	0
1527914873.602832000	22.1742	92	0
1527914873.605504000	22.1769	107	1
1527914873.606567000	22.1779	194	0
1527914873.610446000	22.1818	98	1
1527914873.677891000	22.2492	387	1
1527914873.677960000	22.2493	258	1
1527914873.696646000	22.268	87	0
1527914873.703119000	22.2745	87	0
1527914873.801363000	22.3727	236	0
1527914873.801935000	22.3733	148	0
1527914873.803910000	22.3753	92	0
1527914873.804610000	22.376	197	0
1527914873.805435000	22.3768	113	1
1527914874.100942000	22.6723	388	1
1527914874.101035000	22.6724	258	1
1527914874.121488000	22.6928	87	0
1527914874.219037000	22.7904	268	0
1527914874.219655000	22.791	148	0
1527914874.222489000	22.7938	104	1
1527914874.222764000	22.7941	92	0
1527914874.223426000	22.7948	284	0
1527914874.226493000	22.7978	101	1
1527914874.542778000	23.1141	392	1
1527914874.542845000	23.1142	255	1
1527914874.560196000	23.1316	87	0
1527914874.688040000	23.2594	282	0
1527914874.688636000	23.26	148	0
1527914874.691398000	23.2628	92	0
1527914874.691632000	23.263	107	1
1527914874.692088000	23.2634	207	0
1527914874.695568000	23.2669	98	1
1527914875.003945000	23.5753	389	1
1527914875.004005000	23.5754	257	1
1527914875.020937000	23.5923	87	0
1527914875.136024000	23.7074	233	0
1527914875.136732000	23.7081	148	0
1527914875.139554000	23.7109	104	1
1527914875.141196000	23.7126	92	0
1527914875.141868000	23.7132	323	0
1527914875.144548000	23.7159	101	1
1527914875.506370000	24.0777	387	1
1527914875.506460000	24.0778	258	1
1527914875.527360000	24.0987	87	0
1527914875.655668000	24.227	258	0
1527914875.656388000	24.2277	148	0
1527914875.659644000	24.231	104	1
1527914875.659831000	24.2312	92	0
1527914875.660502000	24.2319	309	0
1527914875.663654000	24.235	101	1
1527914875.831300000	24.4027	387	1
1527914875.831401000	24.4028	256	1
1527914875.849274000	24.4206	87	0
1527914876.100890000	24.6722	236	0
1527914876.101535000	24.6729	148	0
1527914876.102464000	24.6738	92	0
1527914876.103165000	24.6745	243	0
1527914876.104578000	24.6759	110	1
1527914876.223703000	24.7951	386	1
1527914876.223799000	24.7952	255	1
1527914876.244148000	24.8155	87	0
1527914876.493362000	25.0647	233	0
1527914876.494126000	25.0655	148	0
1527914876.496960000	25.0683	92	0
1527914876.497684000	25.069	107	1
1527914876.498314000	25.0697	223	0
1527914876.501619000	25.073	98	1
1527914876.742240000	25.3136	387	1
1527914876.742333000	25.3137	256	1
1527914876.761400000	25.3328	87	0
1527914877.019593000	25.5909	258	0
1527914877.020268000	25.5916	148	0
1527914877.020902000	25.5923	92	0
1527914877.021561000	25.5929	124	0
1527914877.023719000	25.5951	110	1
1527914877.148714000	25.7201	992	1
1527914877.148775000	25.7201	256	1
1527914877.168101000	25.7395	87	0
1527914877.297149000	25.8685	235	0
1527914877.297812000	25.8692	148	0
1527914877.300690000	25.872	104	1
1527914877.301046000	25.8724	92	0
1527914877.301799000	25.8732	270	0
1527914877.304684000	25.876	101	1
1527914877.687150000	26.2585	582	1
1527914877.687213000	26.2586	259	1
1527914877.704751000	26.2761	87	0
1527914877.809545000	26.3809	259	0
1527914877.810139000	26.3815	148	0
1527914877.812858000	26.3842	92	0
1527914877.813579000	26.3849	194	0
1527914877.813827000	26.3852	110	1
1527914877.979145000	26.5505	730	1
1527914877.979240000	26.5506	256	1
1527914877.997745000	26.5691	87	0
1527914878.003545000	26.5749	87	0
1527914878.244756000	26.8161	397	0
1527914878.245354000	26.8167	148	0
1527914878.248912000	26.8203	92	0
1527914878.249033000	26.8204	107	1
1527914878.249658000	26.821	268	0
1527914878.252770000	26.8241	101	1
1527914878.470278000	27.0416	449	1
1527914878.470369000	27.0417	258	1
1527914878.488753000	27.0601	87	0
1527914878.750430000	27.3218	300	0
1527914878.751020000	27.3224	148	0
1527914878.754814000	27.3262	104	1
1527914878.755705000	27.3271	92	0
1527914878.756444000	27.3278	161	0
1527914878.759754000	27.3311	101	1
1527914878.946235000	27.5176	390	1
1527914878.946318000	27.5177	257	1
1527914878.964783000	27.5361	87	0
1527914879.231277000	27.8026	236	0
1527914879.231929000	27.8033	148	0
1527914879.234778000	27.8061	104	1
1527914879.236878000	27.8082	92	0
1527914879.237547000	27.8089	195	0
1527914879.240774000	27.8121	101	1
1527914879.245750000	27.8171	389	1
1527914879.245842000	27.8172	257	1
1527914879.263296000	27.8347	87	0
1527914879.504948000	28.0763	239	0
1527914879.505587000	28.0769	148	0
1527914879.507517000	28.0789	92	0
1527914879.508185000	28.0795	282	0
1527914879.508773000	28.0801	110	1
1527914879.788018000	28.3594	387	1
1527914879.788111000	28.3595	256	1
1527914879.821865000	28.3932	387	1
1527914879.834521000	28.4059	87	0
1527914879.851345000	28.4227	87	0
1527914880.102387000	28.6737	281	0
1527914880.103031000	28.6744	148	0
1527914880.105869000	28.6772	107	1
1527914880.106856000	28.6782	92	0
1527914880.107537000	28.6789	109	0
1527914880.110868000	28.6822	101	1
1527914880.242168000	28.8135	388	1
1527914880.242226000	28.8136	256	1
1527914880.261834000	28.8332	87	0
1527914880.455897000	29.0273	302	1
1527914880.455983000	29.0273	1412	1
1527914880.456009000	29.0274	1412	1
1527914880.456031000	29.0274	1412	1
1527914880.456093000	29.0274	1367	1
1527914880.473422000	29.0448	100	0
1527914880.476889000	29.0482	101	1
1527914880.527434000	29.0988	235	0
1527914880.528027000	29.0994	148	0
1527914880.530865000	29.1022	101	1
1527914880.531875000	29.1032	92	0
1527914880.532584000	29.1039	233	0
1527914880.535853000	29.1072	101	1
1527914880.570827000	29.1422	423	0
1527914880.574872000	29.1462	98	1
1527914880.575825000	29.1472	80	0
1527914880.579898000	29.1513	98	1
1527914880.736279000	29.3076	390	1
1527914880.736338000	29.3077	310	1
1527914880.755159000	29.3265	87	0
1527914880.859406000	29.4308	291	0
1527914880.860032000	29.4314	148	0
1527914880.862962000	29.4343	104	1
1527914880.863669000	29.435	92	0
1527914880.864260000	29.4356	96	0
1527914880.867863000	29.4392	101	1
1527914881.016068000	29.5874	389	1
1527914881.016160000	29.5875	310	1
1527914881.034457000	29.6058	87	0
1527914881.137064000	29.7084	236	0
1527914881.137657000	29.709	148	0
1527914881.140810000	29.7122	92	0
1527914881.140906000	29.7123	104	1
1527914881.141504000	29.7129	263	0
1527914881.144886000	29.7162	101	1
1527914881.259398000	29.8308	389	1
1527914881.259494000	29.8308	310	1
1527914881.278322000	29.8497	87	0
1527914881.545072000	30.1164	237	0
1527914881.545657000	30.117	148	0
1527914881.548272000	30.1196	92	0
1527914881.548873000	30.1202	229	0
1527914881.548913000	30.1203	107	1
1527914881.552897000	30.1243	98	1
1527914881.699345000	30.2707	390	1
1527914881.699436000	30.2708	250	1
1527914881.718047000	30.2894	87	0
1527914881.967283000	30.5386	258	0
1527914881.967918000	30.5393	148	0
1527914881.969406000	30.5408	92	0
1527914881.970090000	30.5414	251	0
1527914881.970924000	30.5423	110	1
1527914882.210245000	30.7816	995	1
1527914882.210322000	30.7817	255	1
1527914882.246131000	30.8175	995	1
1527914882.258161000	30.8295	87	0
1527914882.272861000	30.8442	87	0
1527914882.388012000	30.9594	233	0
1527914882.388643000	30.96	148	0
1527914882.390498000	30.9619	92	0
1527914882.391157000	30.9625	130	0
1527914882.391941000	30.9633	113	1
1527914882.622551000	31.1939	585	1
1527914882.622611000	31.194	259	1
1527914882.643210000	31.2146	87	0
1527914882.741749000	31.3131	256	0
1527914882.742400000	31.3138	148	0
1527914882.744214000	31.3156	92	0
1527914882.744887000	31.3162	180	0
1527914882.745973000	31.3173	110	1
1527914882.865563000	31.4369	724	1
1527914882.865639000	31.437	258	1
1527914882.890026000	31.4614	87	0
1527914882.988011000	31.5594	233	0
1527914882.988595000	31.56	148	0
1527914882.990076000	31.5614	92	0
1527914882.990821000	31.5622	296	0
1527914882.991988000	31.5633	110	1
1527914883.233315000	31.8047	446	1
1527914883.233374000	31.8047	255	1
1527914883.253626000	31.825	87	0
1527914883.499501000	32.0709	395	0
1527914883.500081000	32.0714	148	0
1527914883.503078000	32.0744	104	1
1527914883.503572000	32.0749	92	0
1527914883.504240000	32.0756	279	0
1527914883.507075000	32.0784	101	1
1527914883.576122000	32.1475	387	1
1527914883.576214000	32.1476	255	1
1527914883.593737000	32.1651	87	0
1527914883.608053000	32.1794	87	0
1527914883.840849000	32.4122	300	0
1527914883.841486000	32.4128	148	0
1527914883.845105000	32.4165	107	1
1527914883.847268000	32.4186	92	0
1527914883.847879000	32.4192	326	0
1527914883.851089000	32.4224	101	1
1527914884.092420000	32.6638	390	1
1527914884.092506000	32.6639	258	1
1527914884.110750000	32.6821	87	0
1527914884.358855000	32.9302	235	0
1527914884.359493000	32.9308	148	0
1527914884.362467000	32.9338	92	0
1527914884.363144000	32.9345	221	0
1527914884.363185000	32.9345	107	1
1527914884.367114000	32.9385	98	1
1527914884.669363000	33.2407	387	1
1527914884.669454000	33.2408	258	1
1527914884.688368000	33.2597	87	0
1527914884.932611000	33.504	260	0
1527914884.933185000	33.5045	148	0
1527914884.936159000	33.5075	104	1
1527914884.937125000	33.5085	92	0
1527914884.937753000	33.5091	177	0
1527914884.941152000	33.5125	101	1
1527914885.242464000	33.8138	387	1
1527914885.242555000	33.8139	255	1
1527914885.264790000	33.8361	87	0
1527914885.364724000	33.9361	255	0
1527914885.365348000	33.9367	148	0
1527914885.367358000	33.9387	92	0
1527914885.367991000	33.9393	268	0
1527914885.368190000	33.9395	107	1
1527914885.372116000	33.9435	98	1
1527914885.482389000	34.0537	385	1
1527914885.482455000	34.0538	255	1
1527914885.506179000	34.0775	87	0
1527914885.758015000	34.3294	258	0
1527914885.758599000	34.33	148	0
1527914885.760050000	34.3314	92	0
1527914885.760774000	34.3321	330	0
1527914885.762245000	34.3336	110	1
1527914885.898728000	34.4701	388	1
1527914885.898818000	34.4702	259	1
1527914885.919620000	34.491	87	0
1527914886.014057000	34.5854	233	0
1527914886.014654000	34.586	148	0
1527914886.017919000	34.5893	92	0
1527914886.018202000	34.5896	107	1
1527914886.018645000	34.59	324	0
1527914886.026184000	34.5975	98	1
1527914886.190406000	34.7618	389	1
1527914886.190468000	34.7618	257	1
1527914886.209107000	34.7805	87	0
1527914886.218008000	34.7894	87	0
1527914886.462426000	35.0338	235	0
1527914886.463044000	35.0344	148	0
1527914886.466276000	35.0376	107	1
1527914886.467367000	35.0387	92	0
1527914886.468092000	35.0394	234	0
1527914886.471214000	35.0426	101	1
1527914886.641899000	35.2133	392	1
1527914886.641960000	35.2133	256	1
1527914886.664088000	35.2354	87	0
1527914886.918679000	35.49	313	0
1527914886.919291000	35.4906	148	0
1527914886.922071000	35.4934	92	0
1527914886.922258000	35.4936	107	1
1527914886.922727000	35.4941	162	0
1527914886.926324000	35.4977	98	1
1527914887.094082000	35.6654	388	1
1527914887.094190000	35.6655	258	1
1527914887.120795000	35.6922	87	0
1527914887.365771000	35.9371	233	0
1527914887.366479000	35.9378	148	0
1527914887.368943000	35.9403	92	0
1527914887.369246000	35.9406	107	1
1527914887.369647000	35.941	139	0
1527914887.373262000	35.9446	98	1
1527914887.435553000	36.0069	991	1
1527914887.435646000	36.007	256	1
1527914887.454699000	36.0261	87	0
1527914887.463271000	36.0346	87	0
1527914887.702470000	36.2738	262	0
1527914887.703119000	36.2745	148	0
1527914887.705684000	36.277	92	0
1527914887.706258000	36.2776	110	1
1527914887.706446000	36.2778	280	0
1527914887.710333000	36.2817	98	1
1527914887.908775000	36.4801	583	1
1527914887.908866000	36.4802	258	1
1527914887.927508000	36.4989	87	0
1527914888.194518000	36.7659	235	0
1527914888.195117000	36.7665	148	0
1527914888.198329000	36.7697	92	0
1527914888.198361000	36.7697	104	1
1527914888.199122000	36.7705	198	0
1527914888.202334000	36.7737	101	1
1527914888.254475000	36.8258	730	1
1527914888.254550000	36.8259	255	1
1527914888.272052000	36.8434	87	0
1527914888.389835000	36.9612	233	0
1527914888.390400000	36.9618	148	0
1527914888.393370000	36.9647	104	1
1527914888.393859000	36.9652	92	0
1527914888.394584000	36.9659	186	0
1527914888.397300000	36.9687	101	1
1527914888.556469000	37.1278	446	1
1527914888.556564000	37.1279	255	1
1527914888.587137000	37.1585	87	0
1527914888.836314000	37.4077	255	0
1527914888.836894000	37.4082	148	0
1527914888.839937000	37.4113	92	0
1527914888.840324000	37.4117	107	1
1527914888.840681000	37.412	200	0
1527914888.844399000	37.4158	98	1
1527914888.942691000	37.514	386	1
1527914888.942752000	37.5141	257	1
1527914888.969557000	37.5409	87	0
1527914888.990539000	37.5619	87	0
1527914889.307754000	37.8791	233	0
1527914889.308399000	37.8798	148	0
1527914889.311408000	37.8828	107	1
1527914889.312172000	37.8835	92	0
1527914889.312769000	37.8841	147	0
1527914889.316429000	37.8878	101	1
1527914889.465932000	38.0373	387	1
1527914889.465992000	38.0373	257	1
1527914889.485495000	38.0569	87	0
1527914889.737164000	38.3085	421	0
1527914889.737728000	38.3091	148	0
1527914889.740059000	38.3114	92	0
1527914889.740742000	38.3121	112	0
1527914889.741352000	38.3127	110	1
1527914889.966722000	38.5381	388	1
1527914889.966789000	38.5381	256	1
1527914889.994837000	38.5662	87	0
1527914890.150405000	38.7218	277	0
1527914890.150978000	38.7223	148	0
1527914890.154244000	38.7256	92	0
1527914890.154542000	38.7259	107	1
1527914890.154869000	38.7262	167	0
1527914890.158473000	38.7298	98	1
1527914890.428806000	39.0002	392	1
1527914890.428889000	39.0002	220	1
1527914890.448030000	39.0194	87	0
1527914890.701722000	39.2731	256	0
1527914890.702321000	39.2737	148	0
1527914890.705446000	39.2768	104	1
1527914890.705925000	39.2773	92	0
1527914890.706635000	39.278	167	0
1527914890.709497000	39.2809	101	1
1527914890.872618000	39.444	391	1
1527914890.872683000	39.444	250	1
1527914890.917503000	39.4889	391	1
1527914890.920402000	39.4918	87	0
1527914890.936623000	39.508	87	0
1527914891.025634000	39.597	236	0
1527914891.026269000	39.5976	148	0
1527914891.029115000	39.6005	92	0
1527914891.029529000	39.6009	110	1
1527914891.029788000	39.6011	243	0
1527914891.033553000	39.6049	98	1
1527914891.463298000	40.0347	385	1
1527914891.463477000	40.0348	256	1
1527914891.481132000	40.0525	87	0
1527914891.582487000	40.1538	279	0
1527914891.583069000	40.1544	148	0
1527914891.586555000	40.1579	104	1
1527914891.587219000	40.1586	92	0
1527914891.587808000	40.1592	93	0
1527914891.590531000	40.1619	101	1
1527914891.903888000	40.4752	389	1
1527914891.903982000	40.4753	257	1
1527914891.923913000	40.4953	87	0
1527914892.028102000	40.5995	233	0
1527914892.028686000	40.6	148	0
1527914892.031592000	40.6029	104	1
1527914892.031938000	40.6033	92	0
1527914892.032584000	40.6039	205	0
1527914892.035558000	40.6069	101	1
1527914892.314279000	40.8856	369	1
1527914892.314377000	40.8857	1412	1
1527914892.314416000	40.8858	1412	1
1527914892.314444000	40.8858	1412	1
1527914892.314497000	40.8859	833	1
1527914892.334568000	40.9059	87	0
1527914892.372698000	40.9441	924	1
1527914892.372788000	40.9441	255	1
1527914892.394576000	40.9659	87	0
1527914892.576570000	41.1479	413	0
1527914892.580595000	41.152	104	1
1527914892.583670000	41.155	80	0
1527914892.587581000	41.1589	98	1
1527914892.643572000	41.2149	300	0
1527914892.644193000	41.2155	148	0
1527914892.647719000	41.2191	101	1
1527914892.648086000	41.2194	92	0
1527914892.648686000	41.22	245	0
1527914892.651590000	41.2229	101	1
1527914892.778802000	41.3502	387	1
1527914892.778893000	41.3502	255	1
1527914892.797795000	41.3692	87	0
1527914892.813370000	41.3847	87	0
1527914893.060571000	41.6319	233	0
1527914893.061165000	41.6325	148	0
1527914893.064640000	41.636	107	1
1527914893.065050000	41.6364	92	0
1527914893.065654000	41.637	329	0
1527914893.068614000	41.64	101	1
1527914893.199910000	41.7713	585	1
1527914893.200029000	41.7714	259	1
1527914893.221427000	41.7928	87	0
1527914893.490636000	42.062	237	0
1527914893.491271000	42.0626	148	0
1527914893.493086000	42.0644	92	0
1527914893.493743000	42.0651	193	0
1527914893.494693000	42.066	110	1
1527914893.731357000	42.3027	725	1
1527914893.731419000	42.3028	259	1
1527914893.768843000	42.3402	87	0
1527914894.030380000	42.6017	258	0
1527914894.030977000	42.6023	148	0
1527914894.033822000	42.6052	92	0
1527914894.034537000	42.6059	193	0
1527914894.034729000	42.6061	107	1
1527914894.038674000	42.61	98	1
1527914894.224828000	42.7962	450	1
1527914894.224912000	42.7963	256	1
1527914894.242514000	42.8139	87	0
1527914894.488536000	43.0599	233	0
1527914894.489124000	43.0605	148	0
1527914894.492711000	43.0641	104	1
1527914894.494026000	43.0654	92	0
1527914894.494674000	43.066	131	0
1527914894.497696000	43.0691	101	1
1527914894.677070000	43.2484	387	1
1527914894.677131000	43.2485	259	1
1527914894.706380000	43.2777	87	0
1527914894.953359000	43.5247	256	0
1527914894.953988000	43.5253	148	0
1527914894.957858000	43.5292	104	1
1527914894.958256000	43.5296	92	0
1527914894.958852000	43.5302	252	0
1527914894.961729000	43.5331	101	1
1527914894.974708000	43.5461	387	1
1527914894.974789000	43.5461	256	1
1527914894.994830000	43.5662	87	0
1527914895.000092000	43.5714	87	0
1527914895.246012000	43.8174	303	0
1527914895.246713000	43.8181	148	0
1527914895.249752000	43.8211	107	1
1527914895.251062000	43.8224	92	0
1527914895.251719000	43.8231	209	0
1527914895.254750000	43.8261	101	1
1527914895.497186000	44.0685	387	1
1527914895.497246000	44.0686	256	1
1527914895.514643000	44.086	87	0
1527914895.785757000	44.3571	392	0
1527914895.786431000	44.3578	148	0
1527914895.789782000	44.3611	104	1
1527914895.791105000	44.3625	92	0
1527914895.791771000	44.3631	293	0
1527914895.794769000	44.3661	101	1
1527914895.921903000	44.4933	388	1
1527914895.921969000	44.4933	257	1
1527914895.941161000	44.5125	87	0
1527914896.055284000	44.6266	233	0
1527914896.055931000	44.6273	148	0
1527914896.058737000	44.6301	104	1
1527914896.058762000	44.6301	92	0
1527914896.059440000	44.6308	284	0
1527914896.062767000	44.6341	101	1
1527914896.378946000	44.9503	389	1
1527914896.379044000	44.9504	258	1
1527914896.396032000	44.9674	87	0
1527914896.645442000	45.2168	260	0
1527914896.646532000	45.2179	148	0
1527914896.648613000	45.22	92	0
1527914896.649832000	45.2212	107	1
1527914896.650385000	45.2217	296	0
1527914896.653821000	45.2252	98	1
1527914896.801025000	45.3724	387	1
1527914896.801086000	45.3724	257	1
1527914896.818638000	45.39	87	0
1527914897.078148000	45.6495	258	0
1527914897.078738000	45.6501	148	0
1527914897.081026000	45.6524	92	0
1527914897.081708000	45.6531	145	0
1527914897.081826000	45.6532	110	1
1527914897.211940000	45.7833	387	1
1527914897.212037000	45.7834	256	1
1527914897.231125000	45.8025	87	0
1527914897.350618000	45.922	233	0
1527914897.351257000	45.9226	148	0
1527914897.353307000	45.9247	92	0
1527914897.354207000	45.9256	213	0
1527914897.354796000	45.9262	110	1
1527914897.674169000	46.2455	387	1
1527914897.674258000	46.2456	256	1
1527914897.690837000	46.2622	87	0
1527914897.796632000	46.368	258	0
1527914897.797206000	46.3686	148	0
1527914897.799216000	46.3706	92	0
1527914897.799904000	46.3713	295	0
1527914897.800830000	46.3722	110	1
1527914898.144412000	46.7158	391	1
1527914898.144507000	46.7159	257	1
1527914898.168029000	46.7394	87	0
1527914898.265016000	46.8364	233	0
1527914898.265607000	46.837	148	0
1527914898.268840000	46.8402	92	0
1527914898.268989000	46.8403	104	1
1527914898.269516000	46.8409	271	0
1527914898.272866000	46.8442	101	1
1527914898.436495000	47.0079	990	1
1527914898.436594000	47.0079	259	1
1527914898.454437000	47.0258	87	0
1527914898.559362000	47.1307	258	0
1527914898.559991000	47.1313	148	0
1527914898.562165000	47.1335	92	0
1527914898.562941000	47.1343	107	1
1527914898.563297000	47.1347	270	0
1527914898.566897000	47.1383	98	1
1527914899.009286000	47.5806	582	1
1527914899.009376000	47.5807	257	1
1527914899.030115000	47.6015	87	0
1527914899.275853000	47.8472	290	0
1527914899.276568000	47.8479	148	0
1527914899.279284000	47.8506	92	0
1527914899.279897000	47.8513	212	0
1527914899.279984000	47.8513	107	1
1527914899.283931000	47.8553	98	1
1527914899.360305000	47.9317	729	1
1527914899.360368000	47.9317	259	1
1527914899.379193000	47.9505	87	0
1527914899.499893000	48.0712	233	0
1527914899.500527000	48.0719	148	0
1527914899.502829000	48.0742	92	0
1527914899.503510000	48.0749	215	0
1527914899.503983000	48.0753	110	1
1527914899.662108000	48.2335	445	1
1527914899.662195000	48.2336	258	1
1527914899.680351000	48.2517	87	0
1527914899.928069000	48.4994	260	0
1527914899.928707000	48.5001	148	0
1527914899.931491000	48.5028	92	0
1527914899.932019000	48.5034	107	1
1527914899.932140000	48.5035	282	0
1527914899.936027000	48.5074	98	1
1527914900.143239000	48.7146	387	1
1527914900.143337000	48.7147	257	1
1527914900.159839000	48.7312	87	0
1527914900.266288000	48.8376	235	0
1527914900.266902000	48.8383	148	0
1527914900.269975000	48.8413	104	1
1527914900.271938000	48.8433	92	0
1527914900.272634000	48.844	254	0
1527914900.276029000	48.8474	101	1
1527914900.485376000	49.0567	391	1
1527914900.485440000	49.0568	256	1
1527914900.503963000	49.0753	87	0
1527914900.607774000	49.1791	258	0
1527914900.608355000	49.1797	148	0
1527914900.611869000	49.1832	92	0
1527914900.612081000	49.1834	107	1
1527914900.613022000	49.1844	195	0
1527914900.617055000	49.1884	98	1
1527914900.896392000	49.4677	391	1
1527914900.896471000	49.4678	260	1
1527914900.914799000	49.4862	87	0
1527914900.918915000	49.4903	87	0
1527914901.015438000	49.5868	233	0
1527914901.016154000	49.5875	148	0
1527914901.019065000	49.5904	107	1
1527914901.019563000	49.5909	92	0
1527914901.020236000	49.5916	165	0
1527914901.023027000	49.5944	101	1
1527914901.209184000	49.7805	387	1
1527914901.209279000	49.7806	256	1
1527914901.230868000	49.8022	87	0
1527914901.242324000	49.8137	87	0
1527914901.339937000	49.9113	303	0
1527914901.340555000	49.9119	148	0
1527914901.343410000	49.9148	92	0
1527914901.344076000	49.9154	337	0
1527914901.344108000	49.9155	110	1
1527914901.348096000	49.9195	98	1
1527914901.421196000	49.9926	387	1
1527914901.421261000	49.9926	256	1
1527914901.439838000	50.0112	87	0
1527914901.559823000	50.1312	393	0
1527914901.560408000	50.1318	148	0
1527914901.562159000	50.1335	92	0
1527914901.562840000	50.1342	269	0
1527914901.564053000	50.1354	110	1
1527914901.681688000	50.253	388	1
1527914901.681754000	50.2531	259	1
1527914901.705712000	50.2771	87	0
1527914901.808855000	50.3802	235	0
1527914901.809461000	50.3808	148	0
1527914901.812449000	50.3838	92	0
1527914901.813095000	50.3845	106	0
1527914901.813167000	50.3845	107	1
1527914901.817140000	50.3885	98	1
1527914902.143458000	50.7148	390	1
1527914902.143518000	50.7149	258	1
1527914902.161016000	50.7324	87	0
1527914902.259139000	50.8305	236	0
1527914902.259725000	50.8311	148	0
1527914902.262154000	50.8335	92	0
1527914902.262837000	50.8342	97	0
1527914902.263109000	50.8345	110	1
1527914902.519790000	51.0911	389	1
1527914902.519861000	51.0912	257	1
1527914902.538658000	51.11	87	0
1527914902.642896000	51.2143	279	0
1527914902.643529000	51.2149	148	0
1527914902.644178000	51.2155	92	0
1527914902.644857000	51.2162	281	0
1527914902.647124000	51.2185	110	1
1527914902.838382000	51.4097	991	1
1527914902.838448000	51.4098	256	1
1527914902.857275000	51.4286	87	0
1527914902.957802000	51.5292	235	0
1527914902.958447000	51.5298	148	0
1527914902.961187000	51.5325	104	1
1527914902.962568000	51.5339	92	0
1527914902.963251000	51.5346	305	0
1527914902.966137000	51.5375	101	1
1527914903.354727000	51.9261	583	1
1527914903.354821000	51.9262	257	1
1527914903.373553000	51.9449	87	0
1527914903.477191000	52.0485	233	0
1527914903.477811000	52.0492	148	0
1527914903.481222000	52.0526	104	1
1527914903.482154000	52.0535	92	0
1527914903.482813000	52.0542	238	0
1527914903.486220000	52.0576	101	1
1527914903.733806000	52.3052	399	1
1527914903.733889000	52.3052	256	1
1527914903.757205000	52.3286	87	0
1527914903.762813000	52.3342	87	0
1527914903.860576000	52.4319	258	0
1527914903.861698000	52.4331	148	0
1527914903.864256000	52.4356	107	1
1527914903.871552000	52.4429	92	0
1527914903.872212000	52.4436	140	0
1527914903.875235000	52.4466	101	1
1527914904.015601000	52.587	714	1
1527914904.015693000	52.587	258	1
1527914904.035373000	52.6067	87	0
1527914904.133997000	52.7054	235	0
1527914904.134585000	52.7059	148	0
1527914904.135568000	52.7069	92	0
1527914904.136226000	52.7076	188	0
1527914904.138260000	52.7096	110	1
1527914904.584892000	53.1562	446	1
1527914904.584961000	53.1563	257	1
1527914904.602920000	53.1743	87	0
1527914904.714944000	53.2863	313	0
1527914904.715557000	53.2869	148	0
1527914904.717458000	53.2888	92	0
1527914904.718144000	53.2895	286	0
1527914904.719225000	53.2906	110	1
1527914904.866458000	53.4378	387	1
1527914904.866547000	53.4379	257	1
1527914904.883060000	53.4544	87	0
1527914904.984270000	53.5556	236	0
1527914904.984909000	53.5563	148	0
1527914904.988246000	53.5596	104	1
1527914904.988434000	53.5598	92	0
1527914904.989150000	53.5605	191	0
1527914904.992228000	53.5636	101	1
1527914905.267424000	53.8388	392	1
1527914905.267517000	53.8389	256	1
1527914905.287840000	53.8592	87	0
1527914905.386931000	53.9583	237	0
1527914905.387548000	53.9589	148	0
1527914905.390781000	53.9621	92	0
1527914905.391333000	53.9627	107	1
1527914905.391370000	53.9627	232	0
1527914905.395345000	53.9667	98	1
1527914905.749565000	54.3209	387	1
1527914905.749660000	54.321	257	1
1527914905.768185000	54.3395	87	0
1527914905.867203000	54.4386	256	0
1527914905.867807000	54.4392	148	0
1527914905.868844000	54.4402	92	0
1527914905.869571000	54.4409	275	0
1527914905.871358000	54.4427	110	1
1527914906.102688000	54.674	387	1
1527914906.102748000	54.6741	257	1
1527914906.123604000	54.695	87	0
1527914906.129866000	54.7012	87	0
1527914906.220852000	54.7922	236	0
1527914906.221435000	54.7928	148	0
1527914906.224003000	54.7954	92	0
1527914906.224379000	54.7957	110	1
1527914906.224692000	54.796	156	0
1527914906.228377000	54.7997	98	1
1527914906.702649000	55.274	388	1
1527914906.702713000	55.2741	256	1
1527914906.723944000	55.2953	87	0
1527914906.742533000	55.3139	87	0
1527914906.852254000	55.4236	258	0
1527914906.852836000	55.4242	148	0
1527914906.854920000	55.4263	92	0
1527914906.855620000	55.427	116	0
1527914906.856356000	55.4277	113	1
1527914906.933979000	55.5053	388	1
1527914906.934042000	55.5054	257	1
1527914906.955686000	55.527	87	0
1527914907.050849000	55.6222	307	0
1527914907.051475000	55.6228	148	0
1527914907.054428000	55.6258	104	1
1527914907.054840000	55.6262	92	0
1527914907.055569000	55.6269	294	0
1527914907.058445000	55.6298	101	1
1527914907.346639000	55.918	392	1
1527914907.346733000	55.9181	258	1
1527914907.364206000	55.9356	87	0
1527914907.469345000	56.0407	369	0
1527914907.469927000	56.0413	148	0
1527914907.473454000	56.0448	104	1
1527914907.473732000	56.0451	92	0
1527914907.474395000	56.0458	274	0
1527914907.477444000	56.0488	101	1
1527914907.606906000	56.1783	390	1
1527914907.607002000	56.1784	259	1
1527914907.625268000	56.1966	87	0
1527914907.729067000	56.3004	258	0
1527914907.729711000	56.3011	148	0
1527914907.733056000	56.3044	92	0
1527914907.733465000	56.3048	107	1
1527914907.733754000	56.3051	335	0
1527914907.737441000	56.3088	98	1
1527914908.060978000	56.6323	994	1
1527914908.061052000	56.6324	257	1
1527914908.079943000	56.6513	87	0
1527914908.085211000	56.6566	87	0
1527914908.187509000	56.7589	240	0
1527914908.188137000	56.7595	148	0
1527914908.190917000	56.7623	92	0
1527914908.191491000	56.7628	110	1
1527914908.191545000	56.7629	86	0
1527914908.195477000	56.7668	98	1
1527914908.474890000	57.0462	587	1
1527914908.474948000	57.0463	262	1
1527914908.494670000	57.066	87	0
1527914908.503201000	57.0746	87	0
1527914908.609383000	57.1807	282	0
1527914908.609968000	57.1813	148	0
1527914908.613532000	57.1849	107	1
1527914908.613646000	57.185	92	0
1527914908.614417000	57.1858	245	0
1527914908.617503000	57.1889	101	1
1527914908.972695000	57.5441	726	1
1527914908.972758000	57.5441	258	1
1527914908.990220000	57.5616	87	0
1527914908.995348000	57.5667	87	0
1527914909.088265000	57.6596	236	0
1527914909.088847000	57.6602	148	0
1527914909.092539000	57.6639	107	1
1527914909.093116000	57.6645	92	0
1527914909.093787000	57.6651	196	0
1527914909.096563000	57.6679	101	1
1527914909.243919000	57.8153	447	1
1527914909.243980000	57.8153	259	1
1527914909.262524000	57.8339	87	0
1527914909.396459000	57.9678	233	0
1527914909.397053000	57.9684	148	0
1527914909.400436000	57.9718	92	0
1527914909.400535000	57.9719	104	1
1527914909.401104000	57.9725	258	0
1527914909.404573000	57.9759	101	1
1527914909.745821000	58.3172	387	1
1527914909.745891000	58.3172	258	1
1527914909.764672000	58.336	87	0
1527914909.865116000	58.4365	258	0
1527914909.865699000	58.4371	148	0
1527914909.868584000	58.4399	104	1
1527914909.868960000	58.4403	92	0
1527914909.869666000	58.441	244	0
1527914909.872574000	58.4439	101	1
1527914910.216890000	58.7882	388	1
1527914910.216953000	58.7883	258	1
1527914910.235610000	58.807	87	0
1527914910.335430000	58.9068	233	0
1527914910.336141000	58.9075	148	0
1527914910.336933000	58.9083	92	0
1527914910.337583000	58.9089	250	0
1527914910.339704000	58.9111	110	1
1527914910.790433000	59.3618	386	1
1527914910.790494000	59.3618	259	1
1527914910.807878000	59.3792	87	0
1527914911.146525000	59.7179	311	0
1527914911.147107000	59.7185	148	0
1527914911.149499000	59.7209	92	0
1527914911.150164000	59.7215	161	0
1527914911.150673000	59.722	110	1
1527914911.220152000	59.7915	386	1
1527914911.220219000	59.7916	259	1
1527914911.238334000	59.8097	87	0
1527914911.342434000	59.9138	235	0
1527914911.343121000	59.9145	148	0
1527914911.346047000	59.9174	92	0
1527914911.346613000	59.918	107	1
1527914911.346815000	59.9182	191	0
1527914911.350600000	59.922	98	1
1527914911.811910000	60.3833	391	1
1527914911.811987000	60.3833	260	1
1527914911.829528000	60.4009	87	0
1527914911.929314000	60.5007	263	0
1527914911.929886000	60.5012	148	0
1527914911.932936000	60.5043	92	0
1527914911.933645000	60.505	201	0
1527914911.933684000	60.505	107	1
1527914911.937720000	60.5091	98	1
1527914912.083855000	60.6552	388	1
1527914912.083918000	60.6553	258	1
1527914912.103182000	60.6745	87	0
1527914912.213485000	60.7848	233	0
1527914912.214129000	60.7855	148	0
1527914912.217747000	60.7891	104	1
1527914912.217802000	60.7892	92	0
1527914912.218529000	60.7899	247	0
1527914912.221730000	60.7931	101	1
1527914912.506727000	61.0781	386	1
1527914912.506828000	61.0782	259	1
1527914912.525874000	61.0972	87	0
1527914912.626945000	61.1983	258	0
1527914912.627549000	61.1989	148	0
1527914912.630756000	61.2021	104	1
1527914912.632199000	61.2036	92	0
1527914912.632893000	61.2042	295	0
1527914912.635754000	61.2071	101	1
1527914912.866560000	61.4379	390	1
1527914912.866621000	61.438	258	1
1527914912.885099000	61.4565	87	0
1527914912.986301000	61.5577	235	0
1527914912.986934000	61.5583	148	0
1527914912.989581000	61.5609	92	0
1527914912.989784000	61.5611	107	1
1527914912.990260000	61.5616	145	0
1527914912.993877000	61.5652	98	1
1527914913.187025000	61.7584	387	1
1527914913.187086000	61.7584	258	1
1527914913.205687000	61.777	87	0
1527914913.302600000	61.874	302	0
1527914913.303181000	61.8745	148	0
1527914913.305975000	61.8773	92	0
1527914913.306749000	61.8781	206	0
1527914913.306802000	61.8782	107	1
1527914913.310768000	61.8821	98	1
1527914913.468942000	62.0403	990	1
1527914913.469005000	62.0404	260	1
1527914913.495346000	62.0667	87	0
1527914913.598781000	62.1701	392	0
1527914913.599407000	62.1708	148	0
1527914913.601717000	62.1731	92	0
1527914913.602419000	62.1738	188	0
1527914913.602975000	62.1743	110	1
1527914913.699133000	62.2705	582	1
1527914913.699224000	62.2706	258	1
1527914913.716777000	62.2881	87	0
1527914913.818786000	62.3901	232	0
1527914913.819448000	62.3908	148	0
1527914913.822749000	62.3941	104	1
1527914913.829600000	62.401	92	0
1527914913.830239000	62.4016	176	0
1527914913.833781000	62.4051	101	1
1527914914.030322000	62.6017	724	1
1527914914.030385000	62.6017	258	1
1527914914.047915000	62.6193	87	0
1527914914.148005000	62.7194	239	0
1527914914.148623000	62.72	148	0
1527914914.151392000	62.7227	92	0
1527914914.151835000	62.7232	107	1
1527914914.152081000	62.7234	149	0
1527914914.155844000	62.7272	98	1
1527914914.370991000	62.9423	446	1
1527914914.371057000	62.9424	258	1
1527914914.388819000	62.9602	87	0
1527914914.487766000	63.0591	255	0
1527914914.488335000	63.0597	148	0
1527914914.491019000	63.0624	92	0
1527914914.491683000	63.063	320	0
1527914914.491938000	63.0633	110	1
1527914914.708519000	63.2799	390	1
1527914914.708590000	63.2799	261	1
1527914914.732188000	63.3035	87	0
1527914914.978218000	63.5496	256	0
1527914914.978799000	63.5502	148	0
1527914914.981898000	63.5533	104	1
1527914914.983173000	63.5545	92	0
1527914914.983833000	63.5552	211	0
1527914914.986854000	63.5582	101	1
1527914915.274043000	63.8454	387	1
1527914915.274105000	63.8455	258	1
1527914915.291640000	63.863	87	0
1527914915.548226000	64.1196	233	0
1527914915.548820000	64.1202	148	0
1527914915.551780000	64.1231	92	0
1527914915.551866000	64.1232	104	1
1527914915.552454000	64.1238	106	0
1527914915.555888000	64.1272	101	1
1527914915.599002000	64.1704	369	1
1527914915.599099000	64.1705	1412	1
1527914915.599136000	64.1705	1412	1
1527914915.599174000	64.1705	1412	1
1527914915.599209000	64.1706	833	1
1527914915.616376000	64.1877	87	0
1527914915.677978000	64.2493	324	1
1527914915.678043000	64.2494	222	1
1527914915.697076000	64.2684	87	0
1527914915.733542000	64.3049	413	0
1527914915.737871000	64.3092	104	1
1527914915.742771000	64.3141	80	0
1527914915.746864000	64.3182	98	1
1527914915.796418000	64.3678	300	0
1527914915.797026000	64.3684	148	0
1527914915.799633000	64.371	92	0
1527914915.799888000	64.3712	104	1
1527914915.800326000	64.3717	264	0
1527914915.803883000	64.3752	98	1
1527914915.918197000	64.4896	391	1
1527914915.918294000	64.4896	316	1
1527914915.938081000	64.5094	87	0
1527914916.055522000	64.6269	235	0
1527914916.056160000	64.6275	148	0
1527914916.057418000	64.6288	92	0
1527914916.058073000	64.6294	102	0
1527914916.059888000	64.6312	110	1
1527914916.360219000	64.9316	391	1
1527914916.360280000	64.9316	440	1
1527914916.377691000	64.949	87	0
1527914916.476347000	65.0477	236	0
1527914916.479924000	65.0513	101	1
1527914916.481024000	65.0524	148	0
1527914916.481770000	65.0531	92	0
1527914916.482420000	65.0538	88	0
1527914916.484924000	65.0563	104	1
1527914916.643989000	65.2153	385	1
1527914916.644076000	65.2154	316	1
1527914916.662651000	65.234	87	0
1527914916.768136000	65.3395	258	0
1527914916.768718000	65.3401	148	0
1527914916.771966000	65.3433	104	1
1527914916.772316000	65.3437	92	0
1527914916.772915000	65.3443	284	0
1527914916.775933000	65.3473	101	1
1527914916.886250000	65.4576	391	1
1527914916.886345000	65.4577	254	1
1527914916.903822000	65.4752	87	0
1527914917.003845000	65.5752	236	0
1527914917.004452000	65.5758	148	0
1527914917.007977000	65.5793	104	1
1527914917.008413000	65.5798	92	0
1527914917.009009000	65.5804	157	0
1527914917.011935000	65.5833	101	1
1527914917.796477000	66.3678	388	1
1527914917.796569000	66.3679	222	1
1527914917.829019000	66.4004	388	1
1527914917.829068000	66.4004	87	0
1527914917.847403000	66.4188	87	0
1527914917.927947000	66.4993	259	0
1527914917.928629000	66.5	148	0
1527914917.931805000	66.5032	92	0
1527914917.932032000	66.5034	110	1
1527914917.932505000	66.5039	262	0
1527914917.936066000	66.5074	98	1
1527914918.578387000	67.1497	995	1
1527914918.578476000	67.1498	259	1
1527914918.614127000	67.1855	995	1
1527914918.614390000	67.1857	100	0
1527914918.618091000	67.1894	98	1
1527914918.618651000	67.19	87	0
1527914918.641884000	67.2132	87	0
1527914918.718736000	67.2901	326	0
1527914918.719374000	67.2907	148	0
1527914918.720472000	67.2918	92	0
1527914918.721194000	67.2925	252	0
1527914918.723100000	67.2945	113	1
1527914918.756326000	67.3277	326	0
1527914918.760038000	67.3314	98	1
1527914918.900336000	67.4717	585	1
1527914918.900403000	67.4718	258	1
1527914918.917989000	67.4893	87	0
1527914919.016505000	67.5879	370	0
1527914919.017186000	67.5885	148	0
1527914919.019936000	67.5913	92	0
1527914919.020052000	67.5914	104	1
1527914919.020622000	67.592	91	0
1527914919.024074000	67.5954	101	1
1527914919.211402000	67.7828	726	1
1527914919.211493000	67.7828	258	1
1527914919.230225000	67.8016	87	0
1527914919.474517000	68.0459	235	0
1527914919.475841000	68.0472	148	0
1527914919.477621000	68.049	92	0
1527914919.478135000	68.0495	107	1
1527914919.478801000	68.0502	144	0
1527914919.482151000	68.0535	98	1
1527914919.812375000	68.3837	451	1
1527914919.812435000	68.3838	260	1
1527914919.830811000	68.4022	87	0
1527914919.932921000	68.5043	263	0
1527914919.933564000	68.5049	148	0
1527914919.936577000	68.5079	92	0
1527914919.937165000	68.5085	107	1
1527914919.937188000	68.5085	195	0
1527914919.941175000	68.5125	98	1
1527914920.153563000	68.7249	388	1
1527914920.153660000	68.725	258	1
1527914920.173039000	68.7444	87	0
1527914920.293199000	68.8646	258	0
1527914920.293825000	68.8652	148	0
1527914920.296870000	68.8682	92	0
1527914920.297143000	68.8685	107	1
1527914920.297609000	68.869	187	0
1527914920.301195000	68.8726	98	1
1527914920.576769000	69.1481	391	1
1527914920.576855000	69.1482	262	1
1527914920.593906000	69.1653	87	0
1527914920.693095000	69.2645	258	0
1527914920.693667000	69.265	148	0
1527914920.695179000	69.2665	92	0
1527914920.695876000	69.2672	163	0
1527914920.697152000	69.2685	110	1
1527914920.956405000	69.5278	388	1
1527914920.956464000	69.5278	258	1
1527914920.974463000	69.5458	87	0
1527914921.070691000	69.642	236	0
1527914921.071280000	69.6426	148	0
1527914921.073855000	69.6452	92	0
1527914921.074245000	69.6456	107	1
1527914921.076017000	69.6474	296	0
1527914921.080231000	69.6516	98	1
1527914921.427065000	69.9984	388	1
1527914921.427160000	69.9985	259	1
1527914921.448840000	70.0202	87	0
1527914921.552413000	70.1238	232	0
1527914921.552992000	70.1243	148	0
1527914921.554233000	70.1256	92	0
1527914921.554841000	70.1262	146	0
1527914921.556197000	70.1276	110	1
1527914921.728665000	70.3	386	1
1527914921.728739000	70.3001	258	1
1527914921.747582000	70.3189	87	0
1527914921.753747000	70.3251	87	0
1527914921.853314000	70.4247	255	0
1527914921.853930000	70.4253	148	0
1527914921.857277000	70.4286	107	1
1527914921.857364000	70.4287	92	0
1527914921.858268000	70.4296	337	0
1527914921.861260000	70.4326	101	1
1527914922.119753000	70.6911	386	1
1527914922.119841000	70.6912	259	1
1527914922.138221000	70.7096	87	0
1527914922.236796000	70.8082	291	0
1527914922.237398000	70.8088	148	0
1527914922.240299000	70.8117	104	1
1527914922.240604000	70.812	92	0
1527914922.241263000	70.8126	233	0
1527914922.244302000	70.8157	101	1
1527914922.561762000	71.1331	388	1
1527914922.561848000	71.1332	258	1
1527914922.578448000	71.1498	87	0
1527914922.682255000	71.2536	262	0
1527914922.682825000	71.2542	148	0
1527914922.686323000	71.2577	104	1
1527914922.686328000	71.2577	92	0
1527914922.687130000	71.2585	340	0
1527914922.690307000	71.2617	101	1
1527914922.953163000	71.5245	387	1
1527914922.953229000	71.5246	259	1
1527914922.973855000	71.5452	87	0
1527914923.076908000	71.6483	235	0
1527914923.077545000	71.6489	148	0
1527914923.078370000	71.6497	92	0
1527914923.079085000	71.6504	123	0
1527914923.080287000	71.6516	110	1
1527914923.342152000	71.9135	388	1
1527914923.342227000	71.9136	259	1
1527914923.363042000	71.9344	87	0
1527914923.367434000	71.9388	87	0
1527914923.461781000	72.0331	233	0
1527914923.462425000	72.0338	148	0
1527914923.464360000	72.0357	92	0
1527914923.465023000	72.0364	160	0
1527914923.465464000	72.0368	113	1
1527914923.493506000	72.0649	972	1
1527914923.493589000	72.0649	1412	1
1527914923.493614000	72.065	1412	1
1527914923.493656000	72.065	1361	1
1527914923.513921000	72.0853	87	0
1527914923.606561000	72.1779	415	0
1527914923.610393000	72.1817	101	1
1527914923.611613000	72.183	80	0
1527914923.615371000	72.1867	98	1
1527914923.668561000	72.2399	587	1
1527914923.668647000	72.24	261	1
1527914923.685354000	72.2567	87	0
1527914923.786584000	72.3579	305	0
1527914923.787178000	72.3585	148	0
1527914923.790388000	72.3617	104	1
1527914923.790832000	72.3622	92	0
1527914923.791549000	72.3629	274	0
1527914923.794399000	72.3658	101	1
1527914923.948656000	72.52	729	1
1527914923.948719000	72.5201	259	1
1527914923.967764000	72.5391	87	0
1527914924.070804000	72.6422	366	0
1527914924.071380000	72.6427	148	0
1527914924.074372000	72.6457	92	0
1527914924.074464000	72.6458	104	1
1527914924.075093000	72.6464	246	0
1527914924.078418000	72.6498	101	1
1527914924.320678000	72.892	445	1
1527914924.320769000	72.8921	261	1
1527914924.341405000	72.9128	87	0
1527914924.348182000	72.9195	87	0
1527914924.447128000	73.0185	236	0
1527914924.447713000	73.0191	148	0
1527914924.451423000	73.0228	107	1
1527914924.451620000	73.023	92	0
1527914924.452976000	73.0243	335	0
1527914924.455360000	73.0267	101	1
1527914924.713982000	73.2853	391	1
1527914924.714050000	73.2854	258	1
1527914924.731413000	73.3028	87	0
1527914924.992857000	73.5642	263	0
1527914924.993454000	73.5648	148	0
1527914924.996457000	73.5678	104	1
1527914924.997057000	73.5684	92	0
1527914924.997725000	73.5691	115	0
1527914925.000472000	73.5718	101	1
1527914925.183722000	73.7551	388	1
1527914925.183783000	73.7551	259	1
1527914925.202833000	73.7742	87	0
1527914925.327939000	73.8993	258	0
1527914925.328548000	73.8999	148	0
1527914925.331473000	73.9028	104	1
1527914925.331750000	73.9031	92	0
1527914925.332413000	73.9038	230	0
1527914925.335464000	73.9068	101	1
1527914925.625692000	74.197	387	1
1527914925.625787000	74.1971	261	1
1527914925.646620000	74.218	87	0
1527914925.912069000	74.4834	258	0
1527914925.912722000	74.4841	148	0
1527914925.915593000	74.4869	92	0
1527914925.916325000	74.4877	292	0
1527914925.916597000	74.488	110	1
1527914926.118155000	74.6895	387	1
1527914926.118234000	74.6896	258	1
1527914926.138491000	74.7098	87	0
1527914926.245306000	74.8167	231	0
1527914926.245910000	74.8173	148	0
1527914926.247826000	74.8192	92	0
1527914926.248501000	74.8199	274	0
1527914926.249466000	74.8208	110	1
1527914926.496064000	75.0674	368	1
1527914926.496159000	75.0675	1412	1
1527914926.496184000	75.0675	1412	1
1527914926.496206000	75.0676	1412	1
1527914926.496251000	75.0676	1412	1
1527914926.496285000	75.0676	1412	1
1527914926.496307000	75.0677	1412	1
1527914926.496354000	75.0677	1412	1
1527914926.496388000	75.0677	1412	1
1527914926.496410000	75.0678	1412	1
1527914926.496472000	75.0678	1412	1
1527914926.496494000	75.0678	1412	1
1527914926.498495000	75.0699	1412	1
1527914926.498530000	75.0699	1349	1
1527914926.516471000	75.0878	87	0
1527914926.518762000	75.0901	87	0
1527914926.524051000	75.0954	87	0
1527914926.559638000	75.131	340	1
1527914926.559733000	75.1311	258	1
1527914926.576466000	75.1478	87	0
1527914926.656457000	75.2278	398	0
1527914926.660547000	75.2319	101	1
1527914926.661412000	75.2328	80	0
1527914926.665545000	75.2369	98	1
1527914926.848101000	75.4195	300	0
1527914926.848727000	75.4201	148	0
1527914926.851501000	75.4229	101	1
1527914926.851840000	75.4232	92	0
1527914926.852485000	75.4238	140	0
1527914926.855492000	75.4268	101	1
1527914926.910025000	75.4814	387	1
1527914926.910103000	75.4815	261	1
1527914926.930127000	75.5015	87	0
1527914927.033379000	75.6047	237	0
1527914927.034020000	75.6054	148	0
1527914927.037292000	75.6086	92	0
1527914927.037508000	75.6089	107	1
1527914927.038026000	75.6094	237	0
1527914927.041500000	75.6129	98	1
1527914927.310713000	75.8821	386	1
1527914927.310812000	75.8822	258	1
1527914927.332201000	75.9036	87	0
1527914927.337216000	75.9086	87	0
1527914927.555304000	76.1267	258	0
1527914927.555883000	76.1272	148	0
1527914927.558261000	76.1296	92	0
1527914927.558943000	76.1303	126	0
1527914927.559530000	76.1309	113	1
1527914927.582607000	76.154	387	1
1527914927.582672000	76.154	258	1
1527914927.600224000	76.1716	87	0
1527914927.604837000	76.1762	87	0
1527914927.703600000	76.275	235	0
1527914927.704289000	76.2756	148	0
1527914927.707619000	76.279	107	1
1527914927.707922000	76.2793	92	0
1527914927.708577000	76.2799	249	0
1527914927.711613000	76.283	101	1
1527914927.863783000	76.4351	991	1
1527914927.863845000	76.4352	258	1
1527914927.884838000	76.4562	87	0
1527914927.988415000	76.5598	233	0
1527914927.989015000	76.5604	148	0
1527914927.991490000	76.5628	92	0
1527914927.992155000	76.5635	191	0
1527914927.992642000	76.564	110	1
1527914928.609695000	77.1811	585	1
1527914928.609784000	77.1811	261	1
1527914928.630151000	77.2015	87	0
1527914928.744641000	77.316	256	0
1527914928.745216000	77.3166	148	0
1527914928.747184000	77.3185	92	0
1527914928.748053000	77.3194	246	0
1527914928.748599000	77.32	110	1
1527914928.916804000	77.4882	398	1
1527914928.916900000	77.4883	258	1
1527914928.934847000	77.5062	87	0
1527914929.064856000	77.6362	305	0
1527914929.065545000	77.6369	148	0
1527914929.068697000	77.6401	104	1
1527914929.069502000	77.6409	92	0
1527914929.071186000	77.6425	209	0
1527914929.073703000	77.6451	101	1
1527914929.358094000	77.9294	717	1
1527914929.358157000	77.9295	262	1
1527914929.378254000	77.9496	87	0
1527914929.482870000	78.0542	369	0
1527914929.483491000	78.0548	148	0
1527914929.486649000	78.058	92	0
1527914929.486705000	78.0581	104	1
1527914929.487325000	78.0587	186	0
1527914929.490700000	78.0621	101	1
1527914929.770151000	78.3415	446	1
1527914929.770247000	78.3416	258	1
1527914929.789289000	78.3606	87	0
1527914929.897060000	78.4684	258	0
1527914929.897704000	78.4691	148	0
1527914929.900699000	78.4721	104	1
1527914929.900746000	78.4721	92	0
1527914929.901432000	78.4728	318	0
1527914929.904674000	78.476	101	1
1527914930.104855000	78.6762	391	1
1527914930.104953000	78.6763	260	1
1527914930.123506000	78.6949	87	0
1527914930.228298000	78.7997	237	0
1527914930.228936000	78.8003	148	0
1527914930.231623000	78.803	92	0
1527914930.231747000	78.8031	104	1
1527914930.232305000	78.8037	234	0
1527914930.235771000	78.8071	101	1
1527914930.543015000	79.1144	389	1
1527914930.543081000	79.1144	259	1
1527914930.562498000	79.1339	87	0
1527914930.567224000	79.1386	87	0
1527914930.667350000	79.2387	281	0
1527914930.667933000	79.2393	148	0
1527914930.670821000	79.2422	107	1
1527914930.674374000	79.2457	92	0
1527914930.674982000	79.2463	249	0
1527914930.677811000	79.2492	101	1
1527914931.005150000	79.5765	387	1
1527914931.005247000	79.5766	259	1
1527914931.023550000	79.5949	87	0
1527914931.127795000	79.6992	235	0
1527914931.128372000	79.6997	148	0
1527914931.131817000	79.7032	104	1
1527914931.133994000	79.7053	92	0
1527914931.134720000	79.7061	246	0
1527914931.137801000	79.7092	101	1
1527914931.247276000	79.8186	388	1
1527914931.247368000	79.8187	261	1
1527914931.267941000	79.8393	87	0
1527914931.372759000	79.9441	233	0
1527914931.373397000	79.9448	148	0
1527914931.376538000	79.9479	92	0
1527914931.376791000	79.9481	107	1
1527914931.377227000	79.9486	94	0
1527914931.380813000	79.9522	98	1
1527914931.880610000	80.452	386	1
1527914931.880698000	80.4521	259	1
1527914931.898204000	80.4696	87	0
1527914932.008324000	80.5797	258	0
1527914932.008966000	80.5803	148	0
1527914932.011811000	80.5832	104	1
1527914932.011993000	80.5833	92	0
1527914932.013305000	80.5847	312	0
1527914932.015799000	80.5872	101	1
1527914932.216987000	80.7883	388	1
1527914932.217079000	80.7884	259	1
1527914932.233751000	80.8051	87	0
1527914932.337248000	80.9086	233	0
1527914932.337833000	80.9092	148	0
1527914932.340226000	80.9116	92	0
1527914932.340871000	80.9122	107	1
1527914932.340894000	80.9122	227	0
1527914932.344882000	80.9162	98	1
1527914932.505564000	81.0769	386	1
1527914932.505655000	81.077	261	1
1527914932.522399000	81.0938	87	0
1527914932.628399000	81.1998	314	0
1527914932.628980000	81.2003	148	0
1527914932.631873000	81.2032	104	1
1527914932.633462000	81.2048	92	0
1527914932.634134000	81.2055	333	0
1527914932.636885000	81.2082	101	1
1527914932.887145000	81.4585	995	1
1527914932.887238000	81.4586	258	1
1527914932.904630000	81.476	87	0
1527914933.030092000	81.6014	237	0
1527914933.030678000	81.602	148	0
1527914933.033868000	81.6052	104	1
1527914933.033905000	81.6053	92	0
1527914933.034712000	81.6061	240	0
1527914933.037869000	81.6092	101	1
1527914933.299085000	81.8704	386	1
1527914933.299150000	81.8705	258	1
1527914933.317693000	81.889	87	0
1527914933.414848000	81.9862	236	0
1527914933.415416000	81.9868	148	0
1527914933.418883000	81.9902	104	1
1527914933.419791000	81.9911	92	0
1527914933.420456000	81.9918	94	0
1527914933.423874000	81.9952	101	1
1527914933.518993000	82.0903	583	1
1527914933.519058000	82.0904	259	1
1527914933.537411000	82.1088	87	0
1527914933.640783000	82.2121	256	0
1527914933.641384000	82.2127	148	0
1527914933.643616000	82.215	92	0
1527914933.644290000	82.2156	207	0
1527914933.644919000	82.2163	110	1
1527914933.904319000	82.4757	399	1
1527914933.904379000	82.4757	259	1
1527914933.923397000	82.4948	87	0
1527914934.028010000	82.5994	233	0
1527914934.028594000	82.5999	148	0
1527914934.031055000	82.6024	92	0
1527914934.031711000	82.6031	94	0
1527914934.031945000	82.6033	110	1
1527914934.534432000	83.1058	717	1
1527914934.534522000	83.1059	261	1
1527914934.553719000	83.1251	87	0
1527914934.672258000	83.2436	256	0
1527914934.672827000	83.2442	148	0
1527914934.675098000	83.2465	92	0
1527914934.675757000	83.2471	217	0
1527914934.676023000	83.2474	110	1
1527914935.306310000	83.8777	445	1
1527914935.306408000	83.8778	260	1
1527914935.328443000	83.8998	87	0
1527914935.581856000	84.1532	462	0
1527914935.582477000	84.1538	148	0
1527914935.586058000	84.1574	104	1
1527914935.586612000	84.158	92	0
1527914935.587338000	84.1587	325	0
1527914935.590057000	84.1614	101	1
1527914935.627172000	84.1985	387	1
1527914935.627258000	84.1986	258	1
1527914935.658782000	84.2301	87	0
1527914935.664839000	84.2362	87	0
1527914935.767272000	84.3386	235	0
1527914935.767871000	84.3392	148	0
1527914935.771071000	84.3424	107	1
1527914935.772474000	84.3438	92	0
1527914935.773077000	84.3444	92	0
1527914935.776060000	84.3474	101	1
1527914936.158766000	84.7301	390	1
1527914936.158858000	84.7302	259	1
1527914936.176454000	84.7478	87	0
1527914936.306768000	84.8781	236	0
1527914936.307408000	84.8788	148	0
1527914936.311074000	84.8824	92	0
1527914936.311146000	84.8825	104	1
1527914936.311825000	84.8832	165	0
1527914936.315050000	84.8864	101	1
1527914936.508474000	85.0798	388	1
1527914936.508605000	85.08	259	1
1527914936.527843000	85.0992	87	0
1527914936.629215000	85.2006	262	0
1527914936.629864000	85.2012	148	0
1527914936.631744000	85.2031	92	0
1527914936.632426000	85.2038	313	0
1527914936.633078000	85.2044	110	1
1527914936.832585000	85.4039	388	1
1527914936.832722000	85.4041	261	1
1527914936.850680000	85.422	87	0
1527914936.856421000	85.4278	87	0
1527914936.959585000	85.5309	258	0
1527914936.960259000	85.5316	148	0
1527914936.962707000	85.5341	92	0
1527914936.963133000	85.5345	110	1
1527914936.963371000	85.5347	289	0
1527914936.967150000	85.5385	98	1
1527914937.196652000	85.768	387	1
1527914937.196741000	85.7681	259	1
1527914937.214845000	85.7862	87	0
1527914937.329529000	85.9009	235	0
1527914937.330143000	85.9015	148	0
1527914937.332864000	85.9042	92	0
1527914937.333123000	85.9045	107	1
1527914937.333543000	85.9049	181	0
1527914937.337120000	85.9085	98	1
1527914937.526303000	86.0977	391	1
1527914937.526367000	86.0977	260	1
1527914937.544893000	86.1162	87	0
1527914937.651275000	86.2226	255	0
1527914937.651880000	86.2232	148	0
1527914937.654998000	86.2264	92	0
1527914937.655221000	86.2266	107	1
1527914937.655675000	86.227	174	0
1527914937.659186000	86.2305	98	1
1527914937.846604000	86.418	386	1
1527914937.846691000	86.418	259	1
1527914937.864183000	86.4355	87	0
1527914937.970812000	86.5422	233	0
1527914937.971430000	86.5428	148	0
1527914937.974219000	86.5456	104	1
1527914937.974275000	86.5456	92	0
1527914937.975014000	86.5464	233	0
1527914937.978188000	86.5495	101	1
1527914938.189825000	86.7612	994	1
1527914938.189918000	86.7613	258	1
1527914938.208872000	86.7802	87	0
1527914938.333610000	86.905	233	0
1527914938.335509000	86.9069	148	0
1527914938.336787000	86.9081	92	0
1527914938.337216000	86.9086	107	1
1527914938.337523000	86.9089	291	0
1527914938.341205000	86.9126	98	1
1527914938.590372000	87.1617	387	1
1527914938.590467000	87.1618	258	1
1527914938.624213000	87.1956	87	0
1527914938.633733000	87.2051	87	0
1527914938.738573000	87.3099	313	0
1527914938.739174000	87.3105	148	0
1527914938.742221000	87.3136	107	1
1527914938.742693000	87.314	92	0
1527914938.744443000	87.3158	252	0
1527914938.746172000	87.3175	101	1
1527914939.011584000	87.5829	583	1
1527914939.011664000	87.583	261	1
1527914939.030594000	87.6019	87	0
1527914939.140756000	87.7121	239	0
1527914939.141387000	87.7127	148	0
1527914939.144280000	87.7156	104	1
1527914939.145104000	87.7165	92	0
1527914939.145772000	87.7171	257	0
1527914939.149277000	87.7206	101	1
1527914940.247630000	88.819	399	1
1527914940.247726000	88.8191	258	1
1527914940.266248000	88.8376	87	0
1527914940.270294000	88.8416	87	0
1527914940.373252000	88.9446	256	0
1527914940.373824000	88.9452	148	0
1527914940.376429000	88.9478	92	0
1527914940.377102000	88.9485	101	0
1527914940.377221000	88.9486	110	1
1527914940.381131000	88.9525	98	1
1527914940.559371000	89.1307	712	1
1527914940.559430000	89.1308	258	1
1527914940.578504000	89.1499	87	0
1527914940.687598000	89.259	258	0
1527914940.688180000	89.2595	148	0
1527914940.691152000	89.2625	104	1
1527914940.692117000	89.2635	92	0
1527914940.692833000	89.2642	243	0
1527914940.696146000	89.2675	101	1
1527914940.859179000	89.4305	446	1
1527914940.859274000	89.4306	258	1
1527914940.878410000	89.4498	87	0
1527914940.993528000	89.5649	233	0
1527914940.994283000	89.5656	148	0
1527914940.996870000	89.5682	92	0
1527914940.997106000	89.5685	107	1
1527914940.997620000	89.569	213	0
1527914941.001178000	89.5725	98	1
1527914941.090257000	89.6616	390	1
1527914941.090354000	89.6617	261	1
1527914941.108756000	89.6801	87	0
1527914941.116352000	89.6877	87	0
1527914941.212800000	89.7842	235	0
1527914941.213454000	89.7848	148	0
1527914941.217184000	89.7885	107	1
1527914941.217541000	89.7889	92	0
1527914941.218267000	89.7896	231	0
1527914941.221170000	89.7925	101	1
1527914941.364468000	89.9358	387	1
1527914941.364534000	89.9359	258	1
1527914941.383113000	89.9545	87	0
1527914941.486018000	90.0574	437	0
1527914941.486775000	90.0581	148	0
1527914941.490137000	90.0615	104	1
1527914941.490390000	90.0617	92	0
1527914941.491062000	90.0624	268	0
1527914941.494146000	90.0655	101	1
1527914942.013911000	90.5853	387	1
1527914942.013972000	90.5853	261	1
1527914942.032721000	90.6041	87	0
1527914942.139182000	90.7105	258	0
1527914942.139820000	90.7112	148	0
1527914942.143293000	90.7146	104	1
1527914942.143330000	90.7147	92	0
1527914942.143946000	90.7153	268	0
1527914942.147265000	90.7186	101	1
1527914942.335341000	90.9067	388	1
1527914942.335406000	90.9068	258	1
1527914942.352844000	90.9242	87	0
1527914942.483238000	91.0546	235	0
1527914942.483837000	91.0552	148	0
1527914942.485674000	91.057	92	0
1527914942.487133000	91.0585	116	0
1527914942.487196000	91.0586	107	1
1527914942.491245000	91.0626	98	1
1527914942.826970000	91.3983	388	1
1527914942.827049000	91.3984	260	1
1527914942.844612000	91.416	87	0
1527914942.953027000	91.5244	259	0
1527914942.953672000	91.525	148	0
1527914942.955395000	91.5268	92	0
1527914942.956177000	91.5275	314	0
1527914942.957219000	91.5286	110	1
1527914943.118588000	91.6899	386	1
1527914943.118679000	91.69	261	1
1527914943.136427000	91.7078	87	0
1527914943.233624000	91.805	258	0
1527914943.234209000	91.8056	148	0
1527914943.237297000	91.8087	104	1
1527914943.237932000	91.8093	92	0
1527914943.238640000	91.81	237	0
1527914943.241282000	91.8126	101	1
1527914943.461468000	92.0328	388	1
1527914943.461535000	92.0329	258	1
1527914943.480846000	92.0522	87	0
1527914943.583248000	92.1546	258	0
1527914943.583830000	92.1552	148	0
1527914943.587313000	92.1587	104	1
1527914943.587823000	92.1592	92	0
1527914943.589331000	92.1607	255	0
1527914943.591301000	92.1627	101	1
1527914944.204763000	92.7761	995	1
1527914944.204854000	92.7762	259	1
1527914944.222033000	92.7934	87	0
1527914944.339871000	92.9112	236	0
1527914944.340556000	92.9119	148	0
1527914944.343463000	92.9148	104	1
1527914944.343507000	92.9149	92	0
1527914944.344279000	92.9156	285	0
1527914944.347380000	92.9187	101	1
1527914944.524700000	93.0961	389	1
1527914944.524760000	93.0961	259	1
1527914944.549536000	93.1209	87	0
1527914944.646170000	93.2175	259	0
1527914944.646814000	93.2182	148	0
1527914944.648823000	93.2202	92	0
1527914944.649504000	93.2209	294	0
1527914944.650308000	93.2217	110	1
1527914944.846590000	93.4179	587	1
1527914944.846648000	93.418	258	1
1527914944.865520000	93.4369	87	0
1527914944.974065000	93.5454	290	0
1527914944.974644000	93.546	148	0
1527914944.975306000	93.5467	92	0
1527914944.976023000	93.5474	126	0
1527914944.978425000	93.5498	110	1
1527914945.147637000	93.719	404	1
1527914945.147721000	93.7191	222	1
1527914945.177494000	93.7488	87	0
1527914945.194540000	93.7659	87	0
1527914945.294663000	93.866	235	0
1527914945.295302000	93.8667	148	0
1527914945.298373000	93.8697	92	0
1527914945.298496000	93.8699	107	1
1527914945.299059000	93.8704	275	0
1527914945.302400000	93.8738	101	1
1527914945.556596000	94.128	717	1
1527914945.556685000	94.128	254	1
1527914945.577275000	94.1486	87	0
1527914945.688945000	94.2603	259	0
1527914945.689611000	94.261	148	0
1527914945.690278000	94.2616	92	0
1527914945.690998000	94.2624	195	0
1527914945.692441000	94.2638	110	1
1527914947.977460000	96.5488	445	1
1527914947.977556000	96.5489	261	1
1527914947.994416000	96.5658	87	0
1527914948.098567000	96.6699	258	0
1527914948.099154000	96.6705	148	0
1527914948.101120000	96.6725	92	0
1527914948.101842000	96.6732	192	0
1527914948.102899000	96.6743	110	1
1527914948.211595000	96.783	388	1
1527914948.211675000	96.783	258	1
1527914948.228783000	96.8001	87	0
1527914948.355814000	96.9272	233	0
1527914948.356470000	96.9278	148	0
1527914948.358834000	96.9302	92	0
1527914948.359504000	96.9309	324	0
1527914948.359982000	96.9313	110	1
1527914948.786099000	97.3575	387	1
1527914948.786163000	97.3575	258	1
1527914948.803843000	97.3752	87	0
1527914948.907859000	97.4792	256	0
1527914948.908554000	97.4799	148	0
1527914948.911841000	97.4832	92	0
1527914948.912060000	97.4834	107	1
1527914948.912460000	97.4838	257	0
1527914948.915939000	97.4873	98	1
1527914949.024026000	97.5954	391	1
1527914949.024093000	97.5954	261	1
1527914949.046218000	97.6176	87	0
1527914949.047372000	97.6187	87	0
1527914949.149200000	97.7206	440	0
1527914949.149796000	97.7212	148	0
1527914949.152980000	97.7243	107	1
1527914949.153338000	97.7247	92	0
1527914949.154053000	97.7254	93	0
1527914949.156956000	97.7283	101	1
1527914949.278385000	97.8497	388	1
1527914949.278445000	97.8498	259	1
1527914949.294997000	97.8664	87	0
1527914949.398837000	97.9702	233	0
1527914949.399423000	97.9708	148	0
1527914949.402475000	97.9738	92	0
1527914949.403032000	97.9744	107	1
1527914949.403077000	97.9744	269	0
1527914949.407019000	97.9784	98	1
1527914949.733367000	98.3047	390	1
1527914949.733463000	98.3048	263	1
1527914949.751130000	98.3225	87	0
1527914949.858395000	98.4298	256	0
1527914949.858971000	98.4303	148	0
1527914949.862068000	98.4334	104	1
1527914949.863192000	98.4345	92	0
1527914949.863843000	98.4352	135	0
1527914949.867046000	98.4384	101	1
1527914950.040436000	98.6118	387	1
1527914950.040502000	98.6119	259	1
1527914950.061061000	98.6324	87	0
1527914950.154297000	98.7257	235	0
1527914950.154894000	98.7262	148	0
1527914950.156958000	98.7283	92	0
1527914950.157619000	98.729	325	0
1527914950.158279000	98.7296	110	1
1527914950.467610000	99.039	994	1
1527914950.467695000	99.0391	259	1
1527914950.486762000	99.0581	87	0
1527914950.490553000	99.0619	87	0
1527914950.609273000	99.1806	260	0
1527914950.609859000	99.1812	148	0
1527914950.613103000	99.1845	107	1
1527914950.613804000	99.1852	92	0
1527914950.614473000	99.1858	253	0
1527914950.617115000	99.1885	101	1
1527914950.879506000	99.4509	386	1
1527914950.879564000	99.4509	263	1
1527914950.897489000	99.4688	87	0
1527914950.999081000	99.5704	258	0
1527914950.999721000	99.5711	148	0
1527914951.001973000	99.5733	92	0
1527914951.003155000	99.5745	107	1
1527914951.003694000	99.575	117	0
1527914951.007108000	99.5785	98	1
1527914951.197507000	99.7689	583	1
1527914951.197596000	99.769	261	1
1527914951.216299000	99.7877	87	0
1527914951.327123000	99.8985	233	0
1527914951.327797000	99.8992	148	0
1527914951.331137000	99.9025	104	1
1527914951.331930000	99.9033	92	0
1527914951.332631000	99.904	264	0
1527914951.336131000	99.9075	101	1
1527914951.441426000	100.013	399	1
1527914951.441518000	100.013	259	1
1527914951.462792000	100.034	87	0
1527914951.589582000	100.161	256	0
1527914951.590219000	100.162	148	0
1527914951.593164000	100.165	104	1
1527914951.593772000	100.165	92	0
1527914951.594503000	100.166	139	0
1527914951.597095000	100.168	101	1
1527914951.777252000	100.349	386	1
1527914951.777324000	100.349	259	1
1527914951.812370000	100.384	87	0
1527914951.821140000	100.392	87	0
1527914951.975780000	100.547	232	0
1527914951.976434000	100.548	148	0
1527914951.979618000	100.551	92	0
1527914951.980184000	100.552	110	1
1527914951.980228000	100.552	192	0
1527914951.984175000	100.556	98	1
1527914952.030494000	100.602	715	1
1527914952.030585000	100.602	258	1
1527914952.049694000	100.621	87	0
1527914952.316679000	100.888	290	0
1527914952.317253000	100.889	148	0
1527914952.318028000	100.889	92	0
1527914952.318741000	100.89	89	0
1527914952.320202000	100.892	110	1
1527914953.002400000	101.574	446	1
1527914953.002464000	101.574	261	1
1527914953.021554000	101.593	87	0
1527914953.289084000	101.86	255	0
1527914953.289681000	101.861	148	0
1527914953.293267000	101.865	104	1
1527914953.294144000	101.865	92	0
1527914953.294802000	101.866	134	0
1527914953.298245000	101.87	101	1
1527914953.600538000	102.172	385	1
1527914953.600604000	102.172	258	1
1527914953.617841000	102.189	87	0
1527914953.899768000	102.471	260	0
1527914953.900370000	102.472	148	0
1527914953.902137000	102.473	92	0
1527914953.902844000	102.474	127	0
1527914953.903366000	102.475	110	1
1527914953.937839000	102.509	260	0
1527914953.941289000	102.513	98	1
1527914953.987465000	102.559	387	1
1527914953.987549000	102.559	261	1
1527914954.007620000	102.579	87	0
1527914954.274857000	102.846	233	0
1527914954.275454000	102.847	148	0
1527914954.276365000	102.848	92	0
1527914954.277113000	102.848	225	0
1527914954.278255000	102.85	110	1
1527914954.571514000	103.143	387	1
1527914954.571600000	103.143	259	1
1527914954.588801000	103.16	87	0
1527914954.853268000	103.425	258	0
1527914954.853905000	103.425	148	0
1527914954.856323000	103.428	92	0
1527914954.857031000	103.428	273	0
1527914954.857477000	103.429	110	1
1527914954.985642000	103.557	391	1
1527914954.985700000	103.557	260	1
1527914955.002424000	103.574	87	0
1527914955.266689000	103.838	235	0
1527914955.267327000	103.839	148	0
1527914955.269938000	103.841	92	0
1527914955.270601000	103.842	255	0
1527914955.271741000	103.843	104	1
1527914955.275296000	103.847	101	1
1527914955.377518000	103.949	391	1
1527914955.377614000	103.949	261	1
1527914955.395844000	103.967	87	0
1527914955.654342000	104.226	460	0
1527914955.654968000	104.226	148	0
1527914955.657357000	104.229	92	0
1527914955.658053000	104.229	266	0
1527914955.658549000	104.23	110	1
1527914955.929874000	104.501	387	1
1527914955.929942000	104.501	261	1
1527914955.949859000	104.521	87	0
1527914956.044351000	104.616	233	0
1527914956.044938000	104.616	148	0
1527914956.046753000	104.618	92	0
1527914956.047379000	104.619	200	0
1527914956.048357000	104.62	110	1
1527914956.382690000	104.954	994	1
1527914956.382779000	104.954	262	1
1527914956.401215000	104.973	87	0
1527914956.662419000	105.234	258	0
1527914956.663021000	105.234	148	0
1527914956.664898000	105.236	92	0
1527914956.666048000	105.237	183	0
1527914956.666535000	105.238	110	1
1527914956.805208000	105.377	387	1
1527914956.805299000	105.377	258	1
1527914956.824368000	105.396	87	0
1527914956.829995000	105.401	87	0
1527914957.095402000	105.667	235	0
1527914957.096150000	105.668	148	0
1527914957.099420000	105.671	107	1
1527914957.104092000	105.675	92	0
1527914957.105116000	105.676	251	0
1527914957.107402000	105.679	101	1
1527914962.073729000	110.645	564	1
1527914962.073816000	110.645	1412	1
1527914962.073840000	110.645	1412	1
1527914962.073867000	110.645	1412	1
1527914962.073884000	110.645	259	1
1527914962.093465000	110.665	87	0
1527914962.107682000	110.679	87	0
1527914962.274838000	110.846	352	1
1527914962.274911000	110.846	259	1
1527914962.297924000	110.869	87	0
1527914962.309954000	110.881	87	0
1527914962.341187000	110.913	412	0
1527914962.345435000	110.917	80	0
1527914962.345547000	110.917	104	1
1527914962.349653000	110.921	98	1
1527914962.551408000	111.123	295	0
1527914962.552157000	111.124	148	0
1527914962.554129000	111.125	92	0
1527914962.554847000	111.126	110	0
1527914962.555506000	111.127	107	1
1527914962.689142000	111.26	391	1
1527914962.689232000	111.261	265	1
1527914962.708773000	111.28	87	0
1527914962.825373000	111.397	233	0
1527914962.825939000	111.397	148	0
1527914962.829615000	111.401	104	1
1527914962.830021000	111.401	92	0
1527914962.830612000	111.402	103	0
1527914962.833586000	111.405	101	1
1527914962.909701000	111.481	713	1
1527914962.909788000	111.481	262	1
1527914962.928843000	111.5	87	0
1527914963.201793000	111.773	290	0
1527914963.202488000	111.774	148	0
1527914963.205559000	111.777	104	1
1527914963.205709000	111.777	92	0
1527914963.206441000	111.778	151	0
1527914963.209550000	111.781	101	1
1527914963.351158000	111.923	450	1
1527914963.351221000	111.923	267	1
1527914963.374448000	111.946	87	0
1527914963.631980000	112.203	255	0
1527914963.632624000	112.204	148	0
1527914963.634653000	112.206	92	0
1527914963.635316000	112.207	180	0
1527914963.635850000	112.207	110	1
1527914963.808011000	112.379	386	1
1527914963.808072000	112.379	267	1
1527914963.825645000	112.397	87	0
1527914964.083372000	112.655	237	0
1527914964.084021000	112.655	148	0
1527914964.085201000	112.657	92	0
1527914964.085865000	112.657	314	0
1527914964.087593000	112.659	110	1
1527914964.236904000	112.808	387	1
1527914964.236979000	112.808	267	1
1527914964.254946000	112.826	87	0
1527914964.515350000	113.087	232	0
1527914964.515942000	113.087	148	0
1527914964.517771000	113.089	92	0
1527914964.518491000	113.09	227	0
1527914964.519653000	113.091	110	1
1527914964.666988000	113.238	389	1
1527914964.667081000	113.238	447	1
1527914964.685248000	113.257	87	0
1527914964.784469000	113.356	256	0
1527914964.785150000	113.357	148	0
1527914964.787532000	113.359	92	0
1527914964.788244000	113.36	189	0
1527914964.788781000	113.36	110	1
1527914964.894587000	113.466	391	1
1527914964.894668000	113.466	261	1
1527914964.917358000	113.489	87	0
1527914965.071546000	113.643	302	1
1527914965.071650000	113.643	1412	1
1527914965.071688000	113.643	1412	1
1527914965.071794000	113.643	1412	1
1527914965.071847000	113.643	1412	1
1527914965.071868000	113.643	552	1
1527914965.093710000	113.665	87	0
1527914965.176666000	113.748	237	0
1527914965.177248000	113.749	148	0
1527914965.180762000	113.752	107	1
1527914965.183844000	113.755	92	0
1527914965.184591000	113.756	187	0
1527914965.187749000	113.759	101	1
1527914965.342850000	113.914	458	0
1527914965.346747000	113.918	98	1
1527914965.347183000	113.919	80	0
1527914965.350731000	113.922	98	1
1527914965.373175000	113.945	389	1
1527914965.373257000	113.945	267	1
1527914965.391432000	113.963	87	0
1527914965.480895000	114.052	369	0
1527914965.481528000	114.053	148	0
1527914965.484043000	114.055	92	0
1527914965.484698000	114.056	144	0
1527914965.484739000	114.056	107	1
1527914965.488744000	114.06	98	1
1527914965.615094000	114.186	995	1
1527914965.615186000	114.187	263	1
1527914965.636532000	114.208	87	0
1527914965.891958000	114.463	258	0
1527914965.892607000	114.464	148	0
1527914965.894123000	114.465	92	0
1527914965.894843000	114.466	271	0
1527914965.895698000	114.467	110	1
1527914966.250529000	114.822	391	1
1527914966.250616000	114.822	271	1
1527914966.268223000	114.84	87	0
1527914966.522947000	115.094	235	0
1527914966.523574000	115.095	148	0
1527914966.525263000	115.097	92	0
1527914966.525872000	115.097	274	0
1527914966.526790000	115.098	110	1
1527914966.681020000	115.252	582	1
1527914966.681105000	115.252	265	1
1527914966.702315000	115.274	87	0
1527914966.960157000	115.532	258	0
1527914966.960811000	115.532	148	0
1527914966.962947000	115.534	92	0
1527914966.963606000	115.535	255	0
1527914966.963762000	115.535	110	1
1527914967.265165000	115.837	402	1
1527914967.265226000	115.837	269	1
1527914967.284345000	115.856	87	0
1527914967.540228000	116.112	233	0
1527914967.540793000	116.112	148	0
1527914967.543339000	116.115	92	0
1527914967.543892000	116.115	107	1
1527914967.544141000	116.115	264	0
1527914967.547857000	116.119	98	1
1527914967.709195000	116.281	716	1
1527914967.709266000	116.281	265	1
1527914967.731619000	116.303	87	0
1527914967.864899000	116.436	283	0
1527914967.865596000	116.437	148	0
1527914967.868824000	116.44	104	1
1527914967.870282000	116.442	92	0
1527914967.870942000	116.442	231	0
1527914967.873840000	116.445	101	1
1527914968.117137000	116.688	449	1
1527914968.117231000	116.689	268	1
1527914968.135257000	116.707	87	0
1527914968.139047000	116.71	87	0
1527914968.393829000	116.965	235	0
1527914968.394464000	116.966	148	0
1527914968.397861000	116.969	107	1
1527914968.398895000	116.97	92	0
1527914968.399567000	116.971	241	0
1527914968.402864000	116.974	101	1
1527914968.573102000	117.144	391	1
1527914968.573161000	117.145	266	1
1527914968.592142000	117.163	87	0
1527914968.857583000	117.429	311	0
1527914968.858151000	117.43	148	0
1527914968.859014000	117.43	92	0
1527914968.861476000	117.433	175	0
1527914968.861991000	117.433	110	1
1527914969.018169000	117.59	386	1
1527914969.018234000	117.59	265	1
1527914969.041535000	117.613	87	0
