1527972495.565535000	0	1412	1
1527972495.587472000	0.0219369	1234	1
1527972495.609142000	0.043607	1412	0
1527972495.611046000	0.045511	93	0
1527972495.623026000	0.0574908	103	1
1527972495.623155000	0.05762	100	1
1527972495.637224000	0.0716889	84	0
1527972495.847956000	0.282421	488	0
1527972495.856892000	0.291357	1412	0
1527972495.857097000	0.291562	103	1
1527972495.857322000	0.291787	1412	0
1527972495.857701000	0.292166	1412	0
1527972495.857704000	0.292169	178	0
1527972495.857808000	0.292273	100	1
1527972495.858056000	0.292521	1412	0
1527972495.858168000	0.292633	100	1
1527972495.858277000	0.292742	1412	0
1527972495.858501000	0.292966	1412	0
1527972495.858596000	0.293061	1412	0
1527972495.858711000	0.293176	100	1
1527972495.858899000	0.293364	1412	0
1527972495.858996000	0.293461	100	1
1527972495.859114000	0.293579	1381	0
1527972495.859441000	0.293906	1412	0
1527972495.859522000	0.293987	100	1
1527972495.859693000	0.294158	1412	0
1527972495.860007000	0.294472	1412	0
1527972495.860120000	0.294585	100	1
1527972495.860196000	0.294661	180	0
1527972495.860524000	0.294989	1192	0
1527972495.860629000	0.295094	100	1
1527972495.901755000	0.33622	1412	0
1527972495.902051000	0.336516	1412	0
1527972495.902190000	0.336655	1412	0
1527972495.902193000	0.336658	188	0
1527972495.902314000	0.336779	100	1
1527972495.902346000	0.336811	1237	0
1527972495.902398000	0.336863	100	1
1527972495.902512000	0.336977	1412	0
1527972495.902514000	0.336979	248	0
1527972495.902654000	0.337119	100	1
1527972495.910595000	0.34506	1412	0
1527972495.910721000	0.345186	798	0
1527972495.910793000	0.345258	100	1
1527972495.911640000	0.346105	1412	0
1527972495.911723000	0.346188	100	1
1527972495.911822000	0.346287	998	0
1527972495.912174000	0.346639	1412	0
1527972495.912271000	0.346736	100	1
1527972495.912511000	0.346976	1412	0
1527972495.913004000	0.347469	1412	0
1527972495.913095000	0.34756	100	1
1527972495.913228000	0.347693	1412	0
1527972495.914560000	0.349025	267	0
1527972495.914642000	0.349107	100	1
1527972495.916284000	0.350749	1412	0
1527972495.918118000	0.352583	1412	0
1527972495.918215000	0.35268	100	1
1527972495.918237000	0.352702	1412	0
1527972495.918239000	0.352704	180	0
1527972495.918303000	0.352768	100	1
1527972495.918630000	0.353095	1412	0
1527972495.918978000	0.353443	152	0
1527972495.919141000	0.353606	114	1
1527972495.920265000	0.35473	1412	0
1527972495.921001000	0.355466	1412	0
1527972495.921732000	0.356197	1412	0
1527972495.922125000	0.35659	180	0
1527972495.922342000	0.356807	797	0
1527972495.924655000	0.35912	1412	0
1527972495.925335000	0.3598	1412	0
1527972495.926016000	0.360481	1412	0
1527972495.926386000	0.360851	100	1
1527972495.926441000	0.360906	100	1
1527972495.926518000	0.360983	100	1
1527972495.926575000	0.36104	180	0
1527972495.926589000	0.361054	100	1
1527972495.926808000	0.361273	827	0
1527972495.927076000	0.361541	100	1
1527972495.957863000	0.392328	84	0
1527972496.408019000	0.842484	434	1
1527972496.408097000	0.842562	1412	1
1527972496.408120000	0.842585	904	1
1527972496.415482000	0.849947	217	1
1527972496.424368000	0.858833	86	0
1527972496.433214000	0.867679	86	0
1527972496.609842000	1.04431	413	0
1527972496.612796000	1.04726	79	0
1527972496.612966000	1.04743	109	1
1527972496.673049000	1.10751	215	1
1527972496.712180000	1.14664	86	0
1527972496.740419000	1.17488	302	0
1527972496.741145000	1.17561	1412	0
1527972496.741480000	1.17595	1412	0
1527972496.741551000	1.17602	1412	0
1527972496.741553000	1.17602	176	0
1527972496.741781000	1.17625	103	1
1527972496.741841000	1.17631	100	1
1527972496.741890000	1.17635	1412	0
1527972496.742116000	1.17658	1412	0
1527972496.742118000	1.17658	1068	0
1527972496.742140000	1.1766	100	1
1527972496.742211000	1.17668	100	1
1527972496.744914000	1.17938	91	0
1527972496.745006000	1.17947	123	0
1527972496.745105000	1.17957	100	1
1527972496.776264000	1.21073	302	0
1527972496.801513000	1.23598	97	1
1527972496.807260000	1.24172	1412	0
1527972496.810352000	1.24482	378	0
1527972496.810647000	1.24511	100	1
1527972496.810660000	1.24512	1114	0
1527972496.814505000	1.24897	91	0
1527972496.814602000	1.24907	307	0
1527972496.815025000	1.24949	100	1
1527972496.840457000	1.27492	97	1
1527972498.156630000	2.59109	230	1
1527972498.318610000	2.75307	230	1
1527972498.401566000	2.83603	230	1
1527972498.601634000	3.0361	230	1
1527972498.630333000	3.0648	89	0
1527972498.715909000	3.15037	254	0
1527972498.716663000	3.15113	1412	0
1527972498.716863000	3.15133	992	0
1527972498.717085000	3.15155	103	1
1527972498.733315000	3.16778	91	0
1527972498.733426000	3.16789	158	0
1527972498.798764000	3.23323	100	1
1527972498.823604000	3.25807	97	1
1527972498.831538000	3.266	992	0
1527972498.856531000	3.291	97	1
1527972499.707311000	4.14178	1412	1
1527972499.707354000	4.14182	1412	1
1527972499.707376000	4.14184	256	1
1527972499.708577000	4.14304	843	1
1527972499.724049000	4.15851	86	0
1527972499.748176000	4.18264	773	0
1527972499.772605000	4.20707	100	1
1527972499.930682000	4.36515	770	1
1527972499.930767000	4.36523	1412	1
1527972499.930793000	4.36526	1412	1
1527972499.930814000	4.36528	952	1
1527972499.945437000	4.3799	86	0
1527972499.971181000	4.40565	86	0
1527972500.058959000	4.49342	376	0
1527972500.062404000	4.49687	79	0
1527972500.062615000	4.49708	106	1
1527972501.130665000	5.56513	331	1
1527972501.130756000	5.56522	1412	1
1527972501.130793000	5.56526	978	1
1527972501.142445000	5.57691	250	1
1527972501.146022000	5.58049	86	0
1527972501.180462000	5.61493	86	0
1527972501.298117000	5.73258	395	0
1527972501.303675000	5.73814	79	0
1527972501.303903000	5.73837	106	1
1527972501.326895000	5.76136	698	0
1527972501.327375000	5.76184	478	0
1527972501.328135000	5.7626	100	1
1527972501.328751000	5.76322	101	1
1527972501.331363000	5.76583	252	1
1527972501.345440000	5.7799	86	0
1527972501.519709000	5.95417	848	0
1527972501.519927000	5.95439	1412	0
1527972501.520039000	5.9545	1412	0
1527972501.520228000	5.95469	1412	0
1527972501.520230000	5.95469	176	0
1527972501.520313000	5.95478	103	1
1527972501.520377000	5.95484	1412	0
1527972501.520408000	5.95487	100	1
1527972501.520472000	5.95494	100	1
1527972501.520533000	5.955	1360	0
1527972501.520708000	5.95517	1412	0
1527972501.520849000	5.95531	1412	0
1527972501.521010000	5.95547	1412	0
1527972501.521013000	5.95548	184	0
1527972501.524161000	5.95863	1229	0
1527972501.528429000	5.96289	1412	0
1527972501.528649000	5.96311	1412	0
1527972501.529389000	5.96385	1412	0
1527972501.529392000	5.96386	184	0
1527972501.529524000	5.96399	124	1
1527972501.532160000	5.96662	1412	0
1527972501.532420000	5.96688	731	0
1527972501.535896000	5.97036	100	1
1527972501.540111000	5.97458	1412	0
1527972501.540396000	5.97486	1412	0
1527972501.540696000	5.97516	1412	0
1527972501.540763000	5.97523	193	0
1527972501.540959000	5.97542	777	0
1527972501.545398000	5.97986	109	1
1527972501.573516000	6.00798	1412	0
1527972501.573802000	6.00827	1412	0
1527972501.574106000	6.00857	1412	0
1527972501.574109000	6.00857	193	0
1527972501.574326000	6.00879	978	0
1527972501.577965000	6.01243	109	1
1527972501.578666000	6.01313	1412	0
1527972501.578898000	6.01336	1412	0
1527972501.578971000	6.01344	1412	0
1527972501.578974000	6.01344	184	0
1527972501.579225000	6.01369	1412	0
1527972501.579228000	6.01369	207	0
1527972501.582902000	6.01737	112	1
1527972501.583426000	6.01789	1412	0
1527972501.583726000	6.01819	1412	0
1527972501.584032000	6.0185	1412	0
1527972501.584037000	6.0185	184	0
1527972501.584309000	6.01877	1186	0
1527972501.587950000	6.02241	1412	0
1527972501.588236000	6.0227	1412	0
1527972501.588539000	6.023	1412	0
1527972501.588542000	6.02301	184	0
1527972501.588764000	6.02323	995	0
1527972501.589968000	6.02443	1412	0
1527972501.590470000	6.02494	1248	0
1527972501.590595000	6.02506	742	0
1527972501.592208000	6.02667	1412	0
1527972501.592498000	6.02696	1330	0
1527972501.593134000	6.0276	109	1
1527972501.593401000	6.02787	124	1
1527972501.594769000	6.02923	1412	0
1527972501.595109000	6.02957	1412	0
1527972501.595111000	6.02958	339	0
1527972501.595112000	6.02958	142	0
1527972501.599915000	6.03438	106	1
1527972503.991093000	8.42556	515	1
1527972503.991179000	8.42564	293	1
1527972503.993390000	8.42786	305	1
1527972503.993440000	8.4279	1412	1
1527972503.993478000	8.42794	1412	1
1527972503.993529000	8.42799	976	1
1527972504.005484000	8.43995	86	0
1527972504.008463000	8.44293	86	0
1527972504.033656000	8.46812	86	0
1527972504.065257000	8.49972	403	1
1527972504.101365000	8.53583	398	0
1527972504.105014000	8.53948	97	1
1527972504.111736000	8.5462	88	0
1527972504.115009000	8.54947	97	1
1527972504.135616000	8.57008	302	0
1527972504.135975000	8.57044	1399	0
1527972504.136385000	8.57085	512	0
1527972504.138305000	8.57277	591	0
1527972504.138979000	8.57344	106	1
1527972504.139150000	8.57361	643	0
1527972504.141429000	8.57589	466	0
1527972504.142107000	8.57657	696	0
1527972504.142989000	8.57745	103	1
1527972504.143889000	8.57835	483	0
1527972504.145539000	8.58	834	0
1527972504.147311000	8.58178	648	0
1527972504.148021000	8.58249	103	1
1527972504.148253000	8.58272	518	0
1527972504.149990000	8.58446	438	0
1527972504.150981000	8.58545	700	0
1527972504.152007000	8.58647	100	1
1527972504.152777000	8.58724	615	0
1527972504.153481000	8.58795	557	0
1527972504.155194000	8.58966	653	0
1527972504.155977000	8.59044	106	1
1527972504.156704000	8.59117	582	0
1527972504.157304000	8.59177	697	0
1527972504.159978000	8.59444	100	1
1527972504.188996000	8.62346	100	0
1527972504.188999000	8.62346	100	0
1527972504.193012000	8.62748	100	1
1527972504.206573000	8.64104	297	0
1527972504.206576000	8.64104	102	0
1527972504.210017000	8.64448	100	1
1527972504.212068000	8.64653	135	0
1527972504.216063000	8.65053	97	1
1527972504.655523000	9.08999	1412	1
1527972504.655596000	9.09006	1412	1
1527972504.655628000	9.09009	255	1
1527972504.655673000	9.09014	843	1
1527972504.672312000	9.10678	86	0
1527972504.675163000	9.10963	86	0
1527972504.697107000	9.13157	502	0
1527972504.697207000	9.13167	252	0
1527972504.701106000	9.13557	106	1
1527972505.073805000	9.50827	1008	1
1527972505.073881000	9.50835	93	1
1527972505.091988000	9.52645	86	0
1527972505.192240000	9.6267	425	0
1527972505.192342000	9.62681	365	0
1527972505.196063000	9.63053	103	1
1527972505.198394000	9.63286	95	0
1527972505.202033000	9.6365	97	1
1527972505.913457000	10.3479	476	1
1527972505.913508000	10.348	108	1
1527972505.936432000	10.3709	86	0
1527972505.948383000	10.3828	305	1
1527972505.950845000	10.3853	482	1
1527972505.950897000	10.3854	86	1
1527972505.967152000	10.4016	86	0
1527972505.970468000	10.4049	86	0
1527972506.039276000	10.4737	305	0
1527972506.039279000	10.4737	150	0
1527972506.043160000	10.4776	109	1
1527972506.043545000	10.478	91	0
1527972506.043636000	10.4781	234	0
1527972506.048192000	10.4827	100	1
1527972506.104887000	10.5394	272	0
1527972506.104889000	10.5394	139	0
1527972506.109146000	10.5436	100	1
1527972506.109918000	10.5444	91	0
1527972506.110010000	10.5445	252	0
1527972506.114256000	10.5487	100	1
1527972506.118340000	10.5528	234	0
1527972506.118342000	10.5528	102	0
1527972506.122082000	10.5565	91	0
1527972506.122170000	10.5566	100	1
1527972506.122528000	10.557	229	0
1527972506.126125000	10.5606	100	1
1527972506.541935000	10.9764	396	1
1527972506.542040000	10.9765	254	1
1527972506.558851000	10.9933	86	0
1527972507.291094000	11.7256	257	0
1527972507.291096000	11.7256	145	0
1527972507.295270000	11.7297	103	1
1527972507.295520000	11.73	91	0
1527972507.295522000	11.73	118	0
1527972507.299266000	11.7337	100	1
1527972507.327259000	11.7617	257	0
1527972507.331194000	11.7657	97	1
1527972509.807006000	14.2415	364	1
1527972509.807447000	14.2419	295	1
1527972509.807602000	14.2421	328	1
1527972509.807655000	14.2421	442	1
1527972509.807790000	14.2423	377	1
1527972509.807961000	14.2424	373	1
1527972509.808042000	14.2425	1412	1
1527972509.808077000	14.2425	1412	1
1527972509.809382000	14.2438	1412	1
1527972509.809443000	14.2439	1412	1
1527972509.811391000	14.2459	1412	1
1527972509.813377000	14.2478	1412	1
1527972509.813437000	14.2479	1412	1
1527972509.823963000	14.2584	86	0
1527972509.824209000	14.2587	1412	1
1527972509.824232000	14.2587	1412	1
1527972509.825380000	14.2598	1412	1
1527972509.825418000	14.2599	1412	1
1527972509.825481000	14.2599	1412	1
1527972509.827379000	14.2618	1412	1
1527972509.828302000	14.2628	86	0
1527972509.828515000	14.263	1412	1
1527972509.828538000	14.263	1412	1
1527972509.830417000	14.2649	1412	1
1527972509.830479000	14.2649	1412	1
1527972509.832059000	14.2665	86	0
1527972509.832267000	14.2667	1412	1
1527972509.832312000	14.2668	1412	1
1527972509.834380000	14.2688	1412	1
1527972509.834418000	14.2689	1412	1
1527972509.834477000	14.2689	1412	1
1527972509.836377000	14.2708	1412	1
1527972509.836437000	14.2709	1412	1
1527972509.838379000	14.2728	1412	1
1527972509.842508000	14.277	86	0
1527972509.842619000	14.2771	1412	1
1527972509.842644000	14.2771	1412	1
1527972509.844336000	14.2788	1412	1
1527972509.844382000	14.2788	1412	1
1527972509.846333000	14.2808	1412	1
1527972509.850072000	14.2845	86	0
1527972509.851124000	14.2856	1412	1
1527972509.851183000	14.2856	1412	1
1527972509.852380000	14.2868	1412	1
1527972509.852419000	14.2869	751	1
1527972509.855376000	14.2898	86	0
1527972509.861412000	14.2959	86	0
1527972509.865116000	14.2996	86	0
1527972509.871036000	14.3055	86	0
1527972509.928598000	14.3631	255	0
1527972509.928957000	14.3634	117	0
1527972509.932343000	14.3668	232	0
1527972509.932436000	14.3669	278	0
1527972509.932474000	14.3669	115	1
1527972509.933676000	14.3681	91	0
1527972509.933751000	14.3682	225	0
1527972509.936310000	14.3708	106	1
1527972509.937204000	14.3717	91	0
1527972509.937280000	14.3717	102	0
1527972509.940304000	14.3748	100	1
1527972509.961657000	14.3961	240	0
1527972509.961659000	14.3961	145	0
1527972509.965338000	14.3998	100	1
1527972509.967585000	14.4021	91	0
1527972509.967587000	14.4021	96	0
1527972509.969285000	14.4037	571	0
1527972509.969467000	14.4039	801	0
1527972509.971377000	14.4058	106	1
1527972509.971407000	14.4059	91	0
1527972509.972331000	14.4068	334	0
1527972509.975361000	14.4098	100	1
1527972509.979170000	14.4136	374	0
1527972509.983359000	14.4178	97	1
1527972509.986290000	14.4208	79	0
1527972509.990348000	14.4248	97	1
1527972510.104352000	14.5388	396	1
1527972510.104428000	14.5389	281	1
1527972510.121509000	14.556	86	0
1527972510.221830000	14.6563	324	0
1527972510.221833000	14.6563	145	0
1527972510.225424000	14.6599	103	1
1527972510.226876000	14.6613	91	0
1527972510.227382000	14.6618	150	0
1527972510.230468000	14.6649	100	1
1527972513.263959000	17.6984	394	1
1527972513.264022000	17.6985	252	1
1527972513.282364000	17.7168	86	0
1527972513.414281000	17.8487	401	0
1527972513.414284000	17.8487	145	0
1527972513.418625000	17.8531	103	1
1527972513.420103000	17.8546	91	0
1527972513.420196000	17.8547	133	0
1527972513.424535000	17.859	100	1
1527972513.435435000	17.8699	995	1
1527972513.435514000	17.87	261	1
1527972513.453768000	17.8882	86	0
1527972513.550070000	17.9845	279	0
1527972513.550073000	17.9845	145	0
1527972513.553631000	17.9881	103	1
1527972513.554897000	17.9894	91	0
1527972513.555364000	17.9898	219	0
1527972513.558590000	17.9931	100	1
1527972513.974917000	18.4094	403	1
1527972513.975008000	18.4095	254	1
1527972514.008633000	18.4431	403	1
1527972514.008965000	18.4434	86	0
1527972514.027040000	18.4615	86	0
1527972514.107003000	18.5415	264	0
1527972514.107005000	18.5415	145	0
1527972514.110654000	18.5451	106	1
1527972514.111602000	18.5461	91	0
1527972514.111604000	18.5461	148	0
1527972514.115587000	18.5501	100	1
1527972514.335095000	18.7696	901	1
1527972514.335188000	18.7697	253	1
1527972514.352889000	18.7874	86	0
1527972514.467883000	18.9023	257	0
1527972514.467885000	18.9023	145	0
1527972514.471604000	18.9061	103	1
1527972514.473045000	18.9075	91	0
1527972514.473048000	18.9075	118	0
1527972514.476657000	18.9111	101	1
1527972514.783274000	19.2177	472	1
1527972514.783333000	19.2178	255	1
1527972514.803335000	19.2378	86	0
1527972514.908209000	19.3427	235	0
1527972514.908212000	19.3427	145	0
1527972514.911627000	19.3461	104	1
1527972514.913488000	19.348	91	0
1527972514.913489000	19.348	105	0
1527972514.917611000	19.3521	101	1
1527972515.024919000	19.4594	396	1
1527972515.025012000	19.4595	254	1
1527972515.042267000	19.4767	86	0
1527972515.156292000	19.5908	232	0
1527972515.156295000	19.5908	147	0
1527972515.159650000	19.5941	104	1
1527972515.161262000	19.5957	91	0
1527972515.161346000	19.5958	303	0
1527972515.164616000	19.5991	101	1
1527972515.237980000	19.6724	391	1
1527972515.238071000	19.6725	255	1
1527972515.256632000	19.6911	86	0
1527972515.366001000	19.8005	255	0
1527972515.366003000	19.8005	147	0
1527972515.369735000	19.8042	104	1
1527972515.370540000	19.805	91	0
1527972515.370542000	19.805	160	0
1527972515.374692000	19.8092	101	1
1527972515.622266000	20.0567	391	1
1527972515.622359000	20.0568	255	1
1527972515.638437000	20.0729	86	0
1527972515.758319000	20.1928	234	0
1527972515.758322000	20.1928	147	0
1527972515.762735000	20.1972	104	1
1527972515.763050000	20.1975	91	0
1527972515.763052000	20.1975	187	0
1527972515.766733000	20.2012	101	1
1527972516.021262000	20.4557	395	1
1527972516.021355000	20.4558	257	1
1527972516.041679000	20.4761	86	0
1527972516.145741000	20.5802	234	0
1527972516.145743000	20.5802	147	0
1527972516.149759000	20.5842	104	1
1527972516.153041000	20.5875	91	0
1527972516.153044000	20.5875	250	0
1527972516.156753000	20.5912	101	1
1527972516.452700000	20.8872	391	1
1527972516.452791000	20.8873	255	1
1527972516.469688000	20.9042	86	0
1527972516.572125000	21.0066	257	0
1527972516.572127000	21.0066	147	0
1527972516.575725000	21.0102	104	1
1527972516.577016000	21.0115	91	0
1527972516.577093000	21.0116	210	0
1527972516.580710000	21.0152	101	1
1527972516.791263000	21.2257	391	1
1527972516.791357000	21.2258	255	1
1527972516.808004000	21.2425	86	0
1527972516.918275000	21.3527	235	0
1527972516.918277000	21.3527	147	0
1527972516.921813000	21.3563	104	1
1527972516.924051000	21.3585	91	0
1527972516.924053000	21.3585	165	0
1527972516.927749000	21.3622	101	1
1527972517.245107000	21.6796	392	1
1527972517.245194000	21.6797	255	1
1527972517.262345000	21.6968	86	0
1527972517.368012000	21.8025	257	0
1527972517.368015000	21.8025	147	0
1527972517.371835000	21.8063	104	1
1527972517.372293000	21.8068	91	0
1527972517.372379000	21.8068	334	0
1527972517.375830000	21.8103	101	1
1527972517.624034000	22.0585	391	1
1527972517.624126000	22.0586	254	1
1527972517.640979000	22.0754	86	0
1527972517.749005000	22.1835	232	0
1527972517.749008000	22.1835	147	0
1527972517.752849000	22.1873	104	1
1527972517.754046000	22.1885	91	0
1527972517.754135000	22.1886	224	0
1527972517.757831000	22.1923	101	1
1527972517.877189000	22.3117	994	1
1527972517.877277000	22.3117	256	1
1527972517.895684000	22.3301	86	0
1527972517.999663000	22.4341	231	0
1527972517.999973000	22.4344	147	0
1527972518.003880000	22.4383	104	1
1527972518.004755000	22.4392	91	0
1527972518.005218000	22.4397	136	0
1527972518.008851000	22.4433	101	1
1527972518.633001000	23.0675	402	1
1527972518.633097000	23.0676	255	1
1527972518.666989000	23.1015	402	1
1527972518.700309000	23.1348	86	0
1527972518.806077000	23.2405	324	0
1527972518.806745000	23.2412	147	0
1527972518.809917000	23.2444	104	1
1527972518.811408000	23.2459	91	0
1527972518.811410000	23.2459	99	0
1527972518.814903000	23.2494	101	1
1527972518.852520000	23.287	390	1
1527972518.852608000	23.2871	254	1
1527972518.888935000	23.3234	390	1
1527972518.912692000	23.3472	86	0
1527972519.018728000	23.4532	379	0
1527972519.018730000	23.4532	147	0
1527972519.022861000	23.4573	104	1
1527972519.036326000	23.4708	91	0
1527972519.036328000	23.4708	213	0
1527972519.039861000	23.4743	101	1
1527972519.069824000	23.5043	379	0
1527972519.073879000	23.5083	98	1
1527972519.104423000	23.5389	147	0
1527972519.107907000	23.5424	98	1
1527972519.165740000	23.6002	899	1
1527972519.165819000	23.6003	256	1
1527972519.191876000	23.6263	86	0
1527972519.304550000	23.739	302	0
1527972519.304553000	23.739	147	0
1527972519.308943000	23.7434	104	1
1527972519.309283000	23.7437	91	0
1527972519.309286000	23.7438	304	0
1527972519.312912000	23.7474	101	1
1527972519.585467000	24.0199	472	1
1527972519.585542000	24.02	258	1
1527972519.604527000	24.039	86	0
1527972519.715060000	24.1495	266	0
1527972519.715063000	24.1495	147	0
1527972519.718924000	24.1534	104	1
1527972519.721894000	24.1564	91	0
1527972519.721989000	24.1565	266	0
1527972519.725889000	24.1604	101	1
1527972519.996311000	24.4308	395	1
1527972519.996399000	24.4309	255	1
1527972520.015717000	24.4502	86	0
1527972520.130611000	24.5651	234	0
1527972520.130613000	24.5651	147	0
1527972520.135007000	24.5695	104	1
1527972520.135590000	24.5701	91	0
1527972520.135950000	24.5704	117	0
1527972520.138971000	24.5734	101	1
1527972524.336924000	28.7714	372	1
1527972524.337024000	28.7715	1412	1
1527972524.337061000	28.7715	1412	1
1527972524.337094000	28.7716	1412	1
1527972524.337134000	28.7716	1367	1
1527972524.355695000	28.7902	87	0
1527972524.483995000	28.9185	414	0
1527972524.488173000	28.9226	101	1
1527972524.490556000	28.925	79	0
1527972524.494186000	28.9287	98	1
1527972524.537216000	28.9717	392	1
1527972524.537300000	28.9718	256	1
1527972524.554794000	28.9893	87	0
1527972524.655767000	29.0902	234	0
1527972524.655769000	29.0902	147	0
1527972524.659242000	29.0937	104	1
1527972524.660073000	29.0945	91	0
1527972524.660075000	29.0945	109	0
1527972524.664177000	29.0986	101	1
1527972524.778547000	29.213	395	1
1527972524.778608000	29.2131	254	1
1527972524.795231000	29.2297	87	0
1527972524.906365000	29.3408	232	0
1527972524.906367000	29.3408	147	0
1527972524.910263000	29.3447	104	1
1527972524.911222000	29.3457	91	0
1527972524.911722000	29.3462	139	0
1527972524.915268000	29.3497	101	1
1527972525.309497000	29.744	391	1
1527972525.309559000	29.744	254	1
1527972525.328083000	29.7625	87	0
1527972525.432132000	29.8666	255	0
1527972525.432134000	29.8666	147	0
1527972525.436313000	29.8708	104	1
1527972525.436737000	29.8712	91	0
1527972525.437150000	29.8716	259	0
1527972525.440274000	29.8747	101	1
1527972525.533542000	29.968	390	1
1527972525.533639000	29.9681	256	1
1527972525.550892000	29.9854	87	0
1527972525.645769000	30.0802	232	0
1527972525.645771000	30.0802	147	0
1527972525.649301000	30.0838	104	1
1527972525.650265000	30.0847	91	0
1527972525.651689000	30.0862	295	0
1527972525.654302000	30.0888	101	1
1527972525.887701000	30.3222	391	1
1527972525.887776000	30.3222	254	1
1527972525.905639000	30.3401	87	0
1527972526.010984000	30.4454	234	0
1527972526.010987000	30.4455	147	0
1527972526.014707000	30.4492	91	0
1527972526.015204000	30.4497	275	0
1527972526.015285000	30.4497	107	1
1527972526.019315000	30.4538	98	1
1527972526.299791000	30.7343	992	1
1527972526.299865000	30.7343	255	1
1527972526.317122000	30.7516	87	0
1527972526.421294000	30.8558	257	0
1527972526.421297000	30.8558	147	0
1527972526.425345000	30.8598	104	1
1527972526.426045000	30.8605	91	0
1527972526.426046000	30.8605	158	0
1527972526.429334000	30.8638	101	1
1527972526.747227000	31.1817	403	1
1527972526.747322000	31.1818	255	1
1527972526.764229000	31.1987	87	0
1527972526.861061000	31.2955	232	0
1527972526.861063000	31.2955	147	0
1527972526.865055000	31.2995	91	0
1527972526.865320000	31.2998	107	1
1527972526.865565000	31.3	317	0
1527972526.869362000	31.3038	98	1
1527972527.212631000	31.6471	391	1
1527972527.212723000	31.6472	254	1
1527972527.233229000	31.6677	87	0
1527972527.357217000	31.7917	257	0
1527972527.357220000	31.7917	147	0
1527972527.361418000	31.7959	104	1
1527972527.361803000	31.7963	91	0
1527972527.362269000	31.7967	212	0
1527972527.365334000	31.7998	101	1
1527972527.435666000	31.8701	898	1
1527972527.435726000	31.8702	255	1
1527972527.468197000	31.9027	87	0
1527972527.586786000	32.0213	301	0
1527972527.586788000	32.0213	147	0
1527972527.590365000	32.0248	104	1
1527972527.591992000	32.0265	91	0
1527972527.592067000	32.0265	246	0
1527972527.595336000	32.0298	101	1
1527972527.944991000	32.3795	390	1
1527972527.945084000	32.3795	254	1
1527972527.963615000	32.3981	87	0
1527972528.071547000	32.506	379	0
1527972528.071550000	32.506	147	0
1527972528.075099000	32.5096	91	0
1527972528.075360000	32.5098	107	1
1527972528.075880000	32.5103	208	0
1527972528.079424000	32.5139	98	1
1527972528.566784000	33.0012	472	1
1527972528.566846000	33.0013	256	1
1527972528.587727000	33.0222	87	0
1527972528.692793000	33.1273	302	0
1527972528.692796000	33.1273	147	0
1527972528.696493000	33.131	104	1
1527972528.696915000	33.1314	91	0
1527972528.696917000	33.1314	130	0
1527972528.700462000	33.1349	101	1
1527972528.730647000	33.1651	91	0
1527972528.734455000	33.1689	98	1
1527972529.455013000	33.8895	391	1
1527972529.455099000	33.8896	254	1
1527972529.491533000	33.926	391	1
1527972529.517485000	33.9519	87	0
1527972529.619062000	34.0535	286	0
1527972529.619064000	34.0535	147	0
1527972529.622545000	34.057	104	1
1527972529.623130000	34.0576	91	0
1527972529.623560000	34.058	199	0
1527972529.626522000	34.061	101	1
1527972529.661825000	34.0963	286	0
1527972529.665507000	34.1	98	1
1527972529.688747000	34.1232	87	0
1527972530.373928000	34.8084	390	1
1527972530.374019000	34.8085	254	1
1527972530.420056000	34.8545	87	0
1527972530.516399000	34.9509	257	0
1527972530.516402000	34.9509	147	0
1527972530.520576000	34.955	107	1
1527972530.521021000	34.9555	91	0
1527972530.521484000	34.9559	143	0
1527972530.524565000	34.959	101	1
1527972530.907746000	35.3422	392	1
1527972530.907812000	35.3423	254	1
1527972530.924957000	35.3594	87	0
1527972530.930909000	35.3654	87	0
1527972531.025232000	35.4597	232	0
1527972531.025328000	35.4598	147	0
1527972531.029620000	35.4641	107	1
1527972531.030049000	35.4645	91	0
1527972531.030521000	35.465	267	0
1527972531.033602000	35.4681	101	1
1527972531.419981000	35.8544	391	1
1527972531.420071000	35.8545	256	1
1527972531.437951000	35.8724	87	0
1527972531.540878000	35.9753	255	0
1527972531.540880000	35.9753	147	0
1527972531.544630000	35.9791	104	1
1527972531.545252000	35.9797	91	0
1527972531.545730000	35.9802	245	0
1527972531.548653000	35.9831	101	1
1527972532.002971000	36.4374	395	1
1527972532.003031000	36.4375	254	1
1527972532.026858000	36.4613	87	0
1527972532.139681000	36.5741	232	0
1527972532.139684000	36.5741	147	0
1527972532.143672000	36.5781	104	1
1527972532.143893000	36.5784	91	0
1527972532.143976000	36.5784	301	0
1527972532.147661000	36.5821	101	1
1527972532.508341000	36.9428	395	1
1527972532.508432000	36.9429	255	1
1527972532.527484000	36.9619	87	0
1527972532.636489000	37.071	257	0
1527972532.636491000	37.071	147	0
1527972532.640714000	37.0752	104	1
1527972532.640732000	37.0752	91	0
1527972532.640816000	37.0753	285	0
1527972532.644683000	37.0791	101	1
1527972532.911918000	37.3464	391	1
1527972532.912013000	37.3465	254	1
1527972532.929340000	37.3638	87	0
1527972533.033593000	37.4681	234	0
1527972533.033596000	37.4681	147	0
1527972533.037723000	37.4722	104	1
1527972533.038590000	37.4731	91	0
1527972533.039057000	37.4735	301	0
1527972533.042712000	37.4772	101	1
1527972533.206948000	37.6414	993	1
1527972533.207012000	37.6415	254	1
1527972533.224893000	37.6594	87	0
1527972533.346739000	37.7812	257	0
1527972533.346829000	37.7813	147	0
1527972533.350676000	37.7851	104	1
1527972533.351631000	37.7861	91	0
1527972533.351708000	37.7862	319	0
1527972533.355700000	37.7902	101	1
1527972533.559903000	37.9944	404	1
1527972533.559999000	37.9945	256	1
1527972533.577430000	38.0119	87	0
1527972533.710743000	38.1452	232	0
1527972533.710746000	38.1452	147	0
1527972533.714486000	38.149	91	0
1527972533.714686000	38.1492	107	1
1527972533.714910000	38.1494	114	0
1527972533.718768000	38.1532	98	1
1527972533.928930000	38.3634	391	1
1527972533.928996000	38.3635	254	1
1527972533.946608000	38.3811	87	0
1527972534.062002000	38.4965	235	0
1527972534.062004000	38.4965	147	0
1527972534.065768000	38.5002	104	1
1527972534.067245000	38.5017	91	0
1527972534.067248000	38.5017	192	0
1527972534.070763000	38.5052	101	1
1527972534.333063000	38.7675	899	1
1527972534.333154000	38.7676	254	1
1527972534.350734000	38.7852	87	0
1527972534.453291000	38.8878	258	0
1527972534.453294000	38.8878	147	0
1527972534.456738000	38.8912	91	0
1527972534.456832000	38.8913	104	1
1527972534.457777000	38.8922	213	0
1527972534.460792000	38.8953	101	1
1527972534.578684000	39.0131	393	1
1527972534.578781000	39.0132	255	1
1527972534.596912000	39.0314	87	0
1527972534.712718000	39.1472	303	0
1527972534.712724000	39.1472	147	0
1527972534.716822000	39.1513	104	1
1527972534.717393000	39.1519	91	0
1527972534.717781000	39.1522	303	0
1527972534.720808000	39.1553	101	1
1527972534.983340000	39.4178	469	1
1527972534.983432000	39.4179	255	1
1527972535.004056000	39.4385	87	0
1527972535.108754000	39.5432	378	0
1527972535.108757000	39.5432	147	0
1527972535.112862000	39.5473	104	1
1527972535.113962000	39.5484	91	0
1527972535.114036000	39.5485	168	0
1527972535.117829000	39.5523	101	1
1527972535.814403000	40.2489	395	1
1527972535.814490000	40.249	257	1
1527972535.831339000	40.2658	87	0
1527972535.928554000	40.363	300	0
1527972535.928557000	40.363	147	0
1527972535.932895000	40.3674	104	1
1527972535.933468000	40.3679	91	0
1527972535.933471000	40.3679	179	0
1527972535.936874000	40.3713	101	1
1527972536.097089000	40.5316	390	1
1527972536.097181000	40.5316	255	1
1527972536.115586000	40.5501	87	0
1527972536.120522000	40.555	87	0
1527972536.220307000	40.6548	287	0
1527972536.220310000	40.6548	147	0
1527972536.223926000	40.6584	107	1
1527972536.225715000	40.6602	91	0
1527972536.226109000	40.6606	184	0
1527972536.229897000	40.6644	101	1
1527972536.530334000	40.9648	393	1
1527972536.530423000	40.9649	258	1
1527972536.546688000	40.9812	87	0
1527972536.655074000	41.0895	232	0
1527972536.655077000	41.0895	147	0
1527972536.657897000	41.0924	91	0
1527972536.657983000	41.0924	296	0
1527972536.658875000	41.0933	110	1
1527972536.955401000	41.3899	394	1
1527972536.955470000	41.3899	256	1
1527972536.973485000	41.4079	87	0
1527972537.082694000	41.5172	232	0
1527972537.082697000	41.5172	147	0
1527972537.086526000	41.521	91	0
1527972537.086916000	41.5214	246	0
1527972537.086962000	41.5214	107	1
1527972537.090942000	41.5254	98	1
1527972537.262153000	41.6966	391	1
1527972537.262214000	41.6967	255	1
1527972537.279380000	41.7138	87	0
1527972537.472369000	41.9068	254	0
1527972537.472372000	41.9068	147	0
1527972537.476013000	41.9105	104	1
1527972537.476949000	41.9114	91	0
1527972537.476951000	41.9114	168	0
1527972537.480982000	41.9154	101	1
1527972537.494976000	41.9294	390	1
1527972537.495023000	41.9295	257	1
1527972537.514973000	41.9494	87	0
1527972537.632918000	42.0674	234	0
1527972537.632921000	42.0674	147	0
1527972537.636993000	42.0715	104	1
1527972537.639950000	42.0744	91	0
1527972537.639953000	42.0744	116	0
1527972537.643998000	42.0785	101	1
1527972537.878272000	42.3127	396	1
1527972537.878364000	42.3128	255	1
1527972537.894477000	42.3289	87	0
1527972538.011654000	42.4461	232	0
1527972538.011657000	42.4461	147	0
1527972538.016014000	42.4505	104	1
1527972538.017334000	42.4518	91	0
1527972538.018016000	42.4525	190	0
1527972538.020997000	42.4555	101	1
1527972538.111356000	42.5458	991	1
1527972538.111427000	42.5459	255	1
1527972538.130412000	42.5649	87	0
1527972538.243161000	42.6776	257	0
1527972538.243164000	42.6776	147	0
1527972538.247037000	42.6815	104	1
1527972538.247804000	42.6823	91	0
1527972538.248373000	42.6828	191	0
1527972538.251976000	42.6864	101	1
1527972538.595262000	43.0297	404	1
1527972538.595328000	43.0298	255	1
1527972538.613931000	43.0484	87	0
1527972538.717838000	43.1523	234	0
1527972538.717841000	43.1523	147	0
1527972538.722006000	43.1565	104	1
1527972538.722832000	43.1573	91	0
1527972538.722906000	43.1574	86	0
1527972538.727067000	43.1615	101	1
1527972539.037494000	43.472	391	1
1527972539.037585000	43.472	255	1
1527972539.053646000	43.4881	87	0
1527972539.153876000	43.5883	234	0
1527972539.153878000	43.5883	147	0
1527972539.158110000	43.5926	104	1
1527972539.159259000	43.5937	91	0
1527972539.159673000	43.5941	96	0
1527972539.163060000	43.5975	101	1
1527972539.460345000	43.8948	899	1
1527972539.460420000	43.8949	256	1
1527972539.486428000	43.9209	87	0
1527972539.622072000	44.0565	258	0
1527972539.622075000	44.0565	147	0
1527972539.626100000	44.0606	104	1
1527972539.627050000	44.0615	91	0
1527972539.627143000	44.0616	226	0
1527972539.631089000	44.0656	101	1
1527972539.657531000	44.092	258	0
1527972539.661072000	44.0955	98	1
1527972539.688662000	44.1231	147	0
1527972539.692099000	44.1266	98	1
1527972539.872370000	44.3068	393	1
1527972539.872442000	44.3069	257	1
1527972539.908089000	44.3426	393	1
1527972539.920425000	44.3549	87	0
1527972539.994754000	44.4292	87	0
1527972540.064415000	44.4989	232	0
1527972540.064523000	44.499	147	0
1527972540.068094000	44.5026	107	1
1527972540.069710000	44.5042	91	0
1527972540.070878000	44.5053	310	0
1527972540.073078000	44.5075	101	1
1527972540.284738000	44.7192	468	1
1527972540.284820000	44.7193	257	1
1527972540.342132000	44.7766	468	1
1527972540.350361000	44.7848	87	0
1527972540.424586000	44.8591	87	0
1527972540.459490000	44.894	255	0
1527972540.459492000	44.894	147	0
1527972540.463101000	44.8976	107	1
1527972540.471824000	44.9063	91	0
1527972540.471826000	44.9063	290	0
1527972540.475113000	44.9096	101	1
1527972540.745632000	45.1801	391	1
1527972540.745719000	45.1802	256	1
1527972540.778256000	45.2127	87	0
1527972540.891285000	45.3257	300	0
1527972540.891288000	45.3258	147	0
1527972540.895127000	45.3296	104	1
1527972540.897132000	45.3316	91	0
1527972540.897214000	45.3317	291	0
1527972540.901133000	45.3356	101	1
1527972541.124573000	45.559	390	1
1527972541.124666000	45.5591	255	1
1527972541.142483000	45.5769	87	0
1527972541.242962000	45.6774	401	0
1527972541.242965000	45.6774	147	0
1527972541.246394000	45.6809	91	0
1527972541.246397000	45.6809	134	0
1527972541.247125000	45.6816	110	1
1527972541.476258000	45.9107	395	1
1527972541.476325000	45.9108	258	1
1527972541.492769000	45.9272	87	0
1527972541.605025000	46.0395	277	0
1527972541.605363000	46.0398	147	0
1527972541.609202000	46.0437	104	1
1527972541.609974000	46.0444	91	0
1527972541.609976000	46.0444	265	0
1527972541.614163000	46.0486	101	1
1527972542.524755000	46.9592	391	1
1527972542.524819000	46.9593	255	1
1527972542.542473000	46.9769	87	0
1527972542.664218000	47.0987	287	0
1527972542.664221000	47.0987	147	0
1527972542.668304000	47.1028	104	1
1527972542.668998000	47.1035	91	0
1527972542.669000000	47.1035	207	0
1527972542.673260000	47.1077	101	1
1527972542.806845000	47.2413	394	1
1527972542.806924000	47.2414	256	1
1527972542.824164000	47.2586	87	0
1527972542.963364000	47.3978	232	0
1527972542.963367000	47.3978	147	0
1527972542.967326000	47.4018	104	1
1527972542.968041000	47.4025	91	0
1527972542.968546000	47.403	318	0
1527972542.972274000	47.4067	101	1
1527972543.323584000	47.758	394	1
1527972543.323644000	47.7581	257	1
1527972543.355250000	47.7897	87	0
1527972543.463467000	47.8979	255	0
1527972543.463470000	47.8979	147	0
1527972543.467357000	47.9018	104	1
1527972543.470616000	47.9051	91	0
1527972543.470618000	47.9051	212	0
1527972543.474327000	47.9088	101	1
1527972543.733809000	48.1683	394	1
1527972543.733876000	48.1683	255	1
1527972543.750862000	48.1853	87	0
1527972543.854600000	48.2891	234	0
1527972543.854602000	48.2891	147	0
1527972543.858345000	48.2928	104	1
1527972543.860865000	48.2953	91	0
1527972543.860867000	48.2953	174	0
1527972543.864325000	48.2988	101	1
1527972544.225554000	48.66	992	1
1527972544.225643000	48.6601	255	1
1527972544.256790000	48.6913	87	0
1527972544.384384000	48.8188	255	0
1527972544.384390000	48.8189	147	0
1527972544.388397000	48.8229	104	1
1527972544.389977000	48.8244	91	0
1527972544.389980000	48.8244	289	0
1527972544.393358000	48.8278	101	1
1527972544.529809000	48.9643	403	1
1527972544.529870000	48.9643	255	1
1527972544.546075000	48.9805	87	0
1527972544.556147000	48.9906	87	0
1527972544.648077000	49.0825	234	0
1527972544.648079000	49.0825	147	0
1527972544.652387000	49.0869	107	1
1527972544.652620000	49.0871	91	0
1527972544.652621000	49.0871	172	0
1527972544.656384000	49.0908	101	1
1527972544.762742000	49.1972	392	1
1527972544.762835000	49.1973	257	1
1527972544.799028000	49.2335	87	0
1527972544.909585000	49.344	232	0
1527972544.909904000	49.3444	147	0
1527972544.913416000	49.3479	104	1
1527972544.915163000	49.3496	91	0
1527972544.915262000	49.3497	273	0
1527972544.919393000	49.3539	101	1
1527972545.140087000	49.5746	898	1
1527972545.140166000	49.5746	256	1
1527972545.157759000	49.5922	87	0
1527972545.285907000	49.7204	257	0
1527972545.285909000	49.7204	147	0
1527972545.289451000	49.7239	104	1
1527972545.291057000	49.7255	91	0
1527972545.291137000	49.7256	330	0
1527972545.294412000	49.7289	101	1
1527972545.592605000	50.0271	391	1
1527972545.592678000	50.0271	255	1
1527972545.610982000	50.0454	87	0
1527972545.708683000	50.1431	232	0
1527972545.708685000	50.1431	147	0
1527972545.712383000	50.1468	104	1
1527972545.713455000	50.1479	91	0
1527972545.714346000	50.1488	217	0
1527972545.717378000	50.1518	101	1
1527972546.035038000	50.4695	467	1
1527972546.035122000	50.4696	256	1
1527972546.053920000	50.4884	87	0
1527972546.180333000	50.6148	232	0
1527972546.181361000	50.6158	147	0
1527972546.184425000	50.6189	104	1
1527972546.184793000	50.6193	91	0
1527972546.185880000	50.6203	295	0
1527972546.188646000	50.6231	101	1
1527972546.380672000	50.8151	390	1
1527972546.380767000	50.8152	257	1
1527972546.425493000	50.86	390	1
1527972546.429807000	50.8643	87	0
1527972546.444533000	50.879	87	0
1527972546.557300000	50.9918	257	0
1527972546.558285000	50.9927	147	0
1527972546.561496000	50.996	107	1
1527972546.562221000	50.9967	91	0
1527972546.563297000	50.9978	302	0
1527972546.565489000	51	101	1
1527972546.825907000	51.2604	392	1
1527972546.825998000	51.2605	257	1
1527972546.844010000	51.2785	87	0
1527972546.942885000	51.3773	235	0
1527972546.943868000	51.3783	147	0
1527972546.946527000	51.381	104	1
1527972546.947511000	51.382	91	0
1527972546.948635000	51.3831	125	0
1527972546.951517000	51.386	101	1
1527972547.202089000	51.6366	393	1
1527972547.202175000	51.6366	256	1
1527972547.221136000	51.6556	87	0
1527972547.328579000	51.763	324	0
1527972547.329596000	51.7641	147	0
1527972547.332540000	51.767	104	1
1527972547.335504000	51.77	91	0
1527972547.336541000	51.771	146	0
1527972547.339551000	51.774	101	1
1527972547.609023000	52.0435	391	1
1527972547.609085000	52.0436	255	1
1527972547.629822000	52.0643	87	0
1527972547.728136000	52.1626	378	0
1527972547.729170000	52.1636	147	0
1527972547.732255000	52.1667	91	0
1527972547.732497000	52.167	107	1
1527972547.733348000	52.1678	172	0
1527972547.737591000	52.1721	98	1
1527972548.154811000	52.5893	391	1
1527972548.154904000	52.5894	255	1
1527972548.172535000	52.607	87	0
1527972548.281434000	52.7159	303	0
1527972548.282422000	52.7169	147	0
1527972548.285594000	52.7201	104	1
1527972548.287555000	52.722	91	0
1527972548.288571000	52.723	228	0
1527972548.291508000	52.726	101	1
1527972548.327074000	52.7615	303	0
1527972548.330582000	52.765	98	1
1527972549.983411000	54.4179	392	1
1527972549.983506000	54.418	255	1
1527972550.002998000	54.4375	87	0
1527972550.109117000	54.5436	287	0
1527972550.110153000	54.5446	147	0
1527972550.112036000	54.5465	91	0
1527972550.112889000	54.5474	107	1
1527972550.113084000	54.5475	291	0
1527972550.116896000	54.5514	98	1
1527972550.496018000	54.9305	391	1
1527972550.496078000	54.9305	255	1
1527972550.516850000	54.9513	87	0
1527972550.624706000	55.0592	257	0
1527972550.625673000	55.0601	147	0
1527972550.628924000	55.0634	104	1
1527972550.633509000	55.068	91	0
1527972550.634575000	55.069	252	0
1527972550.636913000	55.0714	101	1
1527972550.688073000	55.1225	257	0
1527972550.691923000	55.1264	98	1
1527972550.929596000	55.3641	394	1
1527972550.929655000	55.3641	258	1
1527972550.968947000	55.4034	394	1
1527972551.008938000	55.4434	258	1
1527972551.021406000	55.4559	87	0
1527972551.029811000	55.4643	87	0
1527972551.127375000	55.5618	234	0
1527972551.128350000	55.5628	147	0
1527972551.130955000	55.5654	107	1
1527972551.136515000	55.571	91	0
1527972551.139930000	55.5744	98	1
1527972551.192716000	55.6272	329	0
1527972551.196957000	55.6314	98	1
1527972551.475193000	55.9097	995	1
1527972551.475278000	55.9097	257	1
1527972551.493698000	55.9282	87	0
1527972551.596812000	56.0313	254	0
1527972551.600074000	56.0345	147	0
1527972551.600979000	56.0354	104	1
1527972551.604457000	56.0389	91	0
1527972551.605523000	56.04	154	0
1527972551.607968000	56.0424	101	1
1527972552.079329000	56.5138	406	1
1527972552.079419000	56.5139	255	1
1527972552.100237000	56.5347	87	0
1527972552.233093000	56.6676	255	0
1527972552.234170000	56.6686	147	0
1527972552.237010000	56.6715	104	1
1527972552.239862000	56.6743	91	0
1527972552.240961000	56.6754	149	0
1527972552.243945000	56.6784	101	1
1527972552.862344000	57.2968	898	1
1527972552.862435000	57.2969	255	1
1527972552.880069000	57.3145	87	0
1527972552.993821000	57.4283	234	0
1527972552.994813000	57.4293	147	0
1527972552.997997000	57.4325	104	1
1527972552.999621000	57.4341	91	0
1527972553.000711000	57.4352	234	0
1527972553.003011000	57.4375	101	1
1527972553.206331000	57.6408	391	1
1527972553.206390000	57.6409	255	1
1527972553.224870000	57.6593	87	0
1527972553.327808000	57.7623	255	0
1527972553.328820000	57.7633	147	0
1527972553.332082000	57.7665	104	1
1527972553.332652000	57.7671	91	0
1527972553.333719000	57.7682	257	0
1527972553.336063000	57.7705	101	1
1527972553.558303000	57.9928	468	1
1527972553.558377000	57.9928	257	1
1527972553.579568000	58.014	87	0
1527972553.678371000	58.1128	234	0
1527972553.679415000	58.1139	147	0
1527972553.682119000	58.1166	104	1
1527972553.683068000	58.1175	91	0
1527972553.684057000	58.1185	114	0
1527972553.687082000	58.1215	101	1
1527972553.940348000	58.3748	391	1
1527972553.940415000	58.3749	255	1
1527972553.958623000	58.3931	87	0
1527972554.061260000	58.4957	231	0
1527972554.062317000	58.4968	147	0
1527972554.065047000	58.4995	104	1
1527972554.065939000	58.5004	91	0
1527972554.067032000	58.5015	268	0
1527972554.070062000	58.5045	101	1
1527972554.394636000	58.8291	390	1
1527972554.394729000	58.8292	255	1
1527972554.413421000	58.8479	87	0
1527972554.518154000	58.9526	255	0
1527972554.519247000	58.9537	147	0
1527972554.522154000	58.9566	104	1
1527972554.523495000	58.958	91	0
1527972554.524621000	58.9591	143	0
1527972554.527160000	58.9616	101	1
1527972554.721376000	59.1558	391	1
1527972554.721487000	59.156	258	1
1527972554.741859000	59.1763	87	0
1527972554.847065000	59.2815	232	0
1527972554.848201000	59.2827	147	0
1527972554.851099000	59.2856	104	1
1527972554.852395000	59.2869	91	0
1527972554.853466000	59.2879	148	0
1527972554.856103000	59.2906	101	1
1527972554.884836000	59.3193	371	1
1527972554.884937000	59.3194	1412	1
1527972554.884975000	59.3194	1412	1
1527972554.885010000	59.3195	1412	1
1527972554.885046000	59.3195	828	1
1527972554.905116000	59.3396	87	0
1527972554.998960000	59.4334	388	0
1527972555.003119000	59.4376	101	1
1527972555.007465000	59.4419	79	0
1527972555.011108000	59.4456	98	1
1527972555.086608000	59.5211	394	1
1527972555.086670000	59.5211	313	1
1527972555.107457000	59.5419	87	0
1527972555.206053000	59.6405	468	0
1527972555.207045000	59.6415	147	0
1527972555.210149000	59.6446	104	1
1527972555.210387000	59.6449	91	0
1527972555.211462000	59.6459	236	0
1527972555.214124000	59.6486	101	1
1527972555.429687000	59.8642	391	1
1527972555.429753000	59.8642	313	1
1527972555.447095000	59.8816	87	0
1527972555.568578000	60.003	277	0
1527972555.569643000	60.0041	147	0
1527972555.572166000	60.0066	104	1
1527972555.572636000	60.0071	91	0
1527972555.573728000	60.0082	252	0
1527972555.576167000	60.0106	101	1
1527972555.776585000	60.2111	391	1
1527972555.776645000	60.2111	313	1
1527972555.798944000	60.2334	87	0
1527972555.899996000	60.3345	264	0
1527972555.900980000	60.3354	147	0
1527972555.904168000	60.3386	104	1
1527972555.905656000	60.3401	91	0
1527972555.906733000	60.3412	255	0
1527972555.909199000	60.3437	101	1
1527972556.122532000	60.557	996	1
1527972556.122624000	60.5571	251	1
1527972556.143060000	60.5775	87	0
1527972556.242213000	60.6767	255	0
1527972556.243205000	60.6777	147	0
1527972556.246236000	60.6807	104	1
1527972556.247614000	60.6821	91	0
1527972556.248739000	60.6832	95	0
1527972556.251241000	60.6857	101	1
1527972557.440975000	61.8754	407	1
1527972557.441059000	61.8755	255	1
1527972557.459150000	61.8936	87	0
1527972557.588851000	62.0233	255	0
1527972557.589824000	62.0243	147	0
1527972557.592543000	62.027	104	1
1527972557.594262000	62.0287	91	0
1527972557.595335000	62.0298	289	0
1527972557.598425000	62.0329	101	1
1527972557.632594000	62.0671	255	0
1527972557.636503000	62.071	98	1
1527972557.745140000	62.1796	901	1
1527972557.745239000	62.1797	256	1
1527972557.772056000	62.2065	87	0
1527972557.881060000	62.3155	232	0
1527972557.882107000	62.3166	147	0
1527972557.884522000	62.319	104	1
1527972557.886842000	62.3213	91	0
1527972557.887957000	62.3224	169	0
1527972557.890469000	62.3249	101	1
1527972559.792863000	64.2273	391	1
1527972559.792930000	64.2274	255	1
1527972559.813839000	64.2483	87	0
1527972559.819150000	64.2536	87	0
1527972559.996431000	64.4309	257	0
1527972559.997664000	64.4321	147	0
1527972560.000448000	64.4349	107	1
1527972560.001343000	64.4358	91	0
1527972560.002412000	64.4369	337	0
1527972560.005487000	64.44	101	1
1527972560.024803000	64.4593	472	1
1527972560.024881000	64.4593	257	1
1527972560.043214000	64.4777	87	0
1527972560.149179000	64.5836	234	0
1527972560.150215000	64.5847	147	0
1527972560.153461000	64.5879	104	1
1527972560.154472000	64.5889	91	0
1527972560.155662000	64.5901	220	0
1527972560.158449000	64.5929	101	1
1527972560.262747000	64.6972	391	1
1527972560.262824000	64.6973	255	1
1527972560.281061000	64.7155	87	0
1527972560.299437000	64.7339	87	0
1527972560.393062000	64.8275	257	0
1527972560.394111000	64.8286	147	0
1527972560.396465000	64.8309	107	1
1527972560.399028000	64.8335	91	0
1527972560.400058000	64.8345	112	0
1527972560.402459000	64.8369	101	1
1527972560.936180000	65.3706	395	1
1527972560.936247000	65.3707	219	1
1527972560.976478000	65.4109	395	1
1527972560.994074000	65.4285	87	0
1527972561.036562000	65.471	87	0
1527972561.079903000	65.5144	232	0
1527972561.080982000	65.5154	147	0
1527972561.083454000	65.5179	107	1
1527972561.086432000	65.5209	91	0
1527972561.087580000	65.522	195	0
1527972561.090442000	65.5249	101	1
1527972561.138044000	65.5725	232	0
1527972561.141470000	65.5759	98	1
1527972562.493192000	66.9277	391	1
1527972562.493259000	66.9277	255	1
1527972562.549592000	66.9841	391	1
1527972562.569511000	67.004	87	0
1527972562.601248000	67.0357	87	0
1527972562.676309000	67.1108	255	0
1527972562.677308000	67.1118	147	0
1527972562.680606000	67.1151	107	1
1527972562.684263000	67.1187	91	0
1527972562.685339000	67.1198	299	0
1527972562.687595000	67.1221	101	1
1527972563.245997000	67.6805	390	1
1527972563.246073000	67.6805	256	1
1527972563.267959000	67.7024	87	0
1527972563.381004000	67.8155	255	0
1527972563.381974000	67.8164	147	0
1527972563.384647000	67.8191	104	1
1527972563.386050000	67.8205	91	0
1527972563.387086000	67.8216	119	0
1527972563.389636000	67.8241	101	1
1527972563.558201000	67.9927	391	1
1527972563.558295000	67.9928	257	1
1527972563.577030000	68.0115	87	0
1527972563.674598000	68.1091	234	0
1527972563.675606000	68.1101	147	0
1527972563.678670000	68.1131	104	1
1527972563.679419000	68.1139	91	0
1527972563.680499000	68.115	323	0
1527972563.683652000	68.1181	101	1
1527972563.924971000	68.3594	373	1
1527972563.925076000	68.3595	1412	1
1527972563.925113000	68.3596	1412	1
1527972563.925141000	68.3596	1412	1
1527972563.925161000	68.3596	245	1
1527972563.946790000	68.3813	87	0
1527972564.036109000	68.4706	388	0
1527972564.039665000	68.4741	101	1
1527972564.043649000	68.4781	79	0
1527972564.047683000	68.4821	98	1
1527972564.315845000	68.7503	395	1
1527972564.315921000	68.7504	261	1
1527972564.344709000	68.7792	87	0
1527972564.457094000	68.8916	468	0
1527972564.458225000	68.8927	148	0
1527972564.460706000	68.8952	104	1
1527972564.461672000	68.8961	92	0
1527972564.462683000	68.8971	210	0
1527972564.465710000	68.9002	101	1
1527972564.857149000	69.2916	992	1
1527972564.857238000	69.2917	258	1
1527972564.878404000	69.3129	87	0
1527972564.987321000	69.4218	280	0
1527972564.988422000	69.4229	148	0
1527972564.991738000	69.4262	104	1
1527972564.992038000	69.4265	92	0
1527972564.993058000	69.4275	230	0
1527972564.995722000	69.4302	101	1
1527972565.325415000	69.7599	408	1
1527972565.325527000	69.76	259	1
1527972565.343175000	69.7776	87	0
1527972565.439625000	69.8741	290	0
1527972565.440609000	69.8751	148	0
1527972565.443615000	69.8781	92	0
1527972565.443826000	69.8783	107	1
1527972565.444701000	69.8792	318	0
1527972565.448756000	69.8832	98	1
1527972565.739122000	70.1736	899	1
1527972565.739216000	70.1737	258	1
1527972565.756823000	70.1913	87	0
1527972565.886326000	70.3208	234	0
1527972565.887399000	70.3219	148	0
1527972565.889723000	70.3242	104	1
1527972565.891344000	70.3258	92	0
1527972565.892411000	70.3269	157	0
1527972565.894737000	70.3292	101	1
1527972566.079119000	70.5136	395	1
1527972566.079211000	70.5137	260	1
1527972566.101926000	70.5364	87	0
1527972566.348040000	70.7825	255	0
1527972566.349030000	70.7835	148	0
1527972566.351817000	70.7863	104	1
1527972566.353329000	70.7878	92	0
1527972566.354401000	70.7889	186	0
1527972566.356805000	70.7913	101	1
1527972566.533973000	70.9684	468	1
1527972566.534070000	70.9685	260	1
1527972566.553187000	70.9877	87	0
1527972566.658322000	71.0928	232	0
1527972566.659316000	71.0938	148	0
1527972566.661830000	71.0963	104	1
1527972566.664272000	71.0987	92	0
1527972566.665343000	71.0998	321	0
1527972566.667745000	71.1022	101	1
1527972566.926645000	71.3611	373	1
1527972566.926751000	71.3612	1412	1
1527972566.926777000	71.3612	1412	1
1527972566.926819000	71.3613	1412	1
1527972566.926849000	71.3613	1412	1
1527972566.926891000	71.3614	1412	1
1527972566.926920000	71.3614	1412	1
1527972566.926967000	71.3614	1412	1
1527972566.927001000	71.3615	1412	1
1527972566.927038000	71.3615	1412	1
1527972566.927078000	71.3615	1412	1
1527972566.928842000	71.3633	1412	1
1527972566.928907000	71.3634	1412	1
1527972566.930884000	71.3653	1412	1
1527972566.930946000	71.3654	1412	1
1527972566.932842000	71.3673	413	1
1527972566.943967000	71.3784	87	0
1527972566.945029000	71.3795	100	0
1527972566.948436000	71.3829	87	0
1527972566.948832000	71.3833	104	1
1527972566.954982000	71.3894	328	1
1527972566.955071000	71.3895	254	1
1527972566.973029000	71.4075	87	0
1527972567.093018000	71.5275	376	0
1527972567.096855000	71.5313	101	1
1527972567.101422000	71.5359	80	0
1527972567.104877000	71.5393	98	1
1527972567.113366000	71.5478	231	0
1527972567.114515000	71.549	148	0
1527972567.116855000	71.5513	101	1
1527972567.117581000	71.552	92	0
1527972567.118765000	71.5532	201	0
1527972567.120845000	71.5553	101	1
1527972567.275289000	71.7098	393	1
1527972567.275389000	71.7099	316	1
1527972567.293421000	71.7279	87	0
1527972567.418257000	71.8527	255	0
1527972567.419299000	71.8538	148	0
1527972567.421830000	71.8563	104	1
1527972567.423351000	71.8578	92	0
1527972567.424412000	71.8589	117	0
1527972567.426834000	71.8613	101	1
1527972567.624203000	72.0587	390	1
1527972567.624274000	72.0587	316	1
1527972567.641656000	72.0761	87	0
1527972567.748767000	72.1832	234	0
1527972567.749784000	72.1842	148	0
1527972567.752899000	72.1874	104	1
1527972567.753480000	72.1879	92	0
1527972567.754551000	72.189	228	0
1527972567.756825000	72.1913	101	1
1527972567.967424000	72.4019	391	1
1527972567.967516000	72.402	316	1
1527972567.988559000	72.423	87	0
1527972568.170740000	72.6052	232	0
1527972568.171719000	72.6062	148	0
1527972568.174929000	72.6094	104	1
1527972568.175948000	72.6104	92	0
1527972568.177056000	72.6115	147	0
1527972568.179915000	72.6144	101	1
1527972568.314456000	72.7489	390	1
1527972568.314518000	72.749	254	1
1527972568.332466000	72.7669	87	0
1527972568.341377000	72.7758	87	0
1527972568.435492000	72.87	255	0
1527972568.436501000	72.871	148	0
1527972568.438932000	72.8734	107	1
1527972568.440568000	72.875	92	0
1527972568.441641000	72.8761	156	0
1527972568.443924000	72.8784	101	1
1527972569.526800000	73.9613	390	1
1527972569.526864000	73.9613	259	1
1527972569.545205000	73.9797	87	0
1527972569.650113000	74.0846	254	0
1527972569.651194000	74.0857	148	0
1527972569.653799000	74.0883	104	1
1527972569.654414000	74.0889	92	0
1527972569.655502000	74.09	89	0
1527972569.657742000	74.0922	101	1
1527972570.141226000	74.5757	394	1
1527972570.141288000	74.5758	222	1
1527972570.163113000	74.5976	87	0
1527972570.286113000	74.7206	470	0
1527972570.287142000	74.7216	148	0
1527972570.289840000	74.7243	104	1
1527972570.290322000	74.7248	92	0
1527972570.291396000	74.7259	244	0
1527972570.293820000	74.7283	101	1
1527972570.455014000	74.8895	993	1
1527972570.455109000	74.8896	316	1
1527972570.472806000	74.9073	87	0
1527972570.577826000	75.0123	280	0
1527972570.578903000	75.0134	148	0
1527972570.581848000	75.0163	104	1
1527972570.583807000	75.0183	92	0
1527972570.584958000	75.0194	288	0
1527972570.587861000	75.0223	101	1
1527972570.740285000	75.1747	404	1
1527972570.740376000	75.1748	316	1
1527972570.758764000	75.1932	87	0
1527972570.858942000	75.2934	264	0
1527972570.859931000	75.2944	148	0
1527972570.862852000	75.2973	104	1
1527972570.864280000	75.2987	92	0
1527972570.865399000	75.2999	102	0
1527972570.867858000	75.3023	101	1
1527972570.901860000	75.3363	264	0
1527972570.905844000	75.3403	98	1
1527972571.227513000	75.662	898	1
1527972571.227589000	75.6621	316	1
1527972571.247469000	75.6819	87	0
1527972571.357254000	75.7917	257	0
1527972571.358305000	75.7928	148	0
1527972571.360888000	75.7954	104	1
1527972571.361461000	75.7959	92	0
1527972571.362531000	75.797	153	0
1527972571.364894000	75.7994	101	1
1527972571.671195000	76.1057	373	1
1527972571.671294000	76.1058	1412	1
1527972571.671332000	76.1058	1412	1
1527972571.671385000	76.1058	1412	1
1527972571.671405000	76.1059	842	1
1527972571.692151000	76.1266	87	0
1527972571.816009000	76.2505	371	0
1527972571.819915000	76.2544	101	1
1527972571.827480000	76.2619	80	0
1527972571.830911000	76.2654	98	1
1527972576.702013000	81.1365	448	1
1527972576.702093000	81.1366	1412	1
1527972576.702118000	81.1366	1412	1
1527972576.702159000	81.1366	1412	1
1527972576.702212000	81.1367	1094	1
1527972576.721390000	81.1559	87	0
1527972576.757530000	81.192	324	1
1527972576.757625000	81.1921	222	1
1527972576.776623000	81.2111	87	0
1527972576.821679000	81.2561	395	0
1527972576.825368000	81.2598	80	0
1527972576.825396000	81.2599	104	1
1527972576.829385000	81.2638	98	1
1527972576.876603000	81.3111	245	0
1527972576.877643000	81.3121	148	0
1527972576.880406000	81.3149	101	1
1527972576.880768000	81.3152	92	0
1527972576.881896000	81.3164	168	0
1527972576.884312000	81.3188	101	1
1527972577.069948000	81.5044	392	1
1527972577.070009000	81.5045	316	1
1527972577.088008000	81.5225	87	0
1527972577.179207000	81.6137	234	0
1527972577.180328000	81.6148	148	0
1527972577.183412000	81.6179	104	1
1527972577.188060000	81.6225	92	0
1527972577.189271000	81.6237	132	0
1527972577.191411000	81.6259	101	1
1527972577.406634000	81.8411	396	1
1527972577.406726000	81.8412	254	1
1527972577.427224000	81.8617	87	0
1527972577.531993000	81.9665	257	0
1527972577.533029000	81.9675	148	0
1527972577.535431000	81.9699	104	1
1527972577.536847000	81.9713	92	0
1527972577.537912000	81.9724	105	0
1527972577.540419000	81.9749	101	1
1527972579.677065000	84.1115	395	1
1527972579.677157000	84.1116	258	1
1527972579.695433000	84.1299	87	0
1527972579.803498000	84.238	255	0
1527972579.804473000	84.2389	148	0
1527972579.807356000	84.2418	104	1
1527972579.809442000	84.2439	92	0
1527972579.810513000	84.245	327	0
1527972579.813293000	84.2478	101	1
1527972579.925590000	84.3601	390	1
1527972579.925683000	84.3601	258	1
1527972579.945045000	84.3795	87	0
1527972580.114220000	84.5487	232	0
1527972580.115280000	84.5497	148	0
1527972580.118363000	84.5528	104	1
1527972580.119641000	84.5541	92	0
1527972580.120700000	84.5552	153	0
1527972580.123363000	84.5578	101	1
1527972580.423738000	84.8582	393	1
1527972580.423799000	84.8583	259	1
1527972580.442381000	84.8768	87	0
1527972580.909719000	85.3442	255	0
1527972580.910777000	85.3452	148	0
1527972580.913351000	85.3478	104	1
1527972580.914996000	85.3495	92	0
1527972580.916068000	85.3505	292	0
1527972580.918409000	85.3529	101	1
1527972581.050912000	85.4854	395	1
1527972581.050974000	85.4854	262	1
1527972581.068889000	85.5034	87	0
1527972581.180670000	85.6151	444	0
1527972581.181725000	85.6162	148	0
1527972581.184373000	85.6188	104	1
1527972581.186351000	85.6208	92	0
1527972581.187403000	85.6219	159	0
1527972581.190424000	85.6249	101	1
1527972581.458681000	85.8931	390	1
1527972581.458748000	85.8932	258	1
1527972581.476382000	85.9108	87	0
1527972581.603004000	86.0375	299	0
1527972581.604033000	86.0385	148	0
1527972581.606486000	86.041	104	1
1527972581.607297000	86.0418	92	0
1527972581.608369000	86.0428	206	0
1527972581.611421000	86.0459	101	1
1527972581.905710000	86.3402	994	1
1527972581.905775000	86.3402	260	1
1527972581.924724000	86.3592	87	0
1527972581.929333000	86.3638	87	0
1527972581.996076000	86.4305	841	1
1527972581.996171000	86.4306	1412	1
1527972581.996240000	86.4307	1412	1
1527972581.996281000	86.4307	1412	1
1527972581.996330000	86.4308	841	1
1527972582.014649000	86.4491	90	0
1527972582.017750000	86.4522	87	0
1527972582.018578000	86.453	101	1
1527972582.119228000	86.5537	374	0
1527972582.123490000	86.558	98	1
1527972582.127107000	86.5616	80	0
1527972582.130482000	86.5649	98	1
1527972582.552488000	86.987	300	0
1527972582.553465000	86.9879	148	0
1527972582.556516000	86.991	101	1
1527972582.561118000	86.9956	92	0
1527972582.564426000	86.9989	114	0
1527972582.564462000	86.9989	98	1
1527972582.568489000	87.003	98	1
1527972582.585528000	87.02	393	1
1527972582.585611000	87.0201	259	1
1527972582.602333000	87.0368	290	0
1527972582.606507000	87.041	98	1
1527972582.632506000	87.067	393	1
1527972582.639965000	87.0744	148	0
1527972582.643494000	87.078	98	1
1527972582.679528000	87.114	259	1
1527972582.692290000	87.1268	87	0
1527972582.773930000	87.2084	87	0
1527972582.801661000	87.2361	87	0
1527972583.059368000	87.4938	234	0
1527972583.060413000	87.4949	148	0
1527972583.063471000	87.4979	110	1
1527972583.068274000	87.5027	92	0
1527972583.069393000	87.5039	339	0
1527972583.072518000	87.507	101	1
1527972583.093705000	87.5282	397	1
1527972583.093797000	87.5283	261	1
1527972583.113928000	87.5484	87	0
1527972583.549343000	87.9838	255	0
1527972583.550325000	87.9848	148	0
1527972583.553572000	87.988	104	1
1527972583.557017000	87.9915	92	0
1527972583.558064000	87.9925	309	0
1527972583.560558000	87.995	101	1
1527972583.750773000	88.1852	468	1
1527972583.750855000	88.1853	258	1
1527972583.768272000	88.2027	87	0
1527972584.198639000	88.6331	255	0
1527972584.199735000	88.6342	148	0
1527972584.202633000	88.6371	104	1
1527972584.204496000	88.639	92	0
1527972584.206468000	88.6409	202	0
1527972584.208531000	88.643	101	1
1527972584.350934000	88.7854	391	1
1527972584.351018000	88.7855	258	1
1527972584.370835000	88.8053	87	0
1527972584.848560000	89.283	235	0
1527972584.849606000	89.2841	148	0
1527972584.852585000	89.2871	104	1
1527972584.853983000	89.2884	92	0
1527972584.855047000	89.2895	89	0
1527972584.857632000	89.2921	101	1
1527972584.969989000	89.4045	393	1
1527972584.970079000	89.4045	259	1
1527972584.988048000	89.4225	87	0
1527972584.993842000	89.4283	306	1
1527972584.993925000	89.4284	1412	1
1527972584.993950000	89.4284	1412	1
1527972584.993977000	89.4284	1412	1
1527972584.994009000	89.4285	1123	1
1527972584.998019000	89.4325	87	0
1527972585.013476000	89.4479	87	0
1527972585.117064000	89.5515	373	0
1527972585.120663000	89.5551	107	1
1527972585.123753000	89.5582	80	0
1527972585.127648000	89.5621	98	1
1527972585.417429000	89.8519	267	0
1527972585.418407000	89.8529	148	0
1527972585.421706000	89.8562	101	1
1527972585.426296000	89.8608	92	0
1527972585.427377000	89.8618	141	0
1527972585.429685000	89.8642	101	1
1527972585.568982000	90.0034	393	1
1527972585.569040000	90.0035	259	1
1527972585.587997000	90.0225	87	0
1527972586.022413000	90.4569	232	0
1527972586.023404000	90.4579	148	0
1527972586.026733000	90.4612	104	1
1527972586.027344000	90.4618	92	0
1527972586.028410000	90.4629	260	0
1527972586.030659000	90.4651	101	1
1527972586.056011000	90.4905	395	1
1527972586.056103000	90.4906	258	1
1527972586.074076000	90.5085	87	0
1527972586.182356000	90.6168	235	0
1527972586.183331000	90.6178	148	0
1527972586.186748000	90.6212	104	1
1527972586.187018000	90.6215	92	0
1527972586.188089000	90.6226	255	0
1527972586.190709000	90.6252	101	1
1527972586.305225000	90.7397	393	1
1527972586.305314000	90.7398	258	1
1527972586.323683000	90.7581	87	0
1527972586.760681000	91.1951	470	0
1527972586.761653000	91.1961	148	0
1527972586.764763000	91.1992	104	1
1527972586.766718000	91.2012	92	0
1527972586.767840000	91.2023	337	0
1527972586.770737000	91.2052	101	1
1527972588.711942000	93.1464	392	1
1527972588.712037000	93.1465	258	1
1527972588.731881000	93.1663	87	0
1527972588.861514000	93.296	300	0
1527972588.862489000	93.297	148	0
1527972588.865277000	93.2997	104	1
1527972588.867632000	93.3021	92	0
1527972588.868892000	93.3034	238	0
1527972588.871243000	93.3057	101	1
1527972588.991044000	93.4255	391	1
1527972588.991092000	93.4256	260	1
1527972589.013413000	93.4479	87	0
1527972589.181975000	93.6164	232	0
1527972589.182955000	93.6174	148	0
1527972589.186271000	93.6207	104	1
1527972589.186325000	93.6208	92	0
1527972589.187487000	93.622	332	0
1527972589.190261000	93.6247	101	1
1527972589.611612000	94.0461	393	1
1527972589.611673000	94.0461	260	1
1527972589.630158000	94.0646	87	0
1527972590.095847000	94.5303	254	0
1527972590.096888000	94.5314	148	0
1527972590.099259000	94.5337	104	1
1527972590.100949000	94.5354	92	0
1527972590.102029000	94.5365	93	0
1527972590.104252000	94.5387	101	1
1527972591.664537000	96.099	992	1
1527972591.664624000	96.0991	258	1
1527972591.684741000	96.1192	87	0
1527972592.122016000	96.5565	287	0
1527972592.123060000	96.5575	148	0
1527972592.126050000	96.5605	104	1
1527972592.126976000	96.5614	92	0
1527972592.127986000	96.5625	107	0
1527972592.131016000	96.5655	101	1
1527972592.261163000	96.6956	915	1
1527972592.261251000	96.6957	260	1
1527972592.307082000	96.7415	915	1
1527972592.315801000	96.7503	87	0
1527972592.375427000	96.8099	87	0
1527972592.757905000	97.1924	257	0
1527972592.758955000	97.1934	148	0
1527972592.762075000	97.1965	107	1
1527972592.763604000	97.1981	92	0
1527972592.764689000	97.1992	334	0
1527972592.767047000	97.2015	101	1
1527972592.795651000	97.2301	257	0
1527972592.799040000	97.2335	98	1
1527972592.809115000	97.2436	396	1
1527972592.809195000	97.2437	259	1
1527972592.829991000	97.2645	87	0
1527972593.321270000	97.7557	257	0
1527972593.322244000	97.7567	148	0
1527972593.325093000	97.7596	104	1
1527972593.328793000	97.7633	92	0
1527972593.329927000	97.7644	272	0
1527972593.332094000	97.7666	101	1
1527972593.390158000	97.8246	470	1
1527972593.390250000	97.8247	258	1
1527972593.393757000	97.8282	257	0
1527972593.398075000	97.8325	98	1
1527972593.449117000	97.8836	470	1
1527972593.451485000	97.8859	148	0
1527972593.455072000	97.8895	98	1
1527972593.487438000	97.9219	87	0
1527972593.570730000	98.0052	87	0
1527972593.987532000	98.422	234	0
1527972593.988522000	98.423	148	0
1527972593.991087000	98.4256	107	1
1527972593.995064000	98.4295	92	0
1527972593.996161000	98.4306	227	0
1527972593.999088000	98.4336	101	1
1527972594.017185000	98.4516	392	1
1527972594.017278000	98.4517	260	1
1527972594.107312000	98.5418	234	0
1527972594.109092000	98.5436	392	1
1527972594.111070000	98.5455	98	1
1527972594.113959000	98.5484	87	0
1527972594.166070000	98.6005	87	0
1527972594.574306000	99.0088	257	0
1527972594.575293000	99.0098	148	0
1527972594.578137000	99.0126	107	1
1527972594.578754000	99.0132	92	0
1527972594.579907000	99.0144	270	0
1527972594.582193000	99.0167	101	1
1527972594.636142000	99.0706	392	1
1527972594.636198000	99.0707	258	1
1527972594.679335000	99.1138	87	0
1527972594.801385000	99.2358	234	0
1527972594.802370000	99.2368	148	0
1527972594.805136000	99.2396	104	1
1527972594.805987000	99.2405	92	0
1527972594.807063000	99.2415	111	0
1527972594.810108000	99.2446	101	1
1527972595.186698000	99.6212	397	1
1527972595.186764000	99.6212	261	1
1527972595.207125000	99.6416	87	0
1527972595.213239000	99.6477	87	0
1527972595.338757000	99.7732	257	0
1527972595.339844000	99.7743	148	0
1527972595.342166000	99.7766	107	1
1527972595.342979000	99.7774	92	0
1527972595.344047000	99.7785	338	0
1527972595.347147000	99.7816	101	1
1527972595.475710000	99.9102	393	1
1527972595.475802000	99.9103	259	1
1527972595.494661000	99.9291	87	0
1527972595.929976000	100.364	232	0
1527972595.930967000	100.365	148	0
1527972595.934239000	100.369	104	1
1527972595.934628000	100.369	92	0
1527972595.935701000	100.37	279	0
1527972595.938193000	100.373	101	1
1527972596.365846000	100.8	394	1
1527972596.365943000	100.8	258	1
1527972596.385059000	100.82	87	0
1527972596.510436000	100.945	255	0
1527972596.511417000	100.946	148	0
1527972596.514285000	100.949	104	1
1527972596.514537000	100.949	92	0
1527972596.515608000	100.95	240	0
1527972596.518268000	100.953	101	1
1527972596.960592000	101.395	392	1
1527972596.960682000	101.395	258	1
1527972597.001426000	101.436	87	0
1527972597.096665000	101.531	234	0
1527972597.097665000	101.532	148	0
1527972597.100314000	101.535	104	1
1527972597.102609000	101.537	92	0
1527972597.103708000	101.538	304	0
1527972597.106296000	101.541	101	1
1527972598.287448000	102.722	393	1
1527972598.287545000	102.722	261	1
1527972598.304462000	102.739	87	0
1527972598.741495000	103.176	467	0
1527972598.742466000	103.177	148	0
1527972598.745023000	103.179	104	1
1527972598.746671000	103.181	92	0
1527972598.747737000	103.182	118	0
1527972598.750069000	103.185	101	1
1527972598.883081000	103.318	391	1
1527972598.883146000	103.318	259	1
1527972598.902977000	103.337	87	0
1527972599.027376000	103.462	277	0
1527972599.028376000	103.463	148	0
1527972599.030702000	103.465	92	0
1527972599.030954000	103.465	107	1
1527972599.031792000	103.466	104	0
1527972599.036005000	103.47	98	1
1527972599.341448000	103.776	392	1
1527972599.341511000	103.776	259	1
1527972599.362216000	103.797	87	0
1527972599.847181000	104.282	253	0
1527972599.848220000	104.283	148	0
1527972599.851100000	104.286	104	1
1527972599.852759000	104.287	92	0
1527972599.853816000	104.288	96	0
1527972599.856048000	104.291	101	1
1527972599.859055000	104.294	995	1
1527972599.859131000	104.294	263	1
1527972599.879574000	104.314	87	0
1527972600.338941000	104.773	257	0
1527972600.339991000	104.774	148	0
1527972600.342138000	104.777	92	0
1527972600.343090000	104.778	107	1
1527972600.343193000	104.778	287	0
1527972600.347078000	104.782	98	1
1527972600.477495000	104.912	912	1
1527972600.477584000	104.912	259	1
1527972600.528372000	104.963	87	0
1527972600.616530000	105.051	266	0
1527972600.617572000	105.052	148	0
1527972600.620054000	105.055	104	1
1527972600.623149000	105.058	92	0
1527972600.624227000	105.059	172	0
1527972600.627030000	105.061	101	1
1527972600.895184000	105.33	393	1
1527972600.895266000	105.33	258	1
1527972600.913780000	105.348	87	0
1527972601.033004000	105.467	234	0
1527972601.033979000	105.468	148	0
1527972601.037122000	105.472	104	1
1527972601.038767000	105.473	92	0
1527972601.039902000	105.474	252	0
1527972601.042096000	105.477	101	1
1527972601.324303000	105.759	470	1
1527972601.324394000	105.759	258	1
1527972601.342902000	105.777	87	0
1527972601.812394000	106.247	257	0
1527972601.813446000	106.248	148	0
1527972601.816143000	106.251	104	1
1527972601.816714000	106.251	92	0
1527972601.817785000	106.252	120	0
1527972601.820101000	106.255	101	1
1527972601.894172000	106.329	393	1
1527972601.894255000	106.329	258	1
1527972601.926856000	106.361	87	0
1527972602.392070000	106.827	257	0
1527972602.393058000	106.828	148	0
1527972602.396156000	106.831	104	1
1527972602.401853000	106.836	92	0
1527972602.402920000	106.837	295	0
1527972602.405133000	106.84	101	1
1527972602.429132000	106.864	257	0
1527972602.433135000	106.868	98	1
1527972602.455946000	106.89	148	0
1527972602.459152000	106.894	98	1
1527972602.594533000	107.029	397	1
1527972602.594599000	107.029	262	1
1527972602.613221000	107.048	87	0
1527972602.791503000	107.226	232	0
1527972602.792483000	107.227	148	0
1527972602.795200000	107.23	104	1
1527972602.797471000	107.232	92	0
1527972602.798547000	107.233	318	0
1527972602.801184000	107.236	101	1
1527972603.155736000	107.59	395	1
1527972603.155833000	107.59	259	1
1527972603.194639000	107.629	87	0
1527972603.314984000	107.749	255	0
1527972603.315993000	107.75	148	0
1527972603.319273000	107.754	104	1
1527972603.322348000	107.757	92	0
1527972603.323358000	107.758	181	0
1527972603.326243000	107.761	101	1
1527972603.809599000	108.244	392	1
1527972603.809689000	108.244	258	1
1527972603.864263000	108.299	392	1
1527972603.895441000	108.33	87	0
1527972603.972266000	108.407	87	0
1527972604.027066000	108.462	231	0
1527972604.028083000	108.463	148	0
1527972604.031296000	108.466	107	1
1527972604.037983000	108.472	92	0
1527972604.039048000	108.474	281	0
1527972604.041288000	108.476	101	1
1527972604.346832000	108.781	395	1
1527972604.346895000	108.781	260	1
1527972604.431773000	108.866	87	0
1527972604.856000000	109.29	255	0
1527972604.856983000	109.291	148	0
1527972604.860294000	109.295	104	1
1527972604.861348000	109.296	92	0
1527972604.862494000	109.297	322	0
1527972604.865337000	109.3	101	1
1527972605.015678000	109.45	394	1
1527972605.015735000	109.45	258	1
1527972605.050798000	109.485	87	0
1527972605.505329000	109.94	255	0
1527972605.506310000	109.941	148	0
1527972605.508494000	109.943	92	0
1527972605.509378000	109.944	107	1
1527972605.509618000	109.944	155	0
1527972605.513374000	109.948	98	1
1527972605.648873000	110.083	392	1
1527972605.648964000	110.083	258	1
1527972605.670132000	110.105	87	0
1527972605.785891000	110.22	232	0
1527972605.786975000	110.221	148	0
1527972605.789354000	110.224	104	1
1527972605.791336000	110.226	92	0
1527972605.792415000	110.227	290	0
1527972605.795342000	110.23	101	1
1527972606.144812000	110.579	392	1
1527972606.144902000	110.579	259	1
1527972606.163916000	110.598	87	0
1527972606.621392000	111.056	470	0
1527972606.622409000	111.057	148	0
1527972606.624601000	111.059	92	0
1527972606.625444000	111.06	107	1
1527972606.625662000	111.06	127	0
1527972606.629442000	111.064	98	1
1527972606.822638000	111.257	393	1
1527972606.822703000	111.257	258	1
1527972606.841651000	111.276	87	0
1527972607.278385000	111.713	302	0
1527972607.279441000	111.714	148	0
1527972607.282486000	111.717	104	1
1527972607.283300000	111.718	92	0
1527972607.284373000	111.719	171	0
1527972607.287470000	111.722	101	1
1527972607.422663000	111.857	994	1
1527972607.422728000	111.857	259	1
1527972607.441378000	111.876	87	0
1527972607.927709000	112.362	232	0
1527972607.928790000	112.363	148	0
1527972607.930980000	112.365	92	0
1527972607.931525000	112.366	107	1
1527972607.932067000	112.367	256	0
1527972607.935505000	112.37	98	1
1527972607.939454000	112.374	232	0
1527972607.943525000	112.378	98	1
1527972608.099665000	112.534	911	1
1527972608.099753000	112.534	258	1
1527972608.119518000	112.554	87	0
1527972608.573396000	113.008	255	0
1527972608.574460000	113.009	148	0
1527972608.577590000	113.012	104	1
1527972608.578223000	113.013	92	0
1527972608.579291000	113.014	121	0
1527972608.581549000	113.016	101	1
1527972608.728876000	113.163	473	1
1527972608.728938000	113.163	254	1
1527972608.747966000	113.182	87	0
1527972608.756796000	113.191	87	0
1527972609.224370000	113.659	289	0
1527972609.225344000	113.66	148	0
1527972609.228597000	113.663	107	1
1527972609.229155000	113.664	92	0
1527972609.230328000	113.665	289	0
1527972609.232581000	113.667	101	1
