1527795172.316821000	0	295	1
1527795172.343163000	0.0263419	87	0
1527795172.530952000	0.214131	303	0
1527795172.532255000	0.215434	103	1
1527795172.540337000	0.223516	1412	0
1527795172.541082000	0.224261	100	1
1527795172.541790000	0.224969	1412	0
1527795172.542110000	0.225289	100	1
1527795172.543198000	0.226377	1412	0
1527795172.544092000	0.227271	100	1
1527795172.544558000	0.227737	182	0
1527795172.545139000	0.228318	100	1
1527795172.545990000	0.229169	1412	0
1527795172.547307000	0.230486	100	1
1527795172.547381000	0.23056	1412	0
1527795172.548062000	0.231241	100	1
1527795172.548786000	0.231965	1412	0
1527795172.550153000	0.233332	184	0
1527795172.551631000	0.23481	1412	0
1527795172.553033000	0.236212	1412	0
1527795172.554433000	0.237612	1412	0
1527795172.554524000	0.237703	100	1
1527795172.555831000	0.23901	1412	0
1527795172.556288000	0.239467	112	1
1527795172.557225000	0.240404	1412	0
1527795172.558289000	0.241468	100	1
1527795172.558622000	0.241801	1412	0
1527795172.560021000	0.2432	1412	0
1527795172.561073000	0.244252	103	1
1527795172.561466000	0.244645	1412	0
1527795172.562234000	0.245413	100	1
1527795172.562865000	0.246044	1412	0
1527795172.563060000	0.246239	100	1
1527795172.579670000	0.262849	1412	0
1527795172.581120000	0.264299	1412	0
1527795172.582088000	0.265267	103	1
1527795172.584245000	0.267424	1412	0
1527795172.585098000	0.268277	100	1
1527795172.585666000	0.268845	1412	0
1527795172.586078000	0.269257	100	1
1527795172.587847000	0.271026	1412	0
1527795172.588174000	0.271353	100	1
1527795172.589996000	0.273175	1412	0
1527795172.592118000	0.275297	100	1
1527795172.592335000	0.275514	1412	0
1527795172.593076000	0.276255	100	1
1527795172.594698000	0.277877	1412	0
1527795172.596098000	0.279277	1412	0
1527795172.597058000	0.280237	114	1
1527795172.598075000	0.281254	100	1
1527795172.598310000	0.281489	1412	0
1527795172.599071000	0.28225	100	1
1527795172.599975000	0.283154	1412	0
1527795172.601090000	0.284269	100	1
1527795172.601443000	0.284622	1412	0
1527795172.603856000	0.287035	1412	0
1527795172.606660000	0.289839	1412	0
1527795172.607140000	0.290319	100	1
1527795172.608059000	0.291238	1412	0
1527795172.608123000	0.291302	103	1
1527795172.609084000	0.292263	100	1
1527795172.609842000	0.293021	1412	0
1527795172.611081000	0.29426	100	1
1527795172.613502000	0.296681	1412	0
1527795172.614090000	0.297269	100	1
1527795172.614927000	0.298106	1412	0
1527795172.615142000	0.298321	100	1
1527795172.616762000	0.299941	1412	0
1527795172.617073000	0.300252	100	1
1527795172.619196000	0.302375	1412	0
1527795172.620083000	0.303262	100	1
1527795172.620794000	0.303973	1412	0
1527795172.621106000	0.304285	100	1
1527795172.622922000	0.306101	994	0
1527795172.624174000	0.307353	100	1
1527795173.059628000	0.742807	599	1
1527795173.059723000	0.742902	1412	1
1527795173.059759000	0.742938	916	1
1527795173.066000000	0.749179	218	1
1527795173.077120000	0.760299	87	0
1527795173.083523000	0.766702	87	0
1527795173.303451000	0.98663	168	1
1527795173.321819000	1.005	87	0
1527795173.396666000	1.07984	371	0
1527795173.398146000	1.08132	1412	0
1527795173.398332000	1.08151	103	1
1527795173.399114000	1.08229	100	1
1527795173.399572000	1.08275	1412	0
1527795173.401041000	1.08422	1412	0
1527795173.402123000	1.0853	103	1
1527795173.402429000	1.08561	1412	0
1527795173.403241000	1.08642	100	1
1527795173.403835000	1.08701	1412	0
1527795173.404115000	1.08729	100	1
1527795173.405227000	1.08841	1163	0
1527795173.406128000	1.08931	100	1
1527795173.406609000	1.08979	374	0
1527795173.407491000	1.09067	100	1
1527795173.407982000	1.09116	91	0
1527795173.408113000	1.09129	100	1
1527795173.409383000	1.09256	162	0
1527795173.410134000	1.09331	100	1
1527795173.410822000	1.094	79	0
1527795173.411212000	1.09439	100	1
1527795173.552738000	1.23592	410	0
1527795173.553687000	1.23687	100	1
1527795173.554167000	1.23735	1112	0
1527795173.555125000	1.2383	100	1
1527795173.556686000	1.23986	91	0
1527795173.557123000	1.2403	100	1
1527795173.558115000	1.24129	246	0
1527795173.559123000	1.2423	100	1
1527795173.745825000	1.429	394	1
1527795173.762868000	1.44605	87	0
1527795173.782719000	1.4659	322	0
1527795173.784117000	1.4673	447	0
1527795173.784267000	1.46745	103	1
1527795173.786169000	1.46935	100	1
1527795173.789505000	1.47268	863	1
1527795173.798402000	1.48158	428	1
1527795173.809342000	1.49252	87	0
1527795173.816680000	1.49986	87	0
1527795173.991215000	1.67439	1412	0
1527795173.992578000	1.67576	314	0
1527795173.992777000	1.67596	106	1
1527795173.994159000	1.67734	100	1
1527795173.997031000	1.68021	360	0
1527795173.997542000	1.68072	117	1
1527795173.998442000	1.68162	79	0
1527795173.999154000	1.68233	100	1
1527795174.015749000	1.69893	87	0
1527795174.028153000	1.71133	244	1
1527795174.028244000	1.71142	144	1
1527795174.045474000	1.72865	87	0
1527795174.092248000	1.77543	174	1
1527795174.092332000	1.77551	190	1
1527795174.099351000	1.78253	1412	0
1527795174.100249000	1.78343	100	1
1527795174.100816000	1.78399	1412	0
1527795174.101164000	1.78434	100	1
1527795174.102221000	1.7854	1412	0
1527795174.103163000	1.78634	100	1
1527795174.103595000	1.78677	518	0
1527795174.104151000	1.78733	100	1
1527795174.104978000	1.78816	352	0
1527795174.105398000	1.78858	100	1
1527795174.109709000	1.79289	87	0
1527795174.224017000	1.9072	602	0
1527795174.225255000	1.90843	103	1
1527795174.225408000	1.90859	91	0
1527795174.226212000	1.90939	100	1
1527795174.226815000	1.90999	273	0
1527795174.227501000	1.91068	100	1
1527795174.863379000	2.54656	231	1
1527795174.873162000	2.55634	1412	1
1527795174.873238000	2.55642	543	1
1527795174.880890000	2.56407	87	0
1527795174.903454000	2.58663	87	0
1527795175.191836000	2.87502	1412	1
1527795175.191878000	2.87506	1412	1
1527795175.191916000	2.87509	450	1
1527795175.191980000	2.87516	844	1
1527795175.210296000	2.89347	87	0
1527795175.218852000	2.90203	340	0
1527795175.219963000	2.90314	103	1
1527795175.220284000	2.90346	1412	0
1527795175.221737000	2.90492	997	0
1527795175.222233000	2.90541	103	1
1527795175.223110000	2.90629	91	0
1527795175.223513000	2.90669	100	1
1527795175.224510000	2.90769	209	0
1527795175.225229000	2.90841	100	1
1527795175.233745000	2.91692	535	0
1527795175.237371000	2.92055	100	1
1527795175.247817000	2.931	1412	0
1527795175.249202000	2.93238	1412	0
1527795175.249737000	2.93292	100	1
1527795175.250405000	2.93358	100	1
1527795175.250683000	2.93386	1412	0
1527795175.251229000	2.93441	100	1
1527795175.252123000	2.9353	498	0
1527795175.253236000	2.93641	100	1
1527795175.253521000	2.9367	329	0
1527795175.254358000	2.93754	100	1
1527795175.277850000	2.96103	1412	1
1527795175.277909000	2.96109	342	1
1527795175.295929000	2.97911	87	0
1527795175.462413000	3.14559	1082	0
1527795175.463640000	3.14682	103	1
1527795175.463799000	3.14698	143	0
1527795175.464571000	3.14775	100	1
1527795176.056698000	3.73988	529	1
1527795176.056811000	3.73999	1412	1
1527795176.056849000	3.74003	1412	1
1527795176.056878000	3.74006	1412	1
1527795176.056922000	3.7401	1412	1
1527795176.056951000	3.74013	1412	1
1527795176.056996000	3.74018	1412	1
1527795176.057031000	3.74021	1412	1
1527795176.057067000	3.74025	1412	1
1527795176.057103000	3.74028	1412	1
1527795176.057156000	3.74033	1412	1
1527795176.057181000	3.74036	1412	1
1527795176.058298000	3.74148	1412	1
1527795176.058336000	3.74151	1277	1
1527795176.075551000	3.75873	87	0
1527795176.076950000	3.76013	87	0
1527795176.257829000	3.94101	1342	1
1527795176.276305000	3.95948	87	0
1527795176.407759000	4.09094	397	0
1527795176.410549000	4.09373	79	0
1527795176.418938000	4.10212	106	1
1527795176.450969000	4.13415	309	0
1527795176.452367000	4.13555	281	0
1527795176.466766000	4.14995	103	1
1527795178.216850000	5.90003	334	1
1527795178.216998000	5.90018	1412	1
1527795178.217036000	5.90021	988	1
1527795178.218549000	5.90173	224	1
1527795178.218616000	5.90179	1412	1
1527795178.218642000	5.90182	1412	1
1527795178.218662000	5.90184	767	1
1527795178.233871000	5.91705	251	1
1527795178.234694000	5.91787	87	0
1527795178.237533000	5.92071	87	0
1527795178.245015000	5.92819	120	1
1527795178.252738000	5.93592	87	0
1527795178.259177000	5.94236	93	0
1527795178.259676000	5.94285	103	1
1527795178.262283000	5.94546	87	0
1527795178.330183000	6.01336	396	0
1527795178.331548000	6.01473	103	1
1527795178.332804000	6.01598	79	0
1527795178.333691000	6.01687	100	1
1527795178.403019000	6.0862	545	0
1527795178.404410000	6.08759	302	0
1527795178.405852000	6.08903	322	0
1527795178.406854000	6.09003	103	1
1527795178.408539000	6.09172	100	1
1527795178.413825000	6.097	101	1
1527795178.416997000	6.10018	250	1
1527795178.427410000	6.11059	87	0
1527795178.434055000	6.11723	87	0
1527795178.617306000	6.30048	987	0
1527795178.618559000	6.30174	106	1
1527795178.618730000	6.30191	1412	0
1527795178.620144000	6.30332	1412	0
1527795178.620916000	6.30409	100	1
1527795178.621681000	6.30486	100	1
1527795178.621730000	6.30491	1412	0
1527795178.622652000	6.30583	100	1
1527795178.623086000	6.30626	176	0
1527795178.624523000	6.3077	1412	0
1527795178.624613000	6.30779	100	1
1527795178.625503000	6.30868	100	1
1527795178.625915000	6.30909	1355	0
1527795178.626519000	6.3097	100	1
1527795178.627334000	6.31051	1412	0
1527795178.627593000	6.31077	100	1
1527795178.628735000	6.31191	1412	0
1527795178.629523000	6.3127	100	1
1527795178.630112000	6.31329	1412	0
1527795178.631510000	6.31469	100	1
1527795178.631532000	6.31471	184	0
1527795178.632509000	6.31569	100	1
1527795178.632958000	6.31614	1228	0
1527795178.633904000	6.31708	100	1
1527795178.634363000	6.31754	1412	0
1527795178.635764000	6.31894	1412	0
1527795178.635920000	6.3191	100	1
1527795178.637161000	6.32034	1412	0
1527795178.638560000	6.32174	1412	0
1527795178.639940000	6.32312	839	0
1527795178.641428000	6.32461	109	1
1527795178.653642000	6.33682	1412	0
1527795178.654904000	6.33808	100	1
1527795178.655054000	6.33823	1412	0
1527795178.657149000	6.34033	1412	0
1527795178.659918000	6.3431	1412	0
1527795178.661960000	6.34514	1412	0
1527795178.663995000	6.34717	1412	0
1527795178.666670000	6.34985	1412	0
1527795178.668470000	6.35165	1412	0
1527795178.668994000	6.35217	115	1
1527795178.669934000	6.35311	1412	0
1527795178.671006000	6.35418	103	1
1527795178.672390000	6.35557	1412	0
1527795178.673627000	6.35681	100	1
1527795178.673989000	6.35717	1412	0
1527795178.674502000	6.35768	100	1
1527795178.675812000	6.35899	1412	0
1527795178.676540000	6.35972	114	1
1527795178.677397000	6.36058	1412	0
1527795178.679704000	6.36288	1412	0
1527795178.680180000	6.36336	100	1
1527795178.681393000	6.36457	1412	0
1527795178.681670000	6.36485	100	1
1527795178.682509000	6.36569	100	1
1527795178.683313000	6.36649	1412	0
1527795178.683611000	6.36679	100	1
1527795178.685251000	6.36843	1412	0
1527795178.685538000	6.36872	100	1
1527795178.687198000	6.37038	1412	0
1527795178.687506000	6.37068	100	1
1527795178.689162000	6.37234	1412	0
1527795178.689507000	6.37269	100	1
1527795178.691783000	6.37496	1412	0
1527795178.692515000	6.37569	100	1
1527795178.695038000	6.37822	1412	0
1527795178.695726000	6.3789	100	1
1527795178.696445000	6.37962	1412	0
1527795178.697551000	6.38073	100	1
1527795178.697840000	6.38102	1412	0
1527795178.699529000	6.38271	100	1
1527795178.700375000	6.38355	1412	0
1527795178.702313000	6.38549	1412	0
1527795178.703702000	6.38688	1067	0
1527795178.711850000	6.39503	100	1
1527795178.712969000	6.39615	103	1
1527795179.917011000	7.60019	309	1
1527795179.917068000	7.60025	144	1
1527795179.934485000	7.61766	87	0
1527795179.988661000	7.67184	1412	0
1527795179.989621000	7.6728	103	1
1527795179.990067000	7.67325	1412	0
1527795179.990574000	7.67375	100	1
1527795179.991531000	7.67471	1412	0
1527795179.992579000	7.67576	100	1
1527795179.992908000	7.67609	504	0
1527795179.993573000	7.67675	100	1
1527795179.994289000	7.67747	91	0
1527795179.994576000	7.67775	100	1
1527795179.995684000	7.67886	85	0
1527795180.000764000	7.68394	100	1
1527795181.030939000	8.71412	980	1
1527795181.031016000	8.7142	294	1
1527795181.032828000	8.71601	301	1
1527795181.032908000	8.71609	1412	1
1527795181.032947000	8.71613	1412	1
1527795181.032996000	8.71617	989	1
1527795181.055351000	8.73853	100	0
1527795181.055843000	8.73902	100	1
1527795181.061153000	8.74433	87	0
1527795181.094140000	8.77732	380	1
1527795181.111807000	8.79499	87	0
1527795181.134866000	8.81804	396	0
1527795181.135852000	8.81903	106	1
1527795181.143247000	8.82643	79	0
1527795181.143963000	8.82714	100	1
1527795181.153633000	8.83681	323	0
1527795181.154859000	8.83804	100	1
1527795181.155073000	8.83825	1399	0
1527795181.155830000	8.83901	100	1
1527795181.156448000	8.83963	512	0
1527795181.156827000	8.84001	100	1
1527795181.157846000	8.84102	591	0
1527795181.158827000	8.84201	100	1
1527795181.159245000	8.84242	645	0
1527795181.159825000	8.843	100	1
1527795181.160700000	8.84388	466	0
1527795181.160861000	8.84404	100	1
1527795181.162107000	8.84529	696	0
1527795181.162834000	8.84601	100	1
1527795181.163497000	8.84668	483	0
1527795181.163829000	8.84701	100	1
1527795181.164905000	8.84808	834	0
1527795181.165838000	8.84902	100	1
1527795181.166297000	8.84948	648	0
1527795181.166835000	8.85001	100	1
1527795181.167687000	8.85087	518	0
1527795181.167848000	8.85103	100	1
1527795181.169083000	8.85226	438	0
1527795181.169831000	8.85301	100	1
1527795181.170486000	8.85366	700	0
1527795181.170830000	8.85401	100	1
1527795181.171930000	8.85511	615	0
1527795181.172832000	8.85601	100	1
1527795181.173326000	8.8565	557	0
1527795181.173827000	8.85701	100	1
1527795181.174727000	8.85791	653	0
1527795181.174881000	8.85806	100	1
1527795181.176123000	8.8593	582	0
1527795181.176830000	8.86001	100	1
1527795181.177520000	8.8607	688	0
1527795181.177836000	8.86101	114	1
1527795181.184158000	8.86734	276	0
1527795181.185114000	8.86829	100	1
1527795181.185560000	8.86874	102	0
1527795181.185828000	8.86901	100	1
1527795181.186957000	8.87014	91	0
1527795181.187828000	8.87101	100	1
1527795181.188353000	8.87153	90	0
1527795181.188828000	8.87201	100	1
1527795181.190441000	8.87362	170	0
1527795181.190828000	8.87401	100	1
1527795181.195380000	8.87856	87	0
1527795181.327161000	9.01034	1412	1
1527795181.327204000	9.01038	1412	1
1527795181.327243000	9.01042	503	1
1527795181.327310000	9.01049	844	1
1527795181.346088000	9.02927	87	0
1527795181.367726000	9.0509	460	0
1527795181.368936000	9.05211	106	1
1527795181.369131000	9.05231	205	0
1527795181.370857000	9.05404	100	1
1527795181.934069000	9.61725	999	1
1527795181.934149000	9.61733	94	1
1527795181.952708000	9.63589	87	0
1527795182.018291000	9.70147	289	0
1527795182.019193000	9.70237	103	1
1527795182.019699000	9.70288	366	0
1527795182.019929000	9.70311	100	1
1527795182.022087000	9.70527	165	0
1527795182.022889000	9.70607	100	1
1527795183.016236000	10.6994	474	1
1527795183.016309000	10.6995	109	1
1527795183.017322000	10.7005	301	1
1527795183.018155000	10.7013	476	1
1527795183.018190000	10.7014	87	1
1527795183.034282000	10.7175	87	0
1527795183.194995000	10.8782	361	0
1527795183.196378000	10.8796	151	0
1527795183.197061000	10.8802	103	1
1527795183.197792000	10.881	91	0
1527795183.198751000	10.8819	103	1
1527795183.199194000	10.8824	181	0
1527795183.199741000	10.8829	100	1
1527795183.227766000	10.9109	246	0
1527795183.229157000	10.9123	140	0
1527795183.230232000	10.9134	103	1
1527795183.237443000	10.9206	91	0
1527795183.238770000	10.9219	100	1
1527795183.238920000	10.9221	121	0
1527795183.239761000	10.9229	100	1
1527795183.240324000	10.9235	235	0
1527795183.241029000	10.9242	100	1
1527795183.241776000	10.925	102	0
1527795183.242754000	10.9259	100	1
1527795183.243173000	10.9264	91	0
1527795183.243750000	10.9269	100	1
1527795183.244588000	10.9278	309	0
1527795183.246822000	10.93	100	1
1527795183.604617000	11.2878	392	1
1527795183.604704000	11.2879	256	1
1527795183.623382000	11.3066	87	0
1527795183.956099000	11.6393	368	1
1527795183.956230000	11.6394	1412	1
1527795183.956268000	11.6394	1412	1
1527795183.956297000	11.6395	1412	1
1527795183.956335000	11.6395	1412	1
1527795183.956364000	11.6395	1412	1
1527795183.956402000	11.6396	1412	1
1527795183.956432000	11.6396	1412	1
1527795183.956469000	11.6396	1412	1
1527795183.956512000	11.6397	1412	1
1527795183.956548000	11.6397	1412	1
1527795183.956583000	11.6398	1412	1
1527795183.957890000	11.6411	1412	1
1527795183.957929000	11.6411	1412	1
1527795183.957986000	11.6412	1412	1
1527795183.959886000	11.6431	1412	1
1527795183.959924000	11.6431	1412	1
1527795183.959983000	11.6432	1412	1
1527795183.960021000	11.6432	1412	1
1527795183.961883000	11.6451	1412	1
1527795183.961944000	11.6451	1412	1
1527795183.961981000	11.6452	1412	1
1527795183.963889000	11.6471	1412	1
1527795183.963949000	11.6471	1412	1
1527795183.973331000	11.6565	87	0
1527795183.973596000	11.6568	1412	1
1527795183.973628000	11.6568	1412	1
1527795183.974882000	11.6581	1412	1
1527795183.974943000	11.6581	1412	1
1527795183.974979000	11.6582	1412	1
1527795183.975037000	11.6582	1412	1
1527795183.976883000	11.6601	1412	1
1527795183.976940000	11.6601	1412	1
1527795183.976999000	11.6602	1412	1
1527795183.978891000	11.6621	1412	1
1527795183.980450000	11.6636	87	0
1527795183.980666000	11.6638	787	1
1527795183.982804000	11.666	87	0
1527795183.993859000	11.677	87	0
1527795184.000045000	11.6832	87	0
1527795184.008461000	11.6916	87	0
1527795184.104346000	11.7875	436	0
1527795184.105830000	11.789	115	1
1527795184.117438000	11.8006	79	0
1527795184.118158000	11.8013	100	1
1527795184.236103000	11.9193	269	0
1527795184.237476000	11.9207	145	0
1527795184.237857000	11.921	100	1
1527795184.238895000	11.9221	100	1
1527795184.240779000	11.924	91	0
1527795184.241890000	11.9251	100	1
1527795184.242212000	11.9254	302	0
1527795184.242813000	11.926	100	1
1527795184.301373000	11.9846	360	1
1527795184.303182000	11.9864	293	1
1527795184.319377000	12.0026	87	0
1527795184.361090000	12.0443	375	1
1527795184.378653000	12.0618	87	0
1527795184.404483000	12.0877	232	0
1527795184.405501000	12.0887	106	1
1527795184.405891000	12.0891	117	0
1527795184.406841000	12.09	100	1
1527795184.407287000	12.0905	234	0
1527795184.407907000	12.0911	100	1
1527795184.408682000	12.0919	278	0
1527795184.408921000	12.0921	100	1
1527795184.410071000	12.0932	91	0
1527795184.410813000	12.094	100	1
1527795184.411537000	12.0947	217	0
1527795184.412057000	12.0952	100	1
1527795184.412929000	12.0961	91	0
1527795184.413815000	12.097	100	1
1527795184.414330000	12.0975	311	0
1527795184.414852000	12.098	100	1
1527795184.450864000	12.134	392	1
1527795184.450954000	12.1341	270	1
1527795184.452412000	12.1356	986	1
1527795184.468403000	12.1516	87	0
1527795184.510385000	12.1936	546	0
1527795184.510920000	12.1941	103	1
1527795184.511071000	12.1942	101	1
1527795184.511823000	12.195	79	0
1527795184.512832000	12.196	100	1
1527795184.529619000	12.2128	87	0
1527795184.550063000	12.2332	576	0
1527795184.551260000	12.2344	103	1
1527795184.551512000	12.2347	800	0
1527795184.552892000	12.2361	91	0
1527795184.553846000	12.237	103	1
1527795184.583589000	12.2668	186	0
1527795184.584212000	12.2674	100	1
1527795184.585011000	12.2682	386	0
1527795184.585870000	12.269	100	1
1527795184.586408000	12.2696	145	0
1527795184.588016000	12.2712	100	1
1527795184.593031000	12.2762	91	0
1527795184.593864000	12.277	100	1
1527795184.594435000	12.2776	337	0
1527795184.594998000	12.2782	100	1
1527795184.691942000	12.3751	1168	1
1527795184.710706000	12.3939	87	0
1527795184.884909000	12.5681	315	0
1527795184.886012000	12.5692	103	1
1527795184.886412000	12.5696	638	0
1527795184.887120000	12.5703	100	1
1527795184.899410000	12.5826	471	1
1527795184.916753000	12.5999	87	0
1527795185.039765000	12.7229	237	0
1527795185.040958000	12.7241	103	1
1527795185.041178000	12.7244	359	0
1527795185.041937000	12.7251	100	1
1527795185.042628000	12.7258	183	0
1527795185.043147000	12.7263	100	1
1527795191.007748000	18.6909	787	1
1527795191.007838000	18.691	257	1
1527795191.025431000	18.7086	87	0
1527795191.152902000	18.8361	298	0
1527795191.154304000	18.8375	103	1
1527795191.155265000	18.8384	155	0
1527795191.156300000	18.8395	100	1
1527795191.161703000	18.8449	157	0
1527795191.162207000	18.8454	100	1
1527795191.231756000	18.9149	391	1
1527795191.231838000	18.915	256	1
1527795191.250277000	18.9335	87	0
1527795191.437759000	19.1209	255	0
1527795191.438913000	19.1221	103	1
1527795191.439110000	19.1223	145	0
1527795191.440311000	19.1235	100	1
1527795191.442660000	19.1258	91	0
1527795191.443302000	19.1265	100	1
1527795191.444055000	19.1272	175	0
1527795191.444514000	19.1277	100	1
1527795191.632034000	19.3152	994	1
1527795191.632126000	19.3153	254	1
1527795191.649935000	19.3331	87	0
1527795191.746566000	19.4297	258	0
1527795191.747519000	19.4307	103	1
1527795191.747991000	19.4312	145	0
1527795191.748339000	19.4315	100	1
1527795191.751225000	19.4344	91	0
1527795191.752319000	19.4355	100	1
1527795191.752655000	19.4358	204	0
1527795191.753230000	19.4364	100	1
1527795192.071971000	19.7551	391	1
1527795192.072038000	19.7552	255	1
1527795192.089282000	19.7725	87	0
1527795192.186557000	19.8697	232	0
1527795192.187572000	19.8708	103	1
1527795192.187965000	19.8711	145	0
1527795192.188329000	19.8715	100	1
1527795192.192850000	19.876	91	0
1527795192.193344000	19.8765	100	1
1527795192.194280000	19.8775	317	0
1527795192.195311000	19.8785	100	1
1527795192.492730000	20.1759	389	1
1527795192.492821000	20.176	259	1
1527795192.510924000	20.1941	87	0
1527795192.586877000	20.2701	258	0
1527795192.587835000	20.271	103	1
1527795192.588281000	20.2715	145	0
1527795192.589285000	20.2725	100	1
1527795192.591445000	20.2746	91	0
1527795192.592319000	20.2755	100	1
1527795192.592872000	20.2761	164	0
1527795192.593685000	20.2769	100	1
1527795192.795612000	20.4788	387	1
1527795192.795702000	20.4789	255	1
1527795192.816220000	20.4994	87	0
1527795192.904708000	20.5879	234	0
1527795192.905732000	20.5889	103	1
1527795192.906114000	20.5893	145	0
1527795192.906339000	20.5895	100	1
1527795192.909596000	20.5928	91	0
1527795192.910310000	20.5935	100	1
1527795192.911073000	20.5943	205	0
1527795192.911665000	20.5948	100	1
1527795199.505108000	27.1883	387	1
1527795199.505184000	27.1884	256	1
1527795199.522743000	27.2059	87	0
1527795199.605854000	27.289	256	0
1527795199.606794000	27.29	103	1
1527795199.607270000	27.2904	147	0
1527795199.607722000	27.2909	100	1
1527795199.609740000	27.2929	91	0
1527795199.610779000	27.294	100	1
1527795199.614264000	27.2974	202	0
1527795199.614719000	27.2979	100	1
1527795203.221004000	30.9042	457	1
1527795203.221098000	30.9043	1412	1
1527795203.221122000	30.9043	1412	1
1527795203.221151000	30.9043	1412	1
1527795203.221169000	30.9043	260	1
1527795203.239950000	30.9231	87	0
1527795203.334796000	31.018	414	0
1527795203.335931000	31.0191	103	1
1527795203.340552000	31.0237	79	0
1527795203.341246000	31.0244	100	1
1527795203.422404000	31.1056	388	1
1527795203.422494000	31.1057	255	1
1527795203.439150000	31.1223	87	0
1527795203.530390000	31.2136	304	0
1527795203.531327000	31.2145	103	1
1527795203.531866000	31.215	147	0
1527795203.532989000	31.2162	100	1
1527795203.534235000	31.2174	91	0
1527795203.534983000	31.2182	100	1
1527795203.535647000	31.2188	122	0
1527795203.536096000	31.2193	100	1
1527795204.379761000	32.0629	387	1
1527795204.379825000	32.063	256	1
1527795204.397304000	32.0805	87	0
1527795204.476015000	32.1592	409	0
1527795204.477160000	32.1603	103	1
1527795204.477363000	32.1605	147	0
1527795204.477969000	32.1611	100	1
1527795204.478741000	32.1619	91	0
1527795204.478979000	32.1622	100	1
1527795204.480143000	32.1633	239	0
1527795204.480956000	32.1641	100	1
1527795204.659450000	32.3426	497	1
1527795204.659512000	32.3427	258	1
1527795204.676959000	32.3601	87	0
1527795204.777814000	32.461	256	0
1527795204.778997000	32.4622	103	1
1527795204.779232000	32.4624	147	0
1527795204.780012000	32.4632	100	1
1527795204.783294000	32.4665	91	0
1527795204.784005000	32.4672	100	1
1527795204.784726000	32.4679	279	0
1527795204.785170000	32.4683	100	1
1527795205.020214000	32.7034	399	1
1527795205.020280000	32.7035	255	1
1527795205.037984000	32.7212	87	0
1527795205.136585000	32.8198	238	0
1527795205.137589000	32.8208	103	1
1527795205.137997000	32.8212	147	0
1527795205.139075000	32.8223	100	1
1527795205.139768000	32.8229	91	0
1527795205.140038000	32.8232	100	1
1527795205.141299000	32.8245	334	0
1527795205.142013000	32.8252	100	1
1527795205.501687000	33.1849	776	1
1527795205.501748000	33.1849	261	1
1527795205.522064000	33.2052	87	0
1527795205.599901000	33.2831	259	0
1527795205.601055000	33.2842	103	1
1527795205.601358000	33.2845	147	0
1527795205.602074000	33.2853	100	1
1527795205.604317000	33.2875	91	0
1527795205.605073000	33.2883	100	1
1527795205.605753000	33.2889	305	0
1527795205.606208000	33.2894	100	1
1527795205.950245000	33.6334	391	1
1527795205.950341000	33.6335	257	1
1527795205.970176000	33.6534	87	0
1527795206.048989000	33.7322	276	0
1527795206.050071000	33.7332	103	1
1527795206.050444000	33.7336	147	0
1527795206.051059000	33.7342	100	1
1527795206.052664000	33.7358	91	0
1527795206.053057000	33.7362	100	1
1527795206.054107000	33.7373	268	0
1527795206.055044000	33.7382	100	1
1527795206.180603000	33.8638	990	1
1527795206.180690000	33.8639	261	1
1527795206.195521000	33.8787	100	0
1527795206.196072000	33.8793	100	1
1527795206.198053000	33.8812	87	0
1527795206.296009000	33.9792	258	0
1527795206.297084000	33.9803	103	1
1527795206.297413000	33.9806	147	0
1527795206.298090000	33.9813	100	1
1527795206.299718000	33.9829	91	0
1527795206.300066000	33.9832	100	1
1527795206.301151000	33.9843	96	0
1527795206.302058000	33.9852	100	1
1527795206.420103000	34.1033	393	1
1527795206.420188000	34.1034	256	1
1527795206.438304000	34.1215	87	0
1527795206.529071000	34.2122	256	0
1527795206.530120000	34.2133	103	1
1527795206.530532000	34.2137	147	0
1527795206.531088000	34.2143	100	1
1527795206.532418000	34.2156	91	0
1527795206.533072000	34.2163	100	1
1527795206.533823000	34.217	160	0
1527795206.534332000	34.2175	100	1
1527795206.640378000	34.3236	391	1
1527795206.640446000	34.3236	260	1
1527795206.656872000	34.3401	87	0
1527795206.739649000	34.4228	235	0
1527795206.740539000	34.4237	103	1
1527795206.741070000	34.4242	147	0
1527795206.742117000	34.4253	100	1
1527795206.744169000	34.4273	91	0
1527795206.745120000	34.4283	100	1
1527795206.745634000	34.4288	251	0
1527795206.746117000	34.4293	100	1
1527795207.009957000	34.6931	388	1
1527795207.010046000	34.6932	258	1
1527795207.027580000	34.7108	87	0
1527795207.104296000	34.7875	234	0
1527795207.105280000	34.7885	103	1
1527795207.105711000	34.7889	147	0
1527795207.106101000	34.7893	100	1
1527795207.108481000	34.7917	91	0
1527795207.109152000	34.7923	100	1
1527795207.109925000	34.7931	118	0
1527795207.110357000	34.7935	100	1
1527795207.410374000	35.0936	387	1
1527795207.410465000	35.0936	257	1
1527795207.427975000	35.1112	87	0
1527795207.497060000	35.1802	234	0
1527795207.498175000	35.1814	103	1
1527795207.498541000	35.1817	147	0
1527795207.499170000	35.1823	100	1
1527795207.501736000	35.1849	91	0
1527795207.502143000	35.1853	100	1
1527795207.503162000	35.1863	180	0
1527795207.504152000	35.1873	100	1
1527795207.814769000	35.4979	477	1
1527795207.814857000	35.498	258	1
1527795207.831861000	35.515	87	0
1527795207.913555000	35.5967	259	0
1527795207.914610000	35.5978	103	1
1527795207.914963000	35.5981	147	0
1527795207.915307000	35.5985	100	1
1527795207.917393000	35.6006	91	0
1527795207.918235000	35.6014	100	1
1527795207.918799000	35.602	107	0
1527795207.919247000	35.6024	100	1
1527795208.238541000	35.9217	388	1
1527795208.238612000	35.9218	258	1
1527795208.256194000	35.9394	87	0
1527795208.342650000	36.0258	232	0
1527795208.343663000	36.0268	103	1
1527795208.344058000	36.0272	147	0
1527795208.345229000	36.0284	100	1
1527795208.345754000	36.0289	91	0
1527795208.346260000	36.0294	100	1
1527795208.347101000	36.0303	87	0
1527795208.348193000	36.0314	100	1
1527795208.658594000	36.3418	386	1
1527795208.658679000	36.3419	258	1
1527795208.675711000	36.3589	87	0
1527795208.764284000	36.4475	258	0
1527795208.765307000	36.4485	103	1
1527795208.765695000	36.4489	147	0
1527795208.766210000	36.4494	100	1
1527795208.767580000	36.4508	91	0
1527795208.768306000	36.4515	100	1
1527795208.768988000	36.4522	286	0
1527795208.769458000	36.4526	100	1
1527795209.017952000	36.7011	496	1
1527795209.018013000	36.7012	259	1
1527795209.035294000	36.7185	87	0
1527795209.108988000	36.7922	234	0
1527795209.110333000	36.7935	103	1
1527795209.110518000	36.7937	147	0
1527795209.111312000	36.7945	100	1
1527795209.112289000	36.7955	91	0
1527795209.113308000	36.7965	100	1
1527795209.113753000	36.7969	88	0
1527795209.114226000	36.7974	100	1
1527795209.347147000	37.0303	399	1
1527795209.347223000	37.0304	259	1
1527795209.364766000	37.0479	87	0
1527795209.457867000	37.141	280	0
1527795209.458780000	37.142	103	1
1527795209.459286000	37.1425	147	0
1527795209.460328000	37.1435	100	1
1527795209.463108000	37.1463	91	0
1527795209.464328000	37.1475	100	1
1527795209.464590000	37.1478	96	0
1527795209.465250000	37.1484	100	1
1527795210.023929000	37.7071	772	1
1527795210.024001000	37.7072	257	1
1527795210.042012000	37.7252	87	0
1527795210.130562000	37.8137	433	0
1527795210.131452000	37.8146	103	1
1527795210.131981000	37.8152	147	0
1527795210.132333000	37.8155	100	1
1527795210.135868000	37.819	91	0
1527795210.136363000	37.8195	100	1
1527795210.137296000	37.8205	144	0
1527795210.138296000	37.8215	100	1
1527795210.987785000	38.671	390	1
1527795210.987845000	38.671	258	1
1527795211.004704000	38.6879	87	0
1527795211.098846000	38.782	256	0
1527795211.099691000	38.7829	103	1
1527795211.100269000	38.7834	147	0
1527795211.101438000	38.7846	100	1
1527795211.102786000	38.786	91	0
1527795211.103433000	38.7866	100	1
1527795211.104159000	38.7873	183	0
1527795211.104621000	38.7878	100	1
1527795211.837773000	39.521	994	1
1527795211.837835000	39.521	255	1
1527795211.855552000	39.5387	87	0
1527795211.948093000	39.6313	262	0
1527795211.949476000	39.6327	147	0
1527795211.949509000	39.6327	103	1
1527795211.950470000	39.6336	100	1
1527795211.952056000	39.6352	91	0
1527795211.952489000	39.6357	100	1
1527795211.953446000	39.6366	86	0
1527795211.954400000	39.6376	100	1
1527795212.110442000	39.7936	390	1
1527795212.110515000	39.7937	257	1
1527795212.127377000	39.8106	87	0
1527795212.203763000	39.8869	234	0
1527795212.204890000	39.8881	103	1
1527795212.205165000	39.8883	147	0
1527795212.205453000	39.8886	100	1
1527795212.206615000	39.8898	91	0
1527795212.207397000	39.8906	100	1
1527795212.208019000	39.8912	160	0
1527795212.208399000	39.8916	100	1
1527795212.327314000	40.0105	391	1
1527795212.327374000	40.0106	262	1
1527795212.344646000	40.0278	87	0
1527795212.481446000	40.1646	274	0
1527795212.482430000	40.1656	103	1
1527795212.482851000	40.166	147	0
1527795212.483408000	40.1666	100	1
1527795212.486333000	40.1695	91	0
1527795212.487427000	40.1706	100	1
1527795212.487752000	40.1709	227	0
1527795212.488411000	40.1716	100	1
1527795212.618307000	40.3015	390	1
1527795212.618409000	40.3016	260	1
1527795212.635949000	40.3191	87	0
1527795212.743303000	40.4265	281	0
1527795212.744483000	40.4277	103	1
1527795212.744715000	40.4279	147	0
1527795212.745435000	40.4286	100	1
1527795212.746495000	40.4297	91	0
1527795212.747427000	40.4306	100	1
1527795212.747903000	40.4311	200	0
1527795212.748426000	40.4316	100	1
1527795212.955797000	40.639	387	1
1527795212.955880000	40.6391	258	1
1527795212.972875000	40.6561	87	0
1527795213.050754000	40.7339	232	0
1527795213.051718000	40.7349	103	1
1527795213.052162000	40.7353	147	0
1527795213.052444000	40.7356	100	1
1527795213.054537000	40.7377	91	0
1527795213.055457000	40.7386	100	1
1527795213.055961000	40.7391	271	0
1527795213.056560000	40.7397	100	1
1527795213.222983000	40.9062	476	1
1527795213.223056000	40.9062	262	1
1527795213.241132000	40.9243	87	0
1527795213.308984000	40.9922	235	0
1527795213.310004000	40.9932	103	1
1527795213.310448000	40.9936	147	0
1527795213.311470000	40.9946	100	1
1527795213.312853000	40.996	91	0
1527795213.313463000	40.9966	100	1
1527795213.314261000	40.9974	195	0
1527795213.314693000	40.9979	100	1
1527795213.525003000	41.2082	389	1
1527795213.525079000	41.2083	260	1
1527795213.541552000	41.2247	87	0
1527795213.628352000	41.3115	260	0
1527795213.629500000	41.3127	103	1
1527795213.629815000	41.313	147	0
1527795213.630493000	41.3137	100	1
1527795213.632697000	41.3159	91	0
1527795213.633569000	41.3167	100	1
1527795213.634068000	41.3172	118	0
1527795213.634541000	41.3177	100	1
1527795214.004780000	41.688	389	1
1527795214.004843000	41.688	260	1
1527795214.021576000	41.7048	87	0
1527795214.103772000	41.787	232	0
1527795214.104759000	41.7879	103	1
1527795214.105182000	41.7884	147	0
1527795214.105502000	41.7887	100	1
1527795214.107398000	41.7906	91	0
1527795214.108517000	41.7917	100	1
1527795214.108828000	41.792	301	0
1527795214.109612000	41.7928	100	1
1527795214.275913000	41.9591	493	1
1527795214.276003000	41.9592	257	1
1527795214.294747000	41.9779	87	0
1527795214.368502000	42.0517	231	0
1527795214.369557000	42.0527	103	1
1527795214.369924000	42.0531	147	0
1527795214.370530000	42.0537	100	1
1527795214.372136000	42.0553	91	0
1527795214.372533000	42.0557	100	1
1527795214.373561000	42.0567	162	0
1527795214.374539000	42.0577	100	1
1527795214.504602000	42.1878	397	1
1527795214.504786000	42.188	262	1
1527795214.521729000	42.2049	87	0
1527795214.606056000	42.2892	259	0
1527795214.606890000	42.2901	103	1
1527795214.607536000	42.2907	147	0
1527795214.608642000	42.2918	100	1
1527795214.608928000	42.2921	91	0
1527795214.609620000	42.2928	100	1
1527795214.610392000	42.2936	287	0
1527795214.611571000	42.2947	100	1
1527795214.923883000	42.6071	777	1
1527795214.923944000	42.6071	256	1
1527795214.941622000	42.6248	87	0
1527795215.017748000	42.7009	234	0
1527795215.018599000	42.7018	103	1
1527795215.019135000	42.7023	147	0
1527795215.019571000	42.7027	100	1
1527795215.020622000	42.7038	91	0
1527795215.021644000	42.7048	100	1
1527795215.022036000	42.7052	295	0
1527795215.022560000	42.7057	100	1
1527795215.314235000	42.9974	387	1
1527795215.314330000	42.9975	260	1
1527795215.332306000	43.0155	87	0
1527795215.433456000	43.1166	232	0
1527795215.434626000	43.1178	103	1
1527795215.434860000	43.118	147	0
1527795215.435595000	43.1188	100	1
1527795215.436683000	43.1199	91	0
1527795215.437703000	43.1209	100	1
1527795215.438096000	43.1213	297	0
1527795215.438594000	43.1218	100	1
1527795215.634153000	43.3173	990	1
1527795215.634230000	43.3174	260	1
1527795215.652223000	43.3354	87	0
1527795215.758533000	43.4417	304	0
1527795215.759667000	43.4428	103	1
1527795215.759866000	43.443	147	0
1527795215.760695000	43.4439	100	1
1527795215.764269000	43.4474	91	0
1527795215.764688000	43.4479	100	1
1527795215.765665000	43.4488	294	0
1527795215.766618000	43.4498	100	1
1527795216.043917000	43.7271	392	1
1527795216.043998000	43.7272	261	1
1527795216.062883000	43.7461	87	0
1527795216.166275000	43.8495	409	0
1527795216.167295000	43.8505	103	1
1527795216.167682000	43.8509	147	0
1527795216.168711000	43.8519	100	1
1527795216.169300000	43.8525	91	0
1527795216.169709000	43.8529	100	1
1527795216.170700000	43.8539	133	0
1527795216.171651000	43.8548	100	1
1527795216.596624000	44.2798	391	1
1527795216.596722000	44.2799	267	1
1527795216.613968000	44.2971	87	0
1527795216.685413000	44.3686	256	0
1527795216.686697000	44.3699	103	1
1527795216.686815000	44.37	147	0
1527795216.687660000	44.3708	100	1
1527795216.688204000	44.3714	91	0
1527795216.688654000	44.3718	100	1
1527795216.689605000	44.3728	122	0
1527795216.690672000	44.3739	100	1
1527795216.832088000	44.5153	391	1
1527795216.832164000	44.5153	271	1
1527795216.848482000	44.5317	87	0
1527795216.953778000	44.637	236	0
1527795216.953780000	44.637	147	0
1527795216.953782000	44.637	91	0
1527795216.953784000	44.637	132	0
1527795216.955875000	44.6391	112	1
1527795217.052524000	44.7357	386	1
1527795217.052610000	44.7358	267	1
1527795217.069747000	44.7529	87	0
1527795217.159727000	44.8429	234	0
1527795217.160716000	44.8439	103	1
1527795217.161185000	44.8444	147	0
1527795217.161686000	44.8449	100	1
1527795217.166534000	44.8497	91	0
1527795217.166685000	44.8499	100	1
1527795217.167962000	44.8511	247	0
1527795217.168681000	44.8519	100	1
1527795217.253859000	44.937	480	1
1527795217.253919000	44.9371	262	1
1527795217.272064000	44.9552	87	0
1527795217.367553000	45.0507	272	0
1527795217.368814000	45.052	103	1
1527795217.368911000	45.0521	147	0
1527795217.369780000	45.053	100	1
1527795217.372052000	45.0552	91	0
1527795217.372779000	45.056	100	1
1527795217.373509000	45.0567	225	0
1527795217.373976000	45.0572	100	1
1527795223.985080000	51.6683	388	1
1527795223.985157000	51.6683	257	1
1527795224.002393000	51.6856	87	0
1527795224.129443000	51.8126	282	0
1527795224.130360000	51.8135	103	1
1527795224.130894000	51.8141	147	0
1527795224.131143000	51.8143	100	1
1527795224.163036000	51.8462	102	0
1527795224.164113000	51.8473	100	1
1527795224.164467000	51.8476	172	0
1527795224.165094000	51.8483	100	1
1527795224.262159000	51.9453	498	1
1527795224.262241000	51.9454	259	1
1527795224.280108000	51.9633	87	0
1527795224.377834000	52.061	232	0
1527795224.379117000	52.0623	103	1
1527795224.379248000	52.0624	147	0
1527795224.380095000	52.0633	100	1
1527795224.381817000	52.065	91	0
1527795224.382107000	52.0653	100	1
1527795224.383253000	52.0664	287	0
1527795224.384104000	52.0673	100	1
1527795224.582282000	52.2655	398	1
1527795224.582351000	52.2655	256	1
1527795224.599849000	52.283	87	0
1527795224.707897000	52.3911	256	0
1527795224.709174000	52.3924	103	1
1527795224.709215000	52.3924	147	0
1527795224.710184000	52.3934	100	1
1527795224.715788000	52.399	91	0
1527795224.716127000	52.3993	100	1
1527795224.718601000	52.4018	111	0
1527795224.719153000	52.4023	100	1
1527795224.812562000	52.4957	775	1
1527795224.812657000	52.4958	258	1
1527795224.833571000	52.5167	87	0
1527795224.956557000	52.6397	232	0
1527795224.957557000	52.6407	103	1
1527795224.957966000	52.6411	147	0
1527795224.959178000	52.6424	100	1
1527795224.964657000	52.6478	91	0
1527795224.965178000	52.6484	100	1
1527795224.966056000	52.6492	214	0
1527795224.967146000	52.6503	100	1
1527795225.031401000	52.7146	391	1
1527795225.031493000	52.7147	256	1
1527795225.049412000	52.7326	87	0
1527795225.123183000	52.8064	234	0
1527795225.124180000	52.8074	103	1
1527795225.124675000	52.8079	147	0
1527795225.125145000	52.8083	100	1
1527795225.126679000	52.8099	91	0
1527795225.127186000	52.8104	100	1
1527795225.128059000	52.8112	217	0
1527795225.129163000	52.8123	100	1
1527795225.592958000	53.2761	991	1
1527795225.593046000	53.2762	259	1
1527795225.611294000	53.2945	87	0
1527795225.704595000	53.3878	255	0
1527795225.705607000	53.3888	103	1
1527795225.706011000	53.3892	147	0
1527795225.707186000	53.3904	100	1
1527795225.707341000	53.3905	91	0
1527795225.708185000	53.3914	100	1
1527795225.708749000	53.3919	222	0
1527795225.709222000	53.3924	100	1
1527795225.803402000	53.4866	385	1
1527795225.803464000	53.4866	257	1
1527795225.820726000	53.5039	87	0
1527795225.905418000	53.5886	234	0
1527795225.906346000	53.5895	103	1
1527795225.906838000	53.59	147	0
1527795225.907194000	53.5904	100	1
1527795225.909713000	53.5929	91	0
1527795225.910283000	53.5935	100	1
1527795225.911153000	53.5943	104	0
1527795225.912204000	53.5954	100	1
1527795226.279789000	53.963	388	1
1527795226.279886000	53.9631	257	1
1527795226.296423000	53.9796	87	0
1527795226.364845000	54.048	234	0
1527795226.365688000	54.0489	103	1
1527795226.366262000	54.0494	147	0
1527795226.367294000	54.0505	100	1
1527795226.367659000	54.0508	91	0
1527795226.368290000	54.0515	100	1
1527795226.369056000	54.0522	309	0
1527795226.369498000	54.0527	100	1
1527795226.622528000	54.3057	387	1
1527795226.622599000	54.3058	259	1
1527795226.639772000	54.323	87	0
1527795226.733066000	54.4162	256	0
1527795226.734336000	54.4175	103	1
1527795226.734517000	54.4177	147	0
1527795226.735318000	54.4185	100	1
1527795226.736851000	54.42	91	0
1527795226.737334000	54.4205	100	1
1527795226.738253000	54.4214	227	0
1527795226.739246000	54.4224	100	1
1527795226.961709000	54.6449	391	1
1527795226.961769000	54.6449	260	1
1527795226.980056000	54.6632	87	0
1527795227.084256000	54.7674	280	0
1527795227.085638000	54.7688	147	0
1527795227.085829000	54.769	103	1
1527795227.086244000	54.7694	100	1
1527795227.090746000	54.7739	91	0
1527795227.091257000	54.7744	100	1
1527795227.092163000	54.7753	108	0
1527795227.093289000	54.7765	100	1
1527795227.433834000	55.117	392	1
1527795227.433930000	55.1171	265	1
1527795227.451314000	55.1345	87	0
1527795227.544235000	55.2274	434	0
1527795227.545328000	55.2285	103	1
1527795227.545636000	55.2288	147	0
1527795227.546375000	55.2296	100	1
1527795227.547250000	55.2304	91	0
1527795227.548364000	55.2315	100	1
1527795227.548656000	55.2318	221	0
1527795227.549298000	55.2325	100	1
1527795227.703759000	55.3869	477	1
1527795227.703853000	55.387	257	1
1527795227.721524000	55.4047	87	0
1527795227.809486000	55.4927	232	0
1527795227.810333000	55.4935	103	1
1527795227.811779000	55.495	147	0
1527795227.812314000	55.4955	100	1
1527795227.815350000	55.4985	91	0
1527795227.816380000	55.4996	100	1
1527795227.816759000	55.4999	258	0
1527795227.817292000	55.5005	100	1
1527795229.274866000	56.958	387	1
1527795229.274962000	56.9581	256	1
1527795229.292523000	56.9757	87	0
1527795229.401162000	57.0843	262	0
1527795229.402428000	57.0856	103	1
1527795229.402627000	57.0858	147	0
1527795229.403425000	57.0866	100	1
1527795229.404687000	57.0879	91	0
1527795229.405417000	57.0886	100	1
1527795229.406146000	57.0893	95	0
1527795229.406579000	57.0898	100	1
1527795229.524770000	57.2079	494	1
1527795229.524859000	57.208	258	1
1527795229.541992000	57.2252	87	0
1527795229.652462000	57.3356	303	0
1527795229.653424000	57.3366	103	1
1527795229.653923000	57.3371	147	0
1527795229.654429000	57.3376	100	1
1527795229.662207000	57.3454	91	0
1527795229.662446000	57.3456	100	1
1527795229.663640000	57.3468	257	0
1527795229.664416000	57.3476	100	1
1527795229.933585000	57.6168	402	1
1527795229.933675000	57.6169	256	1
1527795229.951233000	57.6344	87	0
1527795230.056806000	57.74	258	0
1527795230.057845000	57.741	103	1
1527795230.058224000	57.7414	147	0
1527795230.058585000	57.7418	100	1
1527795230.060708000	57.7439	91	0
1527795230.061513000	57.7447	100	1
1527795230.062165000	57.7453	290	0
1527795230.062659000	57.7458	100	1
1527795230.147562000	57.8307	777	1
1527795230.147644000	57.8308	262	1
1527795230.166609000	57.8498	87	0
1527795230.263001000	57.9462	234	0
1527795230.264012000	57.9472	103	1
1527795230.264417000	57.9476	147	0
1527795230.265525000	57.9487	100	1
1527795230.266713000	57.9499	91	0
1527795230.267533000	57.9507	100	1
1527795230.268064000	57.9512	261	0
1527795230.268561000	57.9517	100	1
1527795230.406839000	58.09	391	1
1527795230.406907000	58.0901	256	1
1527795230.424628000	58.1078	87	0
1527795230.566518000	58.2497	256	0
1527795230.567461000	58.2506	103	1
1527795230.568001000	58.2512	147	0
1527795230.568482000	58.2517	100	1
1527795230.569390000	58.2526	91	0
1527795230.570539000	58.2537	100	1
1527795230.572248000	58.2554	176	0
1527795230.572720000	58.2559	100	1
1527795230.895887000	58.5791	990	1
1527795230.895976000	58.5792	256	1
1527795230.914257000	58.5974	87	0
1527795231.005919000	58.6891	234	0
1527795231.006969000	58.6901	103	1
1527795231.007328000	58.6905	147	0
1527795231.008489000	58.6917	100	1
1527795231.008877000	58.6921	91	0
1527795231.009522000	58.6927	100	1
1527795231.010346000	58.6935	287	0
1527795231.010838000	58.694	100	1
1527795231.186861000	58.87	387	1
1527795231.186927000	58.8701	260	1
1527795231.203876000	58.8871	87	0
1527795231.302108000	58.9853	231	0
1527795231.303046000	58.9862	103	1
1527795231.303530000	58.9867	147	0
1527795231.304600000	58.9878	100	1
1527795231.306840000	58.99	91	0
1527795231.307582000	58.9908	100	1
1527795231.308276000	58.9915	316	0
1527795231.308750000	58.9919	100	1
1527795231.736988000	59.4202	388	1
1527795231.737085000	59.4203	257	1
1527795231.753759000	59.4369	87	0
1527795231.844969000	59.5281	258	0
1527795231.845996000	59.5292	103	1
1527795231.846378000	59.5296	147	0
1527795231.847612000	59.5308	100	1
1527795231.850338000	59.5335	91	0
1527795231.850572000	59.5338	100	1
1527795231.851770000	59.5349	203	0
1527795231.852540000	59.5357	100	1
1527795232.016933000	59.7001	388	1
1527795232.016995000	59.7002	262	1
1527795232.035549000	59.7187	87	0
1527795232.163614000	59.8468	235	0
1527795232.164585000	59.8478	103	1
1527795232.165060000	59.8482	147	0
1527795232.165570000	59.8487	100	1
1527795232.167808000	59.851	91	0
1527795232.168630000	59.8518	100	1
1527795232.169205000	59.8524	298	0
1527795232.169670000	59.8528	100	1
1527795232.586829000	60.27	389	1
1527795232.586893000	60.2701	256	1
1527795232.604273000	60.2875	87	0
1527795232.685362000	60.3685	258	0
1527795232.686672000	60.3699	103	1
1527795232.686750000	60.3699	147	0
1527795232.687658000	60.3708	100	1
1527795232.689494000	60.3727	91	0
1527795232.690651000	60.3738	100	1
1527795232.690979000	60.3742	157	0
1527795232.691583000	60.3748	100	1
1527795239.965043000	67.6482	390	1
1527795239.965131000	67.6483	258	1
1527795239.981597000	67.6648	87	0
1527795240.119902000	67.8031	258	0
1527795240.120936000	67.8041	103	1
1527795240.121428000	67.8046	147	0
1527795240.122480000	67.8057	100	1
1527795240.124687000	67.8079	91	0
1527795240.125479000	67.8087	100	1
1527795240.126056000	67.8092	327	0
1527795240.126554000	67.8097	100	1
1527795240.206468000	67.8896	477	1
1527795240.206555000	67.8897	256	1
1527795240.224105000	67.9073	87	0
1527795240.320023000	68.0032	278	0
1527795240.320856000	68.004	103	1
1527795240.321481000	68.0047	147	0
1527795240.322491000	68.0057	100	1
1527795240.326226000	68.0094	91	0
1527795240.327504000	68.0107	100	1
1527795240.327583000	68.0108	324	0
1527795240.328420000	68.0116	100	1
1527795240.568171000	68.2513	387	1
1527795240.568257000	68.2514	257	1
1527795240.587053000	68.2702	87	0
1527795240.677236000	68.3604	430	0
1527795240.678446000	68.3616	103	1
1527795240.678637000	68.3618	147	0
1527795240.679422000	68.3626	100	1
1527795240.680302000	68.3635	91	0
1527795240.680427000	68.3636	100	1
1527795240.681710000	68.3649	257	0
1527795240.682426000	68.3656	100	1
1527795240.947439000	68.6306	473	1
1527795240.947519000	68.6307	1412	1
1527795240.947543000	68.6307	1412	1
1527795240.947571000	68.6307	1370	1
1527795240.965939000	68.6491	87	0
1527795240.976726000	68.6599	336	1
1527795240.976797000	68.66	263	1
1527795240.994895000	68.6781	87	0
1527795241.041297000	68.7245	392	0
1527795241.042550000	68.7257	106	1
1527795241.051878000	68.7351	79	0
1527795241.052475000	68.7357	100	1
1527795241.068548000	68.7517	234	0
1527795241.069473000	68.7527	100	1
1527795241.070024000	68.7532	147	0
1527795241.070535000	68.7537	100	1
1527795241.071773000	68.755	91	0
1527795241.072530000	68.7557	100	1
1527795241.073123000	68.7563	241	0
1527795241.073575000	68.7568	100	1
1527795241.650895000	69.3341	387	1
1527795241.650955000	69.3341	256	1
1527795241.667805000	69.351	87	0
1527795241.760242000	69.4434	297	0
1527795241.761563000	69.4447	147	0
1527795241.761635000	69.4448	103	1
1527795241.762575000	69.4458	100	1
1527795241.765518000	69.4487	91	0
1527795241.766572000	69.4498	100	1
1527795241.766946000	69.4501	221	0
1527795241.767481000	69.4507	100	1
1527795242.328383000	70.0116	770	1
1527795242.328468000	70.0116	256	1
1527795242.345792000	70.029	87	0
1527795242.432259000	70.1154	257	0
1527795242.433595000	70.1168	147	0
1527795242.433682000	70.1169	103	1
1527795242.434612000	70.1178	100	1
1527795242.443383000	70.1266	91	0
1527795242.443567000	70.1267	100	1
1527795242.444870000	70.128	326	0
1527795242.445535000	70.1287	100	1
1527795242.538226000	70.2214	391	1
1527795242.538319000	70.2215	260	1
1527795242.556829000	70.24	87	0
1527795242.692093000	70.3753	259	0
1527795242.693067000	70.3762	103	1
1527795242.693564000	70.3767	147	0
1527795242.694628000	70.3778	100	1
1527795242.699473000	70.3827	91	0
1527795242.700645000	70.3838	100	1
1527795242.700953000	70.3841	243	0
1527795242.701544000	70.3847	100	1
1527795243.267072000	70.9503	995	1
1527795243.267164000	70.9503	256	1
1527795243.284521000	70.9677	87	0
1527795243.365954000	71.0491	231	0
1527795243.366854000	71.05	103	1
1527795243.367381000	71.0506	147	0
1527795243.367883000	71.0511	100	1
1527795243.369007000	71.0522	91	0
1527795243.369663000	71.0528	100	1
1527795243.370473000	71.0537	256	0
1527795243.371597000	71.0548	100	1
1527795243.629555000	71.3127	386	1
1527795243.629644000	71.3128	257	1
1527795243.660520000	71.3437	87	0
1527795243.660679000	71.3439	386	1
1527795243.678506000	71.3617	87	0
1527795243.761718000	71.4449	255	0
1527795243.762849000	71.446	106	1
1527795243.763132000	71.4463	147	0
1527795243.763622000	71.4468	100	1
1527795243.765488000	71.4487	91	0
1527795243.766684000	71.4499	100	1
1527795243.766918000	71.4501	178	0
1527795243.767612000	71.4508	100	1
1527795243.936679000	71.6199	387	1
1527795243.936767000	71.6199	258	1
1527795243.949078000	71.6323	302	1
1527795243.949168000	71.6323	1412	1
1527795243.949194000	71.6324	1412	1
1527795243.949236000	71.6324	1412	1
1527795243.949289000	71.6325	1412	1
1527795243.949311000	71.6325	1412	1
1527795243.949335000	71.6325	1412	1
1527795243.949382000	71.6326	1412	1
1527795243.949416000	71.6326	1412	1
1527795243.949452000	71.6326	1412	1
1527795243.950641000	71.6338	1412	1
1527795243.950667000	71.6338	1412	1
1527795243.950716000	71.6339	1412	1
1527795243.950752000	71.6339	1412	1
1527795243.952703000	71.6359	148	1
1527795243.955343000	71.6385	87	0
1527795243.967142000	71.6503	87	0
1527795243.971132000	71.6543	87	0
1527795244.045411000	71.7286	232	0
1527795244.046643000	71.7298	109	1
1527795244.046815000	71.73	147	0
1527795244.047615000	71.7308	100	1
1527795244.048217000	71.7314	372	0
1527795244.048780000	71.732	100	1
1527795244.049602000	71.7328	91	0
1527795244.050640000	71.7338	100	1
1527795244.051076000	71.7343	228	0
1527795244.051631000	71.7348	100	1
1527795244.053206000	71.7364	79	0
1527795244.053789000	71.737	100	1
1527795244.250245000	71.9334	390	1
1527795244.250332000	71.9335	257	1
1527795244.267562000	71.9507	87	0
1527795244.351064000	72.0342	232	0
1527795244.352012000	72.0352	103	1
1527795244.352518000	72.0357	147	0
1527795244.353722000	72.0369	100	1
1527795244.354413000	72.0376	91	0
1527795244.354654000	72.0378	100	1
1527795244.355816000	72.039	185	0
1527795244.356650000	72.0398	100	1
1527795244.671006000	72.3542	391	1
1527795244.671081000	72.3543	262	1
1527795244.688659000	72.3718	87	0
1527795244.797778000	72.481	301	0
1527795244.798793000	72.482	103	1
1527795244.799197000	72.4824	147	0
1527795244.799675000	72.4829	100	1
1527795244.801800000	72.485	91	0
1527795244.802676000	72.4859	100	1
1527795244.803246000	72.4864	278	0
1527795244.803680000	72.4869	100	1
1527795245.110148000	72.7933	476	1
1527795245.110240000	72.7934	260	1
1527795245.131138000	72.8143	87	0
1527795245.287535000	72.9707	360	0
1527795245.288718000	72.9719	103	1
1527795245.288947000	72.9721	147	0
1527795245.289802000	72.973	100	1
1527795245.291843000	72.975	91	0
1527795245.292777000	72.976	100	1
1527795245.293337000	72.9765	281	0
1527795245.293821000	72.977	100	1
1527795245.561247000	73.2444	393	1
1527795245.561295000	73.2445	261	1
1527795245.578663000	73.2618	87	0
1527795245.675689000	73.3589	307	0
1527795245.676741000	73.3599	103	1
1527795245.677073000	73.3603	147	0
1527795245.677742000	73.3609	100	1
1527795245.678476000	73.3617	91	0
1527795245.678751000	73.3619	100	1
1527795245.679875000	73.3631	114	0
1527795245.680751000	73.3639	100	1
1527795245.872158000	73.5553	496	1
1527795245.872250000	73.5554	269	1
1527795245.893744000	73.5769	87	0
1527795245.989518000	73.6727	232	0
1527795245.990766000	73.6739	103	1
1527795245.990990000	73.6742	147	0
1527795245.991833000	73.675	100	1
1527795245.997303000	73.6805	91	0
1527795245.997815000	73.681	100	1
1527795246.000163000	73.6833	335	0
1527795246.000726000	73.6839	100	1
1527795246.273879000	73.9571	401	1
1527795246.273977000	73.9572	258	1
1527795246.291653000	73.9748	87	0
1527795246.395015000	74.0782	236	0
1527795246.395918000	74.0791	103	1
1527795246.396415000	74.0796	147	0
1527795246.396766000	74.0799	100	1
1527795246.397817000	74.081	91	0
1527795246.398763000	74.0819	100	1
1527795246.399225000	74.0824	234	0
1527795246.399761000	74.0829	100	1
1527795246.533953000	74.2171	772	1
1527795246.534047000	74.2172	258	1
1527795246.552217000	74.2354	87	0
1527795246.650540000	74.3337	255	0
1527795246.651818000	74.335	103	1
1527795246.651848000	74.335	147	0
1527795246.652869000	74.336	100	1
1527795246.653638000	74.3368	91	0
1527795246.654866000	74.338	100	1
1527795246.655046000	74.3382	291	0
1527795246.655781000	74.339	100	1
1527795246.751234000	74.4344	389	1
1527795246.751298000	74.4345	268	1
1527795246.768799000	74.452	87	0
1527795246.841424000	74.5246	274	0
1527795246.842779000	74.526	147	0
1527795246.842832000	74.526	103	1
1527795246.843862000	74.527	100	1
1527795246.845265000	74.5284	91	0
1527795246.845786000	74.529	100	1
1527795246.846670000	74.5298	180	0
1527795246.847797000	74.531	100	1
1527795247.020199000	74.7034	990	1
1527795247.020291000	74.7035	257	1
1527795247.037856000	74.721	87	0
1527795247.136624000	74.8198	257	0
1527795247.137920000	74.8211	103	1
1527795247.138239000	74.8214	147	0
1527795247.138898000	74.8221	100	1
1527795247.140736000	74.8239	91	0
1527795247.141885000	74.8251	100	1
1527795247.142112000	74.8253	255	0
1527795247.142816000	74.826	100	1
1527795247.400092000	75.0833	387	1
1527795247.400166000	75.0833	258	1
1527795247.418899000	75.1021	87	0
1527795247.518089000	75.2013	259	0
1527795247.519172000	75.2024	103	1
1527795247.519555000	75.2027	147	0
1527795247.519932000	75.2031	100	1
1527795247.521759000	75.2049	91	0
1527795247.522900000	75.2061	100	1
1527795247.523156000	75.2063	301	0
1527795247.523826000	75.207	100	1
1527795247.830302000	75.5135	388	1
1527795247.830367000	75.5135	257	1
1527795247.849895000	75.5331	87	0
1527795247.972490000	75.6557	235	0
1527795247.973492000	75.6567	103	1
1527795247.973510000	75.6567	147	0
1527795247.973854000	75.657	100	1
1527795247.977575000	75.6608	91	0
1527795247.977850000	75.661	100	1
1527795247.978971000	75.6621	244	0
1527795247.979859000	75.663	100	1
1527795248.093622000	75.7768	393	1
1527795248.093698000	75.7769	264	1
1527795248.111114000	75.7943	87	0
1527795248.223962000	75.9071	232	0
1527795248.224992000	75.9082	103	1
1527795248.225425000	75.9086	147	0
1527795248.225897000	75.9091	100	1
1527795248.228920000	75.9121	91	0
1527795248.229943000	75.9131	100	1
1527795248.230460000	75.9136	259	0
1527795248.230932000	75.9141	100	1
1527795248.350276000	76.0335	386	1
1527795248.350368000	76.0335	261	1
1527795248.367084000	76.0503	87	0
1527795248.462427000	76.1456	234	0
1527795248.463400000	76.1466	103	1
1527795248.463834000	76.147	147	0
1527795248.464876000	76.1481	100	1
1527795248.476121000	76.1593	91	0
1527795248.476892000	76.1601	100	1
1527795248.477532000	76.1607	211	0
1527795248.478105000	76.1613	100	1
1527795248.660341000	76.3435	388	1
1527795248.660433000	76.3436	258	1
1527795248.678584000	76.3618	87	0
1527795248.765480000	76.4487	256	0
1527795248.766414000	76.4496	103	1
1527795248.766904000	76.4501	147	0
1527795248.767974000	76.4512	100	1
1527795248.768298000	76.4515	91	0
1527795248.768993000	76.4522	100	1
1527795248.769697000	76.4529	306	0
1527795248.770161000	76.4533	100	1
1527795249.093564000	76.7767	479	1
1527795249.093629000	76.7768	257	1
1527795249.111529000	76.7947	87	0
1527795249.256674000	76.9399	231	0
1527795249.257994000	76.9412	147	0
1527795249.258083000	76.9413	103	1
1527795249.259021000	76.9422	100	1
1527795249.262679000	76.9459	91	0
1527795249.262948000	76.9461	100	1
1527795249.264062000	76.9472	325	0
1527795249.264932000	76.9481	100	1
1527795249.503436000	77.1866	385	1
1527795249.503528000	77.1867	257	1
1527795249.521003000	77.2042	87	0
1527795249.596065000	77.2792	259	0
1527795249.597105000	77.2803	103	1
1527795249.597471000	77.2806	147	0
1527795249.597935000	77.2811	100	1
1527795249.600636000	77.2838	91	0
1527795249.600950000	77.2841	100	1
1527795249.602060000	77.2852	123	0
1527795249.602965000	77.2861	100	1
1527795249.793425000	77.4766	498	1
1527795249.793485000	77.4767	260	1
1527795249.811665000	77.4948	87	0
1527795249.895243000	77.5784	280	0
1527795249.896264000	77.5794	103	1
1527795249.896667000	77.5798	147	0
1527795249.897011000	77.5802	100	1
1527795249.898517000	77.5817	91	0
1527795249.899039000	77.5822	100	1
1527795249.899979000	77.5832	216	0
1527795249.900971000	77.5841	100	1
1527795250.054352000	77.7375	400	1
1527795250.054427000	77.7376	257	1
1527795250.073035000	77.7562	87	0
1527795250.173340000	77.8565	359	0
1527795250.174252000	77.8574	103	1
1527795250.174767000	77.8579	147	0
1527795250.175259000	77.8584	100	1
1527795250.177212000	77.8604	91	0
1527795250.178057000	77.8612	100	1
1527795250.178681000	77.8619	298	0
1527795250.179162000	77.8623	100	1
1527795250.463212000	78.1464	776	1
1527795250.463273000	78.1465	256	1
1527795250.483050000	78.1662	87	0
1527795250.593912000	78.2771	306	0
1527795250.595001000	78.2782	103	1
1527795250.595273000	78.2785	147	0
1527795250.595990000	78.2792	100	1
1527795250.598037000	78.2812	91	0
1527795250.598999000	78.2822	100	1
1527795250.599469000	78.2826	286	0
1527795250.600121000	78.2833	100	1
1527795250.806770000	78.4899	390	1
1527795250.806831000	78.49	261	1
1527795250.824259000	78.5074	87	0
1527795250.903926000	78.5871	235	0
1527795250.905085000	78.5883	103	1
1527795250.905334000	78.5885	147	0
1527795250.906079000	78.5893	100	1
1527795250.908869000	78.592	91	0
1527795250.910074000	78.5933	100	1
1527795250.910355000	78.5935	243	0
1527795250.911006000	78.5942	100	1
1527795251.093200000	78.7764	994	1
1527795251.093293000	78.7765	258	1
1527795251.112281000	78.7955	87	0
1527795251.203061000	78.8862	238	0
1527795251.204070000	78.8872	103	1
1527795251.204553000	78.8877	147	0
1527795251.205039000	78.8882	100	1
1527795251.208878000	78.8921	91	0
1527795251.210082000	78.8933	100	1
1527795251.210360000	78.8935	133	0
1527795251.211037000	78.8942	100	1
1527795251.365175000	79.0484	387	1
1527795251.365274000	79.0485	258	1
1527795251.382673000	79.0659	87	0
1527795251.474876000	79.1581	232	0
1527795251.476088000	79.1593	103	1
1527795251.476205000	79.1594	147	0
1527795251.477101000	79.1603	100	1
1527795251.480057000	79.1632	91	0
1527795251.481095000	79.1643	100	1
1527795251.481545000	79.1647	149	0
1527795251.482067000	79.1652	100	1
1527795251.604171000	79.2873	386	1
1527795251.604266000	79.2874	257	1
1527795251.623543000	79.3067	87	0
1527795251.762313000	79.4455	298	0
1527795251.763248000	79.4464	103	1
1527795251.763726000	79.4469	147	0
1527795251.764084000	79.4473	100	1
1527795251.767061000	79.4502	91	0
1527795251.768091000	79.4513	100	1
1527795251.768491000	79.4517	171	0
1527795251.769063000	79.4522	100	1
1527795256.072729000	83.7559	390	1
1527795256.072796000	83.756	259	1
1527795256.089973000	83.7732	87	0
1527795256.205881000	83.8891	277	0
1527795256.207169000	83.8903	103	1
1527795256.207222000	83.8904	147	0
1527795256.208158000	83.8913	100	1
1527795256.210458000	83.8936	91	0
1527795256.211159000	83.8943	100	1
1527795256.211889000	83.8951	206	0
1527795256.212348000	83.8955	100	1
1527795256.497295000	84.1805	367	1
1527795256.497376000	84.1806	1412	1
1527795256.497401000	84.1806	1412	1
1527795256.497442000	84.1806	1412	1
1527795256.497477000	84.1807	1388	1
1527795256.516836000	84.2	87	0
1527795256.579313000	84.2625	415	0
1527795256.580168000	84.2633	103	1
1527795256.584640000	84.2678	79	0
1527795256.585126000	84.2683	100	1
1527795259.247164000	86.9303	387	1
1527795259.247231000	86.9304	259	1
1527795259.264583000	86.9478	87	0
1527795259.388471000	87.0716	256	0
1527795259.389402000	87.0726	103	1
1527795259.389899000	87.0731	147	0
1527795259.390293000	87.0735	100	1
1527795259.393349000	87.0765	91	0
1527795259.394374000	87.0776	100	1
1527795259.394778000	87.078	205	0
1527795259.395283000	87.0785	100	1
1527795259.806764000	87.4899	480	1
1527795259.806858000	87.49	262	1
1527795259.838430000	87.5216	480	1
1527795259.870477000	87.5537	262	1
1527795260.070452000	87.7536	480	1
1527795260.070502000	87.7537	262	1
1527795260.470526000	88.1537	480	1
1527795260.470587000	88.1538	262	1
1527795261.270479000	88.9537	480	1
1527795261.270551000	88.9537	262	1
1527795262.869638000	90.5528	480	1
1527795262.869722000	90.5529	262	1
1527795266.069737000	93.7529	144	1
