1522656828.931240000	0	86	1
1522656828.954960000	0.02372	86	0
1522656828.955017000	0.023777	74	1
1522656828.955222000	0.0239818	276	1
1522656828.974409000	0.043169	74	0
1522656828.993018000	0.0617778	1294	0
1522656828.993296000	0.0620558	1294	0
1522656828.993300000	0.0620599	200	0
1522656828.993316000	0.0620759	74	1
1522656829.224486000	0.293246	316	1
1522656829.228744000	0.297504	159	1
1522656829.228961000	0.297721	475	1
1522656829.241159000	0.309919	344	0
1522656829.245427000	0.314187	135	0
1522656829.245446000	0.314206	74	1
1522656829.245662000	0.314422	104	1
1522656829.246324000	0.315084	104	0
1522656829.303378000	0.372138	74	0
1522656829.316535000	0.385295	650	0
1522656829.316571000	0.385331	74	1
1522656829.316897000	0.385657	1294	0
1522656829.317061000	0.385821	1294	0
1522656829.317075000	0.385835	74	1
1522656829.317146000	0.385906	1294	0
1522656829.317372000	0.386132	1294	0
1522656829.317383000	0.386143	74	1
1522656829.317443000	0.386203	1294	0
1522656829.317630000	0.38639	1294	0
1522656829.317641000	0.386401	74	1
1522656829.318155000	0.386915	1294	0
1522656829.318157000	0.386917	677	0
1522656829.318170000	0.38693	74	1
1522656829.318440000	0.3872	1294	0
1522656829.318693000	0.387453	1294	0
1522656829.318704000	0.387464	74	1
1522656829.318993000	0.387753	1294	0
1522656829.319286000	0.388046	1294	0
1522656829.319300000	0.38806	74	1
1522656829.321509000	0.390269	1294	0
1522656829.333470000	0.40223	1294	0
1522656829.333519000	0.402279	74	1
1522656829.333685000	0.402445	1294	0
1522656829.333755000	0.402515	1294	0
1522656829.333767000	0.402527	74	1
1522656829.333975000	0.402735	1294	0
1522656829.334040000	0.4028	1294	0
1522656829.334052000	0.402812	74	1
1522656829.334252000	0.403012	1294	0
1522656829.334528000	0.403288	1294	0
1522656829.334540000	0.4033	74	1
1522656829.334825000	0.403585	1294	0
1522656829.336816000	0.405576	1294	0
1522656829.336856000	0.405616	74	1
1522656829.337123000	0.405883	1294	0
1522656829.340290000	0.40905	1294	0
1522656829.340346000	0.409106	74	1
1522656829.340565000	0.409325	1294	0
1522656829.341172000	0.409932	1294	0
1522656829.341196000	0.409956	74	1
1522656829.341746000	0.410506	1294	0
1522656829.343180000	0.41194	1294	0
1522656829.343210000	0.41197	74	1
1522656829.343451000	0.412211	1294	0
1522656829.346100000	0.41486	1294	0
1522656829.346147000	0.414907	74	1
1522656829.346358000	0.415118	1294	0
1522656829.346632000	0.415392	1294	0
1522656829.346642000	0.415402	74	1
1522656829.346927000	0.415687	1294	0
1522656829.349482000	0.418242	1294	0
1522656829.349532000	0.418292	74	1
1522656829.349745000	0.418505	1294	0
1522656829.350425000	0.419185	1294	0
1522656829.350441000	0.419201	74	1
1522656829.350700000	0.41946	1294	0
1522656829.350991000	0.419751	1294	0
1522656829.351004000	0.419764	74	1
1522656829.351305000	0.420065	1294	0
1522656829.351453000	0.420213	1294	0
1522656829.351463000	0.420223	74	1
1522656829.351598000	0.420358	1294	0
1522656829.351875000	0.420635	1294	0
1522656829.351888000	0.420648	74	1
1522656829.352150000	0.42091	1294	0
1522656829.352447000	0.421207	1294	0
1522656829.352460000	0.42122	74	1
1522656829.352651000	0.421411	74	1
1522656829.352724000	0.421484	1294	0
1522656829.353018000	0.421778	1294	0
1522656829.353029000	0.421789	74	1
1522656829.353703000	0.422463	1294	0
1522656829.353994000	0.422754	1294	0
1522656829.354012000	0.422772	74	1
1522656829.354270000	0.42303	1294	0
1522656829.354763000	0.423523	1294	0
1522656829.354776000	0.423536	74	1
1522656829.355040000	0.4238	1294	0
1522656829.355335000	0.424095	1294	0
1522656829.355348000	0.424108	74	1
1522656829.355629000	0.424389	1294	0
1522656829.355905000	0.424665	1294	0
1522656829.355916000	0.424676	74	1
1522656829.356181000	0.424941	1294	0
1522656829.356741000	0.425501	802	0
1522656829.356760000	0.42552	74	1
1522656829.357249000	0.426009	112	1
1522656829.375158000	0.443918	74	0
1522656829.478212000	0.546972	327	1
1522656829.478350000	0.54711	169	1
1522656829.495026000	0.563786	74	0
1522656829.495451000	0.564211	74	0
1522656829.514807000	0.583567	252	0
1522656829.515158000	0.583918	1294	0
1522656829.515172000	0.583932	74	1
1522656829.515431000	0.584191	1294	0
1522656829.515732000	0.584492	1294	0
1522656829.515754000	0.584514	74	1
1522656829.515838000	0.584598	1294	0
1522656829.515840000	0.5846	425	0
1522656829.515856000	0.584616	74	1
1522656829.516106000	0.584866	1294	0
1522656829.516226000	0.584986	1294	0
1522656829.516229000	0.584989	185	0
1522656829.516240000	0.585	74	1
1522656829.516398000	0.585158	1294	0
1522656829.516690000	0.58545	1294	0
1522656829.516702000	0.585462	74	1
1522656829.516909000	0.585669	112	1
1522656829.516968000	0.585728	1294	0
1522656829.516970000	0.58573	87	0
1522656829.516986000	0.585746	74	1
1522656829.576243000	0.645003	74	0
1522656829.582256000	0.651016	248	1
1522656829.600645000	0.669405	74	0
1522656829.622183000	0.690943	142	0
1522656829.622186000	0.690946	104	0
1522656829.622240000	0.691	74	1
1522656829.622306000	0.691066	112	0
1522656829.623781000	0.692541	112	1
1522656829.624019000	0.692779	251	1
1522656829.642840000	0.7116	74	0
1522656829.643283000	0.712043	262	0
1522656829.643638000	0.712398	1294	0
1522656829.643657000	0.712417	74	1
1522656829.643722000	0.712482	1294	0
1522656829.643926000	0.712686	1294	0
1522656829.643937000	0.712697	74	1
1522656829.643999000	0.712759	1294	0
1522656829.644311000	0.713071	1294	0
1522656829.644314000	0.713074	1294	0
1522656829.644327000	0.713087	74	1
1522656829.644566000	0.713326	1294	0
1522656829.644841000	0.713601	1294	0
1522656829.644853000	0.713613	74	1
1522656829.644913000	0.713673	1294	0
1522656829.645135000	0.713895	1294	0
1522656829.645150000	0.71391	74	1
1522656829.645210000	0.71397	1294	0
1522656829.645368000	0.714128	1294	0
1522656829.645379000	0.714139	74	1
1522656829.645646000	0.714406	1294	0
1522656829.645922000	0.714682	1294	0
1522656829.645935000	0.714695	74	1
1522656829.646226000	0.714986	1294	0
1522656829.646507000	0.715267	1294	0
1522656829.646520000	0.71528	74	1
1522656829.646576000	0.715336	1294	0
1522656829.646784000	0.715544	1294	0
1522656829.646795000	0.715555	74	1
1522656829.647061000	0.715821	1294	0
1522656829.647349000	0.716109	1294	0
1522656829.647351000	0.716111	1294	0
1522656829.647363000	0.716123	74	1
1522656829.647635000	0.716395	1294	0
1522656829.647939000	0.716699	1294	0
1522656829.647950000	0.71671	74	1
1522656829.648324000	0.717084	1294	0
1522656829.648903000	0.717663	1294	0
1522656829.648916000	0.717676	74	1
1522656829.649183000	0.717943	1294	0
1522656829.649292000	0.718052	1294	0
1522656829.649305000	0.718065	74	1
1522656829.649569000	0.718329	1294	0
1522656829.649783000	0.718543	1294	0
1522656829.649796000	0.718556	74	1
1522656829.649855000	0.718615	1294	0
1522656829.650085000	0.718845	1294	0
1522656829.650096000	0.718856	74	1
1522656829.650159000	0.718919	1294	0
1522656829.650376000	0.719136	1294	0
1522656829.650388000	0.719148	74	1
1522656829.650509000	0.719269	1294	0
1522656829.650656000	0.719416	1294	0
1522656829.650669000	0.719429	74	1
1522656829.650804000	0.719564	1294	0
1522656829.650963000	0.719723	1294	0
1522656829.650976000	0.719736	74	1
1522656829.651094000	0.719854	1294	0
1522656829.651367000	0.720127	1294	0
1522656829.651380000	0.72014	74	1
1522656829.651648000	0.720408	1294	0
1522656829.651927000	0.720687	1294	0
1522656829.651937000	0.720697	74	1
1522656829.652045000	0.720805	1294	0
1522656829.652203000	0.720963	1294	0
1522656829.652212000	0.720972	74	1
1522656829.652339000	0.721099	1294	0
1522656829.652497000	0.721257	1294	0
1522656829.652508000	0.721268	74	1
1522656829.652793000	0.721553	1294	0
1522656829.653014000	0.721774	1294	0
1522656829.653027000	0.721787	74	1
1522656829.653087000	0.721847	1294	0
1522656829.653323000	0.722083	1294	0
1522656829.653336000	0.722096	74	1
1522656829.653601000	0.722361	1294	0
1522656829.653877000	0.722637	1294	0
1522656829.653889000	0.722649	74	1
1522656829.653949000	0.722709	1294	0
1522656829.654181000	0.722941	1294	0
1522656829.654193000	0.722953	74	1
1522656829.654457000	0.723217	1294	0
1522656829.659218000	0.727978	1294	0
1522656829.659247000	0.728007	74	1
1522656829.659531000	0.728291	1294	0
1522656829.659665000	0.728425	1294	0
1522656829.659676000	0.728436	74	1
1522656829.659852000	0.728612	1294	0
1522656829.659958000	0.728718	1294	0
1522656829.659970000	0.72873	74	1
1522656829.660126000	0.728886	1294	0
1522656829.660236000	0.728996	1294	0
1522656829.660248000	0.729008	74	1
1522656829.660418000	0.729178	1294	0
1522656829.660528000	0.729288	1294	0
1522656829.660539000	0.729299	74	1
1522656829.660711000	0.729471	1294	0
1522656829.660820000	0.72958	1294	0
1522656829.660832000	0.729592	74	1
1522656829.660985000	0.729745	1294	0
1522656829.661263000	0.730023	1294	0
1522656829.661274000	0.730034	74	1
1522656829.661542000	0.730302	1294	0
1522656829.661819000	0.730579	1294	0
1522656829.661830000	0.73059	74	1
1522656829.662116000	0.730876	1294	0
1522656829.662404000	0.731164	1294	0
1522656829.662415000	0.731175	74	1
1522656829.662677000	0.731437	1294	0
1522656829.662990000	0.73175	1294	0
1522656829.663002000	0.731762	74	1
1522656829.663413000	0.732173	74	1
1522656829.666114000	0.734874	1294	0
1522656829.666389000	0.735149	1294	0
1522656829.666407000	0.735167	74	1
1522656829.666669000	0.735429	1294	0
1522656829.666962000	0.735722	1294	0
1522656829.666976000	0.735736	74	1
1522656829.667036000	0.735796	1294	0
1522656829.667319000	0.736079	1294	0
1522656829.667329000	0.736089	74	1
1522656829.667623000	0.736383	1294	0
1522656829.667966000	0.736726	1294	0
1522656829.667968000	0.736728	1294	0
1522656829.667981000	0.736741	74	1
1522656829.668192000	0.736952	1294	0
1522656829.668257000	0.737017	1294	0
1522656829.668273000	0.737033	74	1
1522656829.668470000	0.73723	1294	0
1522656829.668534000	0.737294	1294	0
1522656829.668544000	0.737304	74	1
1522656829.668668000	0.737428	1294	0
1522656829.668749000	0.737509	1294	0
1522656829.668758000	0.737518	74	1
1522656829.668815000	0.737575	1294	0
1522656829.668946000	0.737706	1294	0
1522656829.668955000	0.737715	74	1
1522656829.669010000	0.73777	1294	0
1522656829.669073000	0.737833	1294	0
1522656829.669083000	0.737843	74	1
1522656829.669244000	0.738004	1294	0
1522656829.669307000	0.738067	1294	0
1522656829.669317000	0.738077	74	1
1522656829.669376000	0.738136	1294	0
1522656829.669539000	0.738299	1294	0
1522656829.669551000	0.738311	74	1
1522656829.669613000	0.738373	1294	0
1522656829.669684000	0.738444	1294	0
1522656829.669696000	0.738456	74	1
1522656829.669816000	0.738576	1294	0
1522656829.669889000	0.738649	1294	0
1522656829.669899000	0.738659	74	1
1522656829.669959000	0.738719	1294	0
1522656829.670015000	0.738775	74	1
1522656829.670112000	0.738872	1294	0
1522656829.670206000	0.738966	1294	0
1522656829.670215000	0.738975	74	1
1522656829.676162000	0.744922	1294	0
1522656829.676445000	0.745205	1294	0
1522656829.676469000	0.745229	74	1
1522656829.676537000	0.745297	1294	0
1522656829.676539000	0.745299	1294	0
1522656829.676553000	0.745313	74	1
1522656829.676616000	0.745376	1294	0
1522656829.676753000	0.745513	1294	0
1522656829.676764000	0.745524	74	1
1522656829.676825000	0.745585	1294	0
1522656829.676828000	0.745588	1294	0
1522656829.676839000	0.745599	74	1
1522656829.676900000	0.74566	1294	0
1522656829.677032000	0.745792	1294	0
1522656829.677044000	0.745804	74	1
1522656829.677106000	0.745866	1294	0
1522656829.677108000	0.745868	1294	0
1522656829.677110000	0.74587	834	0
1522656829.677123000	0.745883	74	1
1522656829.680582000	0.749342	1294	0
1522656829.680851000	0.749611	1294	0
1522656829.680881000	0.749641	74	1
1522656829.680948000	0.749708	1294	0
1522656829.681144000	0.749904	1294	0
1522656829.681159000	0.749919	74	1
1522656829.681219000	0.749979	1294	0
1522656829.681333000	0.750093	1294	0
1522656829.681346000	0.750106	74	1
1522656829.681441000	0.750201	1294	0
1522656829.681444000	0.750204	534	0
1522656829.681455000	0.750215	74	1
1522656829.681610000	0.75037	1294	0
1522656829.681716000	0.750476	1294	0
1522656829.681719000	0.750479	1294	0
1522656829.681731000	0.750491	74	1
1522656829.681791000	0.750551	859	0
1522656829.681984000	0.750744	112	1
1522656829.738052000	0.806812	74	0
1522656829.829787000	0.898547	318	1
1522656829.846206000	0.914966	74	0
1522656829.846890000	0.91565	203	0
1522656829.847227000	0.915987	1294	0
1522656829.847243000	0.916003	74	1
1522656829.847306000	0.916066	1294	0
1522656829.847504000	0.916264	1294	0
1522656829.847520000	0.91628	74	1
1522656829.847612000	0.916372	1294	0
1522656829.847719000	0.916479	1294	0
1522656829.847731000	0.916491	74	1
1522656829.847786000	0.916546	1294	0
1522656829.847893000	0.916653	1294	0
1522656829.847906000	0.916666	74	1
1522656829.847995000	0.916755	1294	0
1522656829.848061000	0.916821	1294	0
1522656829.848075000	0.916835	74	1
1522656829.848165000	0.916925	1294	0
1522656829.848271000	0.917031	1294	0
1522656829.848282000	0.917042	74	1
1522656829.848346000	0.917106	1294	0
1522656829.848348000	0.917108	1294	0
1522656829.848360000	0.91712	74	1
1522656829.848421000	0.917181	1294	0
1522656829.848423000	0.917183	1294	0
1522656829.848437000	0.917197	74	1
1522656829.848495000	0.917255	1294	0
1522656829.848562000	0.917322	1294	0
1522656829.848572000	0.917332	74	1
1522656829.848633000	0.917393	1294	0
1522656829.848698000	0.917458	1294	0
1522656829.848700000	0.91746	1294	0
1522656829.848702000	0.917462	1294	0
1522656829.848715000	0.917475	74	1
1522656829.848773000	0.917533	1294	0
1522656829.848894000	0.917654	1294	0
1522656829.848896000	0.917656	1294	0
1522656829.848908000	0.917668	74	1
1522656829.848968000	0.917728	1294	0
1522656829.849037000	0.917797	1294	0
1522656829.849039000	0.917799	1294	0
1522656829.849052000	0.917812	74	1
1522656829.849170000	0.91793	1294	0
1522656829.849236000	0.917996	1294	0
1522656829.849238000	0.917998	822	0
1522656829.849249000	0.918009	74	1
1522656829.849736000	0.918496	112	1
1522656829.872184000	0.940944	145	1
1522656829.888634000	0.957394	74	0
1522656829.889473000	0.958233	200	0
1522656829.889566000	0.958326	362	0
1522656829.889568000	0.958328	112	0
1522656829.889646000	0.958406	74	1
1522656829.890053000	0.958813	112	1
1522656829.950093000	1.01885	74	0
1522656830.145518000	1.21428	361	1
1522656830.163225000	1.23198	74	0
1522656830.184008000	1.25277	140	0
1522656830.184014000	1.25277	104	0
1522656830.184058000	1.25282	74	1
1522656830.184121000	1.25288	112	0
1522656830.184912000	1.25367	112	1
1522656830.217376000	1.28614	144	1
1522656830.222310000	1.29107	379	1
1522656830.228319000	1.29708	159	1
1522656830.233770000	1.30253	74	0
1522656830.245787000	1.31455	74	0
1522656830.253209000	1.32197	171	0
1522656830.253573000	1.32233	1294	0
1522656830.253594000	1.32235	74	1
1522656830.254456000	1.32322	1294	0
1522656830.254676000	1.32344	1294	0
1522656830.254692000	1.32345	74	1
1522656830.254949000	1.32371	1294	0
1522656830.255020000	1.32378	1294	0
1522656830.255031000	1.32379	74	1
1522656830.255091000	1.32385	1294	0
1522656830.255249000	1.32401	1294	0
1522656830.255263000	1.32402	74	1
1522656830.255322000	1.32408	1294	0
1522656830.255386000	1.32415	1294	0
1522656830.255397000	1.32416	74	1
1522656830.255527000	1.32429	1294	0
1522656830.255649000	1.32441	1294	0
1522656830.255662000	1.32442	74	1
1522656830.255802000	1.32456	1294	0
1522656830.256447000	1.32521	1294	0
1522656830.256464000	1.32522	74	1
1522656830.256740000	1.3255	1294	0
1522656830.256743000	1.3255	113	0
1522656830.256761000	1.32552	74	1
1522656830.257326000	1.32609	142	0
1522656830.257518000	1.32628	112	1
1522656830.259894000	1.32865	140	0
1522656830.259901000	1.32866	104	0
1522656830.259925000	1.32868	74	1
1522656830.264629000	1.33339	159	0
1522656830.264982000	1.33374	1294	0
1522656830.264999000	1.33376	74	1
1522656830.265085000	1.33384	695	0
1522656830.314410000	1.38317	74	0
1522656830.336430000	1.40519	188	1
1522656830.353094000	1.42185	74	0
1522656830.397110000	1.46587	234	0
1522656830.397242000	1.466	320	0
1522656830.397278000	1.46604	74	1
1522656830.397633000	1.46639	112	0
1522656830.397754000	1.46651	112	1
1522656830.415038000	1.4838	74	0
1522656830.528680000	1.59744	189	1
1522656830.546396000	1.61516	74	0
1522656830.581470000	1.65023	147	0
1522656830.581562000	1.65032	321	0
1522656830.581635000	1.65039	74	1
1522656830.582527000	1.65129	104	0
1522656830.582601000	1.65136	112	0
1522656830.582614000	1.65137	74	1
1522656830.583090000	1.65185	112	1
1522656830.639212000	1.70797	74	0
1522656830.886578000	1.95534	189	1
1522656830.902724000	1.97148	74	0
1522656830.943879000	2.01264	148	0
1522656830.943954000	2.01271	300	0
1522656830.943957000	2.01272	104	0
1522656830.943976000	2.01274	74	1
1522656830.944658000	2.01342	112	0
1522656830.944892000	2.01365	112	1
1522656830.961302000	2.03006	74	0
1522656830.989218000	2.05798	190	1
1522656831.006629000	2.07539	74	0
1522656831.046573000	2.11533	147	0
1522656831.046669000	2.11543	306	0
1522656831.046686000	2.11545	74	1
1522656831.046894000	2.11565	104	0
1522656831.046984000	2.11574	112	0
1522656831.046998000	2.11576	74	1
1522656831.047125000	2.11589	112	1
1522656831.068014000	2.13677	74	0
1522656831.167584000	2.23634	192	1
1522656831.183524000	2.25228	74	0
1522656831.219246000	2.28801	147	0
1522656831.219248000	2.28801	309	0
1522656831.219286000	2.28805	74	1
1522656831.219686000	2.28845	104	0
1522656831.219763000	2.28852	112	0
1522656831.219773000	2.28853	74	1
1522656831.219914000	2.28867	112	1
1522656831.279134000	2.34789	74	0
1522656831.420970000	2.48973	193	1
1522656831.437488000	2.50625	74	0
1522656831.472389000	2.54115	170	0
1522656831.472476000	2.54124	342	0
1522656831.472483000	2.54124	112	0
1522656831.472503000	2.54126	74	1
1522656831.472841000	2.5416	112	1
1522656831.528335000	2.5971	74	0
1522656831.561078000	2.62984	193	1
1522656831.577253000	2.64601	74	0
1522656831.620316000	2.68908	144	0
1522656831.620405000	2.68916	336	0
1522656831.620408000	2.68917	112	0
1522656831.620430000	2.68919	74	1
1522656831.620761000	2.68952	112	1
1522656831.637282000	2.70604	74	0
1522656831.866948000	2.93571	194	1
1522656831.883270000	2.95203	74	0
1522656831.922752000	2.99151	147	0
1522656831.922754000	2.99151	335	0
1522656831.922794000	2.99155	74	1
1522656831.922862000	2.99162	112	0
1522656831.923300000	2.99206	112	1
1522656831.940489000	3.00925	74	0
1522656831.967803000	3.03656	195	1
1522656831.983739000	3.0525	74	0
1522656832.019870000	3.08863	319	1
1522656832.027726000	3.09649	144	0
1522656832.027815000	3.09658	336	0
1522656832.027817000	3.09658	112	0
1522656832.027832000	3.09659	74	1
1522656832.028148000	3.09691	112	1
1522656832.036036000	3.1048	74	0
1522656832.049091000	3.11785	74	0
1522656832.056215000	3.12497	140	0
1522656832.056218000	3.12498	104	0
1522656832.056220000	3.12498	112	0
1522656832.056268000	3.12503	74	1
1522656832.056773000	3.12553	112	1
1522656832.117919000	3.18668	74	0
1522656832.252157000	3.32092	198	1
1522656832.270054000	3.33881	74	0
1522656832.302902000	3.37166	147	0
1522656832.302990000	3.37175	338	0
1522656832.302992000	3.37175	112	0
1522656832.303017000	3.37178	74	1
1522656832.303416000	3.37218	112	1
1522656832.366963000	3.43572	74	0
1522656832.536680000	3.60544	198	1
1522656832.553140000	3.6219	74	0
1522656832.590188000	3.65895	170	0
1522656832.590190000	3.65895	340	0
1522656832.590229000	3.65899	74	1
1522656832.590298000	3.65906	112	0
1522656832.590677000	3.65944	112	1
1522656832.650119000	3.71888	74	0
1522656832.851488000	3.92025	199	1
1522656832.868222000	3.93698	74	0
1522656832.904389000	3.97315	144	0
1522656832.904492000	3.97325	339	0
1522656832.904494000	3.97325	112	0
1522656832.904514000	3.97327	74	1
1522656832.904863000	3.97362	112	1
1522656832.962366000	4.03113	74	0
1522656833.036405000	4.10517	200	1
1522656833.053024000	4.12178	74	0
1522656833.087714000	4.15647	144	0
1522656833.087716000	4.15648	338	0
1522656833.087753000	4.15651	74	1
1522656833.087827000	4.15659	112	0
1522656833.088177000	4.15694	112	1
1522656833.142212000	4.21097	201	1
1522656833.145401000	4.21416	74	0
1522656833.170389000	4.23915	74	0
1522656833.207389000	4.27615	144	0
1522656833.207490000	4.27625	338	0
1522656833.207507000	4.27627	74	1
1522656833.207871000	4.27663	112	0
1522656833.208005000	4.27676	112	1
1522656833.266483000	4.33524	74	0
1522656833.270030000	4.33879	202	1
1522656833.287843000	4.3566	74	0
1522656833.325594000	4.39435	144	0
1522656833.325695000	4.39445	338	0
1522656833.325698000	4.39446	112	0
1522656833.325725000	4.39448	74	1
1522656833.326138000	4.3949	112	1
1522656833.382037000	4.4508	74	0
1522656833.607736000	4.6765	203	1
1522656833.623869000	4.69263	74	0
1522656833.663636000	4.7324	171	0
1522656833.663738000	4.7325	292	0
1522656833.663758000	4.73252	74	1
1522656833.664204000	4.73296	104	0
1522656833.664624000	4.73338	112	0
1522656833.664636000	4.7334	74	1
1522656833.664766000	4.73353	112	1
1522656833.720878000	4.78964	74	0
1522656833.826218000	4.89498	204	1
1522656833.846189000	4.91495	74	0
1522656833.879548000	4.94831	108	1
1522656833.879889000	4.94865	204	1
1522656833.881289000	4.95005	148	0
1522656833.881291000	4.95005	293	0
1522656833.881331000	4.95009	74	1
1522656833.881816000	4.95058	104	0
1522656833.882261000	4.95102	112	0
1522656833.882282000	4.95104	74	1
1522656833.882497000	4.95126	112	1
1522656833.897209000	4.96597	74	0
1522656833.933368000	5.00213	147	0
1522656833.933370000	5.00213	311	0
1522656833.933394000	5.00215	74	1
1522656833.934232000	5.00299	104	0
1522656833.934300000	5.00306	112	0
1522656833.934313000	5.00307	74	1
1522656833.934606000	5.00337	112	1
1522656833.992025000	5.06078	74	0
1522656834.122747000	5.19151	205	1
1522656834.139017000	5.20778	74	0
1522656834.174817000	5.24358	144	0
1522656834.174819000	5.24358	309	0
1522656834.174855000	5.24361	74	1
1522656834.175240000	5.244	104	0
1522656834.175657000	5.24442	112	0
1522656834.175672000	5.24443	74	1
1522656834.176139000	5.2449	112	1
1522656834.241285000	5.31005	74	0
1522656834.385924000	5.45468	205	1
1522656834.403771000	5.47253	74	0
1522656834.450199000	5.51896	170	0
1522656834.450317000	5.51908	314	0
1522656834.450335000	5.51909	74	1
1522656834.450679000	5.51944	104	0
1522656834.451360000	5.52012	112	0
1522656834.451372000	5.52013	74	1
1522656834.451508000	5.52027	112	1
1522656834.468304000	5.53706	74	0
1522656834.645284000	5.71404	206	1
1522656834.661667000	5.73043	74	0
1522656834.699706000	5.76847	147	0
1522656834.699794000	5.76855	343	0
1522656834.699797000	5.76856	112	0
1522656834.699819000	5.76858	74	1
1522656834.700193000	5.76895	112	1
1522656834.756416000	5.82518	74	0
1522656834.911723000	5.98048	208	1
1522656834.928321000	5.99708	74	0
1522656834.965910000	6.03467	144	0
1522656834.965999000	6.03476	343	0
1522656834.966002000	6.03476	112	0
1522656834.966025000	6.03479	74	1
1522656834.966326000	6.03509	112	1
1522656835.005768000	6.07453	209	1
1522656835.021961000	6.09072	74	0
1522656835.021963000	6.09072	74	0
1522656835.058447000	6.12721	148	0
1522656835.058544000	6.1273	303	0
1522656835.058546000	6.12731	104	0
1522656835.058548000	6.12731	112	0
1522656835.058569000	6.12733	74	1
1522656835.058883000	6.12764	112	1
1522656835.106512000	6.17527	210	1
1522656835.115884000	6.18464	74	0
1522656835.127808000	6.19657	74	0
1522656835.164981000	6.23374	144	0
1522656835.164983000	6.23374	333	0
1522656835.165032000	6.23379	74	1
1522656835.165104000	6.23386	112	0
1522656835.165539000	6.2343	112	1
1522656835.206001000	6.27476	211	1
1522656835.223235000	6.29199	74	0
1522656835.223671000	6.29243	74	0
1522656835.262000000	6.33076	147	0
1522656835.262002000	6.33076	334	0
1522656835.262040000	6.3308	74	1
1522656835.262107000	6.33087	112	0
1522656835.262468000	6.33123	112	1
1522656835.320351000	6.38911	74	0
1522656835.392675000	6.46143	212	1
1522656835.413676000	6.48244	74	0
1522656835.449968000	6.51873	167	0
1522656835.449970000	6.51873	300	0
1522656835.450008000	6.51877	74	1
1522656835.450763000	6.51952	104	0
1522656835.450834000	6.51959	112	0
1522656835.450844000	6.5196	74	1
1522656835.451314000	6.52007	112	1
1522656835.510929000	6.57969	74	0
1522656835.664610000	6.73337	193	1
1522656835.680663000	6.74942	74	0
1522656835.757154000	6.82591	216	0
1522656835.757428000	6.82619	1294	0
1522656835.757448000	6.82621	74	1
1522656835.757695000	6.82645	1294	0
1522656835.757771000	6.82653	1294	0
1522656835.757782000	6.82654	74	1
1522656835.758070000	6.82683	1294	0
1522656835.758329000	6.82709	1294	0
1522656835.758342000	6.8271	74	1
1522656835.758641000	6.8274	1294	0
1522656835.758835000	6.82759	1294	0
1522656835.758853000	6.82761	74	1
1522656835.758915000	6.82767	1109	0
1522656835.758917000	6.82768	135	0
1522656835.758929000	6.82769	74	1
1522656835.759124000	6.82788	1294	0
1522656835.759192000	6.82795	1294	0
1522656835.759204000	6.82796	74	1
1522656835.759400000	6.82816	1294	0
1522656835.759470000	6.82823	1294	0
1522656835.759472000	6.82823	1294	0
1522656835.759483000	6.82824	74	1
1522656835.759663000	6.82842	1294	0
1522656835.759728000	6.82849	1294	0
1522656835.759740000	6.8285	74	1
1522656835.759800000	6.82856	1294	0
1522656835.759988000	6.82875	1294	0
1522656835.759998000	6.82876	74	1
1522656835.760138000	6.8289	1294	0
1522656835.760309000	6.82907	1294	0
1522656835.760312000	6.82907	1294	0
1522656835.760326000	6.82909	74	1
1522656835.760388000	6.82915	1294	0
1522656835.760462000	6.82922	895	0
1522656835.760472000	6.82923	74	1
1522656835.760536000	6.8293	1294	0
1522656835.760838000	6.8296	1294	0
1522656835.760851000	6.82961	74	1
1522656835.761085000	6.82984	1294	0
1522656835.761108000	6.82987	1294	0
1522656835.761120000	6.82988	74	1
1522656835.761374000	6.83013	1294	0
1522656835.761508000	6.83027	795	0
1522656835.761522000	6.83028	74	1
1522656836.379323000	7.44808	1294	0
1522656836.379552000	7.44831	1294	0
1522656836.379554000	7.44831	1294	0
1522656836.379580000	7.44834	74	1
1522656836.379787000	7.44855	1294	0
1522656836.379857000	7.44862	1294	0
1522656836.379860000	7.44862	1294	0
1522656836.379869000	7.44863	74	1
1522656836.380128000	7.44889	1294	0
1522656836.380130000	7.44889	1294	0
1522656836.380133000	7.44889	1294	0
1522656836.380155000	7.44892	74	1
1522656836.380359000	7.44912	1294	0
1522656836.380433000	7.44919	1294	0
1522656836.380445000	7.4492	74	1
1522656836.380954000	7.44971	1294	0
1522656836.381294000	7.45005	1294	0
1522656836.381314000	7.45007	74	1
1522656836.381922000	7.45068	371	0
1522656836.382043000	7.4508	760	0
1522656836.382058000	7.45082	74	1
1522656836.386293000	7.45505	1294	0
1522656836.386582000	7.45534	1294	0
1522656836.386600000	7.45536	74	1
1522656836.386875000	7.45563	1294	0
1522656836.387129000	7.45589	1217	0
1522656836.387145000	7.4559	74	1
1522656836.388522000	7.45728	651	1
1522656836.400427000	7.46919	1294	0
1522656836.400710000	7.46947	1294	0
1522656836.400736000	7.4695	74	1
1522656836.400884000	7.46964	1294	0
1522656836.400999000	7.46976	1294	0
1522656836.401010000	7.46977	74	1
1522656836.401174000	7.46993	1294	0
1522656836.401279000	7.47004	1294	0
1522656836.401293000	7.47005	74	1
1522656836.401454000	7.47021	1294	0
1522656836.401556000	7.47032	1294	0
1522656836.401569000	7.47033	74	1
1522656836.401732000	7.47049	1294	0
1522656836.401833000	7.47059	1294	0
1522656836.401844000	7.4706	74	1
1522656836.402023000	7.47078	1294	0
1522656836.402126000	7.47089	1294	0
1522656836.402139000	7.4709	74	1
1522656836.402316000	7.47108	1294	0
1522656836.402318000	7.47108	187	0
1522656836.402332000	7.47109	74	1
1522656836.402411000	7.47117	1294	0
1522656836.402518000	7.47128	1294	0
1522656836.402532000	7.47129	74	1
1522656836.402634000	7.47139	1294	0
1522656836.402702000	7.47146	1294	0
1522656836.402712000	7.47147	74	1
1522656836.402791000	7.47155	1294	0
1522656836.402909000	7.47167	1294	0
1522656836.402924000	7.47168	74	1
1522656836.402984000	7.47174	1294	0
1522656836.403044000	7.4718	1294	0
1522656836.403054000	7.47181	74	1
1522656836.403114000	7.47187	1294	0
1522656836.403197000	7.47196	1294	0
1522656836.403207000	7.47197	74	1
1522656836.403266000	7.47203	1294	0
1522656836.403328000	7.47209	1294	0
1522656836.403339000	7.4721	74	1
1522656836.403397000	7.47216	1294	0
1522656836.403460000	7.47222	1294	0
1522656836.403470000	7.47223	74	1
1522656836.403549000	7.47231	1294	0
1522656836.403612000	7.47237	1294	0
1522656836.403615000	7.47237	968	0
1522656836.403626000	7.47239	74	1
1522656836.403846000	7.47261	142	0
1522656836.405453000	7.47421	112	1
1522656836.406358000	7.47512	74	0
1522656836.422902000	7.49166	74	0
1522656836.509963000	7.57872	144	1
1522656836.519776000	7.58854	296	0
1522656836.520106000	7.58887	1294	0
1522656836.520128000	7.58889	74	1
1522656836.520410000	7.58917	1294	0
1522656836.520413000	7.58917	1294	0
1522656836.520430000	7.58919	74	1
1522656836.520521000	7.58928	1294	0
1522656836.520691000	7.58945	1294	0
1522656836.520693000	7.58945	1294	0
1522656836.520708000	7.58947	74	1
1522656836.520798000	7.58956	1294	0
1522656836.520964000	7.58972	1294	0
1522656836.520976000	7.58974	74	1
1522656836.521096000	7.58986	1294	0
1522656836.521245000	7.59	1294	0
1522656836.521256000	7.59002	74	1
1522656836.521384000	7.59014	1294	0
1522656836.521535000	7.59029	1294	0
1522656836.521550000	7.59031	74	1
1522656836.521666000	7.59043	1294	0
1522656836.521668000	7.59043	230	0
1522656836.521682000	7.59044	74	1
1522656836.521883000	7.59064	1294	0
1522656836.521951000	7.59071	1294	0
1522656836.521962000	7.59072	74	1
1522656836.522160000	7.59092	1294	0
1522656836.522234000	7.59099	1294	0
1522656836.522237000	7.591	1294	0
1522656836.522248000	7.59101	74	1
1522656836.522437000	7.5912	1294	0
1522656836.522512000	7.59127	1294	0
1522656836.522514000	7.59127	1294	0
1522656836.522525000	7.59128	74	1
1522656836.522734000	7.59149	1294	0
1522656836.522808000	7.59157	1294	0
1522656836.522810000	7.59157	1294	0
1522656836.522822000	7.59158	74	1
1522656836.523030000	7.59179	1294	0
1522656836.523098000	7.59186	1294	0
1522656836.523101000	7.59186	901	0
1522656836.523114000	7.59187	74	1
1522656836.523279000	7.59204	1294	0
1522656836.523347000	7.59211	1294	0
1522656836.523364000	7.59212	74	1
1522656836.523424000	7.59218	1294	0
1522656836.523576000	7.59234	1294	0
1522656836.523589000	7.59235	74	1
1522656836.523648000	7.59241	1294	0
1522656836.523650000	7.59241	1294	0
1522656836.523661000	7.59242	74	1
1522656836.523871000	7.59263	1294	0
1522656836.523940000	7.5927	1294	0
1522656836.523943000	7.5927	1294	0
1522656836.523954000	7.59271	74	1
1522656836.524162000	7.59292	1294	0
1522656836.524233000	7.59299	1294	0
1522656836.524235000	7.59299	1294	0
1522656836.524247000	7.59301	74	1
1522656836.524447000	7.59321	1294	0
1522656836.524449000	7.59321	901	0
1522656836.524462000	7.59322	74	1
1522656836.525595000	7.59435	74	0
1522656836.538242000	7.607	1294	0
1522656836.538507000	7.60727	1294	0
1522656836.538530000	7.60729	74	1
1522656836.538840000	7.6076	1294	0
1522656836.538925000	7.60768	1294	0
1522656836.538937000	7.6077	74	1
1522656836.539115000	7.60787	1294	0
1522656836.539231000	7.60799	1294	0
1522656836.539233000	7.60799	1294	0
1522656836.539249000	7.60801	74	1
1522656836.539410000	7.60817	1294	0
1522656836.539574000	7.60833	1294	0
1522656836.539576000	7.60834	1294	0
1522656836.539592000	7.60835	74	1
1522656836.539653000	7.60841	1294	0
1522656836.539717000	7.60848	1294	0
1522656836.539727000	7.60849	74	1
1522656836.539790000	7.60855	1294	0
1522656836.539792000	7.60855	873	0
1522656836.539794000	7.60855	1294	0
1522656836.539809000	7.60857	74	1
1522656836.539978000	7.60874	1294	0
1522656836.539980000	7.60874	1294	0
1522656836.539995000	7.60875	74	1
1522656836.540055000	7.60881	1294	0
1522656836.540264000	7.60902	1294	0
1522656836.540277000	7.60904	74	1
1522656836.540555000	7.60931	1294	0
1522656836.540747000	7.60951	879	0
1522656836.540749000	7.60951	104	0
1522656836.540751000	7.60951	112	0
1522656836.540766000	7.60953	74	1
1522656836.540937000	7.6097	112	1
1522656836.544980000	7.61374	205	0
1522656836.545332000	7.61409	1294	0
1522656836.545352000	7.61411	74	1
1522656836.545435000	7.61419	1294	0
1522656836.545623000	7.61438	1294	0
1522656836.545634000	7.61439	74	1
1522656836.545727000	7.61449	1294	0
1522656836.545917000	7.61468	1294	0
1522656836.545932000	7.61469	74	1
1522656836.545990000	7.61475	1294	0
1522656836.546195000	7.61495	1294	0
1522656836.546212000	7.61497	74	1
1522656836.546285000	7.61504	1294	0
1522656836.546515000	7.61527	1294	0
1522656836.546528000	7.61529	74	1
1522656836.546643000	7.6154	1294	0
1522656836.546706000	7.61547	530	0
1522656836.546718000	7.61548	74	1
1522656836.587694000	7.65645	197	1
1522656836.598800000	7.66756	74	0
1522656836.610153000	7.67891	74	0
1522656836.630057000	7.69882	146	0
1522656836.630059000	7.69882	104	0
1522656836.630125000	7.69888	74	1
1522656836.630196000	7.69896	112	0
1522656836.631044000	7.6998	112	1
1522656836.689096000	7.75786	74	0
1522656836.749401000	7.81816	369	1
1522656836.768354000	7.83711	74	0
1522656836.770399000	7.83916	184	0
1522656836.770755000	7.83951	1294	0
1522656836.770775000	7.83953	74	1
1522656836.770889000	7.83965	1294	0
1522656836.771070000	7.83983	1294	0
1522656836.771081000	7.83984	74	1
1522656836.771162000	7.83992	1294	0
1522656836.771317000	7.84008	1294	0
1522656836.771328000	7.84009	74	1
1522656836.771389000	7.84015	1294	0
1522656836.771456000	7.84022	1294	0
1522656836.771468000	7.84023	74	1
1522656836.771609000	7.84037	1294	0
1522656836.771684000	7.84044	1294	0
1522656836.771695000	7.84045	74	1
1522656836.771753000	7.84051	1294	0
1522656836.771886000	7.84065	1294	0
1522656836.771897000	7.84066	74	1
1522656836.771957000	7.84072	1294	0
1522656836.772018000	7.84078	1294	0
1522656836.772029000	7.84079	74	1
1522656836.772164000	7.84092	1294	0
1522656836.772237000	7.841	1294	0
1522656836.772249000	7.84101	74	1
1522656836.772309000	7.84107	1294	0
1522656836.772440000	7.8412	1294	0
1522656836.772454000	7.84121	74	1
1522656836.772513000	7.84127	1294	0
1522656836.772582000	7.84134	1294	0
1522656836.772593000	7.84135	74	1
1522656836.772719000	7.84148	1294	0
1522656836.772783000	7.84154	1294	0
1522656836.772793000	7.84155	74	1
1522656836.772853000	7.84161	1294	0
1522656836.773016000	7.84178	1294	0
1522656836.773029000	7.84179	74	1
1522656836.773090000	7.84185	1294	0
1522656836.773156000	7.84192	1294	0
1522656836.773166000	7.84193	74	1
1522656836.773309000	7.84207	1294	0
1522656836.773383000	7.84214	1294	0
1522656836.773386000	7.84215	1294	0
1522656836.773397000	7.84216	74	1
1522656836.773588000	7.84235	1294	0
1522656836.773652000	7.84241	1294	0
1522656836.773654000	7.84241	1294	0
1522656836.773666000	7.84243	74	1
1522656836.773881000	7.84264	1294	0
1522656836.773948000	7.84271	1294	0
1522656836.773959000	7.84272	74	1
1522656836.774017000	7.84278	1294	0
1522656836.774174000	7.84293	1294	0
1522656836.774188000	7.84295	74	1
1522656836.774249000	7.84301	1294	0
1522656836.774361000	7.84312	1294	0
1522656836.774372000	7.84313	74	1
1522656836.774449000	7.84321	1294	0
1522656836.774512000	7.84327	1294	0
1522656836.774523000	7.84328	74	1
1522656836.774639000	7.8434	1294	0
1522656836.774725000	7.84348	1294	0
1522656836.774737000	7.8435	74	1
1522656836.774795000	7.84355	1294	0
1522656836.774915000	7.84367	1294	0
1522656836.774927000	7.84369	74	1
1522656836.775003000	7.84376	1294	0
1522656836.775067000	7.84383	1294	0
1522656836.775078000	7.84384	74	1
1522656836.775279000	7.84404	1294	0
1522656836.775346000	7.84411	1294	0
1522656836.775358000	7.84412	74	1
1522656836.775592000	7.84435	1294	0
1522656836.775658000	7.84442	1294	0
1522656836.775669000	7.84443	74	1
1522656836.775870000	7.84463	1294	0
1522656836.776161000	7.84492	1294	0
1522656836.776175000	7.84493	74	1
1522656836.776236000	7.845	1294	0
1522656836.776310000	7.84507	1294	0
1522656836.776318000	7.84508	74	1
1522656836.776452000	7.84521	1294	0
1522656836.776516000	7.84528	1294	0
1522656836.776528000	7.84529	74	1
1522656836.776588000	7.84535	1294	0
1522656836.776725000	7.84548	1294	0
1522656836.776735000	7.84549	74	1
1522656836.776795000	7.84555	1294	0
1522656836.776866000	7.84563	1294	0
1522656836.776877000	7.84564	74	1
1522656836.777115000	7.84588	1294	0
1522656836.777396000	7.84616	1294	0
1522656836.777414000	7.84617	74	1
1522656836.777475000	7.84624	1294	0
1522656836.777477000	7.84624	1294	0
1522656836.777490000	7.84625	74	1
1522656836.777701000	7.84646	1294	0
1522656836.777767000	7.84653	1294	0
1522656836.777769000	7.84653	1294	0
1522656836.777782000	7.84654	74	1
1522656836.778023000	7.84678	1294	0
1522656836.778099000	7.84686	1294	0
1522656836.778101000	7.84686	1294	0
1522656836.778117000	7.84688	74	1
1522656836.778299000	7.84706	1294	0
1522656836.778373000	7.84713	1294	0
1522656836.778375000	7.84713	1294	0
1522656836.778386000	7.84715	74	1
1522656836.778601000	7.84736	1294	0
1522656836.778668000	7.84743	1294	0
1522656836.778679000	7.84744	74	1
1522656836.778946000	7.84771	1294	0
1522656836.779015000	7.84777	1294	0
1522656836.779017000	7.84778	1294	0
1522656836.779029000	7.84779	74	1
1522656836.779170000	7.84793	1294	0
1522656836.779238000	7.848	1294	0
1522656836.779249000	7.84801	74	1
1522656836.779450000	7.84821	1294	0
1522656836.779566000	7.84833	1294	0
1522656836.779568000	7.84833	1294	0
1522656836.779587000	7.84835	74	1
1522656836.779726000	7.84849	1294	0
1522656836.779793000	7.84855	1294	0
1522656836.779805000	7.84856	74	1
1522656836.779863000	7.84862	1294	0
1522656836.780076000	7.84884	1294	0
1522656836.780090000	7.84885	74	1
1522656836.780388000	7.84915	1294	0
1522656836.780453000	7.84921	1294	0
1522656836.780463000	7.84922	74	1
1522656836.780663000	7.84942	1294	0
1522656836.780729000	7.84949	1294	0
1522656836.780739000	7.8495	74	1
1522656836.780954000	7.84971	1294	0
1522656836.781023000	7.84978	1294	0
1522656836.781034000	7.84979	74	1
1522656836.781244000	7.85	1294	0
1522656836.781314000	7.85007	1294	0
1522656836.781326000	7.85009	74	1
1522656836.781574000	7.85033	1294	0
1522656836.781799000	7.85056	1104	0
1522656836.781812000	7.85057	74	1
1522656836.781963000	7.85072	112	1
1522656836.796072000	7.86483	174	1
1522656836.812961000	7.88172	74	0
1522656836.836814000	7.90557	220	0
1522656836.836817000	7.90558	104	0
1522656836.836872000	7.90563	74	1
1522656836.836938000	7.9057	112	0
1522656836.837246000	7.90601	112	1
1522656836.893030000	7.96179	74	0
1522656836.977458000	8.04622	220	1
1522656836.996032000	8.06479	74	0
1522656837.006286000	8.07505	195	1
1522656837.007971000	8.07673	199	1
1522656837.016484000	8.08524	146	0
1522656837.016487000	8.08525	104	0
1522656837.016555000	8.08531	74	1
1522656837.016622000	8.08538	112	0
1522656837.017567000	8.08633	112	1
1522656837.025991000	8.09475	74	0
1522656837.044148000	8.11291	146	0
1522656837.044232000	8.11299	104	0
1522656837.044234000	8.11299	112	0
1522656837.044256000	8.11302	74	1
1522656837.045056000	8.11382	112	1
1522656837.045875000	8.11463	146	0
1522656837.046299000	8.11506	104	0
1522656837.046314000	8.11507	74	1
1522656837.051490000	8.12025	369	1
1522656837.078810000	8.14757	74	0
1522656837.079677000	8.14844	153	0
1522656837.079800000	8.14856	467	0
1522656837.079802000	8.14856	112	0
1522656837.079818000	8.14858	74	1
1522656837.080117000	8.14888	112	1
1522656837.089882000	8.15864	371	1
1522656837.106770000	8.17553	74	0
1522656837.127719000	8.19648	146	0
1522656837.127722000	8.19648	104	0
1522656837.127792000	8.19655	74	1
1522656837.127860000	8.19662	112	0
1522656837.129181000	8.19794	112	1
1522656837.185858000	8.25462	74	0
1522656838.966667000	10.0354	309	1
1522656838.984073000	10.0528	74	0
1522656839.004425000	10.0732	146	0
1522656839.004427000	10.0732	104	0
1522656839.004429000	10.0732	112	0
1522656839.004465000	10.0732	74	1
1522656839.004830000	10.0736	112	1
1522656839.060217000	10.129	74	0
1522656840.172394000	11.2412	196	1
1522656840.173933000	11.2427	347	1
1522656840.189430000	11.2582	74	0
1522656840.191572000	11.2603	74	0
1522656840.210199000	11.279	146	0
1522656840.210201000	11.279	104	0
1522656840.210203000	11.279	112	0
1522656840.210234000	11.279	74	1
1522656840.211037000	11.2798	112	1
1522656840.211764000	11.2805	146	0
1522656840.211766000	11.2805	104	0
1522656840.211791000	11.2806	74	1
1522656840.268686000	11.3374	74	0
