1522718645.228737000	0	317	1
1522718645.241754000	0.0130169	74	0
1522718645.263041000	0.0343039	140	0
1522718645.263044000	0.034307	104	0
1522718645.263102000	0.0343649	74	1
1522718645.263178000	0.034441	112	0
1522718645.263522000	0.0347848	112	1
1522718645.316506000	0.0877688	74	0
1522718647.583038000	2.3543	188	1
1522718647.596076000	2.36734	74	0
1522718647.642876000	2.41414	234	0
1522718647.642975000	2.41424	330	0
1522718647.642976000	2.41424	112	0
1522718647.642993000	2.41426	74	1
1522718647.643358000	2.41462	112	1
1522718647.655832000	2.42709	74	0
1522718647.681510000	2.45277	188	1
1522718647.694954000	2.46622	74	0
1522718647.737112000	2.50837	147	0
1522718647.737217000	2.50848	324	0
1522718647.737219000	2.50848	112	0
1522718647.737248000	2.50851	74	1
1522718647.737645000	2.50891	112	1
1522718647.790380000	2.56164	74	0
1522718647.831896000	2.60316	189	1
1522718647.845177000	2.61644	74	0
1522718647.883782000	2.65504	147	0
1522718647.883876000	2.65514	363	0
1522718647.883879000	2.65514	112	0
1522718647.883903000	2.65517	74	1
1522718647.884290000	2.65555	112	1
1522718647.936614000	2.70788	74	0
1522718648.025069000	2.79633	191	1
1522718648.037975000	2.80924	74	0
1522718648.072247000	2.84351	147	0
1522718648.072741000	2.844	357	0
1522718648.072744000	2.84401	112	0
1522718648.072770000	2.84403	74	1
1522718648.073267000	2.84453	112	1
1522718648.118050000	2.88931	192	1
1522718648.125562000	2.89682	74	0
1522718648.132044000	2.90331	74	0
1522718648.170020000	2.94128	147	0
1522718648.170111000	2.94137	345	0
1522718648.170114000	2.94138	112	0
1522718648.170135000	2.9414	74	1
1522718648.170510000	2.94177	112	1
1522718648.218247000	2.98951	193	1
1522718648.225475000	2.99674	74	0
1522718648.230759000	3.00202	74	0
1522718648.264897000	3.03616	147	0
1522718648.265011000	3.03627	317	0
1522718648.265013000	3.03628	104	0
1522718648.265015000	3.03628	112	0
1522718648.265035000	3.0363	74	1
1522718648.265326000	3.03659	112	1
1522718648.317879000	3.08914	74	0
1522718648.318323000	3.08959	195	1
1522718648.340785000	3.11205	74	0
1522718648.378490000	3.14975	144	0
1522718648.378580000	3.14984	345	0
1522718648.378582000	3.14984	112	0
1522718648.378603000	3.14987	74	1
1522718648.378964000	3.15023	112	1
1522718648.432175000	3.20344	74	0
1522718648.507685000	3.27895	195	1
1522718648.520056000	3.29132	74	0
1522718648.556091000	3.32735	147	0
1522718648.556176000	3.32744	344	0
1522718648.556200000	3.32746	74	1
1522718648.556530000	3.32779	112	0
1522718648.556671000	3.32793	112	1
1522718648.608574000	3.37984	74	0
1522718648.849035000	3.6203	196	1
1522718648.862369000	3.63363	74	0
1522718648.898676000	3.66994	171	0
1522718648.898764000	3.67003	322	0
1522718648.898766000	3.67003	112	0
1522718648.898789000	3.67005	74	1
1522718648.899169000	3.67043	112	1
1522718648.950048000	3.72131	74	0
1522718649.036830000	3.80809	198	1
1522718649.049416000	3.82068	74	0
1522718649.092228000	3.86349	147	0
1522718649.092322000	3.86358	325	0
1522718649.092324000	3.86359	112	0
1522718649.092349000	3.86361	74	1
1522718649.092722000	3.86398	112	1
1522718649.105656000	3.87692	74	0
1522718649.153835000	3.9251	199	1
1522718649.166466000	3.93773	74	0
1522718649.202092000	3.97335	144	0
1522718649.202174000	3.97344	325	0
1522718649.202197000	3.97346	74	1
1522718649.202272000	3.97353	112	0
1522718649.202629000	3.97389	112	1
1522718649.255902000	4.02716	74	0
1522718649.289308000	4.06057	201	1
1522718649.302171000	4.07343	74	0
1522718649.334353000	4.10562	144	0
1522718649.334455000	4.10572	295	0
1522718649.334471000	4.10573	74	1
1522718649.335725000	4.10699	104	0
1522718649.335727000	4.10699	112	0
1522718649.335748000	4.10701	74	1
1522718649.336129000	4.10739	112	1
1522718649.388470000	4.15973	74	0
1522718649.588074000	4.35934	201	1
1522718649.600909000	4.37217	74	0
1522718649.638816000	4.41008	171	0
1522718649.638819000	4.41008	313	0
1522718649.638858000	4.41012	74	1
1522718649.638944000	4.41021	112	0
1522718649.639323000	4.41059	112	1
1522718649.691925000	4.46319	74	0
1522718649.872996000	4.64426	203	1
1522718649.885245000	4.65651	74	0
1522718649.929301000	4.70056	147	0
1522718649.929738000	4.701	285	0
1522718649.929740000	4.701	104	0
1522718649.929762000	4.70102	74	1
1522718649.929845000	4.70111	112	0
1522718649.930263000	4.70153	112	1
1522718649.942798000	4.71406	74	0
1522718650.093056000	4.86432	204	1
1522718650.105846000	4.87711	74	0
1522718650.141866000	4.91313	148	0
1522718650.142253000	4.91352	328	0
1522718650.142255000	4.91352	112	0
1522718650.142275000	4.91354	74	1
1522718650.142460000	4.91372	112	1
1522718650.195524000	4.96679	74	0
1522718650.246069000	5.01733	205	1
1522718650.258569000	5.02983	74	0
1522718650.296791000	5.06805	147	0
1522718650.296793000	5.06806	318	0
1522718650.296831000	5.06809	74	1
1522718650.296903000	5.06817	104	0
1522718650.296905000	5.06817	112	0
1522718650.296926000	5.06819	74	1
1522718650.297286000	5.06855	112	1
1522718650.350358000	5.12162	74	0
1522718650.452047000	5.22331	206	1
1522718650.464999000	5.23626	74	0
1522718650.500476000	5.27174	144	0
1522718650.500575000	5.27184	348	0
1522718650.500577000	5.27184	112	0
1522718650.500598000	5.27186	74	1
1522718650.500953000	5.27222	112	1
1522718650.554596000	5.32586	74	0
1522718650.720685000	5.49195	206	1
1522718650.733071000	5.50433	74	0
1522718650.767392000	5.53865	171	0
1522718650.767394000	5.53866	297	0
1522718650.767397000	5.53866	104	0
1522718650.767447000	5.53871	74	1
1522718650.767523000	5.53879	112	0
1522718650.767891000	5.53915	112	1
1522718650.820521000	5.59178	74	0
1522718650.849308000	5.62057	208	1
1522718650.862080000	5.63334	74	0
1522718650.894469000	5.66573	144	0
1522718650.894471000	5.66573	285	0
1522718650.894473000	5.66574	104	0
1522718650.894513000	5.66578	74	1
1522718650.894585000	5.66585	112	0
1522718650.894928000	5.66619	112	1
1522718650.949989000	5.72125	74	0
1522718650.952548000	5.72381	209	1
1522718650.965571000	5.73683	74	0
1522718650.997623000	5.76889	147	0
1522718650.997721000	5.76898	198	0
1522718650.997735000	5.769	74	1
1522718650.998119000	5.76938	104	0
1522718650.998204000	5.76947	112	0
1522718650.998228000	5.76949	74	1
1522718650.998953000	5.77022	112	1
1522718651.051186000	5.82245	74	0
1522718651.249773000	6.02104	210	1
1522718651.262563000	6.03383	74	0
1522718651.292877000	6.06414	147	0
1522718651.292968000	6.06423	197	0
1522718651.292982000	6.06424	74	1
1522718651.293801000	6.06506	104	0
1522718651.293870000	6.06513	112	0
1522718651.293879000	6.06514	74	1
1522718651.294706000	6.06597	112	1
1522718651.350349000	6.12161	74	0
1522718651.558312000	6.32957	210	1
1522718651.571017000	6.34228	74	0
1522718651.601801000	6.37306	147	0
1522718651.601878000	6.37314	231	0
1522718651.601881000	6.37314	112	0
1522718651.601903000	6.37317	74	1
1522718651.602205000	6.37347	112	1
1522718651.744200000	6.51546	191	1
1522718651.757431000	6.52869	86	0
1522718651.918116000	6.68938	86	0
1522718652.014820000	6.78608	216	0
1522718652.015109000	6.78637	1294	0
1522718652.015134000	6.7864	74	1
1522718652.015277000	6.78654	1294	0
1522718652.015387000	6.78665	1294	0
1522718652.015403000	6.78667	74	1
1522718652.015568000	6.78683	1294	0
1522718652.015674000	6.78694	1294	0
1522718652.015685000	6.78695	74	1
1522718652.015843000	6.78711	1294	0
1522718652.016123000	6.78739	1294	0
1522718652.016138000	6.7874	74	1
1522718652.016361000	6.78762	1095	0
1522718652.017923000	6.78919	1294	0
1522718652.017945000	6.78921	74	1
1522718652.018159000	6.78942	1294	0
1522718652.018229000	6.78949	1294	0
1522718652.018245000	6.78951	74	1
1522718652.018441000	6.7897	1294	0
1522718652.018509000	6.78977	1294	0
1522718652.018512000	6.78977	1294	0
1522718652.018526000	6.78979	74	1
1522718652.018730000	6.78999	1294	0
1522718652.018797000	6.79006	1294	0
1522718652.018799000	6.79006	1294	0
1522718652.018817000	6.79008	74	1
1522718652.019026000	6.79029	1294	0
1522718652.019093000	6.79036	1294	0
1522718652.019107000	6.79037	74	1
1522718652.019195000	6.79046	74	1
1522718652.019322000	6.79058	1294	0
1522718652.019618000	6.79088	1294	0
1522718652.019621000	6.79088	137	0
1522718652.019641000	6.7909	74	1
1522718652.019924000	6.79119	1294	0
1522718652.020082000	6.79134	1294	0
1522718652.020094000	6.79136	74	1
1522718652.020218000	6.79148	1294	0
1522718652.020376000	6.79164	1294	0
1522718652.020389000	6.79165	74	1
1522718652.020494000	6.79176	1294	0
1522718652.020786000	6.79205	1294	0
1522718652.020798000	6.79206	74	1
1522718652.020860000	6.79212	415	0
1522718652.214430000	6.98569	74	1
1522718652.238989000	7.01025	1294	0
1522718652.239255000	7.01052	1294	0
1522718652.239280000	7.01054	74	1
1522718652.239413000	7.01068	1294	0
1522718652.239519000	7.01078	1294	0
1522718652.239534000	7.0108	74	1
1522718652.239705000	7.01097	1294	0
1522718652.239816000	7.01108	1294	0
1522718652.239828000	7.01109	74	1
1522718652.239888000	7.01115	811	0
1522718652.248995000	7.02026	144	1
1522718652.254065000	7.02533	1294	0
1522718652.254324000	7.02559	1294	0
1522718652.254348000	7.02561	74	1
1522718652.254598000	7.02586	1179	0
1522718652.267571000	7.03883	74	0
1522718652.272133000	7.0434	1294	0
1522718652.272136000	7.0434	1294	0
1522718652.272197000	7.04346	74	1
1522718652.272403000	7.04367	1294	0
1522718652.272473000	7.04374	1294	0
1522718652.272486000	7.04375	74	1
1522718652.272705000	7.04397	1294	0
1522718652.272707000	7.04397	1294	0
1522718652.272725000	7.04399	74	1
1522718652.273017000	7.04428	1294	0
1522718652.273019000	7.04428	1294	0
1522718652.273023000	7.04429	1294	0
1522718652.273040000	7.0443	74	1
1522718652.273287000	7.04455	1294	0
1522718652.273289000	7.04455	1294	0
1522718652.273306000	7.04457	74	1
1522718652.273366000	7.04463	1294	0
1522718652.273579000	7.04484	1294	0
1522718652.273581000	7.04484	187	0
1522718652.273602000	7.04486	74	1
1522718652.276060000	7.04732	1294	0
1522718652.276248000	7.04751	1294	0
1522718652.276263000	7.04753	74	1
1522718652.276328000	7.04759	1294	0
1522718652.276400000	7.04766	1294	0
1522718652.276413000	7.04768	74	1
1522718652.276527000	7.04779	1294	0
1522718652.276604000	7.04787	1294	0
1522718652.276618000	7.04788	74	1
1522718652.276676000	7.04794	1294	0
1522718652.276815000	7.04808	1294	0
1522718652.276828000	7.04809	74	1
1522718652.276883000	7.04815	1294	0
1522718652.276947000	7.04821	1294	0
1522718652.276956000	7.04822	74	1
1522718652.277094000	7.04836	1294	0
1522718652.277171000	7.04843	1294	0
1522718652.277183000	7.04845	74	1
1522718652.277243000	7.04851	1294	0
1522718652.277370000	7.04863	1294	0
1522718652.277383000	7.04865	74	1
1522718652.277439000	7.0487	1294	0
1522718652.277511000	7.04877	1252	0
1522718652.277513000	7.04878	112	0
1522718652.277524000	7.04879	74	1
1522718652.277842000	7.0491	74	1
1522718652.278069000	7.04933	112	1
1522718652.287349000	7.05861	203	0
1522718652.287678000	7.05894	1294	0
1522718652.287702000	7.05896	74	1
1522718652.287985000	7.05925	1294	0
1522718652.287987000	7.05925	1294	0
1522718652.288005000	7.05927	74	1
1522718652.288280000	7.05954	1294	0
1522718652.288282000	7.05954	1294	0
1522718652.288297000	7.05956	74	1
1522718652.288559000	7.05982	1294	0
1522718652.288563000	7.05983	1294	0
1522718652.288577000	7.05984	74	1
1522718652.288858000	7.06012	1294	0
1522718652.289149000	7.06041	1294	0
1522718652.289165000	7.06043	74	1
1522718652.289439000	7.0607	1294	0
1522718652.289441000	7.0607	500	0
1522718652.289443000	7.06071	104	0
1522718652.289464000	7.06073	74	1
1522718652.329989000	7.10125	197	1
1522718652.330539000	7.1018	74	0
1522718652.342389000	7.11365	74	0
1522718652.362975000	7.13424	141	0
1522718652.362977000	7.13424	104	0
1522718652.363028000	7.13429	74	1
1522718652.363092000	7.13435	112	0
1522718652.364214000	7.13548	112	1
1522718652.416356000	7.18762	74	0
1522718652.537843000	7.30911	335	1
1522718652.550702000	7.32196	74	0
1522718652.551133000	7.3224	180	0
1522718652.551489000	7.32275	1294	0
1522718652.551514000	7.32278	74	1
1522718652.551779000	7.32304	1294	0
1522718652.552055000	7.32332	1294	0
1522718652.552069000	7.32333	74	1
1522718652.552130000	7.32339	1294	0
1522718652.552334000	7.3236	1294	0
1522718652.552349000	7.32361	74	1
1522718652.552460000	7.32372	1294	0
1522718652.552625000	7.32389	1294	0
1522718652.552641000	7.3239	74	1
1522718652.552748000	7.32401	1294	0
1522718652.552816000	7.32408	1294	0
1522718652.552828000	7.32409	74	1
1522718652.552908000	7.32417	1294	0
1522718652.553026000	7.32429	1294	0
1522718652.553040000	7.3243	74	1
1522718652.553119000	7.32438	1294	0
1522718652.553205000	7.32447	1294	0
1522718652.553219000	7.32448	74	1
1522718652.553322000	7.32458	1294	0
1522718652.553390000	7.32465	1294	0
1522718652.553404000	7.32467	74	1
1522718652.553466000	7.32473	1294	0
1522718652.553532000	7.32479	1294	0
1522718652.553545000	7.32481	74	1
1522718652.553604000	7.32487	1294	0
1522718652.553696000	7.32496	1294	0
1522718652.553708000	7.32497	74	1
1522718652.553767000	7.32503	1294	0
1522718652.553875000	7.32514	1294	0
1522718652.553886000	7.32515	74	1
1522718652.553999000	7.32526	1294	0
1522718652.554064000	7.32533	1294	0
1522718652.554076000	7.32534	74	1
1522718652.554307000	7.32557	1294	0
1522718652.554373000	7.32564	1294	0
1522718652.554385000	7.32565	74	1
1522718652.554617000	7.32588	1294	0
1522718652.554620000	7.32588	1294	0
1522718652.554634000	7.3259	74	1
1522718652.554696000	7.32596	1294	0
1522718652.554887000	7.32615	1294	0
1522718652.554903000	7.32617	74	1
1522718652.554963000	7.32623	1294	0
1522718652.554966000	7.32623	1294	0
1522718652.554979000	7.32624	74	1
1522718652.555159000	7.32642	1294	0
1522718652.555226000	7.32649	1294	0
1522718652.555238000	7.3265	74	1
1522718652.555295000	7.32656	1294	0
1522718652.555539000	7.3268	1294	0
1522718652.555553000	7.32682	74	1
1522718652.555613000	7.32688	1294	0
1522718652.555829000	7.32709	1294	0
1522718652.555843000	7.32711	74	1
1522718652.556107000	7.32737	1294	0
1522718652.557048000	7.32831	1294	0
1522718652.557065000	7.32833	74	1
1522718652.557345000	7.32861	1294	0
1522718652.557432000	7.32869	1294	0
1522718652.557444000	7.32871	74	1
1522718652.557502000	7.32876	1294	0
1522718652.557725000	7.32899	1294	0
1522718652.557740000	7.329	74	1
1522718652.557798000	7.32906	1294	0
1522718652.557977000	7.32924	1294	0
1522718652.557992000	7.32925	74	1
1522718652.558053000	7.32932	1294	0
1522718652.558061000	7.32932	1294	0
1522718652.558073000	7.32934	74	1
1522718652.558293000	7.32956	1294	0
1522718652.558295000	7.32956	1085	0
1522718652.558312000	7.32957	74	1
1522718652.558715000	7.32998	112	1
1522718652.587203000	7.35847	174	1
1522718652.600113000	7.37138	74	0
1522718652.626062000	7.39732	216	0
1522718652.626065000	7.39733	104	0
1522718652.626129000	7.39739	74	1
1522718652.626195000	7.39746	112	0
1522718652.626862000	7.39812	112	1
1522718652.680585000	7.45185	74	0
1522718652.786984000	7.55825	398	1
1522718652.799685000	7.57095	74	0
1522718652.820661000	7.59192	142	0
1522718652.820667000	7.59193	104	0
1522718652.820731000	7.59199	74	1
1522718652.820803000	7.59207	112	0
1522718652.823031000	7.59429	112	1
1522718652.875581000	7.64684	74	0
1522718653.275640000	8.0469	347	1
1522718653.288317000	8.05958	74	0
1522718653.309396000	8.08066	142	0
1522718653.309398000	8.08066	104	0
1522718653.309430000	8.08069	74	1
1522718653.309493000	8.08076	112	0
1522718653.310368000	8.08163	112	1
1522718653.362564000	8.13383	74	0
1522718654.719626000	9.49089	309	1
1522718654.732969000	9.50423	74	0
1522718654.753569000	9.52483	142	0
1522718654.753571000	9.52483	104	0
1522718654.753612000	9.52487	74	1
1522718654.753930000	9.52519	112	0
1522718654.754108000	9.52537	112	1
1522718654.806518000	9.57778	74	0
