1522636009.485080000	0	86	1
1522636009.544473000	0.0593929	86	0
1522636009.544574000	0.059494	74	1
1522636009.544877000	0.059797	276	1
1522636009.605700000	0.12062	74	0
1522636009.623545000	0.138465	1294	0
1522636009.623833000	0.138753	1294	0
1522636009.623836000	0.138756	200	0
1522636009.623858000	0.138778	74	1
1522636009.853014000	0.367934	316	1
1522636009.874417000	0.389337	159	1
1522636009.874823000	0.389743	474	1
1522636009.912360000	0.42728	344	0
1522636009.933972000	0.448892	135	0
1522636009.933976000	0.448896	104	0
1522636009.934023000	0.448943	74	1
1522636009.934271000	0.449191	104	1
1522636009.984819000	0.499739	74	0
1522636009.993349000	0.508269	74	0
1522636010.020355000	0.535275	663	0
1522636010.020543000	0.535463	1294	0
1522636010.020569000	0.535489	74	1
1522636010.020633000	0.535553	1294	0
1522636010.020822000	0.535742	1294	0
1522636010.020824000	0.535744	1294	0
1522636010.020834000	0.535754	74	1
1522636010.020943000	0.535863	1294	0
1522636010.021137000	0.536057	1294	0
1522636010.021148000	0.536068	74	1
1522636010.021217000	0.536137	1294	0
1522636010.021324000	0.536244	725	0
1522636010.021336000	0.536256	74	1
1522636010.027574000	0.542494	1294	0
1522636010.027666000	0.542586	1294	0
1522636010.027685000	0.542605	74	1
1522636010.027832000	0.542752	1294	0
1522636010.027949000	0.542869	1294	0
1522636010.027959000	0.542879	74	1
1522636010.028110000	0.54303	1294	0
1522636010.028409000	0.543329	1294	0
1522636010.028420000	0.54334	74	1
1522636010.028688000	0.543608	1294	0
1522636010.079558000	0.594478	1294	0
1522636010.079615000	0.594535	74	1
1522636010.079825000	0.594745	1294	0
1522636010.079827000	0.594747	1294	0
1522636010.079847000	0.594767	74	1
1522636010.079909000	0.594829	1294	0
1522636010.080066000	0.594986	1294	0
1522636010.080081000	0.595001	74	1
1522636010.080157000	0.595077	1294	0
1522636010.080371000	0.595291	1294	0
1522636010.080385000	0.595305	74	1
1522636010.080446000	0.595366	1294	0
1522636010.080649000	0.595569	1294	0
1522636010.080662000	0.595582	74	1
1522636010.080726000	0.595646	1294	0
1522636010.080810000	0.59573	1294	0
1522636010.080820000	0.59574	74	1
1522636010.080928000	0.595848	1294	0
1522636010.080998000	0.595918	1294	0
1522636010.081009000	0.595929	74	1
1522636010.081084000	0.596004	1294	0
1522636010.081204000	0.596124	1294	0
1522636010.081217000	0.596137	74	1
1522636010.081277000	0.596197	1294	0
1522636010.086452000	0.601372	1294	0
1522636010.086494000	0.601414	74	1
1522636010.086750000	0.60167	1294	0
1522636010.087374000	0.602294	1294	0
1522636010.087389000	0.602309	74	1
1522636010.087669000	0.602589	1294	0
1522636010.091134000	0.606054	1294	0
1522636010.091164000	0.606084	74	1
1522636010.091429000	0.606349	1294	0
1522636010.096571000	0.611491	1294	0
1522636010.096616000	0.611536	74	1
1522636010.096817000	0.611737	1294	0
1522636010.098112000	0.613032	1294	0
1522636010.098130000	0.61305	74	1
1522636010.098386000	0.613306	1294	0
1522636010.100820000	0.61574	1294	0
1522636010.100851000	0.615771	74	1
1522636010.101118000	0.616038	1294	0
1522636010.101409000	0.616329	1294	0
1522636010.101425000	0.616345	74	1
1522636010.138000000	0.65292	1294	0
1522636010.138258000	0.653178	1294	0
1522636010.138283000	0.653203	74	1
1522636010.138532000	0.653452	1294	0
1522636010.138810000	0.65373	1294	0
1522636010.138823000	0.653743	74	1
1522636010.139956000	0.654876	1294	0
1522636010.140250000	0.65517	1294	0
1522636010.140263000	0.655183	74	1
1522636010.143801000	0.658721	1294	0
1522636010.144068000	0.658988	1294	0
1522636010.144092000	0.659012	74	1
1522636010.144380000	0.6593	1294	0
1522636010.144656000	0.659576	1294	0
1522636010.144666000	0.659586	74	1
1522636010.147070000	0.66199	1294	0
1522636010.147198000	0.662118	742	0
1522636010.147213000	0.662133	74	1
1522636010.148688000	0.663608	74	1
1522636010.148921000	0.663841	112	1
1522636010.247137000	0.762057	74	0
1522636010.257943000	0.772863	327	1
1522636010.258328000	0.773248	169	1
1522636010.295595000	0.810515	254	1
1522636010.318003000	0.832923	74	0
1522636010.318006000	0.832926	74	0
1522636010.337776000	0.852696	252	0
1522636010.338126000	0.853046	1294	0
1522636010.338144000	0.853064	74	1
1522636010.338284000	0.853204	1294	0
1522636010.338401000	0.853321	1294	0
1522636010.338413000	0.853333	74	1
1522636010.338585000	0.853505	1294	0
1522636010.338710000	0.85363	1294	0
1522636010.338713000	0.853633	87	0
1522636010.338714000	0.853634	112	0
1522636010.338716000	0.853636	147	0
1522636010.338732000	0.853652	74	1
1522636010.338917000	0.853837	1294	0
1522636010.339194000	0.854114	1294	0
1522636010.339206000	0.854126	74	1
1522636010.339420000	0.85434	1294	0
1522636010.339496000	0.854416	1294	0
1522636010.339498000	0.854418	425	0
1522636010.339509000	0.854429	74	1
1522636010.341217000	0.856137	112	1
1522636010.346099000	0.861019	243	1
1522636010.356951000	0.871871	262	0
1522636010.357288000	0.872208	1294	0
1522636010.357309000	0.872229	74	1
1522636010.357565000	0.872485	1294	0
1522636010.357635000	0.872555	1294	0
1522636010.357646000	0.872566	74	1
1522636010.357849000	0.872769	1294	0
1522636010.357925000	0.872845	1294	0
1522636010.357927000	0.872847	1294	0
1522636010.357941000	0.872861	74	1
1522636010.358006000	0.872926	1294	0
1522636010.358149000	0.873069	1294	0
1522636010.358163000	0.873083	74	1
1522636010.358222000	0.873142	1294	0
1522636010.358225000	0.873145	1294	0
1522636010.358238000	0.873158	74	1
1522636010.358297000	0.873217	1294	0
1522636010.358431000	0.873351	1294	0
1522636010.358444000	0.873364	74	1
1522636010.358508000	0.873428	1294	0
1522636010.358511000	0.873431	1294	0
1522636010.358523000	0.873443	74	1
1522636010.358591000	0.873511	1294	0
1522636010.358820000	0.87374	1294	0
1522636010.358832000	0.873752	74	1
1522636010.358892000	0.873812	1294	0
1522636010.359560000	0.87448	1294	0
1522636010.359577000	0.874497	74	1
1522636010.359844000	0.874764	1294	0
1522636010.361812000	0.876732	1294	0
1522636010.361842000	0.876762	74	1
1522636010.362107000	0.877027	1294	0
1522636010.362361000	0.877281	1294	0
1522636010.362374000	0.877294	74	1
1522636010.362656000	0.877576	1294	0
1522636010.363803000	0.878723	1294	0
1522636010.363830000	0.87875	74	1
1522636010.364072000	0.878992	1294	0
1522636010.365988000	0.880908	1294	0
1522636010.366016000	0.880936	74	1
1522636010.366259000	0.881179	1294	0
1522636010.366545000	0.881465	1294	0
1522636010.366562000	0.881482	74	1
1522636010.366817000	0.881737	1294	0
1522636010.368417000	0.883337	1294	0
1522636010.368435000	0.883355	74	1
1522636010.368670000	0.88359	1294	0
1522636010.368957000	0.883877	1294	0
1522636010.368974000	0.883894	74	1
1522636010.369223000	0.884143	1294	0
1522636010.370331000	0.885251	1294	0
1522636010.370349000	0.885269	74	1
1522636010.370628000	0.885548	1294	0
1522636010.372525000	0.887445	1294	0
1522636010.372555000	0.887475	74	1
1522636010.372776000	0.887696	1294	0
1522636010.373066000	0.887986	1294	0
1522636010.373083000	0.888003	74	1
1522636010.373369000	0.888289	1294	0
1522636010.374891000	0.889811	1294	0
1522636010.374914000	0.889834	74	1
1522636010.375163000	0.890083	1294	0
1522636010.377064000	0.891984	1294	0
1522636010.377095000	0.892015	74	1
1522636010.377358000	0.892278	1294	0
1522636010.377633000	0.892553	1294	0
1522636010.377645000	0.892565	74	1
1522636010.397614000	0.912534	1294	0
1522636010.397889000	0.912809	1294	0
1522636010.397911000	0.912831	74	1
1522636010.398167000	0.913087	1294	0
1522636010.398443000	0.913363	1294	0
1522636010.398456000	0.913376	74	1
1522636010.398744000	0.913664	1294	0
1522636010.398990000	0.91391	1294	0
1522636010.399007000	0.913927	74	1
1522636010.399070000	0.91399	1294	0
1522636010.399260000	0.91418	1294	0
1522636010.399274000	0.914194	74	1
1522636010.399335000	0.914255	1294	0
1522636010.399572000	0.914492	1294	0
1522636010.399592000	0.914512	74	1
1522636010.414462000	0.929382	1294	0
1522636010.415382000	0.930302	1294	0
1522636010.415405000	0.930325	74	1
1522636010.415681000	0.930601	1294	0
1522636010.415971000	0.930891	1294	0
1522636010.415973000	0.930893	1294	0
1522636010.415995000	0.930915	74	1
1522636010.416265000	0.931185	1294	0
1522636010.417364000	0.932284	1294	0
1522636010.417379000	0.932299	74	1
1522636010.417436000	0.932356	1294	0
1522636010.419312000	0.934232	1294	0
1522636010.419327000	0.934247	74	1
1522636010.419588000	0.934508	1294	0
1522636010.419861000	0.934781	1294	0
1522636010.419874000	0.934794	74	1
1522636010.420161000	0.935081	1294	0
1522636010.421682000	0.936602	1294	0
1522636010.421698000	0.936618	74	1
1522636010.421953000	0.936873	1294	0
1522636010.423839000	0.938759	1294	0
1522636010.423884000	0.938804	74	1
1522636010.424101000	0.939021	1294	0
1522636010.424707000	0.939627	1294	0
1522636010.424734000	0.939654	74	1
1522636010.425000000	0.93992	1294	0
1522636010.425928000	0.940848	1294	0
1522636010.425955000	0.940875	74	1
1522636010.426193000	0.941113	1294	0
1522636010.426496000	0.941416	1294	0
1522636010.426510000	0.94143	74	1
1522636010.426758000	0.941678	1294	0
1522636010.427896000	0.942816	1294	0
1522636010.427921000	0.942841	74	1
1522636010.428192000	0.943112	1294	0
1522636010.428504000	0.943424	1294	0
1522636010.428518000	0.943438	74	1
1522636010.429965000	0.944885	1294	0
1522636010.430240000	0.94516	1294	0
1522636010.430253000	0.945173	74	1
1522636010.432164000	0.947084	1294	0
1522636010.432451000	0.947371	1294	0
1522636010.432468000	0.947388	74	1
1522636010.432726000	0.947646	1294	0
1522636010.433019000	0.947939	1294	0
1522636010.433034000	0.947954	74	1
1522636010.434078000	0.948998	1294	0
1522636010.434359000	0.949279	1294	0
1522636010.434373000	0.949293	74	1
1522636010.435910000	0.95083	1294	0
1522636010.436187000	0.951107	1294	0
1522636010.436200000	0.95112	74	1
1522636010.436463000	0.951383	1294	0
1522636010.436741000	0.951661	1294	0
1522636010.436754000	0.951674	74	1
1522636010.437857000	0.952777	1294	0
1522636010.438158000	0.953078	1294	0
1522636010.438171000	0.953091	74	1
1522636010.439652000	0.954572	1294	0
1522636010.439935000	0.954855	1294	0
1522636010.439948000	0.954868	74	1
1522636010.440235000	0.955155	1294	0
1522636010.440524000	0.955444	1294	0
1522636010.440541000	0.955461	74	1
1522636010.441633000	0.956553	1294	0
1522636010.441801000	0.956721	834	0
1522636010.441813000	0.956733	74	1
1522636010.457188000	0.972108	1294	0
1522636010.457462000	0.972382	1294	0
1522636010.457478000	0.972398	74	1
1522636010.458058000	0.972978	1294	0
1522636010.458336000	0.973256	1294	0
1522636010.458354000	0.973274	74	1
1522636010.458635000	0.973555	1294	0
1522636010.458704000	0.973624	534	0
1522636010.458715000	0.973635	74	1
1522636010.459073000	0.973993	1294	0
1522636010.459361000	0.974281	1294	0
1522636010.459375000	0.974295	74	1
1522636010.460038000	0.974958	1294	0
1522636010.460329000	0.975249	1294	0
1522636010.460341000	0.975261	74	1
1522636010.475577000	0.990497	1294	0
1522636010.475851000	0.990771	1294	0
1522636010.475876000	0.990796	74	1
1522636010.476213000	0.991133	1294	0
1522636010.476490000	0.99141	1294	0
1522636010.476504000	0.991424	74	1
1522636010.477186000	0.992106	1294	0
1522636010.477461000	0.992381	1294	0
1522636010.477475000	0.992395	74	1
1522636010.477757000	0.992677	1294	0
1522636010.478038000	0.992958	1294	0
1522636010.478052000	0.992972	74	1
1522636010.478333000	0.993253	1294	0
1522636010.478629000	0.993549	1294	0
1522636010.478643000	0.993563	74	1
1522636010.479477000	0.994397	1294	0
1522636010.479754000	0.994674	1294	0
1522636010.479767000	0.994687	74	1
1522636010.480031000	0.994951	1294	0
1522636010.480326000	0.995246	1294	0
1522636010.480339000	0.995259	74	1
1522636010.481021000	0.995941	1294	0
1522636010.481321000	0.996241	1294	0
1522636010.481334000	0.996254	74	1
1522636010.481601000	0.996521	1294	0
1522636010.481901000	0.996821	1294	0
1522636010.481934000	0.996854	74	1
1522636010.482182000	0.997102	954	0
1522636010.483509000	0.998429	112	1
1522636010.592059000	1.10698	74	0
1522636010.660628000	1.17555	317	1
1522636010.699154000	1.21407	145	1
1522636010.718797000	1.23372	74	0
1522636010.719613000	1.23453	203	0
1522636010.719968000	1.23489	1294	0
1522636010.719990000	1.23491	74	1
1522636010.720263000	1.23518	1294	0
1522636010.720386000	1.23531	1294	0
1522636010.720400000	1.23532	74	1
1522636010.720551000	1.23547	1294	0
1522636010.720688000	1.23561	1294	0
1522636010.720699000	1.23562	74	1
1522636010.720825000	1.23574	1294	0
1522636010.721003000	1.23592	1294	0
1522636010.721007000	1.23593	1294	0
1522636010.721021000	1.23594	74	1
1522636010.721124000	1.23604	1294	0
1522636010.721245000	1.23617	1294	0
1522636010.721258000	1.23618	74	1
1522636010.721318000	1.23624	1294	0
1522636010.721405000	1.23633	1294	0
1522636010.721415000	1.23634	74	1
1522636010.721541000	1.23646	1294	0
1522636010.721608000	1.23653	1294	0
1522636010.721619000	1.23654	74	1
1522636010.721697000	1.23662	1294	0
1522636010.721834000	1.23675	1294	0
1522636010.721849000	1.23677	74	1
1522636010.721906000	1.23683	1294	0
1522636010.721974000	1.23689	1294	0
1522636010.721985000	1.23691	74	1
1522636010.722108000	1.23703	1294	0
1522636010.722250000	1.23717	1294	0
1522636010.722265000	1.23719	74	1
1522636010.722826000	1.23775	1294	0
1522636010.723104000	1.23802	1294	0
1522636010.723117000	1.23804	74	1
1522636010.723798000	1.23872	1294	0
1522636010.724090000	1.23901	1294	0
1522636010.724106000	1.23903	74	1
1522636010.724366000	1.23929	1294	0
1522636010.724643000	1.23956	1294	0
1522636010.724658000	1.23958	74	1
1522636010.725035000	1.23995	1294	0
1522636010.725330000	1.24025	1294	0
1522636010.725351000	1.24027	74	1
1522636010.726199000	1.24112	1294	0
1522636010.726351000	1.24127	822	0
1522636010.726364000	1.24128	74	1
1522636010.726600000	1.24152	112	1
1522636010.757781000	1.2727	200	0
1522636010.757887000	1.27281	362	0
1522636010.757904000	1.27282	74	1
1522636010.841372000	1.35629	74	0
1522636011.085691000	1.60061	360	1
1522636011.146573000	1.66149	74	0
1522636011.167794000	1.68271	140	0
1522636011.167796000	1.68272	104	0
1522636011.167799000	1.68272	112	0
1522636011.167849000	1.68277	74	1
1522636011.168934000	1.68385	112	1
1522636011.266572000	1.78149	74	0
1522636011.303422000	1.81834	144	1
1522636011.305772000	1.82069	379	1
1522636011.312760000	1.82768	159	1
1522636011.364414000	1.87933	74	0
1522636011.383373000	1.89829	74	0
1522636011.383375000	1.89829	74	0
1522636011.384461000	1.89938	194	0
1522636011.384832000	1.89975	1294	0
1522636011.384849000	1.89977	74	1
1522636011.384916000	1.89984	1294	0
1522636011.385095000	1.90001	1294	0
1522636011.385109000	1.90003	74	1
1522636011.385167000	1.90009	1294	0
1522636011.385373000	1.90029	1294	0
1522636011.385384000	1.9003	74	1
1522636011.385666000	1.90059	1294	0
1522636011.385938000	1.90086	1294	0
1522636011.385950000	1.90087	74	1
1522636011.386235000	1.90115	1294	0
1522636011.386506000	1.90143	1294	0
1522636011.386519000	1.90144	74	1
1522636011.387222000	1.90214	1294	0
1522636011.387513000	1.90243	1294	0
1522636011.387526000	1.90245	74	1
1522636011.387773000	1.90269	1294	0
1522636011.388072000	1.90299	1294	0
1522636011.388086000	1.90301	74	1
1522636011.388355000	1.90328	1294	0
1522636011.388357000	1.90328	181	0
1522636011.388371000	1.90329	74	1
1522636011.388513000	1.90343	112	1
1522636011.402572000	1.91749	159	0
1522636011.402896000	1.91782	1294	0
1522636011.402916000	1.91784	74	1
1522636011.403001000	1.91792	655	0
1522636011.403708000	1.91863	140	0
1522636011.403727000	1.91865	74	1
1522636011.403789000	1.91871	104	0
1522636011.410326000	1.92525	188	1
1522636011.479554000	1.99447	74	0
1522636011.519305000	2.03422	210	0
1522636011.519307000	2.03423	339	0
1522636011.519334000	2.03425	74	1
1522636011.519398000	2.03432	112	0
1522636011.519712000	2.03463	112	1
1522636011.589051000	2.10397	189	1
1522636011.627398000	2.14232	74	0
1522636011.647751000	2.16267	74	0
1522636011.685666000	2.20059	147	0
1522636011.685762000	2.20068	316	0
1522636011.685766000	2.20069	104	0
1522636011.685767000	2.20069	112	0
1522636011.685800000	2.20072	74	1
1522636011.686212000	2.20113	112	1
1522636011.785199000	2.30012	74	0
1522636011.885472000	2.40039	189	1
1522636011.945183000	2.4601	74	0
1522636011.981438000	2.49636	148	0
1522636011.981519000	2.49644	463	0
1522636011.981533000	2.49645	74	1
1522636011.981613000	2.49653	112	0
1522636011.981886000	2.49681	112	1
1522636012.052050000	2.56697	191	1
1522636012.080532000	2.59545	74	0
1522636012.111337000	2.62626	74	0
1522636012.146349000	2.66127	170	0
1522636012.146442000	2.66136	342	0
1522636012.146444000	2.66136	112	0
1522636012.146461000	2.66138	74	1
1522636012.146818000	2.66174	112	1
1522636012.244363000	2.75928	74	0
1522636012.260929000	2.77585	192	1
1522636012.319505000	2.83442	74	0
1522636012.352945000	2.86787	148	0
1522636012.353036000	2.86796	368	0
1522636012.353038000	2.86796	112	0
1522636012.353077000	2.868	74	1
1522636012.353492000	2.86841	112	1
1522636012.413732000	2.92865	193	1
1522636012.452627000	2.96755	74	0
1522636012.471922000	2.98684	74	0
1522636012.508351000	3.02327	148	0
1522636012.508450000	3.02337	340	0
1522636012.508451000	3.02337	104	0
1522636012.508453000	3.02337	112	0
1522636012.508476000	3.0234	74	1
1522636012.508916000	3.02384	112	1
1522636012.585745000	3.10067	193	1
1522636012.608469000	3.12339	74	0
1522636012.645910000	3.16083	74	0
1522636012.679047000	3.19397	147	0
1522636012.679141000	3.19406	348	0
1522636012.679161000	3.19408	74	1
1522636012.679474000	3.19439	112	0
1522636012.679654000	3.19457	112	1
1522636012.800050000	3.31497	74	0
1522636012.850121000	3.36504	322	1
1522636012.908867000	3.42379	74	0
1522636012.929514000	3.44443	140	0
1522636012.929516000	3.44444	104	0
1522636012.929554000	3.44447	74	1
1522636012.929623000	3.44454	112	0
1522636012.930008000	3.44493	112	1
1522636013.037498000	3.55242	74	0
1522636013.615642000	4.13056	198	1
1522636013.684474000	4.19939	74	0
1522636013.716263000	4.23118	167	0
1522636013.716353000	4.23127	346	0
1522636013.716355000	4.23128	112	0
1522636013.716381000	4.2313	74	1
1522636013.716803000	4.23172	112	1
1522636013.825041000	4.33996	74	0
1522636013.953391000	4.46831	199	1
1522636014.012285000	4.5272	74	0
1522636014.051476000	4.5664	171	0
1522636014.051479000	4.5664	328	0
1522636014.051522000	4.56644	74	1
1522636014.051591000	4.56651	112	0
1522636014.052017000	4.56694	112	1
1522636014.151063000	4.66598	74	0
1522636014.196236000	4.71116	200	1
1522636014.254918000	4.76984	74	0
1522636014.290551000	4.80547	148	0
1522636014.290637000	4.80556	332	0
1522636014.290638000	4.80556	112	0
1522636014.290655000	4.80557	74	1
1522636014.291017000	4.80594	112	1
1522636014.399214000	4.91413	74	0
1522636014.783315000	5.29823	203	1
1522636014.854377000	5.3693	74	0
1522636014.889218000	5.40414	144	0
1522636014.889227000	5.40415	108	1
1522636014.889317000	5.40424	342	0
1522636014.889319000	5.40424	112	0
1522636014.889336000	5.40426	74	1
1522636014.889879000	5.4048	112	1
1522636014.889959000	5.40488	203	1
1522636014.950373000	5.46529	74	0
1522636014.987773000	5.50269	148	0
1522636014.987775000	5.5027	333	0
1522636014.987800000	5.50272	74	1
1522636014.987877000	5.5028	112	0
1522636014.988191000	5.50311	112	1
1522636015.089148000	5.60407	74	0
1522636015.781947000	6.29687	187	1
1522636015.840653000	6.35557	74	0
1522636015.921918000	6.43684	216	0
1522636015.922191000	6.43711	1294	0
1522636015.922217000	6.43714	74	1
1522636015.922495000	6.43741	1294	0
1522636015.922785000	6.43771	1294	0
1522636015.922800000	6.43772	74	1
1522636015.922858000	6.43778	1294	0
1522636015.923078000	6.438	1294	0
1522636015.923093000	6.43801	74	1
1522636015.923154000	6.43807	1294	0
1522636015.923352000	6.43827	1294	0
1522636015.923365000	6.43829	74	1
1522636015.923885000	6.43881	1266	0
1522636015.940661000	6.45558	1294	0
1522636015.940720000	6.45564	74	1
1522636015.940873000	6.45579	1294	0
1522636015.940941000	6.45586	1294	0
1522636015.940956000	6.45588	74	1
1522636015.941150000	6.45607	1294	0
1522636015.941214000	6.45613	1294	0
1522636015.941225000	6.45615	74	1
1522636015.941444000	6.45636	1294	0
1522636015.941722000	6.45664	1294	0
1522636015.941734000	6.45665	74	1
1522636015.942449000	6.45737	1294	0
1522636015.942732000	6.45765	1294	0
1522636015.942746000	6.45767	74	1
1522636015.943027000	6.45795	1294	0
1522636015.943306000	6.45823	1294	0
1522636015.943318000	6.45824	74	1
1522636015.943726000	6.45865	1294	0
1522636015.943983000	6.4589	1168	0
1522636015.943994000	6.45891	74	1
1522636015.944725000	6.45965	1294	0
1522636015.944986000	6.45991	1294	0
1522636015.944998000	6.45992	74	1
1522636015.945263000	6.46018	1294	0
1522636015.945935000	6.46086	1294	0
1522636015.945950000	6.46087	74	1
1522636015.946224000	6.46114	1294	0
1522636015.946501000	6.46142	1294	0
1522636015.946513000	6.46143	74	1
1522636015.946572000	6.46149	426	0
1522636016.141550000	6.65647	74	1
1522636016.579069000	7.09399	1294	0
1522636016.579172000	7.09409	1294	0
1522636016.579191000	7.09411	74	1
1522636016.579272000	7.09419	1294	0
1522636016.579359000	7.09428	1294	0
1522636016.579369000	7.09429	74	1
1522636016.579442000	7.09436	1294	0
1522636016.579552000	7.09447	1294	0
1522636016.579563000	7.09448	74	1
1522636016.579625000	7.09454	1294	0
1522636016.579710000	7.09463	1294	0
1522636016.579719000	7.09464	74	1
1522636016.579844000	7.09476	1294	0
1522636016.579906000	7.09483	1294	0
1522636016.579916000	7.09484	74	1
1522636016.580177000	7.0951	1294	0
1522636016.580251000	7.09517	1147	0
1522636016.580266000	7.09519	74	1
1522636016.589073000	7.10399	1294	0
1522636016.589324000	7.10424	1294	0
1522636016.589347000	7.10427	74	1
1522636016.589410000	7.10433	1294	0
1522636016.589624000	7.10454	1294	0
1522636016.589640000	7.10456	74	1
1522636016.589708000	7.10463	1294	0
1522636016.589966000	7.10489	1294	0
1522636016.589979000	7.1049	74	1
1522636016.590238000	7.10516	1294	0
1522636016.590514000	7.10543	1294	0
1522636016.590538000	7.10546	74	1
1522636016.590758000	7.10568	1163	0
1522636016.595040000	7.10996	144	1
1522636016.604108000	7.11903	1294	0
1522636016.604797000	7.11972	1294	0
1522636016.604820000	7.11974	74	1
1522636016.605093000	7.12001	1294	0
1522636016.606016000	7.12094	1294	0
1522636016.606030000	7.12095	74	1
1522636016.606329000	7.12125	1294	0
1522636016.607271000	7.12219	1294	0
1522636016.607286000	7.12221	74	1
1522636016.607358000	7.12228	1294	0
1522636016.607547000	7.12247	1294	0
1522636016.607561000	7.12248	74	1
1522636016.607638000	7.12256	1294	0
1522636016.607957000	7.12288	1294	0
1522636016.607972000	7.12289	74	1
1522636016.608217000	7.12314	1294	0
1522636016.608507000	7.12343	1294	0
1522636016.608510000	7.12343	1294	0
1522636016.608526000	7.12345	74	1
1522636016.609522000	7.12444	187	0
1522636016.610264000	7.12518	1294	0
1522636016.610277000	7.1252	74	1
1522636016.610542000	7.12546	1294	0
1522636016.611472000	7.12639	1294	0
1522636016.611486000	7.12641	74	1
1522636016.611727000	7.12665	1294	0
1522636016.611795000	7.12671	1294	0
1522636016.611806000	7.12673	74	1
1522636016.612032000	7.12695	1294	0
1522636016.612100000	7.12702	1294	0
1522636016.612111000	7.12703	74	1
1522636016.612297000	7.12722	1294	0
1522636016.612373000	7.12729	1294	0
1522636016.612383000	7.1273	74	1
1522636016.612621000	7.12754	1294	0
1522636016.613900000	7.12882	1294	0
1522636016.613917000	7.12884	74	1
1522636016.614196000	7.12912	1294	0
1522636016.614431000	7.12935	1294	0
1522636016.614445000	7.12936	74	1
1522636016.614506000	7.12943	1294	0
1522636016.614688000	7.12961	1294	0
1522636016.614702000	7.12962	74	1
1522636016.614763000	7.12968	1294	0
1522636016.614996000	7.12992	1024	0
1522636016.615021000	7.12994	74	1
1522636016.615206000	7.13013	112	1
1522636016.653637000	7.16856	74	0
1522636016.673940000	7.18886	203	0
1522636016.674278000	7.1892	1294	0
1522636016.674306000	7.18923	74	1
1522636016.674555000	7.18948	1294	0
1522636016.674623000	7.18954	1294	0
1522636016.674633000	7.18955	74	1
1522636016.674729000	7.18965	1294	0
1522636016.674848000	7.18977	1294	0
1522636016.674864000	7.18978	74	1
1522636016.674923000	7.18984	1294	0
1522636016.675020000	7.18994	1294	0
1522636016.675029000	7.18995	74	1
1522636016.675140000	7.19006	1294	0
1522636016.675298000	7.19022	1294	0
1522636016.675311000	7.19023	74	1
1522636016.675590000	7.19051	1294	0
1522636016.675658000	7.19058	530	0
1522636016.675668000	7.19059	74	1
1522636016.712477000	7.2274	198	1
1522636016.715045000	7.22996	74	0
1522636016.783500000	7.29842	74	0
1522636016.804588000	7.31951	140	0
1522636016.804590000	7.31951	104	0
1522636016.804636000	7.31956	74	1
1522636016.804702000	7.31962	112	0
1522636016.805449000	7.32037	112	1
1522636016.903051000	7.41797	74	0
1522636016.980027000	7.49495	343	1
1522636016.980557000	7.49548	174	1
1522636017.039220000	7.55414	74	0
1522636017.039222000	7.55414	74	0
1522636017.040543000	7.55546	180	0
1522636017.040901000	7.55582	1294	0
1522636017.040923000	7.55584	74	1
1522636017.040989000	7.55591	1294	0
1522636017.041179000	7.5561	1294	0
1522636017.041198000	7.55612	74	1
1522636017.041454000	7.55637	1294	0
1522636017.041755000	7.55667	1294	0
1522636017.041769000	7.55669	74	1
1522636017.042052000	7.55697	1294	0
1522636017.042330000	7.55725	1294	0
1522636017.042344000	7.55726	74	1
1522636017.043020000	7.55794	1294	0
1522636017.043313000	7.55823	1294	0
1522636017.043327000	7.55825	74	1
1522636017.043589000	7.55851	1294	0
1522636017.043870000	7.55879	1294	0
1522636017.043886000	7.55881	74	1
1522636017.044162000	7.55908	1294	0
1522636017.044457000	7.55938	1294	0
1522636017.044470000	7.55939	74	1
1522636017.045591000	7.56051	1294	0
1522636017.045867000	7.56079	1294	0
1522636017.045878000	7.5608	74	1
1522636017.046144000	7.56106	1294	0
1522636017.046440000	7.56136	1294	0
1522636017.046452000	7.56137	74	1
1522636017.046717000	7.56164	1294	0
1522636017.047011000	7.56193	1294	0
1522636017.047024000	7.56194	74	1
1522636017.047304000	7.56222	1294	0
1522636017.047581000	7.5625	1294	0
1522636017.047595000	7.56252	74	1
1522636017.047861000	7.56278	1294	0
1522636017.048157000	7.56308	1294	0
1522636017.048170000	7.56309	74	1
1522636017.048851000	7.56377	1294	0
1522636017.049126000	7.56405	1294	0
1522636017.049138000	7.56406	74	1
1522636017.049419000	7.56434	1294	0
1522636017.049710000	7.56463	1294	0
1522636017.049723000	7.56464	74	1
1522636017.050398000	7.56532	1294	0
1522636017.050700000	7.56562	1294	0
1522636017.050713000	7.56563	74	1
1522636017.051411000	7.56633	1294	0
1522636017.051703000	7.56662	1294	0
1522636017.051716000	7.56664	74	1
1522636017.051995000	7.56692	1294	0
1522636017.052273000	7.56719	1294	0
1522636017.052286000	7.56721	74	1
1522636017.052670000	7.56759	1294	0
1522636017.052962000	7.56788	1294	0
1522636017.052974000	7.56789	74	1
1522636017.053685000	7.5686	1294	0
1522636017.053978000	7.5689	1294	0
1522636017.053994000	7.56891	74	1
1522636017.054260000	7.56918	1294	0
1522636017.054547000	7.56947	1294	0
1522636017.054562000	7.56948	74	1
1522636017.054824000	7.56974	1294	0
1522636017.055095000	7.57001	1294	0
1522636017.055107000	7.57003	74	1
1522636017.055410000	7.57033	1294	0
1522636017.055677000	7.5706	1294	0
1522636017.055691000	7.57061	74	1
1522636017.056080000	7.571	1294	0
1522636017.056330000	7.57125	1294	0
1522636017.056340000	7.57126	74	1
1522636017.057438000	7.57236	1294	0
1522636017.057739000	7.57266	1294	0
1522636017.057753000	7.57267	74	1
1522636017.058016000	7.57294	1294	0
1522636017.058292000	7.57321	1294	0
1522636017.058306000	7.57323	74	1
1522636017.058589000	7.57351	1294	0
1522636017.058889000	7.57381	1294	0
1522636017.058903000	7.57382	74	1
1522636017.059569000	7.57449	1294	0
1522636017.059843000	7.57476	1294	0
1522636017.059846000	7.57477	283	0
1522636017.059859000	7.57478	74	1
1522636017.060273000	7.57519	112	1
1522636017.062936000	7.57786	214	0
1522636017.062942000	7.57786	104	0
1522636017.062993000	7.57791	74	1
1522636017.165018000	7.67994	74	0
1522636017.194997000	7.70992	403	1
1522636017.253490000	7.76841	74	0
1522636017.274526000	7.78945	140	0
1522636017.274528000	7.78945	104	0
1522636017.274530000	7.78945	112	0
1522636017.274594000	7.78951	74	1
1522636017.275770000	7.79069	112	1
1522636017.374383000	7.8893	74	0
1522636019.131535000	9.64646	309	1
1522636019.189963000	9.70488	74	0
1522636019.211682000	9.7266	140	0
1522636019.211684000	9.7266	104	0
1522636019.211739000	9.72666	74	1
1522636019.211803000	9.72672	112	0
1522636019.212186000	9.72711	112	1
1522636019.310524000	9.82544	74	0
1522636020.953618000	11.4685	347	1
1522636021.014068000	11.529	74	0
1522636021.035964000	11.5509	140	0
1522636021.035966000	11.5509	104	0
1522636021.035968000	11.5509	112	0
1522636021.035999000	11.5509	74	1
1522636021.036801000	11.5517	112	1
1522636021.135535000	11.6505	74	0
