1522636753.953104000	0	1294	1
1522636753.953269000	0.000164986	1294	1
1522636753.953271000	0.000166893	200	1
1522636753.953295000	0.000190973	74	0
1522636754.283897000	0.330793	316	0
1522636754.307177000	0.354073	159	0
1522636754.307552000	0.354448	475	0
1522636754.344788000	0.391684	344	1
1522636754.367043000	0.413939	135	1
1522636754.367071000	0.413967	74	0
1522636754.367247000	0.414143	104	0
1522636754.367467000	0.414363	104	1
1522636754.443082000	0.489978	652	1
1522636754.443116000	0.490012	74	0
1522636754.443339000	0.490235	1294	1
1522636754.443491000	0.490387	1294	1
1522636754.443499000	0.490395	74	0
1522636754.443620000	0.490516	1294	1
1522636754.443750000	0.490646	1294	1
1522636754.443766000	0.490662	74	0
1522636754.443923000	0.490819	1294	1
1522636754.444028000	0.490924	1294	1
1522636754.444039000	0.490935	74	0
1522636754.444324000	0.49122	1294	1
1522636754.444437000	0.491333	670	1
1522636754.444449000	0.491345	74	0
1522636754.450582000	0.497478	1294	1
1522636754.450839000	0.497735	1294	1
1522636754.450857000	0.497753	74	0
1522636754.450923000	0.497819	1294	1
1522636754.451189000	0.498085	1294	1
1522636754.451201000	0.498097	74	0
1522636754.451478000	0.498374	1294	1
1522636754.503538000	0.550434	1294	1
1522636754.503584000	0.55048	74	0
1522636754.503649000	0.550545	1294	1
1522636754.503851000	0.550747	1294	1
1522636754.503853000	0.550749	1294	1
1522636754.503875000	0.550771	74	0
1522636754.504127000	0.551023	1294	1
1522636754.504130000	0.551026	1294	1
1522636754.504144000	0.55104	74	0
1522636754.504415000	0.551311	1294	1
1522636754.504417000	0.551313	1294	1
1522636754.504433000	0.551329	74	0
1522636754.504582000	0.551478	1294	1
1522636754.504646000	0.551542	1294	1
1522636754.504659000	0.551555	74	0
1522636754.504725000	0.551621	1294	1
1522636754.504858000	0.551754	1294	1
1522636754.504872000	0.551768	74	0
1522636754.504932000	0.551828	1294	1
1522636754.504996000	0.551892	1294	1
1522636754.505011000	0.551907	74	0
1522636754.505153000	0.552049	1294	1
1522636754.505232000	0.552128	1294	1
1522636754.505242000	0.552138	74	0
1522636754.510856000	0.557752	1294	1
1522636754.511142000	0.558038	1294	1
1522636754.511168000	0.558064	74	0
1522636754.511438000	0.558334	1294	1
1522636754.511695000	0.558591	1294	1
1522636754.511710000	0.558606	74	0
1522636754.517480000	0.564376	1294	1
1522636754.517765000	0.564661	1294	1
1522636754.517787000	0.564683	74	0
1522636754.524403000	0.571299	1294	1
1522636754.524662000	0.571558	1294	1
1522636754.524692000	0.571588	74	0
1522636754.562920000	0.609816	1294	1
1522636754.563181000	0.610077	1294	1
1522636754.563203000	0.610099	74	0
1522636754.565113000	0.612009	1294	1
1522636754.565387000	0.612283	1294	1
1522636754.565402000	0.612298	74	0
1522636754.565665000	0.612561	1294	1
1522636754.568414000	0.61531	1294	1
1522636754.568443000	0.615339	74	0
1522636754.568682000	0.615578	1294	1
1522636754.568960000	0.615856	1294	1
1522636754.568974000	0.61587	74	0
1522636754.569259000	0.616155	1294	1
1522636754.571707000	0.618603	1294	1
1522636754.571734000	0.61863	74	0
1522636754.571996000	0.618892	1294	1
1522636754.574772000	0.621668	1294	1
1522636754.574812000	0.621708	74	0
1522636754.575038000	0.621934	1294	1
1522636754.576298000	0.623194	1294	1
1522636754.576327000	0.623223	74	0
1522636754.576588000	0.623484	1294	1
1522636754.577829000	0.624725	1294	1
1522636754.577855000	0.624751	74	0
1522636754.578104000	0.625	1294	1
1522636754.580870000	0.627766	1294	1
1522636754.580894000	0.62779	74	0
1522636754.581001000	0.627897	734	1
1522636754.585521000	0.632417	112	0
1522636754.600666000	0.647562	329	0
1522636754.600804000	0.6477	169	0
1522636754.660062000	0.706958	74	1
1522636754.679293000	0.726189	252	1
1522636754.679645000	0.726541	1294	1
1522636754.679659000	0.726555	74	0
1522636754.679923000	0.726819	1294	1
1522636754.679993000	0.726889	1294	1
1522636754.680005000	0.726901	74	0
1522636754.680364000	0.72726	1294	1
1522636754.680750000	0.727646	395	1
1522636754.680751000	0.727647	104	1
1522636754.680767000	0.727663	74	0
1522636754.680829000	0.727725	112	1
1522636754.681235000	0.728131	112	0
1522636754.681848000	0.728744	147	1
1522636754.682206000	0.729102	1294	1
1522636754.682221000	0.729117	74	0
1522636754.682278000	0.729174	1294	1
1522636754.682483000	0.729379	1294	1
1522636754.682499000	0.729395	74	0
1522636754.682561000	0.729457	1294	1
1522636754.682777000	0.729673	1277	1
1522636754.682779000	0.729675	104	1
1522636754.682792000	0.729688	74	0
1522636754.767936000	0.814832	254	0
1522636754.774192000	0.821088	243	0
1522636754.786075000	0.832971	74	1
1522636754.827374000	0.87427	74	1
1522636754.827873000	0.874769	261	1
1522636754.828165000	0.875061	1294	1
1522636754.828181000	0.875077	74	0
1522636754.828242000	0.875138	1294	1
1522636754.828311000	0.875207	1294	1
1522636754.828322000	0.875218	74	0
1522636754.828382000	0.875278	1294	1
1522636754.828448000	0.875344	1294	1
1522636754.828457000	0.875353	74	0
1522636754.828514000	0.87541	1294	1
1522636754.828580000	0.875476	1294	1
1522636754.828593000	0.875489	74	0
1522636754.828650000	0.875546	1294	1
1522636754.828831000	0.875727	1294	1
1522636754.828832000	0.875728	1294	1
1522636754.828846000	0.875742	74	0
1522636754.828906000	0.875802	1294	1
1522636754.828973000	0.875869	1294	1
1522636754.828986000	0.875882	74	0
1522636754.829043000	0.875939	1294	1
1522636754.829108000	0.876004	1294	1
1522636754.829119000	0.876015	74	0
1522636754.829177000	0.876073	1294	1
1522636754.829238000	0.876134	1294	1
1522636754.829251000	0.876147	74	0
1522636754.829310000	0.876206	1294	1
1522636754.831359000	0.878255	1294	1
1522636754.831372000	0.878268	74	0
1522636754.831638000	0.878534	1294	1
1522636754.833758000	0.880654	1294	1
1522636754.833773000	0.880669	74	0
1522636754.834034000	0.88093	1294	1
1522636754.834321000	0.881217	1294	1
1522636754.834334000	0.88123	74	0
1522636754.834618000	0.881514	1294	1
1522636754.836470000	0.883366	1294	1
1522636754.836483000	0.883379	74	0
1522636754.836776000	0.883672	1294	1
1522636754.839433000	0.886329	1294	1
1522636754.839445000	0.886341	74	0
1522636754.839712000	0.886608	1294	1
1522636754.840005000	0.886901	1294	1
1522636754.840020000	0.886916	74	0
1522636754.840285000	0.887181	1294	1
1522636754.842103000	0.888999	1294	1
1522636754.842114000	0.88901	74	0
1522636754.842394000	0.88929	1294	1
1522636754.842712000	0.889608	1294	1
1522636754.842725000	0.889621	74	0
1522636754.843009000	0.889905	1294	1
1522636754.844937000	0.891833	1294	1
1522636754.844949000	0.891845	74	0
1522636754.845208000	0.892104	1294	1
1522636754.847577000	0.894473	1294	1
1522636754.847590000	0.894486	74	0
1522636754.847863000	0.894759	1294	1
1522636754.848125000	0.895021	1294	1
1522636754.848138000	0.895034	74	0
1522636754.848429000	0.895325	1294	1
1522636754.850358000	0.897254	1294	1
1522636754.850370000	0.897266	74	0
1522636754.850636000	0.897532	1294	1
1522636754.852978000	0.899874	1294	1
1522636754.852989000	0.899885	74	0
1522636754.853255000	0.900151	1294	1
1522636754.853547000	0.900443	1294	1
1522636754.853558000	0.900454	74	0
1522636754.853839000	0.900735	1294	1
1522636754.855862000	0.902758	1294	1
1522636754.855873000	0.902769	74	0
1522636754.856162000	0.903058	1294	1
1522636754.858485000	0.905381	1294	1
1522636754.858508000	0.905404	74	0
1522636754.858772000	0.905668	1294	1
1522636754.859079000	0.905975	1294	1
1522636754.859091000	0.905987	74	0
1522636754.861460000	0.908356	1294	1
1522636754.861731000	0.908627	1294	1
1522636754.861742000	0.908638	74	0
1522636754.862014000	0.90891	1294	1
1522636754.862302000	0.909198	1294	1
1522636754.862314000	0.90921	74	0
1522636754.888151000	0.935047	1294	1
1522636754.888420000	0.935316	1294	1
1522636754.888444000	0.93534	74	0
1522636754.888714000	0.93561	1294	1
1522636754.888989000	0.935885	1294	1
1522636754.889002000	0.935898	74	0
1522636754.889694000	0.93659	1294	1
1522636754.889990000	0.936886	1294	1
1522636754.890004000	0.9369	74	0
1522636754.890294000	0.93719	1294	1
1522636754.890573000	0.937469	1294	1
1522636754.890588000	0.937484	74	0
1522636754.892674000	0.93957	1294	1
1522636754.892951000	0.939847	1294	1
1522636754.892969000	0.939865	74	0
1522636754.894896000	0.941792	1294	1
1522636754.895199000	0.942095	1294	1
1522636754.895212000	0.942108	74	0
1522636754.895471000	0.942367	1294	1
1522636754.895759000	0.942655	1294	1
1522636754.895770000	0.942666	74	0
1522636754.897680000	0.944576	1294	1
1522636754.897965000	0.944861	1294	1
1522636754.897985000	0.944881	74	0
1522636754.900358000	0.947254	1294	1
1522636754.900641000	0.947537	1294	1
1522636754.900653000	0.947549	74	0
1522636754.900899000	0.947795	1294	1
1522636754.901177000	0.948073	1294	1
1522636754.901191000	0.948087	74	0
1522636754.902721000	0.949617	1294	1
1522636754.903013000	0.949909	1294	1
1522636754.903025000	0.949921	74	0
1522636754.905371000	0.952267	1294	1
1522636754.905597000	0.952493	1294	1
1522636754.905609000	0.952505	74	0
1522636754.905681000	0.952577	1294	1
1522636754.905899000	0.952795	1294	1
1522636754.905913000	0.952809	74	0
1522636754.906193000	0.953089	1294	1
1522636754.907345000	0.954241	1294	1
1522636754.907358000	0.954254	74	0
1522636754.907611000	0.954507	1294	1
1522636754.909502000	0.956398	1294	1
1522636754.909516000	0.956412	74	0
1522636754.909763000	0.956659	1294	1
1522636754.910085000	0.956981	1294	1
1522636754.910097000	0.956993	74	0
1522636754.910378000	0.957274	1294	1
1522636754.911488000	0.958384	1294	1
1522636754.911502000	0.958398	74	0
1522636754.911771000	0.958667	1294	1
1522636754.913701000	0.960597	1294	1
1522636754.913713000	0.960609	74	0
1522636754.913989000	0.960885	1294	1
1522636754.914285000	0.961181	1294	1
1522636754.914297000	0.961193	74	0
1522636754.914550000	0.961446	1294	1
1522636754.916167000	0.963063	1294	1
1522636754.916187000	0.963083	74	0
1522636754.916446000	0.963342	1294	1
1522636754.918061000	0.964957	1294	1
1522636754.918075000	0.964971	74	0
1522636754.918345000	0.965241	1294	1
1522636754.919303000	0.966199	1294	1
1522636754.919317000	0.966213	74	0
1522636754.919582000	0.966478	1294	1
1522636754.920560000	0.967456	1294	1
1522636754.920583000	0.967479	74	0
1522636754.920836000	0.967732	1294	1
1522636754.921799000	0.968695	1294	1
1522636754.921823000	0.968719	74	0
1522636754.921957000	0.968853	1294	1
1522636754.922076000	0.968972	1294	1
1522636754.922087000	0.968983	74	0
1522636754.922252000	0.969148	1294	1
1522636754.922360000	0.969256	1294	1
1522636754.922372000	0.969268	74	0
1522636754.923313000	0.970209	1294	1
1522636754.924283000	0.971179	1294	1
1522636754.924297000	0.971193	74	0
1522636754.947720000	0.994616	1294	1
1522636754.947997000	0.994893	1294	1
1522636754.948021000	0.994917	74	0
1522636754.948618000	0.995514	1294	1
1522636754.948838000	0.995734	112	0
1522636754.948894000	0.99579	1294	1
1522636754.949171000	0.996067	1294	1
1522636754.949185000	0.996081	74	0
1522636754.949471000	0.996367	1294	1
1522636754.949746000	0.996642	1294	1
1522636754.949761000	0.996657	74	0
1522636754.949842000	0.996738	1294	1
1522636754.950135000	0.997031	1294	1
1522636754.950151000	0.997047	74	0
1522636754.950407000	0.997303	1294	1
1522636754.955018000	1.00191	1294	1
1522636754.955065000	1.00196	74	0
1522636754.955264000	1.00216	1294	1
1522636754.955540000	1.00244	1294	1
1522636754.955556000	1.00245	74	0
1522636754.955835000	1.00273	1294	1
1522636754.956114000	1.00301	1294	1
1522636754.956129000	1.00303	74	0
1522636754.956389000	1.00328	1294	1
1522636754.959843000	1.00674	1294	1
1522636754.959877000	1.00677	74	0
1522636754.960110000	1.00701	1294	1
1522636754.960274000	1.00717	903	1
1522636754.960284000	1.00718	74	0
1522636755.047895000	1.09479	74	1
1522636755.079171000	1.12607	317	0
1522636755.125227000	1.17212	317	0
1522636755.125437000	1.17233	145	0
1522636755.138020000	1.18492	74	1
1522636755.138461000	1.18536	203	1
1522636755.138827000	1.18572	1294	1
1522636755.138830000	1.18573	1294	1
1522636755.138853000	1.18575	74	0
1522636755.139100000	1.186	1294	1
1522636755.139171000	1.18607	1294	1
1522636755.139173000	1.18607	1294	1
1522636755.139185000	1.18608	74	0
1522636755.139373000	1.18627	1294	1
1522636755.139442000	1.18634	1294	1
1522636755.139444000	1.18634	1294	1
1522636755.139459000	1.18635	74	0
1522636755.139666000	1.18656	1294	1
1522636755.139741000	1.18664	1294	1
1522636755.139743000	1.18664	1294	1
1522636755.139756000	1.18665	74	0
1522636755.139969000	1.18687	1294	1
1522636755.139972000	1.18687	1294	1
1522636755.139987000	1.18688	74	0
1522636755.140048000	1.18694	1294	1
1522636755.140240000	1.18714	1294	1
1522636755.140254000	1.18715	74	0
1522636755.140315000	1.18721	1294	1
1522636755.140531000	1.18743	1294	1
1522636755.140544000	1.18744	74	0
1522636755.141445000	1.18834	1294	1
1522636755.141733000	1.18863	1294	1
1522636755.141751000	1.18865	74	0
1522636755.142029000	1.18893	1294	1
1522636755.142320000	1.18922	1294	1
1522636755.142335000	1.18923	74	0
1522636755.143265000	1.19016	1294	1
1522636755.143543000	1.19044	1294	1
1522636755.143561000	1.19046	74	0
1522636755.144249000	1.19114	1294	1
1522636755.144543000	1.19144	1294	1
1522636755.144560000	1.19146	74	0
1522636755.144836000	1.19173	1294	1
1522636755.145113000	1.19201	1294	1
1522636755.145126000	1.19202	74	0
1522636755.145388000	1.19228	1294	1
1522636755.145707000	1.1926	1294	1
1522636755.145721000	1.19262	74	0
1522636755.146285000	1.19318	822	1
1522636755.146507000	1.1934	112	0
1522636755.190212000	1.23711	74	1
1522636755.190214000	1.23711	199	1
1522636755.190216000	1.23711	362	1
1522636755.190242000	1.23714	74	0
1522636755.204721000	1.25162	140	1
1522636755.204792000	1.25169	104	1
1522636755.204803000	1.2517	74	0
1522636755.245716000	1.29261	74	1
1522636755.630897000	1.67779	157	0
1522636755.636134000	1.68303	378	0
1522636755.640903000	1.6878	158	0
1522636755.664987000	1.71188	346	0
1522636755.690091000	1.73699	74	1
1522636755.696220000	1.74312	74	1
1522636755.701398000	1.74829	74	1
1522636755.709727000	1.75662	194	1
1522636755.710062000	1.75696	1294	1
1522636755.710086000	1.75698	74	0
1522636755.710152000	1.75705	1294	1
1522636755.710378000	1.75727	1294	1
1522636755.710394000	1.75729	74	0
1522636755.710455000	1.75735	1294	1
1522636755.710555000	1.75745	1294	1
1522636755.710567000	1.75746	74	0
1522636755.710650000	1.75755	1294	1
1522636755.710715000	1.75761	1294	1
1522636755.710728000	1.75762	74	0
1522636755.710848000	1.75774	1294	1
1522636755.710953000	1.75785	1294	1
1522636755.710964000	1.75786	74	0
1522636755.711141000	1.75804	1294	1
1522636755.711248000	1.75814	1294	1
1522636755.711260000	1.75816	74	0
1522636755.711523000	1.75842	1294	1
1522636755.711809000	1.7587	1294	1
1522636755.711812000	1.75871	267	1
1522636755.711828000	1.75872	74	0
1522636755.711887000	1.75878	1140	1
1522636755.711889000	1.75879	104	1
1522636755.711891000	1.75879	112	1
1522636755.711904000	1.7588	74	0
1522636755.712069000	1.75897	112	0
1522636755.717502000	1.7644	140	1
1522636755.717505000	1.7644	104	1
1522636755.717534000	1.76443	74	0
1522636755.720124000	1.76702	159	1
1522636755.720476000	1.76737	1294	1
1522636755.720493000	1.76739	74	0
1522636755.720630000	1.76753	790	1
1522636755.742386000	1.78928	188	0
1522636755.747132000	1.79403	140	1
1522636755.747134000	1.79403	104	1
1522636755.747177000	1.79407	74	0
1522636755.801883000	1.84878	74	1
1522636755.842749000	1.88965	108	0
1522636755.843672000	1.89057	188	0
1522636755.843891000	1.89079	210	1
1522636755.843991000	1.89089	304	1
1522636755.844010000	1.89091	74	0
1522636755.844523000	1.89142	104	1
1522636755.844592000	1.89149	112	1
1522636755.844604000	1.8915	74	0
1522636755.844689000	1.89158	112	0
1522636755.904623000	1.95152	74	1
1522636755.942739000	1.98963	148	1
1522636755.942741000	1.98964	330	1
1522636755.942777000	1.98967	74	0
1522636755.942846000	1.98974	112	1
1522636755.943172000	1.99007	112	0
1522636756.044982000	2.09188	74	1
1522636756.079830000	2.12673	189	0
1522636756.138976000	2.18587	74	1
1522636756.177071000	2.22397	170	1
1522636756.177174000	2.22407	356	1
1522636756.177177000	2.22407	112	1
1522636756.177204000	2.2241	74	0
1522636756.177611000	2.22451	112	0
1522636756.288470000	2.33537	74	1
1522636756.387488000	2.43438	191	0
1522636756.446464000	2.49336	74	1
1522636756.479215000	2.52611	147	1
1522636756.479306000	2.5262	353	1
1522636756.479307000	2.5262	112	1
1522636756.479326000	2.52622	74	0
1522636756.479728000	2.52662	112	0
1522636756.488929000	2.53583	192	0
1522636756.548260000	2.59516	74	1
1522636756.583747000	2.63064	147	1
1522636756.583843000	2.63074	347	1
1522636756.583846000	2.63074	112	1
1522636756.583867000	2.63076	74	0
1522636756.584264000	2.63116	112	0
1522636756.694772000	2.74167	74	1
1522636757.139074000	3.18597	195	0
1522636757.201105000	3.248	74	1
1522636757.234865000	3.28176	170	1
1522636757.234952000	3.28185	338	1
1522636757.234955000	3.28185	112	1
1522636757.234979000	3.28187	74	0
1522636757.235369000	3.28226	112	0
1522636757.244720000	3.29162	196	0
1522636757.247331000	3.29423	321	0
1522636757.306746000	3.35364	74	1
1522636757.337537000	3.38443	140	1
1522636757.337539000	3.38443	104	1
1522636757.337586000	3.38448	74	0
1522636757.337661000	3.38456	112	1
1522636757.337989000	3.38489	112	0
1522636757.340606000	3.3875	147	1
1522636757.340696000	3.38759	307	1
1522636757.340698000	3.38759	104	1
1522636757.340724000	3.38762	74	0
1522636757.440407000	3.4873	74	1
1522636757.834399000	3.88129	200	0
1522636757.895275000	3.94217	74	1
1522636757.931544000	3.97844	148	1
1522636757.931636000	3.97853	312	1
1522636757.931639000	3.97853	112	1
1522636757.931664000	3.97856	74	0
1522636757.932035000	3.97893	112	0
1522636758.030946000	4.07784	74	1
1522636759.194056000	5.24095	208	0
1522636759.254616000	5.30151	74	1
1522636759.287774000	5.33467	170	1
1522636759.287865000	5.33476	276	1
1522636759.287868000	5.33476	104	1
1522636759.287870000	5.33477	112	1
1522636759.287895000	5.33479	74	0
1522636759.288304000	5.3352	112	0
1522636759.407737000	5.45463	74	1
1522636759.537261000	5.58416	208	0
1522636759.596449000	5.64334	74	1
1522636759.632099000	5.67899	148	1
1522636759.632102000	5.679	317	1
1522636759.632145000	5.67904	74	0
1522636759.632218000	5.67911	112	1
1522636759.632576000	5.67947	112	0
1522636759.642019000	5.68892	210	0
1522636759.700920000	5.74782	74	1
1522636759.734736000	5.78163	144	1
1522636759.734739000	5.78164	317	1
1522636759.734784000	5.78168	74	0
1522636759.734861000	5.78176	112	1
1522636759.735235000	5.78213	112	0
1522636759.765452000	5.81235	190	0
1522636759.824742000	5.87164	74	1
1522636759.908347000	5.95524	216	1
1522636759.908665000	5.95556	1294	1
1522636759.908685000	5.95558	74	0
1522636759.908966000	5.95586	1294	1
1522636759.909865000	5.95676	1294	1
1522636759.909879000	5.95677	74	0
1522636759.910011000	5.95691	1294	1
1522636759.910142000	5.95704	1294	1
1522636759.910154000	5.95705	74	0
1522636759.910435000	5.95733	1294	1
1522636759.911413000	5.95831	1294	1
1522636759.911430000	5.95833	74	0
1522636759.911657000	5.95855	1114	1
1522636759.927352000	5.97425	1294	1
1522636759.927411000	5.97431	74	0
1522636759.927773000	5.97467	1294	1
1522636759.928067000	5.97496	1294	1
1522636759.928082000	5.97498	74	0
1522636759.928301000	5.9752	1294	1
1522636759.928367000	5.97526	1294	1
1522636759.928379000	5.97528	74	0
1522636759.928577000	5.97547	1294	1
1522636759.928643000	5.97554	1294	1
1522636759.928655000	5.97555	74	0
1522636759.928715000	5.97561	1294	1
1522636759.928873000	5.97577	1294	1
1522636759.928887000	5.97578	74	0
1522636759.928948000	5.97584	1294	1
1522636759.928951000	5.97585	1294	1
1522636759.928963000	5.97586	74	0
1522636759.929638000	5.97653	1294	1
1522636759.929949000	5.97685	1294	1
1522636759.929967000	5.97686	74	0
1522636759.930531000	5.97743	895	1
1522636759.930819000	5.97772	1294	1
1522636759.930837000	5.97773	74	0
1522636759.931111000	5.97801	1294	1
1522636759.931790000	5.97869	1294	1
1522636759.931806000	5.9787	74	0
1522636759.932097000	5.97899	1294	1
1522636759.932404000	5.9793	1294	1
1522636759.932419000	5.97932	74	0
1522636759.932571000	5.97947	848	1
1522636760.133314000	6.18021	74	0
1522636760.630957000	6.67785	1294	1
1522636760.631158000	6.67805	1294	1
1522636760.631178000	6.67807	74	0
1522636760.631785000	6.67868	1294	1
1522636760.632070000	6.67897	1294	1
1522636760.632090000	6.67899	74	0
1522636760.632175000	6.67907	1294	1
1522636760.632469000	6.67936	1294	1
1522636760.632484000	6.67938	74	0
1522636760.632759000	6.67966	1294	1
1522636760.632998000	6.67989	1294	1
1522636760.633011000	6.67991	74	0
1522636760.633292000	6.68019	1294	1
1522636760.633580000	6.68048	1294	1
1522636760.633602000	6.6805	74	0
1522636760.634033000	6.68093	1294	1
1522636760.634313000	6.68121	1294	1
1522636760.634329000	6.68123	74	0
1522636760.634572000	6.68147	1294	1
1522636760.634640000	6.68154	429	1
1522636760.634651000	6.68155	74	0
1522636760.635373000	6.68227	1294	1
1522636760.635685000	6.68258	1294	1
1522636760.635698000	6.68259	74	0
1522636760.635958000	6.68285	1294	1
1522636760.636216000	6.68311	1294	1
1522636760.636230000	6.68313	74	0
1522636760.636544000	6.68344	1294	1
1522636760.636803000	6.6837	1294	1
1522636760.636817000	6.68371	74	0
1522636760.637943000	6.68484	1294	1
1522636760.638203000	6.6851	1171	1
1522636760.638217000	6.68511	74	0
1522636760.642640000	6.68954	1294	1
1522636760.642736000	6.68963	1294	1
1522636760.642754000	6.68965	74	0
1522636760.642926000	6.68982	1294	1
1522636760.643029000	6.68992	1294	1
1522636760.643040000	6.68994	74	0
1522636760.643101000	6.69	1294	1
1522636760.643188000	6.69008	1294	1
1522636760.643197000	6.69009	74	0
1522636760.643332000	6.69023	1294	1
1522636760.643334000	6.69023	1294	1
1522636760.643350000	6.69025	74	0
1522636760.643500000	6.6904	1294	1
1522636760.643623000	6.69052	1294	1
1522636760.643627000	6.69052	1294	1
1522636760.643640000	6.69054	74	0
1522636760.643792000	6.69069	1294	1
1522636760.643880000	6.69078	1294	1
1522636760.643882000	6.69078	722	1
1522636760.643896000	6.69079	74	0
1522636760.647390000	6.69429	1294	1
1522636760.648882000	6.69578	1294	1
1522636760.648911000	6.69581	74	0
1522636760.649157000	6.69605	1294	1
1522636760.649448000	6.69634	1294	1
1522636760.649463000	6.69636	74	0
1522636760.649746000	6.69664	1294	1
1522636760.650036000	6.69693	1294	1
1522636760.650048000	6.69694	74	0
1522636760.650314000	6.69721	1294	1
1522636760.651060000	6.69796	1294	1
1522636760.651083000	6.69798	74	0
1522636760.651342000	6.69824	1294	1
1522636760.651629000	6.69852	1294	1
1522636760.651644000	6.69854	74	0
1522636760.651908000	6.6988	1294	1
1522636760.652617000	6.69951	1294	1
1522636760.652636000	6.69953	74	0
1522636760.652892000	6.69979	1294	1
1522636760.653173000	6.70007	1294	1
1522636760.653214000	6.70011	74	0
1522636760.653275000	6.70017	373	1
1522636760.653956000	6.70085	1294	1
1522636760.653973000	6.70087	74	0
1522636760.654136000	6.70103	1294	1
1522636760.654254000	6.70115	1294	1
1522636760.654271000	6.70117	74	0
1522636760.654564000	6.70146	1294	1
1522636760.654846000	6.70174	1294	1
1522636760.654859000	6.70176	74	0
1522636760.655133000	6.70203	1294	1
1522636760.655393000	6.70229	1294	1
1522636760.655409000	6.70231	74	0
1522636760.656487000	6.70338	1294	1
1522636760.656785000	6.70368	1294	1
1522636760.656800000	6.7037	74	0
1522636760.657076000	6.70397	1294	1
1522636760.657352000	6.70425	1294	1
1522636760.657366000	6.70426	74	0
1522636760.657569000	6.70446	1294	1
1522636760.657850000	6.70475	1294	1
1522636760.657863000	6.70476	74	0
1522636760.658755000	6.70565	187	1
1522636760.659097000	6.70599	1294	1
1522636760.659111000	6.70601	74	0
1522636760.659407000	6.7063	1294	1
1522636760.659711000	6.70661	1294	1
1522636760.659724000	6.70662	74	0
1522636760.660112000	6.70701	1294	1
1522636760.660425000	6.70732	1294	1
1522636760.660440000	6.70734	74	0
1522636760.660724000	6.70762	1294	1
1522636760.661000000	6.7079	1294	1
1522636760.661015000	6.70791	74	0
1522636760.661430000	6.70833	1294	1
1522636760.661750000	6.70865	1294	1
1522636760.661764000	6.70866	74	0
1522636760.662861000	6.70976	1294	1
1522636760.663122000	6.71002	1294	1
1522636760.663135000	6.71003	74	0
1522636760.663404000	6.7103	1294	1
1522636760.663694000	6.71059	1294	1
1522636760.663708000	6.7106	74	0
1522636760.664164000	6.71106	1294	1
1522636760.664452000	6.71135	1294	1
1522636760.664467000	6.71136	74	0
1522636760.664727000	6.71162	1294	1
1522636760.665010000	6.71191	1294	1
1522636760.665013000	6.71191	285	1
1522636760.665023000	6.71192	74	0
1522636760.665586000	6.71248	112	0
1522636760.775989000	6.82289	74	1
1522636760.910976000	6.95787	198	0
1522636760.969913000	7.01681	74	1
1522636760.990569000	7.03747	140	1
1522636760.990573000	7.03747	104	1
1522636760.990634000	7.03753	74	0
1522636760.990701000	7.0376	112	1
1522636760.991636000	7.03853	112	0
1522636761.063649000	7.11054	371	0
1522636761.090773000	7.13767	74	1
1522636761.106589000	7.15349	371	0
1522636761.109485000	7.15638	175	0
1522636761.123092000	7.16999	74	1
1522636761.166369000	7.21326	74	1
1522636761.169252000	7.21615	74	1
1522636761.187371000	7.23427	140	1
1522636761.187786000	7.23468	104	1
1522636761.187807000	7.2347	74	0
1522636761.187874000	7.23477	112	1
1522636761.188392000	7.23529	112	0
1522636761.188664000	7.23556	196	1
1522636761.189019000	7.23591	1294	1
1522636761.189034000	7.23593	74	0
1522636761.189296000	7.23619	1294	1
1522636761.189363000	7.23626	1294	1
1522636761.189378000	7.23627	74	0
1522636761.189568000	7.23646	1294	1
1522636761.189636000	7.23653	1294	1
1522636761.189647000	7.23654	74	0
1522636761.189872000	7.23677	1294	1
1522636761.189940000	7.23684	1294	1
1522636761.189952000	7.23685	74	0
1522636761.190009000	7.23691	1294	1
1522636761.190163000	7.23706	1294	1
1522636761.190175000	7.23707	74	0
1522636761.190237000	7.23713	1294	1
1522636761.190240000	7.23714	1294	1
1522636761.190251000	7.23715	74	0
1522636761.190442000	7.23734	1294	1
1522636761.190510000	7.23741	1294	1
1522636761.190522000	7.23742	74	0
1522636761.190581000	7.23748	1294	1
1522636761.190722000	7.23762	1294	1
1522636761.190737000	7.23763	74	0
1522636761.190794000	7.23769	1294	1
1522636761.190859000	7.23776	1294	1
1522636761.190869000	7.23777	74	0
1522636761.191013000	7.23791	1294	1
1522636761.191078000	7.23797	1294	1
1522636761.191088000	7.23798	74	0
1522636761.191526000	7.23842	1294	1
1522636761.191807000	7.2387	1294	1
1522636761.191821000	7.23872	74	0
1522636761.192880000	7.23978	1294	1
1522636761.193159000	7.24006	1294	1
1522636761.193175000	7.24007	74	0
1522636761.193470000	7.24037	1294	1
1522636761.193762000	7.24066	1294	1
1522636761.193776000	7.24067	74	0
1522636761.194039000	7.24094	1294	1
1522636761.194316000	7.24121	1294	1
1522636761.194334000	7.24123	74	0
1522636761.194608000	7.2415	1294	1
1522636761.194885000	7.24178	1294	1
1522636761.194899000	7.2418	74	0
1522636761.195611000	7.24251	1294	1
1522636761.195886000	7.24278	1294	1
1522636761.195897000	7.24279	74	0
1522636761.196591000	7.24349	1294	1
1522636761.196878000	7.24377	1294	1
1522636761.196892000	7.24379	74	0
1522636761.197159000	7.24406	1294	1
1522636761.197435000	7.24433	1294	1
1522636761.197449000	7.24434	74	0
1522636761.198123000	7.24502	1294	1
1522636761.198412000	7.24531	1294	1
1522636761.198427000	7.24532	74	0
1522636761.199104000	7.246	1294	1
1522636761.199412000	7.24631	1294	1
1522636761.199428000	7.24632	74	0
1522636761.199690000	7.24659	1294	1
1522636761.199800000	7.2467	635	1
1522636761.199815000	7.24671	74	0
1522636761.207275000	7.25417	1294	1
1522636761.207552000	7.25445	1294	1
1522636761.207567000	7.25446	74	0
1522636761.207632000	7.25453	1294	1
1522636761.207852000	7.25475	1294	1
1522636761.207855000	7.25475	1294	1
1522636761.207872000	7.25477	74	0
1522636761.207934000	7.25483	1294	1
1522636761.207936000	7.25483	1294	1
1522636761.207949000	7.25484	74	0
1522636761.208144000	7.25504	1294	1
1522636761.208214000	7.25511	1294	1
1522636761.208216000	7.25511	1294	1
1522636761.208230000	7.25513	74	0
1522636761.208397000	7.25529	1294	1
1522636761.208466000	7.25536	1294	1
1522636761.208476000	7.25537	74	0
1522636761.208533000	7.25543	1294	1
1522636761.208595000	7.25549	889	1
1522636761.208607000	7.2555	74	0
1522636761.208686000	7.25558	1294	1
1522636761.208773000	7.25567	1294	1
1522636761.208785000	7.25568	74	0
1522636761.209078000	7.25597	1294	1
1522636761.210519000	7.25742	1294	1
1522636761.210521000	7.25742	1294	1
1522636761.210537000	7.25743	74	0
1522636761.210796000	7.25769	1294	1
1522636761.210800000	7.2577	1294	1
1522636761.210816000	7.25771	74	0
1522636761.211101000	7.258	1294	1
1522636761.211102000	7.258	1294	1
1522636761.211120000	7.25802	74	0
1522636761.211362000	7.25826	1294	1
1522636761.211639000	7.25853	1294	1
1522636761.211653000	7.25855	74	0
1522636761.212348000	7.25924	1294	1
1522636761.212625000	7.25952	1294	1
1522636761.212639000	7.25954	74	0
1522636761.212916000	7.25981	1294	1
1522636761.213195000	7.26009	1294	1
1522636761.213209000	7.2601	74	0
1522636761.213472000	7.26037	1294	1
1522636761.213764000	7.26066	1294	1
1522636761.213779000	7.26067	74	0
1522636761.214483000	7.26138	1294	1
1522636761.214639000	7.26153	833	1
1522636761.214653000	7.26155	74	0
1522636761.297862000	7.34476	74	1
1522636761.367875000	7.41477	242	0
1522636761.369958000	7.41685	370	0
1522636761.435149000	7.48204	74	1
1522636761.435458000	7.48235	74	1
1522636761.456193000	7.50309	140	1
1522636761.456195000	7.50309	104	1
1522636761.456228000	7.50312	74	0
1522636761.456294000	7.50319	112	1
1522636761.457273000	7.50417	112	0
1522636761.500704000	7.5476	150	1
1522636761.501055000	7.54795	1294	1
1522636761.501057000	7.54795	1294	1
1522636761.501076000	7.54797	74	0
1522636761.501281000	7.54818	1294	1
1522636761.501363000	7.54826	1294	1
1522636761.501366000	7.54826	1294	1
1522636761.501380000	7.54828	74	0
1522636761.501559000	7.54845	1294	1
1522636761.501626000	7.54852	1294	1
1522636761.501629000	7.54853	1294	1
1522636761.501645000	7.54854	74	0
1522636761.501706000	7.5486	1294	1
1522636761.501837000	7.54873	1294	1
1522636761.501849000	7.54874	74	0
1522636761.501912000	7.54881	1294	1
1522636761.501914000	7.54881	1294	1
1522636761.501925000	7.54882	74	0
1522636761.502149000	7.54905	1294	1
1522636761.502371000	7.54927	953	1
1522636761.502382000	7.54928	74	0
1522636761.556689000	7.60359	74	1
1522636763.289165000	9.33606	310	0
1522636763.348917000	9.39581	74	1
1522636763.370453000	9.41735	140	1
1522636763.370455000	9.41735	104	1
1522636763.370457000	9.41735	112	1
1522636763.370501000	9.4174	74	0
1522636763.370886000	9.41778	112	0
1522636763.470138000	9.51703	74	1
1522636765.347449000	11.3943	348	0
1522636765.406806000	11.4537	74	1
1522636765.430478000	11.4774	140	1
1522636765.430481000	11.4774	104	1
1522636765.430520000	11.4774	74	0
1522636765.430594000	11.4775	112	1
1522636765.431565000	11.4785	112	0
1522636765.529758000	11.5767	74	1
