1522737230.764049000	0	315	1
1522737230.777130000	0.0130808	74	0
1522737230.815964000	0.0519149	140	0
1522737230.815967000	0.051918	104	0
1522737230.816032000	0.0519829	74	1
1522737230.816108000	0.0520589	112	0
1522737230.816468000	0.0524189	112	1
1522737230.870122000	0.106073	74	0
1522737233.132661000	2.36861	188	1
1522737233.145940000	2.38189	74	0
1522737233.217868000	2.45382	233	0
1522737233.217962000	2.45391	343	0
1522737233.217964000	2.45391	112	0
1522737233.217981000	2.45393	74	1
1522737233.218277000	2.45423	112	1
1522737233.230893000	2.46684	74	0
1522737233.265897000	2.50185	189	1
1522737233.278755000	2.51471	74	0
1522737233.349127000	2.58508	148	0
1522737233.349224000	2.58518	513	0
1522737233.349245000	2.5852	74	1
1522737233.350394000	2.58634	104	0
1522737233.350463000	2.58641	112	0
1522737233.350475000	2.58643	74	1
1522737233.350831000	2.58678	112	1
1522737233.364601000	2.60055	74	0
1522737233.398215000	2.63417	189	1
1522737233.420446000	2.6564	74	0
1522737233.485641000	2.72159	148	0
1522737233.485643000	2.72159	329	0
1522737233.485680000	2.72163	74	1
1522737233.485745000	2.7217	112	0
1522737233.486113000	2.72206	112	1
1522737233.498533000	2.73448	74	0
1522737233.642456000	2.87841	190	1
1522737233.666356000	2.90231	74	0
1522737233.729878000	2.96583	147	0
1522737233.730356000	2.96631	342	0
1522737233.730358000	2.96631	112	0
1522737233.730380000	2.96633	74	1
1522737233.731141000	2.96709	112	1
1522737233.741341000	2.97729	192	1
1522737233.753908000	2.98986	74	0
1522737233.765472000	3.00142	74	0
1522737233.826776000	3.06273	147	0
1522737233.826871000	3.06282	346	0
1522737233.826891000	3.06284	74	1
1522737233.827206000	3.06316	112	0
1522737233.827681000	3.06363	112	1
1522737233.840387000	3.07634	74	0
1522737233.844679000	3.08063	193	1
1522737233.857188000	3.09314	74	0
1522737233.923620000	3.15957	147	0
1522737233.923623000	3.15957	309	0
1522737233.923666000	3.15962	74	1
1522737233.923740000	3.15969	104	0
1522737233.923742000	3.15969	112	0
1522737233.923756000	3.15971	74	1
1522737233.924110000	3.16006	112	1
1522737233.945659000	3.18161	193	1
1522737233.946485000	3.18244	74	0
1522737233.959458000	3.19541	74	0
1522737234.019049000	3.255	148	0
1522737234.019150000	3.2551	301	0
1522737234.019169000	3.25512	74	1
1522737234.019515000	3.25547	104	0
1522737234.019591000	3.25554	112	0
1522737234.019602000	3.25555	74	1
1522737234.020306000	3.25626	112	1
1522737234.033161000	3.26911	74	0
1522737234.065172000	3.30112	194	1
1522737234.079871000	3.31582	74	0
1522737234.140242000	3.37619	147	0
1522737234.140244000	3.37619	324	0
1522737234.140288000	3.37624	74	1
1522737234.140359000	3.37631	112	0
1522737234.140772000	3.37672	112	1
1522737234.153331000	3.38928	74	0
1522737234.723389000	3.95934	198	1
1522737234.739226000	3.97518	74	0
1522737234.802355000	4.03831	170	0
1522737234.802753000	4.0387	325	0
1522737234.802755000	4.03871	112	0
1522737234.802779000	4.03873	74	1
1522737234.802905000	4.03886	112	1
1522737234.825611000	4.06156	74	0
1522737234.991918000	4.22787	199	1
1522737235.004589000	4.24054	74	0
1522737235.070153000	4.3061	148	0
1522737235.070155000	4.30611	303	0
1522737235.070158000	4.30611	112	0
1522737235.070212000	4.30616	74	1
1522737235.070633000	4.30658	112	1
1522737235.083345000	4.3193	74	0
1522737235.112945000	4.3489	200	1
1522737235.125952000	4.3619	74	0
1522737235.188063000	4.42401	170	0
1522737235.188162000	4.42411	360	0
1522737235.188165000	4.42412	112	0
1522737235.188184000	4.42413	74	1
1522737235.188597000	4.42455	112	1
1522737235.201177000	4.43713	74	0
1522737235.436955000	4.67291	201	1
1522737235.449545000	4.6855	74	0
1522737235.510718000	4.74667	148	0
1522737235.510813000	4.74676	310	0
1522737235.510816000	4.74677	112	0
1522737235.510837000	4.74679	74	1
1522737235.511222000	4.74717	112	1
1522737235.523888000	4.75984	74	0
1522737235.787181000	5.02313	203	1
1522737235.800697000	5.03665	74	0
1522737235.862572000	5.09852	147	0
1522737235.862574000	5.09853	306	0
1522737235.862577000	5.09853	112	0
1522737235.862643000	5.09859	74	1
1522737235.863118000	5.09907	112	1
1522737235.875899000	5.11185	74	0
1522737236.075626000	5.31158	203	1
1522737236.088093000	5.32404	74	0
1522737236.170171000	5.40612	170	0
1522737236.170174000	5.40612	294	0
1522737236.170212000	5.40616	74	1
1522737236.170283000	5.40623	112	0
1522737236.170711000	5.40666	112	1
1522737236.183886000	5.41984	74	0
1522737237.003110000	6.23906	186	1
1522737237.015740000	6.25169	74	0
1522737237.139848000	6.3758	216	0
1522737237.140151000	6.3761	1294	0
1522737237.140170000	6.37612	74	1
1522737237.140254000	6.3762	1294	0
1522737237.140445000	6.3764	1294	0
1522737237.140456000	6.37641	74	1
1522737237.140518000	6.37647	1294	0
1522737237.140774000	6.37672	1294	0
1522737237.140777000	6.37673	1294	0
1522737237.140795000	6.37675	74	1
1522737237.141004000	6.37696	1294	0
1522737237.141934000	6.37788	1244	0
1522737237.141936000	6.37789	135	0
1522737237.141957000	6.37791	74	1
1522737237.142242000	6.37819	1294	0
1522737237.142319000	6.37827	1294	0
1522737237.142333000	6.37828	74	1
1522737237.142585000	6.37854	1294	0
1522737237.142651000	6.3786	1294	0
1522737237.142664000	6.37861	74	1
1522737237.142862000	6.37881	1294	0
1522737237.142928000	6.37888	1294	0
1522737237.142940000	6.37889	74	1
1522737237.143115000	6.37907	1294	0
1522737237.143186000	6.37914	1294	0
1522737237.143200000	6.37915	74	1
1522737237.143262000	6.37921	1294	0
1522737237.143472000	6.37942	1294	0
1522737237.143474000	6.37943	1294	0
1522737237.143488000	6.37944	74	1
1522737237.143551000	6.3795	1294	0
1522737237.143554000	6.3795	1294	0
1522737237.143570000	6.37952	74	1
1522737237.143682000	6.37963	1294	0
1522737237.143753000	6.3797	1294	0
1522737237.143755000	6.37971	1294	0
1522737237.143770000	6.37972	74	1
1522737237.143957000	6.37991	1294	0
1522737237.144023000	6.37997	1294	0
1522737237.144034000	6.37998	74	1
1522737237.144097000	6.38005	1294	0
1522737237.144099000	6.38005	252	0
1522737237.144116000	6.38007	74	1
1522737237.566625000	6.80258	1294	0
1522737237.566900000	6.80285	1294	0
1522737237.566924000	6.80288	74	1
1522737237.566995000	6.80295	1294	0
1522737237.567173000	6.80312	1294	0
1522737237.567187000	6.80314	74	1
1522737237.567257000	6.80321	1294	0
1522737237.567337000	6.80329	1294	0
1522737237.567347000	6.8033	74	1
1522737237.567457000	6.80341	1294	0
1522737237.567541000	6.80349	1294	0
1522737237.567553000	6.8035	74	1
1522737237.567626000	6.80358	1294	0
1522737237.567764000	6.80371	1294	0
1522737237.567774000	6.80373	74	1
1522737237.567834000	6.80378	1294	0
1522737237.567837000	6.80379	943	0
1522737237.567851000	6.8038	74	1
1522737237.577687000	6.81364	1294	0
1522737237.577788000	6.81374	1294	0
1522737237.577805000	6.81376	74	1
1522737237.577933000	6.81388	1294	0
1522737237.578061000	6.81401	1294	0
1522737237.578072000	6.81402	74	1
1522737237.578211000	6.81416	1294	0
1522737237.578344000	6.8143	1294	0
1522737237.578357000	6.81431	74	1
1522737237.578507000	6.81446	1294	0
1522737237.578574000	6.81452	426	0
1522737237.578586000	6.81454	74	1
1522737237.596379000	6.83233	1294	0
1522737237.596684000	6.83263	1294	0
1522737237.596703000	6.83265	74	1
1522737237.596938000	6.83289	1294	0
1522737237.597006000	6.83296	1294	0
1522737237.597019000	6.83297	74	1
1522737237.597164000	6.83311	1294	0
1522737237.597226000	6.83318	1294	0
1522737237.597236000	6.83319	74	1
1522737237.597297000	6.83325	1294	0
1522737237.597439000	6.83339	1294	0
1522737237.597453000	6.8334	74	1
1522737237.597514000	6.83346	1294	0
1522737237.597517000	6.83347	1294	0
1522737237.597529000	6.83348	74	1
1522737237.597740000	6.83369	1294	0
1522737237.597808000	6.83376	1294	0
1522737237.597818000	6.83377	74	1
1522737237.597880000	6.83383	1294	0
1522737237.597882000	6.83383	187	0
1522737237.597893000	6.83384	74	1
1522737237.599549000	6.8355	1294	0
1522737237.599636000	6.83559	1294	0
1522737237.599647000	6.8356	74	1
1522737237.599705000	6.83566	1294	0
1522737237.599839000	6.83579	1294	0
1522737237.599854000	6.8358	74	1
1522737237.599962000	6.83591	1294	0
1522737237.599964000	6.83591	1294	0
1522737237.599978000	6.83593	74	1
1522737237.600249000	6.8362	1294	0
1522737237.600251000	6.8362	1294	0
1522737237.600277000	6.83623	74	1
1522737237.600335000	6.83629	1294	0
1522737237.600525000	6.83648	1294	0
1522737237.600539000	6.83649	74	1
1522737237.600611000	6.83656	1294	0
1522737237.600812000	6.83676	1294	0
1522737237.600815000	6.83677	1294	0
1522737237.600830000	6.83678	74	1
1522737237.600888000	6.83684	895	0
1522737237.601084000	6.83703	1294	0
1522737237.601103000	6.83705	74	1
1522737237.601367000	6.83732	1294	0
1522737237.601668000	6.83762	1294	0
1522737237.601670000	6.83762	153	0
1522737237.601671000	6.83762	104	0
1522737237.601673000	6.83762	112	0
1522737237.601689000	6.83764	74	1
1522737237.601879000	6.83783	112	1
1522737237.625345000	6.8613	74	0
1522737237.722702000	6.95865	198	1
1522737237.735279000	6.97123	74	0
1522737237.774418000	7.01037	140	0
1522737237.774420000	7.01037	104	0
1522737237.774481000	7.01043	74	1
1522737237.774549000	7.0105	112	0
1522737237.775430000	7.01138	112	1
1522737237.828080000	7.06403	74	0
1522737237.924266000	7.16022	344	1
1522737237.937361000	7.17331	74	0
1522737237.939711000	7.17566	155	0
1522737237.940067000	7.17602	1294	0
1522737237.940096000	7.17605	74	1
1522737237.940343000	7.17629	1294	0
1522737237.940441000	7.17639	1294	0
1522737237.940453000	7.1764	74	1
1522737237.940722000	7.17667	1294	0
1522737237.941017000	7.17697	1294	0
1522737237.941033000	7.17698	74	1
1522737237.941327000	7.17728	1294	0
1522737237.941394000	7.17735	1294	0
1522737237.941406000	7.17736	74	1
1522737237.941604000	7.17755	1294	0
1522737237.941671000	7.17762	1294	0
1522737237.941683000	7.17763	74	1
1522737237.941743000	7.17769	1294	0
1522737237.941745000	7.1777	1294	0
1522737237.941759000	7.17771	74	1
1522737237.941819000	7.17777	1294	0
1522737237.941942000	7.17789	1294	0
1522737237.941945000	7.1779	1294	0
1522737237.941959000	7.17791	74	1
1522737237.942020000	7.17797	1294	0
1522737237.942023000	7.17797	1294	0
1522737237.942025000	7.17798	1294	0
1522737237.942038000	7.17799	74	1
1522737237.942097000	7.17805	1294	0
1522737237.942234000	7.17818	1294	0
1522737237.942237000	7.17819	1294	0
1522737237.942253000	7.1782	74	1
1522737237.942311000	7.17826	1294	0
1522737237.942313000	7.17826	1294	0
1522737237.942324000	7.17827	74	1
1522737237.942384000	7.17833	1294	0
1522737237.942507000	7.17846	1294	0
1522737237.942510000	7.17846	1294	0
1522737237.942524000	7.17847	74	1
1522737237.942585000	7.17854	1294	0
1522737237.942587000	7.17854	1294	0
1522737237.942589000	7.17854	1294	0
1522737237.942602000	7.17855	74	1
1522737237.942663000	7.17861	1294	0
1522737237.942780000	7.17873	1294	0
1522737237.942793000	7.17874	74	1
1522737237.942859000	7.17881	1294	0
1522737237.942861000	7.17881	1294	0
1522737237.942864000	7.17881	1294	0
1522737237.942866000	7.17882	1294	0
1522737237.942879000	7.17883	74	1
1522737237.942939000	7.17889	1294	0
1522737237.943077000	7.17903	1294	0
1522737237.943079000	7.17903	1294	0
1522737237.943091000	7.17904	74	1
1522737237.943152000	7.1791	1294	0
1522737237.943223000	7.17917	1294	0
1522737237.943234000	7.17918	74	1
1522737237.943295000	7.17925	1294	0
1522737237.943365000	7.17932	1294	0
1522737237.943374000	7.17932	74	1
1522737237.943435000	7.17939	1294	0
1522737237.943501000	7.17945	1294	0
1522737237.943512000	7.17946	74	1
1522737237.943590000	7.17954	1294	0
1522737237.943658000	7.17961	1294	0
1522737237.943673000	7.17962	74	1
1522737237.943733000	7.17968	1294	0
1522737237.943795000	7.17975	1294	0
1522737237.943806000	7.17976	74	1
1522737237.943862000	7.17981	74	1
1522737237.943868000	7.17982	1294	0
1522737237.943934000	7.17988	1294	0
1522737237.943947000	7.1799	74	1
1522737237.943957000	7.17991	74	1
1522737237.944034000	7.17999	1294	0
1522737237.944156000	7.18011	1294	0
1522737237.944168000	7.18012	74	1
1522737237.944225000	7.18018	1294	0
1522737237.944429000	7.18038	1294	0
1522737237.944431000	7.18038	349	0
1522737237.944445000	7.1804	74	1
1522737237.944972000	7.18092	112	1
1522737237.997700000	7.23365	74	0
1522737238.020693000	7.25664	175	1
1522737238.035533000	7.27148	74	0
1522737238.113086000	7.34904	214	0
1522737238.113090000	7.34904	104	0
1522737238.113153000	7.3491	74	1
1522737238.113220000	7.34917	112	0
1522737238.113595000	7.34955	112	1
1522737238.127358000	7.36331	74	0
1522737238.212935000	7.44889	398	1
1522737238.226949000	7.4629	74	0
1522737238.266375000	7.50233	140	0
1522737238.266378000	7.50233	104	0
1522737238.266404000	7.50235	74	1
1522737238.266468000	7.50242	112	0
1522737238.267069000	7.50302	112	1
1522737238.321805000	7.55776	74	0
1522737238.832438000	8.06839	348	1
1522737238.854552000	8.0905	74	0
1522737238.893210000	8.12916	140	0
1522737238.893212000	8.12916	104	0
1522737238.893214000	8.12916	112	0
1522737238.893244000	8.12919	74	1
1522737238.894074000	8.13002	112	1
1522737238.947319000	8.18327	74	0
1522737240.062014000	9.29797	310	1
1522737240.074686000	9.31064	74	0
1522737240.113129000	9.34908	140	0
1522737240.113138000	9.34909	104	0
1522737240.113194000	9.34914	74	1
1522737240.113262000	9.34921	112	0
1522737240.113601000	9.34955	112	1
1522737240.166809000	9.40276	74	0
