1522715671.005985000	0	315	1
1522715671.018866000	0.012881	74	0
1522715671.041970000	0.035985	140	0
1522715671.041973000	0.0359881	104	0
1522715671.041975000	0.03599	112	0
1522715671.042032000	0.036047	74	1
1522715671.042442000	0.0364571	112	1
1522715671.100475000	0.0944901	74	0
1522715673.293574000	2.28759	188	1
1522715673.305867000	2.29988	74	0
1522715673.361468000	2.35548	233	0
1522715673.361567000	2.35558	326	0
1522715673.361569000	2.35558	112	0
1522715673.361587000	2.3556	74	1
1522715673.361938000	2.35595	112	1
1522715673.374806000	2.36882	74	0
1522715673.394773000	2.38879	188	1
1522715673.407436000	2.40145	74	0
1522715673.445693000	2.43971	147	0
1522715673.445776000	2.43979	324	0
1522715673.445778000	2.43979	112	0
1522715673.445802000	2.43982	74	1
1522715673.446070000	2.44008	112	1
1522715673.498958000	2.49297	74	0
1522715673.588625000	2.58264	191	1
1522715673.601088000	2.5951	74	0
1522715673.638964000	2.63298	147	0
1522715673.639378000	2.63339	359	0
1522715673.639380000	2.63339	112	0
1522715673.639396000	2.63341	74	1
1522715673.639905000	2.63392	112	1
1522715673.691659000	2.68567	74	0
1522715673.768480000	2.7625	192	1
1522715673.781351000	2.77537	74	0
1522715673.821830000	2.81585	170	0
1522715673.821946000	2.81596	316	0
1522715673.821948000	2.81596	104	0
1522715673.821950000	2.81596	112	0
1522715673.821974000	2.81599	74	1
1522715673.822375000	2.81639	112	1
1522715673.834788000	2.8288	74	0
1522715674.062302000	3.05632	193	1
1522715674.075006000	3.06902	74	0
1522715674.110955000	3.10497	147	0
1522715674.110957000	3.10497	317	0
1522715674.110991000	3.10501	74	1
1522715674.111057000	3.10507	104	0
1522715674.111060000	3.10507	112	0
1522715674.111081000	3.1051	74	1
1522715674.111422000	3.10544	112	1
1522715674.163288000	3.1573	74	0
1522715674.742007000	3.73602	196	1
1522715674.755297000	3.74931	74	0
1522715674.788836000	3.78285	170	0
1522715674.788938000	3.78295	354	0
1522715674.788940000	3.78295	112	0
1522715674.788958000	3.78297	74	1
1522715674.789258000	3.78327	112	1
1522715674.835745000	3.82976	198	1
1522715674.841539000	3.83555	74	0
1522715674.855592000	3.84961	74	0
1522715674.888034000	3.88205	148	0
1522715674.888140000	3.88215	357	0
1522715674.888143000	3.88216	104	0
1522715674.888144000	3.88216	112	0
1522715674.888165000	3.88218	74	1
1522715674.888491000	3.88251	112	1
1522715674.935738000	3.92975	199	1
1522715674.940484000	3.9345	74	0
1522715674.949137000	3.94315	74	0
1522715674.980852000	3.97487	147	0
1522715674.980947000	3.97496	358	0
1522715674.980950000	3.97497	112	0
1522715674.980971000	3.97499	74	1
1522715674.981270000	3.97529	112	1
1522715675.033341000	4.02736	74	0
1522715675.123351000	4.11737	200	1
1522715675.136689000	4.1307	74	0
1522715675.171790000	4.1658	147	0
1522715675.171792000	4.16581	338	0
1522715675.171849000	4.16586	74	1
1522715675.171922000	4.16594	112	0
1522715675.172327000	4.16634	112	1
1522715675.209656000	4.20367	201	1
1522715675.222514000	4.21653	74	0
1522715675.254255000	4.24827	147	0
1522715675.254345000	4.24836	307	0
1522715675.254348000	4.24836	104	0
1522715675.254350000	4.24836	112	0
1522715675.254373000	4.24839	74	1
1522715675.254752000	4.24877	112	1
1522715675.306754000	4.30077	74	0
1522715675.483626000	4.47764	203	1
1522715675.496121000	4.49014	74	0
1522715675.533681000	4.5277	147	0
1522715675.533786000	4.5278	344	0
1522715675.533788000	4.5278	112	0
1522715675.533816000	4.52783	74	1
1522715675.534202000	4.52822	112	1
1522715675.597915000	4.59193	74	0
1522715676.009113000	5.00313	207	1
1522715676.022024000	5.01604	74	0
1522715676.055525000	5.04954	171	0
1522715676.055605000	5.04962	333	0
1522715676.055607000	5.04962	112	0
1522715676.055630000	5.04964	74	1
1522715676.055940000	5.04995	112	1
1522715676.108302000	5.10232	74	0
1522715676.303376000	5.29739	210	1
1522715676.316239000	5.31025	74	0
1522715676.352108000	5.34612	147	0
1522715676.352110000	5.34612	325	0
1522715676.352164000	5.34618	74	1
1522715676.352233000	5.34625	112	0
1522715676.352584000	5.3466	112	1
1522715676.404402000	5.39842	74	0
1522715677.873057000	6.86707	194	1
1522715677.886173000	6.88019	74	0
1522715677.977258000	6.97127	216	0
1522715677.977552000	6.97157	1294	0
1522715677.977572000	6.97159	74	1
1522715677.977869000	6.97188	1294	0
1522715677.977871000	6.97189	1294	0
1522715677.977885000	6.9719	74	1
1522715677.978120000	6.97214	1294	0
1522715677.978202000	6.97222	1294	0
1522715677.978215000	6.97223	74	1
1522715677.978409000	6.97242	1294	0
1522715677.978690000	6.9727	1294	0
1522715677.978703000	6.97272	74	1
1522715677.978949000	6.97296	1284	0
1522715677.996651000	6.99067	1294	0
1522715677.996708000	6.99072	74	1
1522715677.996883000	6.9909	1294	0
1522715677.996951000	6.99097	1294	0
1522715677.996962000	6.99098	74	1
1522715677.997175000	6.99119	1294	0
1522715677.997243000	6.99126	1294	0
1522715677.997256000	6.99127	74	1
1522715677.997430000	6.99145	1294	0
1522715677.997503000	6.99152	1294	0
1522715677.997506000	6.99152	1294	0
1522715677.997518000	6.99153	74	1
1522715677.997708000	6.99172	1294	0
1522715677.997781000	6.9918	1294	0
1522715677.997784000	6.9918	1294	0
1522715677.997795000	6.99181	74	1
1522715677.997984000	6.992	1294	0
1522715677.998053000	6.99207	1122	0
1522715677.998063000	6.99208	74	1
1522715677.999719000	6.99373	1294	0
1522715678.000022000	6.99404	1294	0
1522715678.000024000	6.99404	1294	0
1522715678.000049000	6.99406	74	1
1522715678.000250000	6.99427	1294	0
1522715678.000317000	6.99433	1294	0
1522715678.000329000	6.99434	74	1
1522715678.000547000	6.99456	1294	0
1522715678.000616000	6.99463	449	0
1522715678.000626000	6.99464	74	1
1522715678.260759000	7.25477	1294	0
1522715678.260762000	7.25478	1294	0
1522715678.260805000	7.25482	74	1
1522715678.260976000	7.25499	1294	0
1522715678.261060000	7.25507	1294	0
1522715678.261075000	7.25509	74	1
1522715678.261150000	7.25516	1294	0
1522715678.261281000	7.2553	1294	0
1522715678.261291000	7.25531	74	1
1522715678.261356000	7.25537	1294	0
1522715678.261458000	7.25547	1294	0
1522715678.261468000	7.25548	74	1
1522715678.261549000	7.25556	1294	0
1522715678.261629000	7.25564	1294	0
1522715678.261638000	7.25565	74	1
1522715678.261724000	7.25574	1294	0
1522715678.261828000	7.25584	1294	0
1522715678.261844000	7.25586	74	1
1522715678.262079000	7.25609	1294	0
1522715678.262082000	7.2561	484	0
1522715678.262109000	7.25612	74	1
1522715678.262223000	7.25624	1294	0
1522715678.262293000	7.25631	1294	0
1522715678.262306000	7.25632	74	1
1522715678.262587000	7.2566	1294	0
1522715678.262590000	7.2566	245	0
1522715678.262603000	7.25662	74	1
1522715678.268227000	7.26224	1294	0
1522715678.268324000	7.26234	1294	0
1522715678.268339000	7.26235	74	1
1522715678.268512000	7.26253	1294	0
1522715678.268582000	7.2626	1294	0
1522715678.268596000	7.26261	74	1
1522715678.268775000	7.26279	1294	0
1522715678.268843000	7.26286	1294	0
1522715678.268853000	7.26287	74	1
1522715678.269072000	7.26309	1294	0
1522715678.269224000	7.26324	868	0
1522715678.269238000	7.26325	74	1
1522715678.283871000	7.27789	1294	0
1522715678.284025000	7.27804	1294	0
1522715678.284039000	7.27805	74	1
1522715678.284166000	7.27818	1294	0
1522715678.284168000	7.27818	1294	0
1522715678.284184000	7.2782	74	1
1522715678.284314000	7.27833	1294	0
1522715678.284421000	7.27844	1294	0
1522715678.284432000	7.27845	74	1
1522715678.284492000	7.27851	1294	0
1522715678.284595000	7.27861	1294	0
1522715678.284607000	7.27862	74	1
1522715678.284708000	7.27872	1294	0
1522715678.284785000	7.2788	1294	0
1522715678.284795000	7.27881	74	1
1522715678.284872000	7.27889	1294	0
1522715678.284987000	7.279	1294	0
1522715678.284997000	7.27901	74	1
1522715678.285083000	7.2791	1294	0
1522715678.285085000	7.2791	187	0
1522715678.285096000	7.27911	74	1
1522715678.287874000	7.28189	1294	0
1522715678.288048000	7.28206	1294	0
1522715678.288063000	7.28208	74	1
1522715678.288120000	7.28214	1294	0
1522715678.288182000	7.2822	1294	0
1522715678.288193000	7.28221	74	1
1522715678.288325000	7.28234	1294	0
1522715678.288408000	7.28242	1294	0
1522715678.288418000	7.28243	74	1
1522715678.288478000	7.28249	1294	0
1522715678.288602000	7.28262	1294	0
1522715678.288615000	7.28263	74	1
1522715678.288701000	7.28272	1294	0
1522715678.288765000	7.28278	1294	0
1522715678.288776000	7.28279	74	1
1522715678.288894000	7.28291	1294	0
1522715678.288980000	7.28299	1294	0
1522715678.288990000	7.283	74	1
1522715678.289047000	7.28306	1294	0
1522715678.289049000	7.28306	901	0
1522715678.289061000	7.28308	74	1
1522715678.289272000	7.28329	1294	0
1522715678.289380000	7.2834	1294	0
1522715678.289394000	7.28341	74	1
1522715678.289672000	7.28369	1294	0
1522715678.289674000	7.28369	310	0
1522715678.289689000	7.2837	74	1
1522715678.289749000	7.28376	112	0
1522715678.289824000	7.28384	112	1
1522715678.304074000	7.29809	74	0
1522715678.389467000	7.38348	144	1
1522715678.401792000	7.39581	74	0
1522715678.421182000	7.4152	203	0
1522715678.421519000	7.41553	1294	0
1522715678.421539000	7.41555	74	1
1522715678.421794000	7.41581	1294	0
1522715678.422132000	7.41615	1294	0
1522715678.422154000	7.41617	74	1
1522715678.422218000	7.41623	1294	0
1522715678.422425000	7.41644	1294	0
1522715678.422437000	7.41645	74	1
1522715678.422496000	7.41651	1294	0
1522715678.422707000	7.41672	1294	0
1522715678.422723000	7.41674	74	1
1522715678.422783000	7.4168	1294	0
1522715678.422981000	7.417	1294	0
1522715678.422993000	7.41701	74	1
1522715678.423320000	7.41734	1294	0
1522715678.423323000	7.41734	530	0
1522715678.423324000	7.41734	112	0
1522715678.423340000	7.41736	74	1
1522715678.423506000	7.41752	112	1
1522715678.440540000	7.43456	198	1
1522715678.453874000	7.44789	74	0
1522715678.474798000	7.46881	140	0
1522715678.474801000	7.46882	104	0
1522715678.474841000	7.46886	74	1
1522715678.474907000	7.46892	112	0
1522715678.475670000	7.46969	112	1
1522715678.536467000	7.53048	74	0
1522715678.611823000	7.60584	366	1
1522715678.625360000	7.61937	74	0
1522715678.626496000	7.62051	203	0
1522715678.627245000	7.62126	1294	0
1522715678.627274000	7.62129	74	1
1522715678.627385000	7.6214	1294	0
1522715678.627522000	7.62154	1294	0
1522715678.627538000	7.62155	74	1
1522715678.627702000	7.62172	1294	0
1522715678.627814000	7.62183	1294	0
1522715678.627833000	7.62185	74	1
1522715678.627894000	7.62191	1294	0
1522715678.628108000	7.62212	1294	0
1522715678.628122000	7.62214	74	1
1522715678.628183000	7.6222	1294	0
1522715678.628386000	7.6224	1294	0
1522715678.628402000	7.62242	74	1
1522715678.628467000	7.62248	1294	0
1522715678.628603000	7.62262	1294	0
1522715678.628617000	7.62263	74	1
1522715678.628673000	7.62269	1294	0
1522715678.628739000	7.62275	1294	0
1522715678.628742000	7.62276	1294	0
1522715678.628758000	7.62277	74	1
1522715678.628916000	7.62293	1294	0
1522715678.628985000	7.623	1294	0
1522715678.628988000	7.623	1294	0
1522715678.628999000	7.62301	74	1
1522715678.629057000	7.62307	1294	0
1522715678.629123000	7.62314	1294	0
1522715678.629136000	7.62315	74	1
1522715678.629193000	7.62321	1294	0
1522715678.629259000	7.62327	1294	0
1522715678.629262000	7.62328	1294	0
1522715678.629279000	7.62329	74	1
1522715678.629338000	7.62335	1294	0
1522715678.629398000	7.62341	1294	0
1522715678.629408000	7.62342	74	1
1522715678.629467000	7.62348	1294	0
1522715678.629538000	7.62355	1294	0
1522715678.629541000	7.62356	1294	0
1522715678.629552000	7.62357	74	1
1522715678.629647000	7.62366	1294	0
1522715678.629740000	7.62375	1294	0
1522715678.629751000	7.62377	74	1
1522715678.629812000	7.62383	1294	0
1522715678.629815000	7.62383	1294	0
1522715678.629826000	7.62384	74	1
1522715678.629921000	7.62394	1294	0
1522715678.629997000	7.62401	1294	0
1522715678.630007000	7.62402	74	1
1522715678.630099000	7.62411	1294	0
1522715678.630101000	7.62412	1294	0
1522715678.630112000	7.62413	74	1
1522715678.630214000	7.62423	1294	0
1522715678.630293000	7.62431	1294	0
1522715678.630305000	7.62432	74	1
1522715678.630363000	7.62438	1294	0
1522715678.630504000	7.62452	1294	0
1522715678.630513000	7.62453	74	1
1522715678.630569000	7.62458	1294	0
1522715678.630782000	7.6248	1294	0
1522715678.630794000	7.62481	74	1
1522715678.630878000	7.62489	1294	0
1522715678.631086000	7.6251	1294	0
1522715678.631089000	7.6251	1294	0
1522715678.631106000	7.62512	74	1
1522715678.631165000	7.62518	1294	0
1522715678.631233000	7.62525	1294	0
1522715678.631244000	7.62526	74	1
1522715678.631334000	7.62535	74	1
1522715678.631364000	7.62538	1294	0
1522715678.631366000	7.62538	1294	0
1522715678.631377000	7.62539	74	1
1522715678.631439000	7.62545	1294	0
1522715678.631506000	7.62552	1294	0
1522715678.631516000	7.62553	74	1
1522715678.631726000	7.62574	1294	0
1522715678.632005000	7.62602	1294	0
1522715678.632019000	7.62603	74	1
1522715678.632079000	7.62609	1294	0
1522715678.632322000	7.62634	1294	0
1522715678.632335000	7.62635	74	1
1522715678.632396000	7.62641	1294	0
1522715678.632585000	7.6266	1294	0
1522715678.632599000	7.62661	74	1
1522715678.633498000	7.62751	1294	0
1522715678.633864000	7.62788	470	0
1522715678.633877000	7.62789	74	1
1522715678.634401000	7.62842	112	1
1522715678.658089000	7.6521	175	1
1522715678.670612000	7.66463	74	0
1522715678.692973000	7.68699	216	0
1522715678.692976000	7.68699	104	0
1522715678.693034000	7.68705	74	1
1522715678.693101000	7.68712	112	0
1522715678.693418000	7.68743	112	1
1522715678.745338000	7.73935	74	0
1522715678.772661000	7.76668	218	1
1522715678.776772000	7.77079	141	1
1522715678.786015000	7.78003	74	0
1522715678.790430000	7.78445	74	0
1522715678.807419000	7.80143	142	0
1522715678.807835000	7.80185	104	0
1522715678.807852000	7.80187	74	1
1522715678.807915000	7.80193	112	0
1522715678.808476000	7.80249	112	1
1522715678.809953000	7.80397	177	0
1522715678.810026000	7.80404	177	0
1522715678.810039000	7.80405	74	1
1522715678.864249000	7.85826	74	0
1522715678.873729000	7.86774	379	1
1522715678.886705000	7.88072	74	0
1522715678.907211000	7.90123	143	0
1522715678.907290000	7.9013	104	0
1522715678.907292000	7.90131	112	0
1522715678.907304000	7.90132	74	1
1522715678.907939000	7.90195	112	1
1522715678.960307000	7.95432	74	0
1522715679.060025000	8.05404	347	1
1522715679.083418000	8.07743	74	0
1522715679.103760000	8.09777	143	0
1522715679.103762000	8.09778	104	0
1522715679.103764000	8.09778	112	0
1522715679.103809000	8.09782	74	1
1522715679.104793000	8.09881	112	1
1522715679.156414000	8.15043	74	0
1522715680.776060000	9.77008	310	1
1522715680.789226000	9.78324	74	0
1522715680.810024000	9.80404	143	0
1522715680.810026000	9.80404	104	0
1522715680.810028000	9.80404	112	0
1522715680.810067000	9.80408	74	1
1522715680.810400000	9.80441	112	1
1522715680.863512000	9.85753	74	0
