1522650399.326317000	0	86	1
1522650399.396186000	0.069869	86	0
1522650399.396256000	0.0699389	74	1
1522650399.396648000	0.0703309	276	1
1522650399.460466000	0.134149	74	0
1522650399.478308000	0.151991	1294	0
1522650399.478536000	0.152219	1294	0
1522650399.478539000	0.152222	198	0
1522650399.478557000	0.15224	74	1
1522650399.981277000	0.65496	316	1
1522650400.002857000	0.67654	159	1
1522650400.003282000	0.676965	478	1
1522650400.043930000	0.717613	344	0
1522650400.064608000	0.738291	135	0
1522650400.064663000	0.738346	74	1
1522650400.064876000	0.738559	104	1
1522650400.065327000	0.73901	104	0
1522650400.142016000	0.815699	650	0
1522650400.142060000	0.815743	74	1
1522650400.142288000	0.815971	1294	0
1522650400.142605000	0.816288	1294	0
1522650400.142607000	0.81629	1294	0
1522650400.142620000	0.816303	74	1
1522650400.142862000	0.816545	1294	0
1522650400.142865000	0.816548	1294	0
1522650400.142884000	0.816567	74	1
1522650400.143166000	0.816849	1294	0
1522650400.143439000	0.817122	1294	0
1522650400.143452000	0.817135	74	1
1522650400.143557000	0.81724	727	0
1522650400.160862000	0.834545	1294	0
1522650400.160925000	0.834608	74	1
1522650400.161128000	0.834811	1294	0
1522650400.161227000	0.83491	1294	0
1522650400.161238000	0.834921	74	1
1522650400.161524000	0.835207	1294	0
1522650400.161817000	0.8355	1294	0
1522650400.161832000	0.835515	74	1
1522650400.225482000	0.899165	1294	0
1522650400.225744000	0.899427	1294	0
1522650400.225773000	0.899456	74	1
1522650400.226022000	0.899705	1294	0
1522650400.226313000	0.899996	1294	0
1522650400.226328000	0.900011	74	1
1522650400.230610000	0.904293	1294	0
1522650400.230870000	0.904553	1294	0
1522650400.230890000	0.904573	74	1
1522650400.230956000	0.904639	1294	0
1522650400.231180000	0.904863	1294	0
1522650400.231195000	0.904878	74	1
1522650400.231254000	0.904937	1294	0
1522650400.231323000	0.905006	1294	0
1522650400.231335000	0.905018	74	1
1522650400.231464000	0.905147	1294	0
1522650400.231530000	0.905213	1294	0
1522650400.231540000	0.905223	74	1
1522650400.231601000	0.905284	1294	0
1522650400.231739000	0.905422	1294	0
1522650400.231753000	0.905436	74	1
1522650400.231810000	0.905493	1294	0
1522650400.232036000	0.905719	1294	0
1522650400.232050000	0.905733	74	1
1522650400.238284000	0.911967	1294	0
1522650400.238586000	0.912269	1294	0
1522650400.238602000	0.912285	74	1
1522650400.240852000	0.914535	1294	0
1522650400.241162000	0.914845	1294	0
1522650400.241178000	0.914861	74	1
1522650400.245076000	0.918759	1294	0
1522650400.245385000	0.919068	1294	0
1522650400.245404000	0.919087	74	1
1522650400.288066000	0.961749	1294	0
1522650400.288323000	0.962006	1294	0
1522650400.288352000	0.962035	74	1
1522650400.288604000	0.962287	1294	0
1522650400.288898000	0.962581	1294	0
1522650400.288910000	0.962593	74	1
1522650400.290845000	0.964528	1294	0
1522650400.291117000	0.9648	1294	0
1522650400.291135000	0.964818	74	1
1522650400.291428000	0.965111	1294	0
1522650400.292597000	0.96628	327	1
1522650400.293881000	0.967564	169	1
1522650400.297085000	0.970768	1294	0
1522650400.297353000	0.971036	1294	0
1522650400.297373000	0.971056	74	1
1522650400.297631000	0.971314	1294	0
1522650400.297908000	0.971591	1294	0
1522650400.297920000	0.971603	74	1
1522650400.302938000	0.976621	1294	0
1522650400.303226000	0.976909	1294	0
1522650400.303247000	0.97693	74	1
1522650400.306065000	0.979748	1294	0
1522650400.306333000	0.980016	1294	0
1522650400.306354000	0.980037	74	1
1522650400.306648000	0.980331	1294	0
1522650400.306925000	0.980608	1294	0
1522650400.306937000	0.98062	74	1
1522650400.310071000	0.983754	1294	0
1522650400.310364000	0.984047	1294	0
1522650400.310383000	0.984066	74	1
1522650400.313813000	0.987496	1294	0
1522650400.313926000	0.987609	719	0
1522650400.313942000	0.987625	74	1
1522650400.314621000	0.988304	112	1
1522650400.355083000	1.02877	74	0
1522650400.371449000	1.04513	252	0
1522650400.371781000	1.04546	1294	0
1522650400.371808000	1.04549	74	1
1522650400.371867000	1.04555	1294	0
1522650400.372059000	1.04574	1294	0
1522650400.372071000	1.04575	74	1
1522650400.372339000	1.04602	1294	0
1522650400.372447000	1.04613	395	0
1522650400.372449000	1.04613	104	0
1522650400.372459000	1.04614	74	1
1522650400.374469000	1.04815	147	0
1522650400.374819000	1.0485	1294	0
1522650400.374838000	1.04852	74	1
1522650400.376160000	1.04984	1294	0
1522650400.376431000	1.05011	1294	0
1522650400.376448000	1.05013	74	1
1522650400.376517000	1.0502	1294	0
1522650400.376793000	1.05048	1277	0
1522650400.376796000	1.05048	142	0
1522650400.376817000	1.0505	74	1
1522650400.377037000	1.05072	112	1
1522650400.432204000	1.10589	247	1
1522650400.434016000	1.1077	250	1
1522650400.492181000	1.16586	74	0
1522650400.493940000	1.16762	262	0
1522650400.494303000	1.16799	1294	0
1522650400.494306000	1.16799	1294	0
1522650400.494328000	1.16801	74	1
1522650400.494512000	1.1682	1294	0
1522650400.494586000	1.16827	1294	0
1522650400.494598000	1.16828	74	1
1522650400.494661000	1.16834	1294	0
1522650400.494786000	1.16847	1294	0
1522650400.494799000	1.16848	74	1
1522650400.494935000	1.16862	1294	0
1522650400.495058000	1.16874	1294	0
1522650400.495067000	1.16875	74	1
1522650400.495228000	1.16891	1294	0
1522650400.495355000	1.16904	1294	0
1522650400.495367000	1.16905	74	1
1522650400.495527000	1.16921	1294	0
1522650400.495529000	1.16921	1294	0
1522650400.495540000	1.16922	74	1
1522650400.495653000	1.16934	1294	0
1522650400.495802000	1.16948	1294	0
1522650400.495810000	1.16949	74	1
1522650400.496104000	1.16979	1294	0
1522650400.496374000	1.17006	1294	0
1522650400.496386000	1.17007	74	1
1522650400.496560000	1.17024	74	1
1522650400.497412000	1.17109	1294	0
1522650400.497691000	1.17137	1294	0
1522650400.497711000	1.17139	74	1
1522650400.497984000	1.17167	1294	0
1522650400.498260000	1.17194	1294	0
1522650400.498274000	1.17196	74	1
1522650400.500597000	1.17428	1294	0
1522650400.500878000	1.17456	1294	0
1522650400.500901000	1.17458	74	1
1522650400.503674000	1.17736	1294	0
1522650400.503968000	1.17765	1294	0
1522650400.503982000	1.17766	74	1
1522650400.504244000	1.17793	1294	0
1522650400.504523000	1.17821	1294	0
1522650400.504535000	1.17822	74	1
1522650400.506901000	1.18058	1294	0
1522650400.507191000	1.18087	1294	0
1522650400.507219000	1.1809	74	1
1522650400.510551000	1.18423	1294	0
1522650400.510827000	1.18451	1294	0
1522650400.510845000	1.18453	74	1
1522650400.511444000	1.18513	1294	0
1522650400.511744000	1.18543	1294	0
1522650400.511759000	1.18544	74	1
1522650400.513342000	1.18702	1294	0
1522650400.513639000	1.18732	1294	0
1522650400.513652000	1.18734	74	1
1522650400.514120000	1.1878	1294	0
1522650400.514414000	1.1881	1294	0
1522650400.514427000	1.18811	74	1
1522650400.516347000	1.19003	1294	0
1522650400.516628000	1.19031	1294	0
1522650400.516642000	1.19033	74	1
1522650400.519812000	1.1935	1294	0
1522650400.520099000	1.19378	1294	0
1522650400.520112000	1.19379	74	1
1522650400.520376000	1.19406	1294	0
1522650400.522739000	1.19642	1294	0
1522650400.522755000	1.19644	74	1
1522650400.523016000	1.1967	1294	0
1522650400.523306000	1.19699	1294	0
1522650400.523319000	1.197	74	1
1522650400.523584000	1.19727	1294	0
1522650400.526185000	1.19987	1294	0
1522650400.526198000	1.19988	74	1
1522650400.526486000	1.20017	1294	0
1522650400.529269000	1.20295	1294	0
1522650400.529298000	1.20298	74	1
1522650400.529564000	1.20325	1294	0
1522650400.529840000	1.20352	1294	0
1522650400.529853000	1.20354	74	1
1522650400.530111000	1.20379	1294	0
1522650400.532465000	1.20615	1294	0
1522650400.532480000	1.20616	74	1
1522650400.532758000	1.20644	1294	0
1522650400.553643000	1.22733	1294	0
1522650400.553661000	1.22734	74	1
1522650400.553916000	1.2276	1294	0
1522650400.554195000	1.22788	1294	0
1522650400.554206000	1.22789	74	1
1522650400.554486000	1.22817	1294	0
1522650400.555191000	1.22887	1294	0
1522650400.555203000	1.22889	74	1
1522650400.555467000	1.22915	1294	0
1522650400.555762000	1.22944	1294	0
1522650400.555775000	1.22946	74	1
1522650400.556059000	1.22974	1294	0
1522650400.558481000	1.23216	1294	0
1522650400.558500000	1.23218	74	1
1522650400.558632000	1.23231	834	0
1522650400.562022000	1.2357	1294	0
1522650400.562035000	1.23572	74	1
1522650400.562311000	1.23599	1294	0
1522650400.562589000	1.23627	1294	0
1522650400.562601000	1.23628	74	1
1522650400.562893000	1.23658	1294	0
1522650400.564399000	1.23808	1294	0
1522650400.564418000	1.2381	74	1
1522650400.564480000	1.23816	534	0
1522650400.564803000	1.23849	1294	0
1522650400.564817000	1.2385	74	1
1522650400.565084000	1.23877	1294	0
1522650400.567136000	1.24082	1294	0
1522650400.567151000	1.24083	74	1
1522650400.567435000	1.24112	1294	0
1522650400.570132000	1.24381	1294	0
1522650400.570149000	1.24383	74	1
1522650400.570423000	1.24411	1294	0
1522650400.572564000	1.24625	1294	0
1522650400.572579000	1.24626	74	1
1522650400.572857000	1.24654	1294	0
1522650400.573133000	1.24682	1294	0
1522650400.573146000	1.24683	74	1
1522650400.573410000	1.24709	1294	0
1522650400.574867000	1.24855	1294	0
1522650400.574881000	1.24856	74	1
1522650400.575160000	1.24884	1294	0
1522650400.575762000	1.24944	1294	0
1522650400.575777000	1.24946	74	1
1522650400.576056000	1.24974	1294	0
1522650400.577000000	1.25068	1294	0
1522650400.577015000	1.2507	74	1
1522650400.577304000	1.25099	1294	0
1522650400.578579000	1.25226	1294	0
1522650400.578595000	1.25228	74	1
1522650400.578859000	1.25254	1294	0
1522650400.579820000	1.2535	1294	0
1522650400.579833000	1.25352	74	1
1522650400.580109000	1.25379	1294	0
1522650400.581508000	1.25519	1294	0
1522650400.581524000	1.25521	74	1
1522650400.581621000	1.2553	1294	0
1522650400.581910000	1.25559	1294	0
1522650400.581920000	1.2556	74	1
1522650400.582188000	1.25587	1294	0
1522650400.582878000	1.25656	1294	0
1522650400.582892000	1.25657	74	1
1522650400.583183000	1.25687	1294	0
1522650400.584981000	1.25866	1294	0
1522650400.585002000	1.25868	74	1
1522650400.585253000	1.25894	1294	0
1522650400.585555000	1.25924	1294	0
1522650400.585569000	1.25925	74	1
1522650400.587633000	1.26132	1294	0
1522650400.587702000	1.26138	1294	0
1522650400.587712000	1.26139	74	1
1522650400.599116000	1.2728	1294	0
1522650400.599390000	1.27307	1294	0
1522650400.599422000	1.2731	74	1
1522650400.600114000	1.2738	1294	0
1522650400.600393000	1.27408	1294	0
1522650400.600407000	1.27409	74	1
1522650400.602307000	1.27599	1294	0
1522650400.602586000	1.27627	1294	0
1522650400.602599000	1.27628	74	1
1522650400.613671000	1.28735	1294	0
1522650400.613941000	1.28762	1294	0
1522650400.613961000	1.28764	74	1
1522650400.614572000	1.28825	1294	0
1522650400.614848000	1.28853	1294	0
1522650400.614865000	1.28855	74	1
1522650400.615471000	1.28915	1294	0
1522650400.615771000	1.28945	1294	0
1522650400.615787000	1.28947	74	1
1522650400.616065000	1.28975	1294	0
1522650400.616342000	1.29002	1294	0
1522650400.616355000	1.29004	74	1
1522650400.617255000	1.29094	1294	0
1522650400.617550000	1.29123	1294	0
1522650400.617571000	1.29125	74	1
1522650400.621283000	1.29497	1294	0
1522650400.621583000	1.29527	1294	0
1522650400.621603000	1.29529	74	1
1522650400.622248000	1.29593	1294	0
1522650400.622547000	1.29623	1294	0
1522650400.622564000	1.29625	74	1
1522650400.623461000	1.29714	1294	0
1522650400.623737000	1.29742	1294	0
1522650400.623751000	1.29743	74	1
1522650400.624032000	1.29771	1294	0
1522650400.624751000	1.29843	1294	0
1522650400.624766000	1.29845	74	1
1522650400.625026000	1.29871	1294	0
1522650400.630011000	1.30369	1294	0
1522650400.630071000	1.30375	74	1
1522650400.630268000	1.30395	1294	0
1522650400.631423000	1.30511	903	0
1522650400.631451000	1.30513	74	1
1522650400.632294000	1.30598	112	1
1522650400.731202000	1.40488	74	0
1522650400.737299000	1.41098	317	1
1522650400.779221000	1.4529	145	1
1522650400.803072000	1.47675	74	0
1522650400.803522000	1.47721	203	0
1522650400.803862000	1.47755	1294	0
1522650400.803882000	1.47756	74	1
1522650400.804138000	1.47782	1294	0
1522650400.804413000	1.4781	1294	0
1522650400.804426000	1.47811	74	1
1522650400.804561000	1.47824	1294	0
1522650400.804710000	1.47839	1294	0
1522650400.804722000	1.4784	74	1
1522650400.804838000	1.47852	1294	0
1522650400.805129000	1.47881	1294	0
1522650400.805144000	1.47883	74	1
1522650400.805405000	1.47909	1294	0
1522650400.805687000	1.47937	1294	0
1522650400.805702000	1.47938	74	1
1522650400.805985000	1.47967	1294	0
1522650400.806916000	1.4806	1294	0
1522650400.806931000	1.48061	74	1
1522650400.807215000	1.4809	1294	0
1522650400.807511000	1.48119	1294	0
1522650400.807522000	1.4812	74	1
1522650400.807791000	1.48147	1294	0
1522650400.808081000	1.48176	1294	0
1522650400.808093000	1.48178	74	1
1522650400.808372000	1.48205	1294	0
1522650400.809475000	1.48316	1294	0
1522650400.809489000	1.48317	74	1
1522650400.809765000	1.48345	1294	0
1522650400.810046000	1.48373	1294	0
1522650400.810058000	1.48374	74	1
1522650400.810323000	1.48401	1294	0
1522650400.810646000	1.48433	1294	0
1522650400.810656000	1.48434	74	1
1522650400.810925000	1.48461	1294	0
1522650400.811724000	1.48541	1294	0
1522650400.811737000	1.48542	74	1
1522650400.811999000	1.48568	1294	0
1522650400.812311000	1.48599	1294	0
1522650400.812324000	1.48601	74	1
1522650400.812593000	1.48628	1294	0
1522650400.812846000	1.48653	1294	0
1522650400.812860000	1.48654	74	1
1522650400.813144000	1.48683	1294	0
1522650400.813957000	1.48764	1294	0
1522650400.813983000	1.48767	74	1
1522650400.814116000	1.4878	822	0
1522650400.814316000	1.488	112	1
1522650400.850869000	1.52455	200	0
1522650400.851051000	1.52473	362	0
1522650400.851098000	1.52478	74	1
1522650400.929991000	1.60367	74	0
1522650401.337129000	2.01081	361	1
1522650401.381806000	2.05549	144	1
1522650401.387395000	2.06108	379	1
1522650401.397955000	2.07164	159	1
1522650401.403263000	2.07695	74	0
1522650401.425157000	2.09884	140	0
1522650401.425160000	2.09884	104	0
1522650401.425198000	2.09888	74	1
1522650401.425267000	2.09895	112	0
1522650401.426123000	2.09981	112	1
1522650401.448927000	2.12261	74	0
1522650401.462366000	2.13605	194	0
1522650401.462725000	2.13641	1294	0
1522650401.462728000	2.13641	1294	0
1522650401.462747000	2.13643	74	1
1522650401.462950000	2.13663	1294	0
1522650401.463042000	2.13672	1294	0
1522650401.463056000	2.13674	74	1
1522650401.463228000	2.13691	1294	0
1522650401.463294000	2.13698	1294	0
1522650401.463305000	2.13699	74	1
1522650401.463365000	2.13705	1294	0
1522650401.463547000	2.13723	1294	0
1522650401.463550000	2.13723	1294	0
1522650401.463565000	2.13725	74	1
1522650401.463626000	2.13731	1294	0
1522650401.463798000	2.13748	1294	0
1522650401.463812000	2.1375	74	1
1522650401.463869000	2.13755	1294	0
1522650401.464074000	2.13776	1294	0
1522650401.464088000	2.13777	74	1
1522650401.464148000	2.13783	1294	0
1522650401.464150000	2.13783	113	0
1522650401.464152000	2.13784	104	0
1522650401.464164000	2.13785	74	1
1522650401.469867000	2.14355	140	0
1522650401.469947000	2.14363	104	0
1522650401.469961000	2.14364	74	1
1522650401.479155000	2.15284	159	0
1522650401.479504000	2.15319	1294	0
1522650401.479525000	2.15321	74	1
1522650401.479591000	2.15327	457	0
1522650401.480485000	2.15417	256	0
1522650401.480503000	2.15419	74	1
1522650401.506948000	2.18063	188	1
1522650401.521831000	2.19551	74	0
1522650401.617612000	2.29129	234	0
1522650401.617708000	2.29139	321	0
1522650401.617710000	2.29139	112	0
1522650401.617732000	2.29141	74	1
1522650401.618103000	2.29179	112	1
1522650401.723026000	2.39671	74	0
1522650401.758010000	2.43169	189	1
1522650401.819106000	2.49279	74	0
1522650401.859538000	2.53322	147	0
1522650401.859634000	2.53332	356	0
1522650401.859636000	2.53332	112	0
1522650401.859660000	2.53334	74	1
1522650401.860096000	2.53378	112	1
1522650401.919311000	2.59299	74	0
1522650402.030953000	2.70464	189	1
1522650402.102246000	2.77593	74	0
1522650402.141490000	2.81517	147	0
1522650402.141588000	2.81527	344	0
1522650402.141591000	2.81527	112	0
1522650402.141611000	2.81529	74	1
1522650402.141982000	2.81567	112	1
1522650402.242200000	2.91588	74	0
1522650402.344536000	3.01822	190	1
1522650402.403622000	3.0773	74	0
1522650402.445379000	3.11906	147	0
1522650402.445480000	3.11916	315	0
1522650402.445482000	3.11916	104	0
1522650402.445506000	3.11919	74	1
1522650402.446133000	3.11982	112	0
1522650402.446703000	3.12039	112	1
1522650402.507122000	3.1808	74	0
1522650402.645161000	3.31884	192	1
1522650402.704341000	3.37802	74	0
1522650402.738562000	3.41225	170	0
1522650402.738665000	3.41235	318	0
1522650402.738684000	3.41237	74	1
1522650402.739071000	3.41275	104	0
1522650402.739144000	3.41283	112	0
1522650402.739153000	3.41284	74	1
1522650402.739248000	3.41293	112	1
1522650402.747937000	3.42162	193	1
1522650402.808311000	3.48199	74	0
1522650402.845053000	3.51874	147	0
1522650402.845146000	3.51883	351	0
1522650402.845148000	3.51883	112	0
1522650402.845176000	3.51886	74	1
1522650402.845629000	3.51931	112	1
1522650402.922170000	3.59585	317	1
1522650402.946052000	3.61974	74	0
1522650402.981883000	3.65557	74	0
1522650403.002717000	3.6764	140	0
1522650403.002797000	3.67648	104	0
1522650403.002799000	3.67648	112	0
1522650403.002812000	3.67649	74	1
1522650403.003086000	3.67677	112	1
1522650403.031760000	3.70544	193	1
1522650403.091159000	3.76484	74	0
1522650403.125258000	3.79894	147	0
1522650403.125357000	3.79904	358	0
1522650403.125358000	3.79904	112	0
1522650403.125375000	3.79906	74	1
1522650403.125788000	3.79947	112	1
1522650403.231468000	3.90515	74	0
1522650403.378076000	4.05176	194	1
1522650403.437607000	4.11129	74	0
1522650403.469107000	4.14279	147	0
1522650403.469188000	4.14287	347	0
1522650403.469191000	4.14287	112	0
1522650403.469212000	4.14289	74	1
1522650403.469520000	4.1432	112	1
1522650403.567998000	4.24168	74	0
1522650403.983848000	4.65753	197	1
1522650404.043801000	4.71748	74	0
1522650404.080527000	4.75421	167	0
1522650404.080630000	4.75431	351	0
1522650404.080633000	4.75432	112	0
1522650404.080660000	4.75434	74	1
1522650404.081050000	4.75473	112	1
1522650404.180342000	4.85402	74	0
1522650404.544830000	5.21851	200	1
1522650404.603981000	5.27766	74	0
1522650404.641992000	5.31568	170	0
1522650404.641994000	5.31568	316	0
1522650404.642037000	5.31572	74	1
1522650404.642120000	5.3158	104	0
1522650404.642122000	5.3158	112	0
1522650404.642141000	5.31582	74	1
1522650404.642511000	5.31619	112	1
1522650404.743882000	5.41756	74	0
1522650405.445602000	6.11928	204	1
1522650405.505114000	6.1788	74	0
1522650405.538921000	6.2126	148	0
1522650405.538923000	6.21261	323	0
1522650405.538966000	6.21265	74	1
1522650405.539035000	6.21272	112	0
1522650405.539395000	6.21308	112	1
1522650405.610395000	6.28408	205	1
1522650405.648907000	6.32259	74	0
1522650405.669746000	6.34343	74	0
1522650405.707822000	6.38151	170	0
1522650405.707824000	6.38151	324	0
1522650405.707861000	6.38154	74	1
1522650405.708235000	6.38192	112	0
1522650405.708364000	6.38205	112	1
1522650405.807510000	6.48119	74	0
1522650405.885469000	6.55915	187	1
1522650405.946023000	6.61971	74	0
1522650406.050415000	6.7241	216	0
1522650406.050706000	6.72439	1294	0
1522650406.050725000	6.72441	74	1
1522650406.050806000	6.72449	1294	0
1522650406.050983000	6.72467	1294	0
1522650406.051000000	6.72468	74	1
1522650406.051065000	6.72475	1294	0
1522650406.051259000	6.72494	1294	0
1522650406.051271000	6.72495	74	1
1522650406.051355000	6.72504	1294	0
1522650406.051594000	6.72528	1294	0
1522650406.051605000	6.72529	74	1
1522650406.051858000	6.72554	1243	0
1522650406.053600000	6.72728	1294	0
1522650406.053626000	6.72731	74	1
1522650406.053689000	6.72737	1294	0
1522650406.053857000	6.72754	1294	0
1522650406.053866000	6.72755	74	1
1522650406.053924000	6.72761	1294	0
1522650406.054151000	6.72783	1294	0
1522650406.054165000	6.72785	74	1
1522650406.054427000	6.72811	1294	0
1522650406.055662000	6.72934	1294	0
1522650406.055680000	6.72936	74	1
1522650406.055760000	6.72944	1294	0
1522650406.055943000	6.72963	1294	0
1522650406.055957000	6.72964	74	1
1522650406.056038000	6.72972	1294	0
1522650406.056313000	6.73	1294	0
1522650406.056328000	6.73001	74	1
1522650406.056613000	6.7303	1294	0
1522650406.056889000	6.73057	1294	0
1522650406.056903000	6.73059	74	1
1522650406.057698000	6.73138	1294	0
1522650406.057990000	6.73167	1294	0
1522650406.058007000	6.73169	74	1
1522650406.058268000	6.73195	1294	0
1522650406.058543000	6.73223	1294	0
1522650406.058558000	6.73224	74	1
1522650406.058934000	6.73262	1294	0
1522650406.059214000	6.7329	1294	0
1522650406.059237000	6.73292	74	1
1522650406.059629000	6.73331	315	0
1522650406.260432000	6.93411	74	1
1522650406.727121000	7.4008	1294	0
1522650406.727124000	7.40081	1294	0
1522650406.727177000	7.40086	74	1
1522650406.727252000	7.40093	1294	0
1522650406.727254000	7.40094	1294	0
1522650406.727269000	7.40095	74	1
1522650406.727333000	7.40102	1294	0
1522650406.727418000	7.4011	1294	0
1522650406.727426000	7.40111	74	1
1522650406.727484000	7.40117	1294	0
1522650406.727549000	7.40123	1294	0
1522650406.727573000	7.40126	74	1
1522650406.727634000	7.40132	1294	0
1522650406.727709000	7.40139	1294	0
1522650406.727720000	7.4014	74	1
1522650406.727781000	7.40146	1294	0
1522650406.727843000	7.40153	1294	0
1522650406.727853000	7.40154	74	1
1522650406.727914000	7.4016	1294	0
1522650406.727917000	7.4016	141	0
1522650406.727929000	7.40161	74	1
1522650406.728923000	7.40261	1294	0
1522650406.729145000	7.40283	1294	0
1522650406.729164000	7.40285	74	1
1522650406.729442000	7.40312	1294	0
1522650406.730199000	7.40388	1294	0
1522650406.730217000	7.4039	74	1
1522650406.730410000	7.40409	1294	0
1522650406.730767000	7.40445	1294	0
1522650406.730784000	7.40447	74	1
1522650406.730998000	7.40468	1294	0
1522650406.731001000	7.40468	145	0
1522650406.731020000	7.4047	74	1
1522650406.739426000	7.41311	1294	0
1522650406.739680000	7.41336	1294	0
1522650406.739706000	7.41339	74	1
1522650406.739973000	7.41366	1294	0
1522650406.740250000	7.41393	1294	0
1522650406.740263000	7.41395	74	1
1522650406.740328000	7.41401	1294	0
1522650406.740545000	7.41423	1294	0
1522650406.740559000	7.41424	74	1
1522650406.740621000	7.4143	1294	0
1522650406.740815000	7.4145	1294	0
1522650406.740842000	7.41453	74	1
1522650406.740902000	7.41458	1294	0
1522650406.741096000	7.41478	1294	0
1522650406.741111000	7.41479	74	1
1522650406.741387000	7.41507	1294	0
1522650406.741684000	7.41537	1294	0
1522650406.741698000	7.41538	74	1
1522650406.741947000	7.41563	1096	0
1522650406.742235000	7.41592	1294	0
1522650406.742248000	7.41593	74	1
1522650406.742497000	7.41618	1294	0
1522650406.742566000	7.41625	1294	0
1522650406.742576000	7.41626	74	1
1522650406.742662000	7.41634	1294	0
1522650406.742787000	7.41647	1294	0
1522650406.742800000	7.41648	74	1
1522650406.742857000	7.41654	1294	0
1522650406.742936000	7.41662	1294	0
1522650406.742946000	7.41663	74	1
1522650406.743068000	7.41675	1294	0
1522650406.743135000	7.41682	1294	0
1522650406.743146000	7.41683	74	1
1522650406.743205000	7.41689	1294	0
1522650406.743359000	7.41704	1294	0
1522650406.743373000	7.41706	74	1
1522650406.743432000	7.41711	1294	0
1522650406.743510000	7.41719	1294	0
1522650406.743520000	7.4172	74	1
1522650406.743701000	7.41738	1294	0
1522650406.743812000	7.4175	1294	0
1522650406.743825000	7.41751	74	1
1522650406.744091000	7.41777	1294	0
1522650406.744092000	7.41777	264	0
1522650406.744111000	7.41779	74	1
1522650406.746096000	7.41978	1294	0
1522650406.746769000	7.42045	1294	0
1522650406.746784000	7.42047	74	1
1522650406.747047000	7.42073	1294	0
1522650406.747323000	7.42101	1294	0
1522650406.747336000	7.42102	74	1
1522650406.747642000	7.42132	1294	0
1522650406.747918000	7.4216	1294	0
1522650406.747932000	7.42161	74	1
1522650406.748214000	7.4219	1294	0
1522650406.749109000	7.42279	1294	0
1522650406.749122000	7.4228	74	1
1522650406.749386000	7.42307	1294	0
1522650406.749645000	7.42333	1294	0
1522650406.749659000	7.42334	74	1
1522650406.749955000	7.42364	1294	0
1522650406.750295000	7.42398	1294	0
1522650406.750307000	7.42399	74	1
1522650406.750590000	7.42427	1294	0
1522650406.751651000	7.42533	1294	0
1522650406.751668000	7.42535	74	1
1522650406.751928000	7.42561	1294	0
1522650406.752222000	7.4259	1294	0
1522650406.752235000	7.42592	74	1
1522650406.752499000	7.42618	1294	0
1522650406.752967000	7.42665	1294	0
1522650406.752981000	7.42666	74	1
1522650406.753214000	7.4269	1155	0
1522650406.753508000	7.42719	1294	0
1522650406.753521000	7.4272	74	1
1522650406.753802000	7.42748	1294	0
1522650406.754079000	7.42776	1294	0
1522650406.754092000	7.42777	74	1
1522650406.754356000	7.42804	1294	0
1522650406.755128000	7.42881	1294	0
1522650406.755144000	7.42883	74	1
1522650406.755427000	7.42911	1294	0
1522650406.755721000	7.4294	1294	0
1522650406.755736000	7.42942	74	1
1522650406.756011000	7.42969	1294	0
1522650406.756745000	7.43043	1294	0
1522650406.756764000	7.43045	74	1
1522650406.757041000	7.43072	1294	0
1522650406.757767000	7.43145	1294	0
1522650406.757784000	7.43147	74	1
1522650406.758047000	7.43173	1294	0
1522650406.758338000	7.43202	1294	0
1522650406.758350000	7.43203	74	1
1522650406.758633000	7.43232	1294	0
1522650406.758935000	7.43262	1294	0
1522650406.758950000	7.43263	74	1
1522650406.759209000	7.43289	1294	0
1522650406.760294000	7.43398	1294	0
1522650406.760311000	7.43399	74	1
1522650406.760588000	7.43427	1294	0
1522650406.760864000	7.43455	1294	0
1522650406.760878000	7.43456	74	1
1522650406.761180000	7.43486	1294	0
1522650406.761296000	7.43498	1294	0
1522650406.761308000	7.43499	74	1
1522650406.761573000	7.43526	1294	0
1522650406.761906000	7.43559	1294	0
1522650406.761921000	7.4356	74	1
1522650406.762182000	7.43586	1294	0
1522650406.762459000	7.43614	1294	0
1522650406.762474000	7.43616	74	1
1522650406.762755000	7.43644	1294	0
1522650406.763882000	7.43756	1294	0
1522650406.763911000	7.43759	74	1
1522650406.764171000	7.43785	1294	0
1522650406.764444000	7.43813	1294	0
1522650406.764460000	7.43814	74	1
1522650406.764725000	7.43841	1294	0
1522650406.764864000	7.43855	749	0
1522650406.764879000	7.43856	74	1
1522650406.765170000	7.43885	112	1
1522650406.834741000	7.50842	74	0
1522650406.878242000	7.55192	144	1
1522650406.937519000	7.6112	74	0
1522650406.941933000	7.61562	198	1
1522650406.956379000	7.63006	203	0
1522650406.956715000	7.6304	1294	0
1522650406.956741000	7.63042	74	1
1522650406.957012000	7.63069	1294	0
1522650406.957307000	7.63099	1294	0
1522650406.957321000	7.631	74	1
1522650406.957422000	7.6311	1294	0
1522650406.957583000	7.63127	1294	0
1522650406.957595000	7.63128	74	1
1522650406.957696000	7.63138	1294	0
1522650406.957990000	7.63167	1294	0
1522650406.958005000	7.63169	74	1
1522650406.958348000	7.63203	1294	0
1522650406.958625000	7.63231	1294	0
1522650406.958641000	7.63232	74	1
1522650406.958904000	7.63259	1294	0
1522650406.959327000	7.63301	568	0
1522650406.959341000	7.63302	74	1
1522650406.959752000	7.63344	112	1
1522650407.021710000	7.69539	140	0
1522650407.021863000	7.69555	104	0
1522650407.021884000	7.69557	74	1
1522650407.077149000	7.75083	74	0
1522650407.122310000	7.79599	355	1
1522650407.162827000	7.83651	174	1
1522650407.184296000	7.85798	74	0
1522650407.194582000	7.86826	202	0
1522650407.194916000	7.8686	1294	0
1522650407.194940000	7.86862	74	1
1522650407.195210000	7.86889	1294	0
1522650407.195490000	7.86917	1294	0
1522650407.195503000	7.86919	74	1
1522650407.195752000	7.86943	1294	0
1522650407.195813000	7.8695	1294	0
1522650407.195825000	7.86951	74	1
1522650407.196032000	7.86971	1294	0
1522650407.196097000	7.86978	1294	0
1522650407.196109000	7.86979	74	1
1522650407.196373000	7.87006	1294	0
1522650407.196375000	7.87006	1294	0
1522650407.196391000	7.87007	74	1
1522650407.196652000	7.87033	1294	0
1522650407.196975000	7.87066	1294	0
1522650407.196989000	7.87067	74	1
1522650407.197245000	7.87093	1294	0
1522650407.198609000	7.87229	1294	0
1522650407.198630000	7.87231	74	1
1522650407.198759000	7.87244	1294	0
1522650407.198885000	7.87257	1294	0
1522650407.198897000	7.87258	74	1
1522650407.199050000	7.87273	1294	0
1522650407.199326000	7.87301	1294	0
1522650407.199338000	7.87302	74	1
1522650407.199601000	7.87328	1294	0
1522650407.199897000	7.87358	1294	0
1522650407.199910000	7.87359	74	1
1522650407.200173000	7.87386	1294	0
1522650407.200450000	7.87413	1294	0
1522650407.200465000	7.87415	74	1
1522650407.201163000	7.87485	1294	0
1522650407.201454000	7.87514	1294	0
1522650407.201468000	7.87515	74	1
1522650407.201732000	7.87541	1294	0
1522650407.202045000	7.87573	1294	0
1522650407.202058000	7.87574	74	1
1522650407.202335000	7.87602	1294	0
1522650407.202609000	7.87629	1294	0
1522650407.202622000	7.8763	74	1
1522650407.202889000	7.87657	1294	0
1522650407.203179000	7.87686	1294	0
1522650407.203191000	7.87687	74	1
1522650407.203477000	7.87716	1294	0
1522650407.204839000	7.87852	1294	0
1522650407.204883000	7.87857	74	1
1522650407.205105000	7.87879	1294	0
1522650407.205388000	7.87907	1294	0
1522650407.205403000	7.87909	74	1
1522650407.205463000	7.87915	1294	0
1522650407.205690000	7.87937	1294	0
1522650407.205707000	7.87939	74	1
1522650407.205764000	7.87945	1294	0
1522650407.206439000	7.88012	1294	0
1522650407.206454000	7.88014	74	1
1522650407.207082000	7.88076	1294	0
1522650407.207384000	7.88107	1294	0
1522650407.207399000	7.88108	74	1
1522650407.207662000	7.88135	1294	0
1522650407.207953000	7.88164	1294	0
1522650407.207967000	7.88165	74	1
1522650407.208251000	7.88193	1294	0
1522650407.208541000	7.88222	1294	0
1522650407.208556000	7.88224	74	1
1522650407.208818000	7.8825	1294	0
1522650407.209096000	7.88278	1294	0
1522650407.209108000	7.88279	74	1
1522650407.209284000	7.88297	1294	0
1522650407.209579000	7.88326	1294	0
1522650407.209591000	7.88327	74	1
1522650407.209856000	7.88354	1294	0
1522650407.210615000	7.8843	1294	0
1522650407.210627000	7.88431	74	1
1522650407.210891000	7.88457	1294	0
1522650407.211186000	7.88487	1294	0
1522650407.211197000	7.88488	74	1
1522650407.211465000	7.88515	1294	0
1522650407.211752000	7.88543	1294	0
1522650407.211766000	7.88545	74	1
1522650407.212042000	7.88573	1294	0
1522650407.212755000	7.88644	1294	0
1522650407.212780000	7.88646	74	1
1522650407.213044000	7.88673	1294	0
1522650407.213343000	7.88703	1294	0
1522650407.213359000	7.88704	74	1
1522650407.213531000	7.88721	1294	0
1522650407.213796000	7.88748	1294	0
1522650407.213810000	7.88749	74	1
1522650407.214078000	7.88776	1294	0
1522650407.214827000	7.88851	1294	0
1522650407.214845000	7.88853	74	1
1522650407.215119000	7.8888	1294	0
1522650407.215420000	7.8891	1294	0
1522650407.215438000	7.88912	74	1
1522650407.216007000	7.88969	1294	0
1522650407.216283000	7.88997	1294	0
1522650407.216297000	7.88998	74	1
1522650407.216376000	7.89006	1294	0
1522650407.216677000	7.89036	1294	0
1522650407.216692000	7.89037	74	1
1522650407.216955000	7.89064	1294	0
1522650407.217023000	7.89071	1294	0
1522650407.217037000	7.89072	74	1
1522650407.217249000	7.89093	1294	0
1522650407.217252000	7.89093	881	0
1522650407.217265000	7.89095	74	1
1522650407.217436000	7.89112	112	1
1522650407.244900000	7.91858	215	0
1522650407.245254000	7.91894	104	0
1522650407.245277000	7.91896	74	1
1522650407.334216000	8.0079	355	1
1522650407.343955000	8.01764	74	0
1522650407.394916000	8.0686	74	0
1522650407.395748000	8.06943	178	0
1522650407.395833000	8.06952	242	0
1522650407.395835000	8.06952	112	0
1522650407.395855000	8.06954	74	1
1522650407.396449000	8.07013	112	1
1522650407.496586000	8.17027	74	0
1522650407.523720000	8.1974	391	1
1522650407.595413000	8.2691	74	0
1522650407.596623000	8.27031	174	0
1522650407.596982000	8.27066	1294	0
1522650407.597004000	8.27069	74	1
1522650407.597071000	8.27075	542	0
1522650407.597073000	8.27076	112	0
1522650407.597087000	8.27077	74	1
1522650407.597233000	8.27092	112	1
1522650407.697994000	8.37168	74	0
1522650407.974831000	8.64851	376	1
1522650408.033875000	8.70756	74	0
1522650408.055064000	8.72875	144	0
1522650408.055068000	8.72875	104	0
1522650408.055120000	8.7288	74	1
1522650408.055468000	8.72915	112	0
1522650408.056335000	8.73002	112	1
1522650408.156125000	8.82981	74	0
1522650409.325290000	9.99897	309	1
1522650409.385078000	10.0588	74	0
1522650409.406565000	10.0802	144	0
1522650409.406567000	10.0803	104	0
1522650409.406570000	10.0803	112	0
1522650409.406632000	10.0803	74	1
1522650409.407027000	10.0807	112	1
1522650409.509759000	10.1834	74	0
1522650411.039511000	11.7132	347	1
1522650411.109867000	11.7836	74	0
1522650411.132056000	11.8057	144	0
1522650411.132058000	11.8057	104	0
1522650411.132060000	11.8057	112	0
1522650411.132094000	11.8058	74	1
1522650411.133006000	11.8067	112	1
1522650411.232739000	11.9064	74	0
