1522664629.220948000	0	86	1
1522664629.247489000	0.026541	86	0
1522664629.247529000	0.026581	74	1
1522664629.247756000	0.026808	276	1
1522664629.267627000	0.046679	74	0
1522664629.285658000	0.0647099	1294	0
1522664629.285953000	0.0650051	1294	0
1522664629.285956000	0.0650079	1036	0
1522664629.285972000	0.0650241	74	1
1522664629.645616000	0.424668	316	1
1522664629.652755000	0.431807	159	1
1522664629.652968000	0.43202	474	1
1522664629.664858000	0.44391	344	0
1522664629.671515000	0.450567	135	0
1522664629.671517000	0.450569	104	0
1522664629.671539000	0.450591	74	1
1522664629.671809000	0.450861	104	1
1522664629.691688000	0.47074	74	0
1522664629.752876000	0.531928	650	0
1522664629.753140000	0.532192	1294	0
1522664629.753160000	0.532212	74	1
1522664629.753263000	0.532315	1294	0
1522664629.753404000	0.532456	1294	0
1522664629.753426000	0.532478	74	1
1522664629.753546000	0.532598	1294	0
1522664629.753666000	0.532718	1294	0
1522664629.753677000	0.532729	74	1
1522664629.753735000	0.532787	1294	0
1522664629.753810000	0.532862	1294	0
1522664629.753820000	0.532872	74	1
1522664629.753881000	0.532933	717	0
1522664629.757080000	0.536132	1294	0
1522664629.757109000	0.536161	74	1
1522664629.757173000	0.536225	1294	0
1522664629.757346000	0.536398	1294	0
1522664629.757359000	0.536411	74	1
1522664629.757419000	0.536471	1294	0
1522664629.757646000	0.536698	1294	0
1522664629.757658000	0.53671	74	1
1522664629.757986000	0.537038	1294	0
1522664629.758264000	0.537316	1294	0
1522664629.758276000	0.537328	74	1
1522664629.764706000	0.543758	1294	0
1522664629.764963000	0.544015	1294	0
1522664629.764989000	0.544041	74	1
1522664629.765053000	0.544105	1294	0
1522664629.765294000	0.544346	1294	0
1522664629.765308000	0.54436	74	1
1522664629.765367000	0.544419	1294	0
1522664629.765571000	0.544623	1294	0
1522664629.765582000	0.544634	74	1
1522664629.765641000	0.544693	1294	0
1522664629.765872000	0.544924	1294	0
1522664629.765885000	0.544937	74	1
1522664629.770957000	0.550009	1294	0
1522664629.771212000	0.550264	1294	0
1522664629.771238000	0.55029	74	1
1522664629.771302000	0.550354	1294	0
1522664629.771511000	0.550563	1294	0
1522664629.771523000	0.550575	74	1
1522664629.771584000	0.550636	1294	0
1522664629.771788000	0.55084	1294	0
1522664629.771797000	0.550849	74	1
1522664629.772080000	0.551132	1294	0
1522664629.772371000	0.551423	1294	0
1522664629.772383000	0.551435	74	1
1522664629.772486000	0.551538	1294	0
1522664629.772649000	0.551701	1294	0
1522664629.772658000	0.55171	74	1
1522664629.772763000	0.551815	1294	0
1522664629.772923000	0.551975	1294	0
1522664629.772936000	0.551988	74	1
1522664629.773897000	0.552949	1294	0
1522664629.774170000	0.553222	1294	0
1522664629.774186000	0.553238	74	1
1522664629.774857000	0.553909	1294	0
1522664629.775132000	0.554184	1294	0
1522664629.775145000	0.554197	74	1
1522664629.775729000	0.554781	1294	0
1522664629.776004000	0.555056	1294	0
1522664629.776015000	0.555067	74	1
1522664629.776935000	0.555987	1294	0
1522664629.777188000	0.55624	74	1
1522664629.777218000	0.55627	1294	0
1522664629.777496000	0.556548	1294	0
1522664629.777509000	0.556561	74	1
1522664629.777767000	0.556819	1294	0
1522664629.778062000	0.557114	1294	0
1522664629.778076000	0.557128	74	1
1522664629.778339000	0.557391	1294	0
1522664629.784018000	0.56307	1294	0
1522664629.784072000	0.563124	74	1
1522664629.784293000	0.563345	1294	0
1522664629.784571000	0.563623	1294	0
1522664629.784584000	0.563636	74	1
1522664629.784849000	0.563901	1294	0
1522664629.785150000	0.564202	1294	0
1522664629.785164000	0.564216	74	1
1522664629.785427000	0.564479	1294	0
1522664629.785703000	0.564755	1294	0
1522664629.785717000	0.564769	74	1
1522664629.786003000	0.565055	1294	0
1522664629.786162000	0.565214	760	0
1522664629.786170000	0.565222	74	1
1522664629.786858000	0.56591	112	1
1522664629.846474000	0.625526	74	0
1522664629.899877000	0.678929	327	1
1522664629.900291000	0.679343	169	1
1522664629.916113000	0.695165	74	0
1522664629.920772000	0.699824	74	0
1522664629.935918000	0.71497	252	0
1522664629.936271000	0.715323	1294	0
1522664629.936290000	0.715342	74	1
1522664629.936405000	0.715457	1294	0
1522664629.936546000	0.715598	1294	0
1522664629.936557000	0.715609	74	1
1522664629.936824000	0.715876	1294	0
1522664629.936922000	0.715974	395	0
1522664629.936924000	0.715976	104	0
1522664629.936935000	0.715987	74	1
1522664629.936996000	0.716048	112	0
1522664629.937410000	0.716462	112	1
1522664629.939707000	0.718759	147	0
1522664629.940440000	0.719492	1294	0
1522664629.940462000	0.719514	74	1
1522664629.940592000	0.719644	1294	0
1522664629.940712000	0.719764	1294	0
1522664629.940726000	0.719778	74	1
1522664629.941004000	0.720056	1294	0
1522664629.941284000	0.720336	1294	0
1522664629.941287000	0.720339	87	0
1522664629.941301000	0.720353	74	1
1522664630.003019000	0.782071	74	0
1522664630.019734000	0.798786	248	1
1522664630.036076000	0.815128	74	0
1522664630.040952000	0.820004	251	1
1522664630.056845000	0.835897	142	0
1522664630.056847000	0.835899	104	0
1522664630.056901000	0.835953	74	1
1522664630.057287000	0.836339	112	0
1522664630.057735000	0.836787	262	0
1522664630.057748000	0.8368	74	1
1522664630.058051000	0.837103	112	1
1522664630.058083000	0.837135	1294	0
1522664630.058381000	0.837433	1294	0
1522664630.058394000	0.837446	74	1
1522664630.058456000	0.837508	1294	0
1522664630.058670000	0.837722	1294	0
1522664630.058682000	0.837734	74	1
1522664630.058743000	0.837795	1294	0
1522664630.058952000	0.838004	1294	0
1522664630.058969000	0.838021	74	1
1522664630.059241000	0.838293	1294	0
1522664630.059415000	0.838467	1294	0
1522664630.059429000	0.838481	74	1
1522664630.059516000	0.838568	1294	0
1522664630.059691000	0.838743	1294	0
1522664630.059705000	0.838757	74	1
1522664630.059843000	0.838895	1294	0
1522664630.059989000	0.839041	1294	0
1522664630.060000000	0.839052	74	1
1522664630.060287000	0.839339	1294	0
1522664630.060289000	0.839341	1294	0
1522664630.060304000	0.839356	74	1
1522664630.060615000	0.839667	1294	0
1522664630.060913000	0.839965	1294	0
1522664630.060930000	0.839982	74	1
1522664630.060993000	0.840045	1294	0
1522664630.061207000	0.840259	1294	0
1522664630.061220000	0.840272	74	1
1522664630.061278000	0.84033	1294	0
1522664630.061496000	0.840548	1294	0
1522664630.061510000	0.840562	74	1
1522664630.061726000	0.840778	1294	0
1522664630.062002000	0.841054	1294	0
1522664630.062016000	0.841068	74	1
1522664630.062298000	0.84135	1294	0
1522664630.062575000	0.841627	1294	0
1522664630.062590000	0.841642	74	1
1522664630.062952000	0.842004	1294	0
1522664630.063240000	0.842292	1294	0
1522664630.063254000	0.842306	74	1
1522664630.063537000	0.842589	1294	0
1522664630.063830000	0.842882	1294	0
1522664630.063845000	0.842897	74	1
1522664630.064115000	0.843167	1294	0
1522664630.064184000	0.843236	1294	0
1522664630.064195000	0.843247	74	1
1522664630.064426000	0.843478	1294	0
1522664630.064489000	0.843541	1294	0
1522664630.064501000	0.843553	74	1
1522664630.064705000	0.843757	1294	0
1522664630.064771000	0.843823	1294	0
1522664630.064782000	0.843834	74	1
1522664630.065056000	0.844108	1294	0
1522664630.065058000	0.84411	1294	0
1522664630.065077000	0.844129	74	1
1522664630.065720000	0.844772	1294	0
1522664630.066013000	0.845065	1294	0
1522664630.066025000	0.845077	74	1
1522664630.066307000	0.845359	1294	0
1522664630.066532000	0.845584	1294	0
1522664630.066543000	0.845595	74	1
1522664630.066604000	0.845656	1294	0
1522664630.066808000	0.84586	1294	0
1522664630.066822000	0.845874	74	1
1522664630.067100000	0.846152	1294	0
1522664630.067379000	0.846431	1294	0
1522664630.067394000	0.846446	74	1
1522664630.067654000	0.846706	1294	0
1522664630.067951000	0.847003	1294	0
1522664630.067965000	0.847017	74	1
1522664630.068196000	0.847248	1294	0
1522664630.068263000	0.847315	1294	0
1522664630.068276000	0.847328	74	1
1522664630.068492000	0.847544	1294	0
1522664630.068784000	0.847836	1294	0
1522664630.068799000	0.847851	74	1
1522664630.069062000	0.848114	1294	0
1522664630.069344000	0.848396	1294	0
1522664630.069360000	0.848412	74	1
1522664630.069422000	0.848474	1294	0
1522664630.069692000	0.848744	1294	0
1522664630.069706000	0.848758	74	1
1522664630.069768000	0.84882	510	0
1522664630.073873000	0.852925	1294	0
1522664630.073915000	0.852967	74	1
1522664630.074122000	0.853174	1294	0
1522664630.074197000	0.853249	1294	0
1522664630.074209000	0.853261	74	1
1522664630.074434000	0.853486	1294	0
1522664630.074517000	0.853569	1294	0
1522664630.074528000	0.85358	74	1
1522664630.074720000	0.853772	1294	0
1522664630.074786000	0.853838	1294	0
1522664630.074797000	0.853849	74	1
1522664630.074981000	0.854033	1294	0
1522664630.075277000	0.854329	1294	0
1522664630.075292000	0.854344	74	1
1522664630.075353000	0.854405	1294	0
1522664630.075570000	0.854622	1294	0
1522664630.075583000	0.854635	74	1
1522664630.075864000	0.854916	1294	0
1522664630.076021000	0.855073	1294	0
1522664630.076036000	0.855088	74	1
1522664630.076139000	0.855191	1294	0
1522664630.076302000	0.855354	1294	0
1522664630.076315000	0.855367	74	1
1522664630.076418000	0.85547	1294	0
1522664630.077023000	0.856075	1294	0
1522664630.077039000	0.856091	74	1
1522664630.077301000	0.856353	1294	0
1522664630.077598000	0.85665	1294	0
1522664630.077613000	0.856665	74	1
1522664630.077689000	0.856741	858	0
1522664630.077887000	0.856939	1294	0
1522664630.077902000	0.856954	74	1
1522664630.078008000	0.85706	1294	0
1522664630.078307000	0.857359	1294	0
1522664630.078324000	0.857376	74	1
1522664630.078580000	0.857632	1294	0
1522664630.080102000	0.859154	1294	0
1522664630.080135000	0.859187	74	1
1522664630.080229000	0.859281	1294	0
1522664630.080392000	0.859444	1294	0
1522664630.080407000	0.859459	74	1
1522664630.080527000	0.859579	1294	0
1522664630.080684000	0.859736	1294	0
1522664630.080697000	0.859749	74	1
1522664630.080820000	0.859872	1294	0
1522664630.080962000	0.860014	1294	0
1522664630.080975000	0.860027	74	1
1522664630.081096000	0.860148	1294	0
1522664630.081239000	0.860291	1294	0
1522664630.081252000	0.860304	74	1
1522664630.081372000	0.860424	1294	0
1522664630.081435000	0.860487	1294	0
1522664630.081446000	0.860498	74	1
1522664630.081532000	0.860584	1294	0
1522664630.081669000	0.860721	1294	0
1522664630.081680000	0.860732	74	1
1522664630.081737000	0.860789	1294	0
1522664630.081962000	0.861014	1294	0
1522664630.081965000	0.861017	1294	0
1522664630.081976000	0.861028	74	1
1522664630.082036000	0.861088	1294	0
1522664630.082247000	0.861299	1294	0
1522664630.082258000	0.86131	74	1
1522664630.085612000	0.864664	1294	0
1522664630.085827000	0.864879	1294	0
1522664630.085847000	0.864899	74	1
1522664630.085912000	0.864964	1294	0
1522664630.086108000	0.86516	1294	0
1522664630.086123000	0.865175	74	1
1522664630.086181000	0.865233	1294	0
1522664630.086332000	0.865384	1294	0
1522664630.086346000	0.865398	74	1
1522664630.086438000	0.86549	1294	0
1522664630.086609000	0.865661	1294	0
1522664630.086623000	0.865675	74	1
1522664630.086722000	0.865774	1294	0
1522664630.086887000	0.865939	1294	0
1522664630.086901000	0.865953	74	1
1522664630.086998000	0.86605	1294	0
1522664630.087086000	0.866138	1294	0
1522664630.087099000	0.866151	74	1
1522664630.087178000	0.86623	1294	0
1522664630.087292000	0.866344	1294	0
1522664630.087305000	0.866357	74	1
1522664630.087366000	0.866418	1294	0
1522664630.087475000	0.866527	1294	0
1522664630.087487000	0.866539	74	1
1522664630.087584000	0.866636	1294	0
1522664630.087644000	0.866696	1294	0
1522664630.087655000	0.866707	74	1
1522664630.087751000	0.866803	1294	0
1522664630.087877000	0.866929	1294	0
1522664630.087890000	0.866942	74	1
1522664630.088047000	0.867099	1294	0
1522664630.088200000	0.867252	1294	0
1522664630.088214000	0.867266	74	1
1522664630.088321000	0.867373	1294	0
1522664630.088601000	0.867653	1294	0
1522664630.088615000	0.867667	74	1
1522664630.088894000	0.867946	1294	0
1522664630.089067000	0.868119	1294	0
1522664630.089080000	0.868132	74	1
1522664630.089172000	0.868224	1294	0
1522664630.089344000	0.868396	1294	0
1522664630.089357000	0.868409	74	1
1522664630.089467000	0.868519	1294	0
1522664630.089639000	0.868691	1294	0
1522664630.089652000	0.868704	74	1
1522664630.089794000	0.868846	821	0
1522664630.254726000	1.03378	318	1
1522664630.273592000	1.05264	203	0
1522664630.273935000	1.05299	1294	0
1522664630.273954000	1.05301	74	1
1522664630.274141000	1.05319	1294	0
1522664630.274211000	1.05326	1294	0
1522664630.274232000	1.05328	74	1
1522664630.274290000	1.05334	1294	0
1522664630.274511000	1.05356	1294	0
1522664630.274523000	1.05358	74	1
1522664630.274603000	1.05365	1294	0
1522664630.274787000	1.05384	1294	0
1522664630.274800000	1.05385	74	1
1522664630.274899000	1.05395	1294	0
1522664630.274902000	1.05395	1294	0
1522664630.274914000	1.05397	74	1
1522664630.275084000	1.05414	1294	0
1522664630.275148000	1.0542	1294	0
1522664630.275160000	1.05421	74	1
1522664630.275222000	1.05427	1294	0
1522664630.275421000	1.05447	1294	0
1522664630.275435000	1.05449	74	1
1522664630.275496000	1.05455	1294	0
1522664630.275498000	1.05455	1294	0
1522664630.275501000	1.05455	1294	0
1522664630.275513000	1.05456	74	1
1522664630.275572000	1.05462	1294	0
1522664630.275710000	1.05476	1294	0
1522664630.275712000	1.05476	1294	0
1522664630.275731000	1.05478	74	1
1522664630.275791000	1.05484	1294	0
1522664630.275794000	1.05485	1294	0
1522664630.275796000	1.05485	1294	0
1522664630.275809000	1.05486	74	1
1522664630.275979000	1.05503	1294	0
1522664630.276049000	1.0551	1294	0
1522664630.276052000	1.0551	1294	0
1522664630.276064000	1.05512	74	1
1522664630.276122000	1.05517	1294	0
1522664630.276287000	1.05534	1294	0
1522664630.276289000	1.05534	508	0
1522664630.276304000	1.05536	74	1
1522664630.276365000	1.05542	1294	0
1522664630.276440000	1.05549	1294	0
1522664630.276443000	1.0555	388	0
1522664630.276453000	1.05551	74	1
1522664630.276614000	1.05567	112	1
1522664630.326068000	1.10512	145	1
1522664630.336673000	1.11573	74	0
1522664630.342932000	1.12198	74	0
1522664630.343235000	1.12229	200	0
1522664630.343322000	1.12237	362	0
1522664630.343324000	1.12238	112	0
1522664630.343339000	1.12239	74	1
1522664630.343595000	1.12265	112	1
1522664630.402960000	1.18201	74	0
1522664630.579083000	1.35813	361	1
1522664630.598859000	1.37791	74	0
1522664630.620018000	1.39907	140	0
1522664630.620099000	1.39915	104	0
1522664630.620101000	1.39915	112	0
1522664630.620114000	1.39917	74	1
1522664630.620693000	1.39974	112	1
1522664630.656565000	1.43562	144	1
1522664630.661854000	1.44091	379	1
1522664630.672298000	1.45135	159	1
1522664630.678768000	1.45782	74	0
1522664630.688326000	1.46738	74	0
1522664630.697555000	1.47661	194	0
1522664630.697888000	1.47694	1294	0
1522664630.697909000	1.47696	74	1
1522664630.698169000	1.47722	1294	0
1522664630.698469000	1.47752	1294	0
1522664630.698485000	1.47754	74	1
1522664630.698569000	1.47762	1294	0
1522664630.698748000	1.4778	1294	0
1522664630.698762000	1.47781	74	1
1522664630.698843000	1.4779	1294	0
1522664630.699043000	1.4781	1294	0
1522664630.699053000	1.47811	74	1
1522664630.699138000	1.47819	1294	0
1522664630.699322000	1.47837	1294	0
1522664630.699336000	1.47839	74	1
1522664630.699420000	1.47847	1294	0
1522664630.699619000	1.47867	1294	0
1522664630.699632000	1.47868	74	1
1522664630.699691000	1.47874	1294	0
1522664630.699761000	1.47881	1294	0
1522664630.699766000	1.47882	271	0
1522664630.699780000	1.47883	74	1
1522664630.699973000	1.47903	1136	0
1522664630.699977000	1.47903	104	0
1522664630.699979000	1.47903	112	0
1522664630.699997000	1.47905	74	1
1522664630.700229000	1.47928	112	1
1522664630.706530000	1.48558	140	0
1522664630.707365000	1.48642	104	0
1522664630.707384000	1.48644	74	1
1522664630.707839000	1.48689	159	0
1522664630.708173000	1.48723	1294	0
1522664630.708191000	1.48724	74	1
1522664630.708338000	1.48739	894	0
1522664630.779506000	1.55856	188	1
1522664630.781155000	1.56021	74	0
1522664630.807420000	1.58647	74	0
1522664630.855546000	1.6346	211	0
1522664630.855548000	1.6346	332	0
1522664630.855591000	1.63464	74	1
1522664630.855664000	1.63472	112	0
1522664630.856090000	1.63514	112	1
1522664630.886293000	1.66534	74	0
1522664631.019663000	1.79872	188	1
1522664631.038166000	1.81722	74	0
1522664631.080495000	1.85955	148	0
1522664631.080497000	1.85955	322	0
1522664631.080554000	1.85961	74	1
1522664631.080625000	1.85968	112	0
1522664631.081088000	1.86014	112	1
1522664631.117129000	1.89618	74	0
1522664631.180116000	1.95917	189	1
1522664631.200682000	1.97973	74	0
1522664631.234595000	2.01365	171	0
1522664631.234700000	2.01375	368	0
1522664631.234703000	2.01376	112	0
1522664631.234723000	2.01378	74	1
1522664631.235136000	2.01419	112	1
1522664631.302970000	2.08202	74	0
1522664631.364833000	2.14389	191	1
1522664631.382681000	2.16173	74	0
1522664631.420429000	2.19948	144	0
1522664631.420432000	2.19948	338	0
1522664631.420483000	2.19954	74	1
1522664631.421257000	2.20031	104	0
1522664631.421329000	2.20038	112	0
1522664631.421341000	2.20039	74	1
1522664631.421906000	2.20096	112	1
1522664631.486075000	2.26513	74	0
1522664631.548485000	2.32754	192	1
1522664631.585016000	2.36407	74	0
1522664631.620903000	2.39996	147	0
1522664631.620997000	2.40005	352	0
1522664631.620999000	2.40005	112	0
1522664631.621012000	2.40006	74	1
1522664631.621371000	2.40042	112	1
1522664631.688466000	2.46752	74	0
1522664631.788049000	2.5671	193	1
1522664631.805904000	2.58496	74	0
1522664631.842392000	2.62144	147	0
1522664631.842491000	2.62154	323	0
1522664631.842494000	2.62155	104	0
1522664631.842495000	2.62155	112	0
1522664631.842517000	2.62157	74	1
1522664631.842872000	2.62192	112	1
1522664631.934027000	2.71308	74	0
1522664631.962778000	2.74183	195	1
1522664631.990542000	2.76959	74	0
1522664632.028124000	2.80718	144	0
1522664632.028218000	2.80727	353	0
1522664632.028220000	2.80727	112	0
1522664632.028243000	2.8073	74	1
1522664632.028654000	2.80771	112	1
1522664632.091239000	2.87029	74	0
1522664632.093919000	2.87297	195	1
1522664632.113643000	2.89269	74	0
1522664632.147402000	2.92645	170	0
1522664632.147404000	2.92646	337	0
1522664632.147441000	2.92649	74	1
1522664632.147512000	2.92656	112	0
1522664632.147910000	2.92696	112	1
1522664632.205217000	2.98427	74	0
1522664632.283463000	3.06252	196	1
1522664632.310115000	3.08917	74	0
1522664632.345076000	3.12413	147	0
1522664632.345079000	3.12413	313	0
1522664632.345125000	3.12418	74	1
1522664632.345198000	3.12425	104	0
1522664632.345201000	3.12425	112	0
1522664632.345223000	3.12427	74	1
1522664632.345649000	3.1247	112	1
1522664632.401425000	3.18048	74	0
1522664632.448646000	3.2277	198	1
1522664632.456892000	3.23594	316	1
1522664632.466520000	3.24557	74	0
1522664632.474123000	3.25318	74	0
1522664632.495797000	3.27485	140	0
1522664632.495800000	3.27485	104	0
1522664632.495801000	3.27485	112	0
1522664632.495842000	3.27489	74	1
1522664632.496206000	3.27526	112	1
1522664632.507637000	3.28669	144	0
1522664632.507736000	3.28679	292	0
1522664632.507760000	3.28681	74	1
1522664632.509679000	3.28873	104	0
1522664632.555131000	3.33418	74	0
1522664632.574837000	3.35389	199	1
1522664632.594133000	3.37318	74	0
1522664632.626321000	3.40537	148	0
1522664632.626422000	3.40547	323	0
1522664632.626424000	3.40548	112	0
1522664632.626443000	3.40549	74	1
1522664632.626836000	3.40589	112	1
1522664632.693685000	3.47274	74	0
1522664632.824634000	3.60369	201	1
1522664632.842129000	3.62118	74	0
1522664632.876466000	3.65552	144	0
1522664632.876468000	3.65552	323	0
1522664632.876512000	3.65556	74	1
1522664632.876593000	3.65565	112	0
1522664632.876965000	3.65602	112	1
1522664632.934401000	3.71345	74	0
1522664633.011864000	3.79092	201	1
1522664633.031111000	3.81016	74	0
1522664633.069119000	3.84817	144	0
1522664633.069214000	3.84827	323	0
1522664633.069232000	3.84828	74	1
1522664633.070094000	3.84915	112	0
1522664633.070591000	3.84964	112	1
1522664633.129866000	3.90892	74	0
1522664633.180708000	3.95976	203	1
1522664633.197859000	3.97691	74	0
1522664633.232962000	4.01201	171	0
1522664633.233051000	4.0121	288	0
1522664633.233059000	4.01211	104	0
1522664633.233060000	4.01211	112	0
1522664633.233082000	4.01213	74	1
1522664633.233447000	4.0125	112	1
1522664633.312777000	4.09183	74	0
1522664633.382840000	4.16189	204	1
1522664633.407976000	4.18703	74	0
1522664633.442673000	4.22172	148	0
1522664633.442774000	4.22183	329	0
1522664633.442776000	4.22183	112	0
1522664633.442795000	4.22185	74	1
1522664633.443172000	4.22222	112	1
1522664633.506929000	4.28598	74	0
1522664633.578958000	4.35801	205	1
1522664633.596392000	4.37544	74	0
1522664633.636002000	4.41505	147	0
1522664633.636005000	4.41506	306	0
1522664633.636042000	4.41509	74	1
1522664633.636117000	4.41517	104	0
1522664633.636119000	4.41517	112	0
1522664633.636141000	4.41519	74	1
1522664633.636478000	4.41553	112	1
1522664633.653611000	4.43266	74	0
1522664633.778220000	4.55727	205	1
1522664633.795091000	4.57414	74	0
1522664633.829312000	4.60836	147	0
1522664633.829400000	4.60845	325	0
1522664633.829402000	4.60845	112	0
1522664633.829418000	4.60847	74	1
1522664633.829759000	4.60881	112	1
1522664633.871969000	4.65102	206	1
1522664633.888922000	4.66797	74	0
1522664633.890509000	4.66956	74	0
1522664633.926639000	4.70569	147	0
1522664633.926641000	4.70569	326	0
1522664633.926680000	4.70573	74	1
1522664633.926760000	4.70581	112	0
1522664633.927122000	4.70617	112	1
1522664633.995831000	4.77488	74	0
1522664634.014956000	4.79401	207	1
1522664634.033092000	4.81214	74	0
1522664634.068633000	4.84769	147	0
1522664634.068635000	4.84769	324	0
1522664634.068697000	4.84775	74	1
1522664634.068770000	4.84782	112	0
1522664634.069161000	4.84821	112	1
1522664634.125831000	4.90488	74	0
1522664634.229790000	5.00884	207	1
1522664634.247880000	5.02693	74	0
1522664634.280995000	5.06005	167	0
1522664634.280997000	5.06005	325	0
1522664634.281000000	5.06005	112	0
1522664634.281050000	5.0601	74	1
1522664634.281474000	5.06053	112	1
1522664634.324946000	5.104	209	1
1522664634.345173000	5.12422	74	0
1522664634.381641000	5.16069	148	0
1522664634.381643000	5.1607	300	0
1522664634.381682000	5.16073	74	1
1522664634.381751000	5.1608	104	0
1522664634.381753000	5.1608	112	0
1522664634.381774000	5.16083	74	1
1522664634.382151000	5.1612	112	1
1522664634.424912000	5.20396	210	1
1522664634.445231000	5.22428	74	0
1522664634.479495000	5.25855	147	0
1522664634.479497000	5.25855	304	0
1522664634.479538000	5.25859	74	1
1522664634.480356000	5.25941	104	0
1522664634.481059000	5.26011	112	0
1522664634.481075000	5.26013	74	1
1522664634.481194000	5.26025	112	1
1522664634.545656000	5.32471	74	0
1522664634.770901000	5.54995	211	1
1522664634.801633000	5.58068	74	0
1522664634.842181000	5.62123	144	0
1522664634.842183000	5.62124	304	0
1522664634.842223000	5.62127	74	1
1522664634.843046000	5.6221	104	0
1522664634.843501000	5.62255	112	0
1522664634.843518000	5.62257	74	1
1522664634.843695000	5.62275	112	1
1522664634.861110000	5.64016	74	0
1522664634.897840000	5.67689	211	1
1522664634.914582000	5.69363	74	0
1522664634.949808000	5.72886	144	0
1522664634.949810000	5.72886	332	0
1522664634.949854000	5.72891	74	1
1522664634.950161000	5.72921	112	0
1522664634.950308000	5.72936	112	1
1522664634.992749000	5.7718	212	1
1522664635.009963000	5.78902	74	0
1522664635.025915000	5.80497	74	0
1522664635.060317000	5.83937	148	0
1522664635.060319000	5.83937	331	0
1522664635.060359000	5.83941	74	1
1522664635.060426000	5.83948	112	0
1522664635.060780000	5.83983	112	1
1522664635.118347000	5.8974	74	0
1522664635.129054000	5.90811	213	1
1522664635.158644000	5.9377	74	0
1522664635.192765000	5.97182	171	0
1522664635.192868000	5.97192	328	0
1522664635.192871000	5.97192	112	0
1522664635.192895000	5.97195	74	1
1522664635.193279000	5.97233	112	1
1522664635.250681000	6.02973	74	0
1522664635.315842000	6.09489	193	1
1522664635.332232000	6.11128	74	0
1522664635.414337000	6.19339	218	0
1522664635.414618000	6.19367	1294	0
1522664635.414635000	6.19369	74	1
1522664635.414784000	6.19384	1294	0
1522664635.414855000	6.19391	1294	0
1522664635.414865000	6.19392	74	1
1522664635.414932000	6.19398	1294	0
1522664635.415079000	6.19413	1294	0
1522664635.415090000	6.19414	74	1
1522664635.415154000	6.19421	1294	0
1522664635.415224000	6.19428	1294	0
1522664635.415235000	6.19429	74	1
1522664635.415307000	6.19436	1115	0
1522664635.432370000	6.21142	1294	0
1522664635.432428000	6.21148	74	1
1522664635.432643000	6.21169	1294	0
1522664635.433233000	6.21229	1294	0
1522664635.433249000	6.2123	74	1
1522664635.433457000	6.21251	1294	0
1522664635.433522000	6.21257	1294	0
1522664635.433534000	6.21259	74	1
1522664635.433806000	6.21286	1294	0
1522664635.434188000	6.21324	1294	0
1522664635.434198000	6.21325	74	1
1522664635.434468000	6.21352	1294	0
1522664635.434571000	6.21362	1294	0
1522664635.434582000	6.21363	74	1
1522664635.434879000	6.21393	1294	0
1522664635.435072000	6.21412	1294	0
1522664635.435083000	6.21413	74	1
1522664635.435162000	6.21421	1294	0
1522664635.435241000	6.21429	1294	0
1522664635.435251000	6.2143	74	1
1522664635.435312000	6.21436	895	0
1522664635.435436000	6.21449	1294	0
1522664635.435448000	6.2145	74	1
1522664635.435525000	6.21458	1294	0
1522664635.435592000	6.21464	1294	0
1522664635.435603000	6.21465	74	1
1522664635.435805000	6.21486	74	1
1522664635.435812000	6.21486	1294	0
1522664635.435878000	6.21493	1294	0
1522664635.435889000	6.21494	74	1
1522664635.435921000	6.21497	74	1
1522664635.435967000	6.21502	852	0
1522664635.635664000	6.41472	74	1
1522664635.713873000	6.49292	1294	0
1522664635.713990000	6.49304	1294	0
1522664635.714005000	6.49306	74	1
1522664635.714118000	6.49317	1294	0
1522664635.714391000	6.49344	1294	0
1522664635.714406000	6.49346	74	1
1522664635.714484000	6.49354	1294	0
1522664635.714670000	6.49372	1294	0
1522664635.714681000	6.49373	74	1
1522664635.714763000	6.49381	1294	0
1522664635.714952000	6.494	1294	0
1522664635.714964000	6.49402	74	1
1522664635.715035000	6.49409	1294	0
1522664635.715246000	6.4943	1294	0
1522664635.715257000	6.49431	74	1
1522664635.715316000	6.49437	1294	0
1522664635.715440000	6.49449	853	0
1522664635.715451000	6.4945	74	1
1522664635.722017000	6.50107	1294	0
1522664635.722279000	6.50133	1294	0
1522664635.722301000	6.50135	74	1
1522664635.722435000	6.50149	1294	0
1522664635.722723000	6.50178	1294	0
1522664635.722740000	6.50179	74	1
1522664635.723212000	6.50226	1294	0
1522664635.723802000	6.50285	1294	0
1522664635.723827000	6.50288	74	1
1522664635.724101000	6.50315	1294	0
1522664635.724235000	6.50329	1294	0
1522664635.724249000	6.5033	74	1
1522664635.724364000	6.50342	1294	0
1522664635.724641000	6.50369	1294	0
1522664635.724656000	6.50371	74	1
1522664635.725186000	6.50424	1294	0
1522664635.725335000	6.50439	1294	0
1522664635.725349000	6.5044	74	1
1522664635.725462000	6.50451	1294	0
1522664635.725684000	6.50474	332	0
1522664635.725700000	6.50475	74	1
1522664635.727341000	6.50639	1294	0
1522664635.727511000	6.50656	943	0
1522664635.727526000	6.50658	74	1
1522664635.728508000	6.50756	144	1
1522664635.739010000	6.51806	1294	0
1522664635.739639000	6.51869	1294	0
1522664635.739667000	6.51872	74	1
1522664635.739832000	6.51888	1294	0
1522664635.739914000	6.51897	1294	0
1522664635.739924000	6.51898	74	1
1522664635.740125000	6.51918	1294	0
1522664635.740208000	6.51926	1294	0
1522664635.740220000	6.51927	74	1
1522664635.740404000	6.51946	1294	0
1522664635.740480000	6.51953	1294	0
1522664635.740492000	6.51954	74	1
1522664635.740701000	6.51975	1294	0
1522664635.740984000	6.52004	1294	0
1522664635.740999000	6.52005	74	1
1522664635.741263000	6.52031	1294	0
1522664635.741428000	6.52048	1294	0
1522664635.741442000	6.52049	74	1
1522664635.741733000	6.52079	1294	0
1522664635.741735000	6.52079	187	0
1522664635.741784000	6.52084	74	1
1522664635.742479000	6.52153	1294	0
1522664635.742762000	6.52181	1294	0
1522664635.742775000	6.52183	74	1
1522664635.743034000	6.52209	1294	0
1522664635.743330000	6.52238	1294	0
1522664635.743341000	6.52239	74	1
1522664635.743408000	6.52246	1294	0
1522664635.743624000	6.52268	1294	0
1522664635.743637000	6.52269	74	1
1522664635.743699000	6.52275	1294	0
1522664635.743761000	6.52281	1294	0
1522664635.743775000	6.52283	74	1
1522664635.743913000	6.52296	1294	0
1522664635.743913000	6.52296	74	1
1522664635.743915000	6.52297	1294	0
1522664635.743929000	6.52298	74	1
1522664635.743989000	6.52304	1294	0
1522664635.744053000	6.5231	1294	0
1522664635.744065000	6.52312	74	1
1522664635.744314000	6.52337	1294	0
1522664635.744853000	6.52391	901	0
1522664635.744867000	6.52392	74	1
1522664635.745134000	6.52419	1294	0
1522664635.745431000	6.52448	1294	0
1522664635.745444000	6.5245	74	1
1522664635.745525000	6.52458	1294	0
1522664635.745528000	6.52458	195	0
1522664635.745529000	6.52458	112	0
1522664635.745552000	6.5246	74	1
1522664635.745737000	6.52479	112	1
1522664635.755204000	6.53426	74	0
1522664635.764113000	6.54316	74	0
1522664635.775806000	6.55486	180	0
1522664635.776157000	6.55521	1294	0
1522664635.776187000	6.55524	74	1
1522664635.776449000	6.5555	1294	0
1522664635.777104000	6.55616	1294	0
1522664635.777119000	6.55617	74	1
1522664635.777347000	6.5564	1294	0
1522664635.777507000	6.55656	1294	0
1522664635.777521000	6.55657	74	1
1522664635.777785000	6.55684	1294	0
1522664635.777989000	6.55704	1294	0
1522664635.778003000	6.55705	74	1
1522664635.778069000	6.55712	1294	0
1522664635.778215000	6.55727	1294	0
1522664635.778229000	6.55728	74	1
1522664635.778291000	6.55734	1294	0
1522664635.778293000	6.55734	530	0
1522664635.778295000	6.55735	112	0
1522664635.778308000	6.55736	74	1
1522664635.778474000	6.55753	112	1
1522664635.848062000	6.62711	74	0
1522664635.862774000	6.64183	198	1
1522664635.880994000	6.66005	74	0
1522664635.901412000	6.68046	142	0
1522664635.901415000	6.68047	104	0
1522664635.901472000	6.68052	74	1
1522664635.901823000	6.68088	112	0
1522664635.902413000	6.68146	112	1
1522664635.968982000	6.74803	74	0
1522664636.077859000	6.85691	347	1
1522664636.095734000	6.87479	74	0
1522664636.098081000	6.87713	180	0
1522664636.098439000	6.87749	1294	0
1522664636.098462000	6.87751	74	1
1522664636.098525000	6.87758	1294	0
1522664636.098732000	6.87778	1294	0
1522664636.098746000	6.8778	74	1
1522664636.098808000	6.87786	1294	0
1522664636.099025000	6.87808	1294	0
1522664636.099037000	6.87809	74	1
1522664636.099099000	6.87815	1294	0
1522664636.099101000	6.87815	1294	0
1522664636.099114000	6.87817	74	1
1522664636.099174000	6.87823	1294	0
1522664636.099301000	6.87835	1294	0
1522664636.099314000	6.87837	74	1
1522664636.099375000	6.87843	1294	0
1522664636.099377000	6.87843	1294	0
1522664636.099390000	6.87844	74	1
1522664636.099452000	6.8785	1294	0
1522664636.099580000	6.87863	1294	0
1522664636.099591000	6.87864	74	1
1522664636.099648000	6.8787	1294	0
1522664636.099650000	6.8787	1294	0
1522664636.099662000	6.87871	74	1
1522664636.099721000	6.87877	1294	0
1522664636.099871000	6.87892	1294	0
1522664636.099881000	6.87893	74	1
1522664636.099945000	6.879	1294	0
1522664636.099947000	6.879	1294	0
1522664636.099957000	6.87901	74	1
1522664636.100019000	6.87907	1294	0
1522664636.100093000	6.87914	1294	0
1522664636.100104000	6.87916	74	1
1522664636.100163000	6.87922	1294	0
1522664636.100236000	6.87929	1294	0
1522664636.100238000	6.87929	1294	0
1522664636.100250000	6.8793	74	1
1522664636.100310000	6.87936	1294	0
1522664636.100376000	6.87943	1294	0
1522664636.100385000	6.87944	74	1
1522664636.100444000	6.8795	1294	0
1522664636.100492000	6.87954	74	1
1522664636.100513000	6.87957	1294	0
1522664636.100515000	6.87957	1294	0
1522664636.100526000	6.87958	74	1
1522664636.100586000	6.87964	1294	0
1522664636.100618000	6.87967	74	1
1522664636.100664000	6.87972	1294	0
1522664636.100728000	6.87978	1294	0
1522664636.100737000	6.87979	74	1
1522664636.100779000	6.87983	74	1
1522664636.100794000	6.87985	1294	0
1522664636.100796000	6.87985	1294	0
1522664636.100807000	6.87986	74	1
1522664636.100862000	6.87991	1294	0
1522664636.100942000	6.87999	1294	0
1522664636.100958000	6.88001	74	1
1522664636.101018000	6.88007	1294	0
1522664636.101085000	6.88014	1294	0
1522664636.101087000	6.88014	1294	0
1522664636.101098000	6.88015	74	1
1522664636.101159000	6.88021	1294	0
1522664636.101232000	6.88028	1294	0
1522664636.101241000	6.88029	74	1
1522664636.101301000	6.88035	1294	0
1522664636.101408000	6.88046	1294	0
1522664636.101410000	6.88046	1294	0
1522664636.101421000	6.88047	74	1
1522664636.101478000	6.88053	1294	0
1522664636.101542000	6.88059	1294	0
1522664636.101550000	6.8806	74	1
1522664636.101659000	6.88071	1294	0
1522664636.101723000	6.88077	1294	0
1522664636.101736000	6.88079	74	1
1522664636.101790000	6.88084	1294	0
1522664636.102000000	6.88105	1294	0
1522664636.102011000	6.88106	74	1
1522664636.102088000	6.88114	1294	0
1522664636.102298000	6.88135	1294	0
1522664636.102300000	6.88135	339	0
1522664636.102313000	6.88137	74	1
1522664636.102388000	6.88144	74	1
1522664636.102856000	6.88191	112	1
1522664636.122045000	6.9011	175	1
1522664636.140093000	6.91915	74	0
1522664636.165075000	6.94413	218	0
1522664636.165078000	6.94413	104	0
1522664636.165136000	6.94419	74	1
1522664636.165203000	6.94426	112	0
1522664636.165528000	6.94458	112	1
1522664636.225547000	7.0046	74	0
1522664636.292910000	7.07196	401	1
1522664636.310633000	7.08968	74	0
1522664636.337428000	7.11648	144	0
1522664636.337431000	7.11648	104	0
1522664636.337485000	7.11654	74	1
1522664636.337550000	7.1166	112	0
1522664636.338415000	7.11747	112	1
1522664636.395338000	7.17439	74	0
1522664638.266783000	9.04584	310	1
1522664638.308311000	9.08736	74	0
1522664638.329197000	9.10825	144	0
1522664638.329200000	9.10825	104	0
1522664638.329202000	9.10825	112	0
1522664638.329246000	9.1083	74	1
1522664638.329617000	9.10867	112	1
1522664638.390821000	9.16987	74	0
1522664640.630439000	11.4095	348	1
1522664640.655231000	11.4343	74	0
1522664640.676147000	11.4552	144	0
1522664640.676150000	11.4552	104	0
1522664640.676151000	11.4552	112	0
1522664640.676182000	11.4552	74	1
1522664640.676988000	11.456	112	1
1522664640.735640000	11.5147	74	0
