1522743441.556255000	0	316	1
1522743441.577951000	0.0216959	74	0
1522743441.638048000	0.0817928	140	0
1522743441.638051000	0.0817959	104	0
1522743441.638100000	0.0818448	74	1
1522743441.638432000	0.0821769	112	0
1522743441.638573000	0.0823178	112	1
1522743441.650988000	0.094733	74	0
1522743443.924594000	2.36834	188	1
1522743443.939261000	2.38301	74	0
1522743444.036482000	2.48023	233	0
1522743444.036599000	2.48034	341	0
1522743444.036601000	2.48035	112	0
1522743444.036627000	2.48037	74	1
1522743444.037069000	2.48081	112	1
1522743444.050914000	2.49466	74	0
1522743444.268942000	2.71269	188	1
1522743444.281374000	2.72512	74	0
1522743444.371607000	2.81535	147	0
1522743444.371708000	2.81545	316	0
1522743444.371710000	2.81545	112	0
1522743444.371731000	2.81548	74	1
1522743444.372140000	2.81588	112	1
1522743444.385064000	2.82881	74	0
1522743444.609733000	3.05348	189	1
1522743444.720907000	3.16465	74	0
1522743444.801303000	3.24505	191	1
1522743444.801560000	3.2453	108	1
1522743444.803987000	3.24773	147	0
1522743444.804080000	3.24782	366	0
1522743444.804083000	3.24783	112	0
1522743444.804101000	3.24785	74	1
1522743444.804471000	3.24822	112	1
1522743444.845324000	3.28907	86	1
1522743444.902508000	3.34625	74	0
1522743444.902794000	3.34654	74	0
1522743444.902877000	3.34662	74	0
1522743444.921337000	3.36508	192	1
1522743444.921536000	3.36528	108	1
1522743444.983154000	3.4269	170	0
1522743444.983237000	3.42698	351	0
1522743444.983238000	3.42698	112	0
1522743444.983255000	3.427	74	1
1522743444.983528000	3.42727	112	1
1522743444.993158000	3.4369	74	0
1522743444.993161000	3.43691	74	0
1522743445.011438000	3.45518	108	1
1522743445.012021000	3.45577	193	1
1522743445.023873000	3.46762	86	1
1522743445.078411000	3.52216	147	0
1522743445.078514000	3.52226	312	0
1522743445.078516000	3.52226	104	0
1522743445.078535000	3.52228	74	1
1522743445.095600000	3.53934	74	0
1522743445.142942000	3.58669	74	0
1522743445.186439000	3.63018	144	0
1522743445.186897000	3.63064	341	0
1522743445.186899000	3.63064	112	0
1522743445.186920000	3.63066	74	1
1522743445.187448000	3.63119	112	1
1522743445.200811000	3.64456	74	0
1522743445.215710000	3.65945	195	1
1522743445.228270000	3.67201	74	0
1522743445.312441000	3.75619	147	0
1522743445.312551000	3.7563	350	0
1522743445.312553000	3.7563	112	0
1522743445.312571000	3.75632	74	1
1522743445.312941000	3.75669	112	1
1522743445.326272000	3.77002	74	0
1522743445.417635000	3.86138	196	1
1522743445.431405000	3.87515	74	0
1522743445.516872000	3.96062	148	0
1522743445.516874000	3.96062	291	0
1522743445.516916000	3.96066	74	1
1522743445.517313000	3.96106	104	0
1522743445.517386000	3.96113	112	0
1522743445.517399000	3.96114	74	1
1522743445.517821000	3.96157	112	1
1522743445.530688000	3.97443	74	0
1522743445.617330000	4.06107	198	1
1522743445.629960000	4.0737	74	0
1522743445.709215000	4.15296	147	0
1522743445.709311000	4.15306	325	0
1522743445.709331000	4.15308	74	1
1522743445.709692000	4.15344	112	0
1522743445.709830000	4.15357	112	1
1522743445.733408000	4.17715	74	0
1522743445.832039000	4.27578	199	1
1522743445.844476000	4.28822	74	0
1522743445.931906000	4.37565	144	0
1522743445.931909000	4.37565	295	0
1522743445.931952000	4.3757	74	1
1522743445.932772000	4.37652	104	0
1522743445.932841000	4.37659	112	0
1522743445.932856000	4.3766	74	1
1522743445.932914000	4.37666	112	1
1522743445.947598000	4.39134	74	0
1522743446.031720000	4.47546	201	1
1522743446.044937000	4.48868	74	0
1522743446.127921000	4.57167	167	0
1522743446.127923000	4.57167	295	0
1522743446.127925000	4.57167	104	0
1522743446.127968000	4.57171	74	1
1522743446.128041000	4.57179	112	0
1522743446.128424000	4.57217	112	1
1522743446.140747000	4.58449	74	0
1522743446.253201000	4.69695	201	1
1522743446.266197000	4.70994	74	0
1522743446.351527000	4.79527	148	0
1522743446.351632000	4.79538	311	0
1522743446.351649000	4.79539	74	1
1522743446.351723000	4.79547	112	0
1522743446.352040000	4.79578	112	1
1522743446.365765000	4.80951	74	0
1522743446.451737000	4.89548	203	1
1522743446.464525000	4.90827	74	0
1522743446.549567000	4.99331	148	0
1522743446.549678000	4.99342	313	0
1522743446.549680000	4.99342	112	0
1522743446.549698000	4.99344	74	1
1522743446.550093000	4.99384	112	1
1522743446.563102000	5.00685	74	0
1522743446.678109000	5.12185	204	1
1522743446.691295000	5.13504	74	0
1522743446.786087000	5.22983	147	0
1522743446.786089000	5.22983	296	0
1522743446.786140000	5.22988	74	1
1522743446.786223000	5.22997	104	0
1522743446.786225000	5.22997	112	0
1522743446.786239000	5.22998	74	1
1522743446.786626000	5.23037	112	1
1522743446.799728000	5.24347	74	0
1522743446.867617000	5.31136	206	1
1522743446.880212000	5.32396	74	0
1522743446.965218000	5.40896	147	0
1522743446.965320000	5.40907	309	0
1522743446.965322000	5.40907	104	0
1522743446.965324000	5.40907	112	0
1522743446.965343000	5.40909	74	1
1522743446.965709000	5.40945	112	1
1522743446.978756000	5.4225	74	0
1522743447.067420000	5.51116	206	1
1522743447.080109000	5.52385	74	0
1522743447.160686000	5.60443	170	0
1522743447.160688000	5.60443	340	0
1522743447.160753000	5.6045	74	1
1522743447.160831000	5.60458	112	0
1522743447.161235000	5.60498	112	1
1522743447.173674000	5.61742	74	0
1522743447.266745000	5.71049	209	1
1522743447.289075000	5.73282	74	0
1522743447.367562000	5.81131	147	0
1522743447.367937000	5.81168	229	0
1522743447.367938000	5.81168	112	0
1522743447.367957000	5.8117	74	1
1522743447.368133000	5.81188	112	1
1522743447.380571000	5.82432	74	0
1522743447.488163000	5.93191	210	1
1522743447.511687000	5.95543	74	0
1522743447.594207000	6.03795	147	0
1522743447.594310000	6.03805	200	0
1522743447.594324000	6.03807	74	1
1522743447.594664000	6.03841	104	0
1522743447.595095000	6.03884	112	0
1522743447.595107000	6.03885	74	1
1522743447.595534000	6.03928	112	1
1522743447.627486000	6.07123	74	0
1522743447.746245000	6.18999	210	1
1522743447.759147000	6.20289	74	0
1522743447.840628000	6.28437	147	0
1522743447.840631000	6.28438	234	0
1522743447.840633000	6.28438	112	0
1522743447.840672000	6.28442	74	1
1522743447.841077000	6.28482	112	1
1522743447.862815000	6.30656	74	0
1522743447.897337000	6.34108	191	1
1522743447.917661000	6.36141	74	0
1522743448.042692000	6.48644	216	0
1522743448.042991000	6.48674	1294	0
1522743448.043012000	6.48676	74	1
1522743448.043249000	6.48699	1294	0
1522743448.043461000	6.48721	1294	0
1522743448.043476000	6.48722	74	1
1522743448.043547000	6.48729	1294	0
1522743448.043760000	6.4875	1294	0
1522743448.043771000	6.48752	74	1
1522743448.043833000	6.48758	1294	0
1522743448.044038000	6.48778	1294	0
1522743448.044056000	6.4878	74	1
1522743448.044278000	6.48802	1156	0
1522743448.054144000	6.49789	1294	0
1522743448.054202000	6.49795	74	1
1522743448.054406000	6.49815	1294	0
1522743448.054516000	6.49826	1294	0
1522743448.054527000	6.49827	74	1
1522743448.054794000	6.49854	1294	0
1522743448.055107000	6.49885	1294	0
1522743448.055124000	6.49887	74	1
1522743448.055282000	6.49903	1294	0
1522743448.055350000	6.49909	1294	0
1522743448.055353000	6.4991	1294	0
1522743448.055365000	6.49911	74	1
1522743448.055659000	6.4994	1294	0
1522743448.055838000	6.49958	1294	0
1522743448.055865000	6.49961	74	1
1522743448.055925000	6.49967	1294	0
1522743448.056191000	6.49994	1294	0
1522743448.056206000	6.49995	74	1
1522743448.056324000	6.50007	1294	0
1522743448.056488000	6.50023	895	0
1522743448.056502000	6.50025	74	1
1522743448.059452000	6.5032	1294	0
1522743448.059739000	6.50348	1294	0
1522743448.059755000	6.5035	74	1
1522743448.060494000	6.50424	1294	0
1522743448.060782000	6.50453	1294	0
1522743448.060795000	6.50454	74	1
1522743448.061415000	6.50516	1294	0
1522743448.061578000	6.50532	817	0
1522743448.061590000	6.50533	74	1
1522743448.445921000	6.88967	1294	0
1522743448.445925000	6.88967	1294	0
1522743448.445990000	6.88973	74	1
1522743448.446136000	6.88988	1294	0
1522743448.446215000	6.88996	1294	0
1522743448.446227000	6.88997	74	1
1522743448.446418000	6.89016	1294	0
1522743448.446782000	6.89053	1294	0
1522743448.446784000	6.89053	520	0
1522743448.446805000	6.89055	74	1
1522743448.456372000	6.90012	144	1
1522743448.462198000	6.90594	1294	0
1522743448.462480000	6.90622	1294	0
1522743448.462499000	6.90624	74	1
1522743448.462709000	6.90645	1157	0
1522743448.469382000	6.91313	74	0
1522743448.483760000	6.92751	1294	0
1522743448.483803000	6.92755	74	1
1522743448.484036000	6.92778	1294	0
1522743448.484175000	6.92792	1294	0
1522743448.484192000	6.92794	74	1
1522743448.484382000	6.92813	1294	0
1522743448.484473000	6.92822	1294	0
1522743448.484475000	6.92822	1294	0
1522743448.484488000	6.92823	74	1
1522743448.484650000	6.92839	1294	0
1522743448.484717000	6.92846	1294	0
1522743448.484727000	6.92847	74	1
1522743448.484785000	6.92853	1294	0
1522743448.484939000	6.92868	1294	0
1522743448.484952000	6.9287	74	1
1522743448.485011000	6.92876	1294	0
1522743448.485077000	6.92882	1294	0
1522743448.485087000	6.92883	74	1
1522743448.485220000	6.92896	1294	0
1522743448.485223000	6.92897	187	0
1522743448.485238000	6.92898	74	1
1522743448.488749000	6.93249	203	0
1522743448.489100000	6.93284	1294	0
1522743448.489116000	6.93286	74	1
1522743448.489399000	6.93314	1294	0
1522743448.489715000	6.93346	1294	0
1522743448.489732000	6.93348	74	1
1522743448.489793000	6.93354	1294	0
1522743448.489970000	6.93371	1294	0
1522743448.489986000	6.93373	74	1
1522743448.490043000	6.93379	1294	0
1522743448.490248000	6.93399	1294	0
1522743448.490263000	6.93401	74	1
1522743448.490320000	6.93406	1294	0
1522743448.490542000	6.93429	1294	0
1522743448.490556000	6.9343	74	1
1522743448.490840000	6.93458	1294	0
1522743448.490910000	6.93465	530	0
1522743448.490912000	6.93466	112	0
1522743448.490923000	6.93467	74	1
1522743448.491056000	6.9348	112	1
1522743448.494473000	6.93822	1294	0
1522743448.494671000	6.93842	1294	0
1522743448.494688000	6.93843	74	1
1522743448.494755000	6.9385	1294	0
1522743448.494854000	6.9386	1294	0
1522743448.494865000	6.93861	74	1
1522743448.494944000	6.93869	1294	0
1522743448.495014000	6.93876	1294	0
1522743448.495025000	6.93877	74	1
1522743448.495152000	6.9389	1294	0
1522743448.495237000	6.93898	1294	0
1522743448.495248000	6.93899	74	1
1522743448.495311000	6.93906	1294	0
1522743448.495438000	6.93918	1294	0
1522743448.495454000	6.9392	74	1
1522743448.495532000	6.93928	1294	0
1522743448.495597000	6.93934	1294	0
1522743448.495608000	6.93935	74	1
1522743448.495727000	6.93947	1294	0
1522743448.495729000	6.93947	931	0
1522743448.495745000	6.93949	74	1
1522743448.495866000	6.93961	1294	0
1522743448.496143000	6.93989	1294	0
1522743448.496159000	6.9399	74	1
1522743448.496220000	6.93997	396	0
1522743448.496222000	6.93997	104	0
1522743448.496233000	6.93998	74	1
1522743448.527376000	6.97112	196	1
1522743448.549829000	6.99357	74	0
1522743448.549910000	6.99365	74	0
1522743448.610484000	7.05423	140	0
1522743448.610487000	7.05423	104	0
1522743448.610545000	7.05429	74	1
1522743448.610614000	7.05436	112	0
1522743448.611771000	7.05552	112	1
1522743448.624918000	7.06866	74	0
1522743448.721242000	7.16499	337	1
1522743448.734549000	7.17829	74	0
1522743448.736295000	7.18004	178	0
1522743448.736634000	7.18038	1294	0
1522743448.736657000	7.1804	74	1
1522743448.736810000	7.18055	1294	0
1522743448.736925000	7.18067	1294	0
1522743448.736938000	7.18068	74	1
1522743448.737102000	7.18085	1294	0
1522743448.737202000	7.18095	1294	0
1522743448.737215000	7.18096	74	1
1522743448.737379000	7.18112	1294	0
1522743448.737482000	7.18123	1294	0
1522743448.737494000	7.18124	74	1
1522743448.737656000	7.1814	1294	0
1522743448.737781000	7.18153	1294	0
1522743448.737793000	7.18154	74	1
1522743448.737957000	7.1817	1294	0
1522743448.738069000	7.18181	1294	0
1522743448.738071000	7.18182	1294	0
1522743448.738087000	7.18183	74	1
1522743448.738256000	7.182	1294	0
1522743448.738365000	7.18211	1294	0
1522743448.738367000	7.18211	1294	0
1522743448.738379000	7.18212	74	1
1522743448.738552000	7.1823	1294	0
1522743448.738667000	7.18241	1294	0
1522743448.738669000	7.18241	1294	0
1522743448.738685000	7.18243	74	1
1522743448.738784000	7.18253	1294	0
1522743448.738944000	7.18269	1294	0
1522743448.738946000	7.18269	1294	0
1522743448.738959000	7.1827	74	1
1522743448.739061000	7.18281	1294	0
1522743448.739210000	7.18295	1294	0
1522743448.739223000	7.18297	74	1
1522743448.739260000	7.183	74	1
1522743448.739285000	7.18303	1294	0
1522743448.739363000	7.18311	1294	0
1522743448.739375000	7.18312	74	1
1522743448.739506000	7.18325	1294	0
1522743448.739929000	7.18367	1294	0
1522743448.739944000	7.18369	74	1
1522743448.740039000	7.18378	1294	0
1522743448.740234000	7.18398	1294	0
1522743448.740248000	7.18399	74	1
1522743448.740339000	7.18408	1294	0
1522743448.740517000	7.18426	1294	0
1522743448.740530000	7.18427	74	1
1522743448.740642000	7.18439	1294	0
1522743448.740813000	7.18456	1294	0
1522743448.740827000	7.18457	74	1
1522743448.741052000	7.1848	1294	0
1522743448.741114000	7.18486	1294	0
1522743448.741125000	7.18487	74	1
1522743448.741199000	7.18494	1294	0
1522743448.741294000	7.18504	1294	0
1522743448.741309000	7.18505	74	1
1522743448.741380000	7.18512	1294	0
1522743448.741482000	7.18523	1294	0
1522743448.741483000	7.18523	1294	0
1522743448.741497000	7.18524	74	1
1522743448.741791000	7.18554	1294	0
1522743448.741820000	7.18556	74	1
1522743448.742068000	7.18581	1294	0
1522743448.742346000	7.18609	1294	0
1522743448.742348000	7.18609	1294	0
1522743448.742360000	7.18611	74	1
1522743448.742640000	7.18638	1294	0
1522743448.742936000	7.18668	1294	0
1522743448.742950000	7.18669	74	1
1522743448.743213000	7.18696	1294	0
1522743448.743280000	7.18702	1294	0
1522743448.743292000	7.18704	74	1
1522743448.743502000	7.18725	1154	0
1522743448.744000000	7.18774	112	1
1522743448.764834000	7.20858	173	1
1522743448.783810000	7.22755	74	0
1522743448.850680000	7.29443	216	0
1522743448.850683000	7.29443	104	0
1522743448.850743000	7.29449	74	1
1522743448.850810000	7.29455	112	0
1522743448.851109000	7.29485	112	1
1522743448.903034000	7.34678	74	0
1522743448.931143000	7.37489	399	1
1522743448.944682000	7.38843	74	0
1522743449.018072000	7.46182	142	0
1522743449.018074000	7.46182	104	0
1522743449.018134000	7.46188	74	1
1522743449.018456000	7.4622	112	0
1522743449.019032000	7.46278	112	1
1522743449.032783000	7.47653	74	0
1522743449.622167000	8.06591	346	1
1522743449.710474000	8.15422	74	0
1522743449.772191000	8.21594	142	0
1522743449.773246000	8.21699	104	0
1522743449.773248000	8.21699	112	0
1522743449.773268000	8.21701	74	1
1522743449.773668000	8.21741	112	1
1522743449.802402000	8.24615	74	0
1522743450.873571000	9.31732	308	1
1522743451.842507000	10.2863	74	0
1522743451.843348000	10.2871	86	0
1522743451.844633000	10.2884	86	0
1522743451.902821000	10.3466	142	0
1522743451.902824000	10.3466	104	0
1522743451.902865000	10.3466	74	1
1522743451.902931000	10.3467	112	0
1522743451.903314000	10.3471	112	1
1522743451.917242000	10.361	74	0
