1522722871.904388000	0	319	1
1522722872.029124000	0.124736	74	0
1522722872.049277000	0.144889	140	0
1522722872.049279000	0.144891	104	0
1522722872.049318000	0.14493	74	1
1522722872.049388000	0.145	112	0
1522722872.049739000	0.145351	112	1
1522722872.084461000	0.180073	86	1
1522722872.154572000	0.250184	74	0
1522722874.195411000	2.29102	188	1
1522722874.223285000	2.3189	74	0
1522722874.268833000	2.36444	234	0
1522722874.268926000	2.36454	333	0
1522722874.268945000	2.36456	74	1
1522722874.269131000	2.36474	112	0
1522722874.269401000	2.36501	112	1
1522722874.283532000	2.37914	74	0
1522722874.484201000	2.57981	188	1
1522722874.496803000	2.59242	74	0
1522722874.537423000	2.63303	170	0
1522722874.537425000	2.63304	325	0
1522722874.537427000	2.63304	112	0
1522722874.537484000	2.6331	74	1
1522722874.537918000	2.63353	112	1
1522722874.591378000	2.68699	74	0
1522722874.804451000	2.90006	189	1
1522722874.817435000	2.91305	74	0
1522722874.854912000	2.95052	147	0
1522722874.855033000	2.95064	366	0
1522722874.855035000	2.95065	112	0
1522722874.855058000	2.95067	74	1
1522722874.855484000	2.9511	112	1
1522722874.890109000	2.98572	191	1
1522722874.907967000	3.00358	74	0
1522722874.941753000	3.03736	147	0
1522722874.941858000	3.03747	358	0
1522722874.941860000	3.03747	112	0
1522722874.941881000	3.03749	74	1
1522722874.942238000	3.03785	112	1
1522722874.995403000	3.09102	74	0
1522722875.053779000	3.14939	192	1
1522722875.066699000	3.16231	74	0
1522722875.105560000	3.20117	147	0
1522722875.105656000	3.20127	337	0
1522722875.105659000	3.20127	112	0
1522722875.105683000	3.2013	74	1
1522722875.106045000	3.20166	112	1
1522722875.158365000	3.25398	74	0
1522722875.691519000	3.78713	195	1
1522722875.704679000	3.80029	74	0
1522722875.737127000	3.83274	171	0
1522722875.737234000	3.83285	329	0
1522722875.737236000	3.83285	112	0
1522722875.737259000	3.83287	74	1
1522722875.737682000	3.83329	112	1
1522722875.790629000	3.88624	74	0
1522722875.962466000	4.05808	196	1
1522722875.980397000	4.07601	74	0
1522722876.014898000	4.11051	144	0
1522722876.014979000	4.11059	333	0
1522722876.014980000	4.11059	112	0
1522722876.014997000	4.11061	74	1
1522722876.015317000	4.11093	112	1
1522722876.057936000	4.15355	198	1
1522722876.073642000	4.16925	74	0
1522722876.120688000	4.2163	148	0
1522722876.120690000	4.2163	330	0
1522722876.120731000	4.21634	74	1
1522722876.120799000	4.21641	112	0
1522722876.121178000	4.21679	112	1
1522722876.179785000	4.2754	74	0
1522722876.498453000	4.59406	201	1
1522722876.510928000	4.60654	74	0
1522722876.546954000	4.64257	171	0
1522722876.546957000	4.64257	319	0
1522722876.547004000	4.64262	74	1
1522722876.547072000	4.64268	112	0
1522722876.547486000	4.6431	112	1
1522722876.610807000	4.70642	74	0
1522722876.748216000	4.84383	202	1
1522722876.761522000	4.85713	74	0
1522722876.795857000	4.89147	144	0
1522722876.796242000	4.89185	299	0
1522722876.796244000	4.89186	104	0
1522722876.796268000	4.89188	74	1
1522722876.796338000	4.89195	112	0
1522722876.796539000	4.89215	112	1
1522722876.874426000	4.97004	74	0
1522722877.037310000	5.13292	203	1
1522722877.056477000	5.15209	74	0
1522722877.093579000	5.18919	148	0
1522722877.093581000	5.18919	320	0
1522722877.093630000	5.18924	74	1
1522722877.093715000	5.18933	112	0
1522722877.094090000	5.1897	112	1
1522722877.147567000	5.24318	74	0
1522722877.711633000	5.80725	205	1
1522722877.725415000	5.82103	74	0
1522722877.762601000	5.85821	171	0
1522722877.762694000	5.85831	291	0
1522722877.762710000	5.85832	74	1
1522722877.763243000	5.85886	104	0
1522722877.763309000	5.85892	112	0
1522722877.763323000	5.85894	74	1
1522722877.764482000	5.86009	112	1
1522722877.830257000	5.92587	74	0
1522722877.947114000	6.04273	188	1
1522722877.961814000	6.05743	74	0
1522722878.118944000	6.21456	216	0
1522722878.119288000	6.2149	1294	0
1522722878.119303000	6.21492	74	1
1522722878.119572000	6.21518	1294	0
1522722878.119574000	6.21519	1294	0
1522722878.119588000	6.2152	74	1
1522722878.119870000	6.21548	1294	0
1522722878.119879000	6.21549	1294	0
1522722878.119896000	6.21551	74	1
1522722878.120134000	6.21575	1294	0
1522722878.120430000	6.21604	1294	0
1522722878.120444000	6.21606	74	1
1522722878.120649000	6.21626	1084	0
1522722878.120942000	6.21655	1294	0
1522722878.120957000	6.21657	74	1
1522722878.121218000	6.21683	1294	0
1522722878.121281000	6.21689	1294	0
1522722878.121295000	6.21691	74	1
1522722878.121508000	6.21712	1294	0
1522722878.121581000	6.21719	1294	0
1522722878.121592000	6.2172	74	1
1522722878.121648000	6.21726	1294	0
1522722878.121787000	6.2174	1294	0
1522722878.121801000	6.21741	74	1
1522722878.121878000	6.21749	1294	0
1522722878.122077000	6.21769	1294	0
1522722878.122089000	6.2177	74	1
1522722878.122170000	6.21778	1294	0
1522722878.122173000	6.21779	1294	0
1522722878.122185000	6.2178	74	1
1522722878.122358000	6.21797	1294	0
1522722878.122426000	6.21804	1284	0
1522722878.122437000	6.21805	74	1
1522722878.123029000	6.21864	1294	0
1522722878.123103000	6.21871	1294	0
1522722878.123115000	6.21873	74	1
1522722878.123264000	6.21888	1294	0
1522722878.123266000	6.21888	484	0
1522722878.123287000	6.2189	86	1
1522722878.123450000	6.21906	1294	0
1522722878.123468000	6.21908	86	1
1522722878.123529000	6.21914	1294	0
1522722878.123542000	6.21915	86	1
1522722878.123717000	6.21933	1294	0
1522722878.123734000	6.21935	74	1
1522722878.721696000	6.81731	1294	0
1522722878.721923000	6.81754	1294	0
1522722878.721944000	6.81756	74	1
1522722878.722022000	6.81763	1294	0
1522722878.722109000	6.81772	1294	0
1522722878.722121000	6.81773	74	1
1522722878.722282000	6.81789	1294	0
1522722878.722284000	6.8179	1294	0
1522722878.722296000	6.81791	74	1
1522722878.722404000	6.81802	1294	0
1522722878.722513000	6.81813	1294	0
1522722878.722526000	6.81814	74	1
1522722878.722589000	6.8182	1294	0
1522722878.722675000	6.81829	1294	0
1522722878.722687000	6.8183	74	1
1522722878.722766000	6.81838	1294	0
1522722878.722847000	6.81846	1263	0
1522722878.722865000	6.81848	86	1
1522722878.722951000	6.81856	1294	0
1522722878.722966000	6.81858	74	1
1522722878.723076000	6.81869	1294	0
1522722878.723079000	6.81869	276	0
1522722878.723093000	6.81871	74	1
1522722878.738110000	6.83372	144	1
1522722878.754414000	6.85003	74	0
1522722878.762632000	6.85824	1294	0
1522722878.762791000	6.8584	1294	0
1522722878.762811000	6.85842	74	1
1522722878.762871000	6.85848	1294	0
1522722878.763085000	6.8587	1294	0
1522722878.763098000	6.85871	74	1
1522722878.763186000	6.8588	1294	0
1522722878.763248000	6.85886	1294	0
1522722878.763260000	6.85887	74	1
1522722878.763356000	6.85897	1294	0
1522722878.763470000	6.85908	1294	0
1522722878.763483000	6.8591	74	1
1522722878.763554000	6.85917	1294	0
1522722878.763630000	6.85924	1294	0
1522722878.763641000	6.85925	74	1
1522722878.763738000	6.85935	1294	0
1522722878.763805000	6.85942	1294	0
1522722878.763807000	6.85942	749	0
1522722878.763828000	6.85944	86	1
1522722878.764032000	6.85964	1294	0
1522722878.764048000	6.85966	74	1
1522722878.764110000	6.85972	1294	0
1522722878.764112000	6.85972	1294	0
1522722878.764125000	6.85974	74	1
1522722878.764324000	6.85994	1294	0
1522722878.764403000	6.86002	1294	0
1522722878.764405000	6.86002	1294	0
1522722878.764420000	6.86003	74	1
1522722878.764591000	6.8602	1294	0
1522722878.764662000	6.86027	1294	0
1522722878.764664000	6.86028	1294	0
1522722878.764667000	6.86028	1294	0
1522722878.764679000	6.86029	74	1
1522722878.764741000	6.86035	1294	0
1522722878.764910000	6.86052	1294	0
1522722878.764923000	6.86054	74	1
1522722878.764980000	6.86059	1294	0
1522722878.765175000	6.86079	1294	0
1522722878.765177000	6.86079	901	0
1522722878.765192000	6.8608	74	1
1522722878.765258000	6.86087	1294	0
1522722878.765381000	6.86099	74	1
1522722878.765591000	6.8612	1294	0
1522722878.765593000	6.86121	1294	0
1522722878.765609000	6.86122	74	1
1522722878.765671000	6.86128	1294	0
1522722878.765835000	6.86145	1294	0
1522722878.765846000	6.86146	74	1
1522722878.765908000	6.86152	1037	0
1522722878.773723000	6.86933	203	0
1522722878.773766000	6.86938	74	1
1522722878.774047000	6.86966	1294	0
1522722878.774117000	6.86973	1294	0
1522722878.774131000	6.86974	74	1
1522722878.774328000	6.86994	1294	0
1522722878.774395000	6.87001	1294	0
1522722878.774407000	6.87002	74	1
1522722878.774618000	6.87023	1294	0
1522722878.774687000	6.8703	1294	0
1522722878.774698000	6.87031	74	1
1522722878.774761000	6.87037	1294	0
1522722878.774763000	6.87038	500	0
1522722878.774791000	6.8704	86	1
1522722878.774969000	6.87058	1294	0
1522722878.774982000	6.87059	86	1
1522722878.775040000	6.87065	1294	0
1522722878.775052000	6.87066	86	1
1522722878.775300000	6.87091	1294	0
1522722878.775304000	6.87092	104	0
1522722878.775320000	6.87093	74	1
1522722878.775606000	6.87122	112	0
1522722878.775620000	6.87123	74	1
1522722878.775813000	6.87143	112	1
1522722878.788254000	6.88387	1294	0
1522722878.788256000	6.88387	1294	0
1522722878.788280000	6.88389	74	1
1522722878.788341000	6.88395	1294	0
1522722878.788420000	6.88403	1294	0
1522722878.788430000	6.88404	74	1
1522722878.788492000	6.8841	1294	0
1522722878.788495000	6.88411	1294	0
1522722878.788497000	6.88411	187	0
1522722878.788517000	6.88413	86	1
1522722878.788578000	6.88419	1294	0
1522722878.788590000	6.8842	86	1
1522722878.788697000	6.88431	1294	0
1522722878.788711000	6.88432	86	1
1522722878.788776000	6.88439	1294	0
1522722878.788778000	6.88439	1294	0
1522722878.788790000	6.8844	86	1
1522722878.788799000	6.88441	86	1
1522722878.788856000	6.88447	1294	0
1522722878.788867000	6.88448	86	1
1522722878.788929000	6.88454	1294	0
1522722878.788940000	6.88455	86	1
1522722878.788999000	6.88461	1294	0
1522722878.789011000	6.88462	74	1
1522722878.791889000	6.8875	1294	0
1522722878.791974000	6.88759	1294	0
1522722878.791990000	6.8876	74	1
1522722878.792152000	6.88776	1294	0
1522722878.792232000	6.88784	1294	0
1522722878.792247000	6.88786	74	1
1522722878.792308000	6.88792	1294	0
1522722878.792411000	6.88802	1294	0
1522722878.792422000	6.88803	74	1
1522722878.792501000	6.88811	1294	0
1522722878.792562000	6.88817	1294	0
1522722878.792573000	6.88819	74	1
1522722878.792711000	6.88832	1294	0
1522722878.792778000	6.88839	1294	0
1522722878.792790000	6.8884	74	1
1522722878.792860000	6.88847	1294	0
1522722878.793007000	6.88862	1294	0
1522722878.793019000	6.88863	74	1
1522722878.793078000	6.88869	1294	0
1522722878.793142000	6.88875	1294	0
1522722878.793152000	6.88876	74	1
1522722878.793362000	6.88897	1294	0
1522722878.793634000	6.88925	1294	0
1522722878.793652000	6.88926	74	1
1522722878.793911000	6.88952	1294	0
1522722878.793913000	6.88952	79	0
1522722878.793914000	6.88953	112	0
1522722878.793931000	6.88954	74	1
1522722878.794529000	6.89014	112	1
1522722878.848143000	6.94376	74	0
1522722878.895238000	6.99085	198	1
1522722878.907698000	7.00331	74	0
1522722878.928215000	7.02383	140	0
1522722878.928218000	7.02383	104	0
1522722878.928274000	7.02389	74	1
1522722878.928341000	7.02395	112	0
1522722878.929238000	7.02485	112	1
1522722878.981631000	7.07724	74	0
1522722879.079819000	7.17543	351	1
1522722879.092894000	7.18851	74	0
1522722879.096352000	7.19196	180	0
1522722879.096708000	7.19232	1294	0
1522722879.096727000	7.19234	74	1
1522722879.096985000	7.1926	1294	0
1522722879.097167000	7.19278	1294	0
1522722879.097181000	7.19279	74	1
1522722879.097455000	7.19307	1294	0
1522722879.097458000	7.19307	1294	0
1522722879.097471000	7.19308	74	1
1522722879.097730000	7.19334	1294	0
1522722879.097845000	7.19346	1294	0
1522722879.097859000	7.19347	74	1
1522722879.098018000	7.19363	1294	0
1522722879.098123000	7.19374	1294	0
1522722879.098136000	7.19375	74	1
1522722879.098214000	7.19383	1294	0
1522722879.098307000	7.19392	1294	0
1522722879.098319000	7.19393	74	1
1522722879.098378000	7.19399	1294	0
1522722879.098445000	7.19406	1294	0
1522722879.098457000	7.19407	74	1
1522722879.098614000	7.19423	1294	0
1522722879.098680000	7.19429	1294	0
1522722879.098683000	7.1943	1294	0
1522722879.098695000	7.19431	74	1
1522722879.098756000	7.19437	1294	0
1522722879.098759000	7.19437	1294	0
1522722879.098771000	7.19438	74	1
1522722879.098918000	7.19453	1294	0
1522722879.098920000	7.19453	1294	0
1522722879.098935000	7.19455	74	1
1522722879.098997000	7.19461	1294	0
1522722879.098999000	7.19461	1294	0
1522722879.099012000	7.19462	74	1
1522722879.099117000	7.19473	1294	0
1522722879.099183000	7.1948	1294	0
1522722879.099185000	7.1948	1294	0
1522722879.099197000	7.19481	74	1
1522722879.099259000	7.19487	1294	0
1522722879.099261000	7.19487	1294	0
1522722879.099273000	7.19489	74	1
1522722879.099333000	7.19495	1294	0
1522722879.099398000	7.19501	1294	0
1522722879.099409000	7.19502	74	1
1522722879.099467000	7.19508	1294	0
1522722879.099533000	7.19515	1294	0
1522722879.099535000	7.19515	1294	0
1522722879.099537000	7.19515	1294	0
1522722879.099551000	7.19516	74	1
1522722879.099611000	7.19522	1294	0
1522722879.099686000	7.1953	1294	0
1522722879.099695000	7.19531	74	1
1522722879.099755000	7.19537	1294	0
1522722879.099757000	7.19537	1294	0
1522722879.099760000	7.19537	508	0
1522722879.099773000	7.19538	74	1
1522722879.099834000	7.19545	1294	0
1522722879.099837000	7.19545	1294	0
1522722879.099839000	7.19545	1294	0
1522722879.099851000	7.19546	74	1
1522722879.099912000	7.19552	1294	0
1522722879.100048000	7.19566	1294	0
1522722879.100060000	7.19567	74	1
1522722879.100118000	7.19573	1294	0
1522722879.100121000	7.19573	1294	0
1522722879.100131000	7.19574	74	1
1522722879.100192000	7.1958	1294	0
1522722879.100194000	7.19581	1294	0
1522722879.100210000	7.19582	74	1
1522722879.100271000	7.19588	1294	0
1522722879.100331000	7.19594	1294	0
1522722879.100341000	7.19595	74	1
1522722879.100402000	7.19601	1294	0
1522722879.100472000	7.19608	1294	0
1522722879.100482000	7.19609	74	1
1522722879.100545000	7.19616	1294	0
1522722879.100547000	7.19616	422	0
1522722879.100573000	7.19619	86	1
1522722879.100660000	7.19627	1294	0
1522722879.100675000	7.19629	86	1
1522722879.100734000	7.19635	1294	0
1522722879.100745000	7.19636	74	1
1522722879.100867000	7.19648	74	1
1522722879.101332000	7.19694	112	1
1522722879.123751000	7.21936	175	1
1522722879.136598000	7.23221	74	0
1522722879.159892000	7.2555	214	0
1522722879.159894000	7.25551	104	0
1522722879.159947000	7.25556	74	1
1522722879.160014000	7.25563	112	0
1522722879.160325000	7.25594	112	1
1522722879.212276000	7.30789	74	0
1522722879.330224000	7.42584	402	1
1522722879.343560000	7.43917	74	0
1522722879.363997000	7.45961	140	0
1522722879.364000000	7.45961	104	0
1522722879.364050000	7.45966	74	1
1522722879.364131000	7.45974	112	0
1522722879.365024000	7.46064	112	1
1522722879.419579000	7.51519	74	0
1522722879.964877000	8.06049	348	1
1522722879.979412000	8.07502	74	0
1522722879.999638000	8.09525	140	0
1522722879.999640000	8.09525	104	0
1522722879.999672000	8.09528	74	1
1522722879.999967000	8.09558	112	0
1522722880.000585000	8.0962	112	1
1522722880.053399000	8.14901	74	0
1522722881.234661000	9.33027	309	1
1522722881.281389000	9.377	74	0
1522722881.301955000	9.39757	140	0
1522722881.303367000	9.39898	104	0
1522722881.303397000	9.39901	74	1
1522722881.303764000	9.39938	112	0
1522722881.303984000	9.3996	112	1
1522722881.333246000	9.42886	86	1
1522722881.379152000	9.47476	74	0
