1522658926.239304000	0	651	1
1522658926.239617000	0.000313044	1294	1
1522658926.239633000	0.000329018	74	0
1522658926.239698000	0.000393867	1294	1
1522658926.239911000	0.000607014	1294	1
1522658926.239924000	0.000619888	74	0
1522658926.239981000	0.00067687	1294	1
1522658926.240256000	0.000952005	1294	1
1522658926.240276000	0.000972033	74	0
1522658926.240518000	0.00121403	1294	1
1522658926.240582000	0.00127792	1294	1
1522658926.240594000	0.00128984	74	0
1522658926.240674000	0.00136995	763	1
1522658926.258255000	0.0189509	1294	1
1522658926.258296000	0.0189919	74	0
1522658926.258546000	0.019242	1294	1
1522658926.258618000	0.0193141	1294	1
1522658926.258629000	0.019325	74	0
1522658926.258780000	0.0194759	1294	1
1522658926.259365000	0.020061	1294	1
1522658926.259385000	0.020081	74	0
1522658926.259446000	0.0201418	1294	1
1522658926.259643000	0.020339	1294	1
1522658926.259656000	0.0203519	74	0
1522658926.259719000	0.0204148	1294	1
1522658926.259722000	0.0204179	1294	1
1522658926.259736000	0.020432	74	0
1522658926.259937000	0.020633	1294	1
1522658926.259998000	0.020694	1294	1
1522658926.260010000	0.0207059	74	0
1522658926.260226000	0.0209219	1294	1
1522658926.260519000	0.021215	1294	1
1522658926.260532000	0.0212278	74	0
1522658926.261020000	0.0217159	895	1
1522658926.264791000	0.0254869	1294	1
1522658926.264837000	0.025533	74	0
1522658926.266278000	0.026974	1294	1
1522658926.266549000	0.027245	1294	1
1522658926.266574000	0.0272698	74	0
1522658926.266824000	0.0275199	1294	1
1522658926.267118000	0.0278139	1294	1
1522658926.267129000	0.0278249	74	0
1522658926.268392000	0.029088	1294	1
1522658926.268675000	0.029371	1294	1
1522658926.268693000	0.0293889	74	0
1522658926.270231000	0.0309269	1294	1
1522658926.270496000	0.0311918	1294	1
1522658926.270517000	0.031213	74	0
1522658926.270811000	0.031507	1294	1
1522658926.271108000	0.0318038	1294	1
1522658926.271120000	0.031816	74	0
1522658926.272320000	0.033016	1294	1
1522658926.272609000	0.0333049	1294	1
1522658926.272627000	0.033323	74	0
1522658926.276271000	0.036967	1294	1
1522658926.276495000	0.0371909	1294	1
1522658926.276517000	0.0372128	74	0
1522658926.276579000	0.0372748	1294	1
1522658926.276777000	0.037473	1294	1
1522658926.276791000	0.037487	74	0
1522658926.276851000	0.0375469	1294	1
1522658926.276961000	0.037657	1294	1
1522658926.276973000	0.0376689	74	0
1522658926.277062000	0.0377579	1294	1
1522658926.277127000	0.037823	1294	1
1522658926.277139000	0.0378349	74	0
1522658926.277236000	0.0379319	1294	1
1522658926.277528000	0.038224	1294	1
1522658926.277540000	0.0382359	74	0
1522658926.277758000	0.0384538	1294	1
1522658926.277826000	0.038522	1294	1
1522658926.277836000	0.038532	74	0
1522658926.278038000	0.038734	1294	1
1522658926.278329000	0.0390248	1294	1
1522658926.278340000	0.039036	74	0
1522658926.279016000	0.039712	1294	1
1522658926.279309000	0.040005	1294	1
1522658926.279324000	0.04002	74	0
1522658926.280368000	0.041064	74	0
1522658926.280525000	0.0412209	1294	1
1522658926.280827000	0.041523	1294	1
1522658926.280842000	0.041538	74	0
1522658926.281126000	0.041822	1294	1
1522658926.281422000	0.0421178	1294	1
1522658926.281436000	0.0421319	74	0
1522658926.281636000	0.0423319	1027	1
1522658926.281913000	0.042609	112	0
1522658926.337990000	0.098686	74	1
1522658926.386275000	0.146971	328	0
1522658926.386438000	0.147134	169	0
1522658926.404295000	0.164991	74	1
1522658926.406622000	0.167318	74	1
1522658926.423212000	0.183908	252	1
1522658926.423570000	0.184266	1294	1
1522658926.423593000	0.184289	74	0
1522658926.423782000	0.184478	1294	1
1522658926.424058000	0.184754	1294	1
1522658926.424069000	0.184765	74	0
1522658926.427786000	0.188482	1294	1
1522658926.427789000	0.188485	425	1
1522658926.427792000	0.188488	112	1
1522658926.427795000	0.188491	147	1
1522658926.427850000	0.188546	74	0
1522658926.428045000	0.188741	1294	1
1522658926.428114000	0.18881	1294	1
1522658926.428127000	0.188823	74	0
1522658926.428333000	0.189029	1294	1
1522658926.428610000	0.189306	1294	1
1522658926.428622000	0.189318	74	0
1522658926.428933000	0.189629	112	0
1522658926.431277000	0.191973	1294	1
1522658926.431279000	0.191975	87	1
1522658926.431335000	0.192031	74	0
1522658926.483617000	0.244313	74	1
1522658926.506486000	0.267182	248	0
1522658926.522436000	0.283132	74	1
1522658926.526482000	0.287178	250	0
1522658926.543153000	0.303849	142	1
1522658926.543156000	0.303852	104	1
1522658926.543220000	0.303916	74	0
1522658926.543288000	0.303984	112	1
1522658926.543290000	0.303986	262	1
1522658926.543307000	0.304003	74	0
1522658926.543639000	0.304335	1294	1
1522658926.543993000	0.304689	1294	1
1522658926.544004000	0.3047	74	0
1522658926.544284000	0.30498	1294	1
1522658926.544567000	0.305263	1294	1
1522658926.544575000	0.305271	74	0
1522658926.544634000	0.30533	1294	1
1522658926.544844000	0.30554	1294	1
1522658926.544852000	0.305548	74	0
1522658926.544912000	0.305608	1294	1
1522658926.544914000	0.30561	1294	1
1522658926.544928000	0.305624	74	0
1522658926.544989000	0.305685	1294	1
1522658926.545056000	0.305752	1294	1
1522658926.545066000	0.305762	74	0
1522658926.545128000	0.305824	1294	1
1522658926.545201000	0.305897	1294	1
1522658926.545204000	0.3059	1294	1
1522658926.545222000	0.305918	74	0
1522658926.545286000	0.305982	1294	1
1522658926.545415000	0.306111	1294	1
1522658926.545428000	0.306124	74	0
1522658926.545487000	0.306183	1294	1
1522658926.545560000	0.306256	1294	1
1522658926.545570000	0.306266	74	0
1522658926.545656000	0.306352	1294	1
1522658926.545734000	0.30643	1294	1
1522658926.545749000	0.306445	74	0
1522658926.545948000	0.306644	1294	1
1522658926.546141000	0.306837	1294	1
1522658926.546150000	0.306846	74	0
1522658926.546223000	0.306919	1294	1
1522658926.546353000	0.307049	1294	1
1522658926.546366000	0.307062	74	0
1522658926.546425000	0.307121	1294	1
1522658926.546494000	0.30719	1294	1
1522658926.546503000	0.307199	74	0
1522658926.546690000	0.307386	1294	1
1522658926.546793000	0.307489	1294	1
1522658926.546806000	0.307502	74	0
1522658926.546970000	0.307666	1294	1
1522658926.547109000	0.307805	1294	1
1522658926.547118000	0.307814	74	0
1522658926.547178000	0.307874	1294	1
1522658926.547350000	0.308046	1294	1
1522658926.547363000	0.308059	74	0
1522658926.547426000	0.308122	74	0
1522658926.547455000	0.308151	1294	1
1522658926.547640000	0.308336	1294	1
1522658926.547648000	0.308344	74	0
1522658926.547744000	0.30844	1294	1
1522658926.547757000	0.308453	74	0
1522658926.547938000	0.308634	112	0
1522658926.547948000	0.308644	1294	1
1522658926.548018000	0.308714	1294	1
1522658926.548031000	0.308727	74	0
1522658926.548214000	0.30891	1294	1
1522658926.548512000	0.309208	1294	1
1522658926.548530000	0.309226	74	0
1522658926.548788000	0.309484	1294	1
1522658926.548859000	0.309555	1294	1
1522658926.548873000	0.309569	74	0
1522658926.549082000	0.309778	1294	1
1522658926.549153000	0.309849	1294	1
1522658926.549164000	0.30986	74	0
1522658926.549362000	0.310058	1294	1
1522658926.549647000	0.310343	1294	1
1522658926.549650000	0.310346	1294	1
1522658926.549666000	0.310362	74	0
1522658926.549894000	0.31059	1294	1
1522658926.549962000	0.310658	1294	1
1522658926.549975000	0.310671	74	0
1522658926.550171000	0.310867	1294	1
1522658926.551725000	0.312421	1294	1
1522658926.551760000	0.312456	74	0
1522658926.551994000	0.31269	1294	1
1522658926.552126000	0.312822	1294	1
1522658926.552137000	0.312833	74	0
1522658926.552423000	0.313119	1294	1
1522658926.552719000	0.313415	1294	1
1522658926.552733000	0.313429	74	0
1522658926.556674000	0.31737	1294	1
1522658926.556761000	0.317457	1294	1
1522658926.556777000	0.317473	74	0
1522658926.556942000	0.317638	1294	1
1522658926.557061000	0.317757	1294	1
1522658926.557072000	0.317768	74	0
1522658926.557235000	0.317931	1294	1
1522658926.557529000	0.318225	1294	1
1522658926.557541000	0.318237	74	0
1522658926.558126000	0.318822	1294	1
1522658926.561940000	0.322636	1294	1
1522658926.561961000	0.322657	74	0
1522658926.562024000	0.32272	1294	1
1522658926.562218000	0.322914	1294	1
1522658926.562230000	0.322926	74	0
1522658926.562316000	0.323012	1294	1
1522658926.562515000	0.323211	1294	1
1522658926.562527000	0.323223	74	0
1522658926.562588000	0.323284	1294	1
1522658926.562811000	0.323507	1294	1
1522658926.562823000	0.323519	74	0
1522658926.562883000	0.323579	1294	1
1522658926.563087000	0.323783	1294	1
1522658926.563097000	0.323793	74	0
1522658926.563160000	0.323856	1294	1
1522658926.563364000	0.32406	1294	1
1522658926.563375000	0.324071	74	0
1522658926.563436000	0.324132	1294	1
1522658926.563524000	0.32422	1294	1
1522658926.563534000	0.32423	74	0
1522658926.563661000	0.324357	1294	1
1522658926.563746000	0.324442	1294	1
1522658926.563756000	0.324452	74	0
1522658926.563815000	0.324511	1294	1
1522658926.564084000	0.32478	1294	1
1522658926.564096000	0.324792	74	0
1522658926.564378000	0.325074	1294	1
1522658926.564611000	0.325307	1294	1
1522658926.564624000	0.32532	74	0
1522658926.564685000	0.325381	1294	1
1522658926.564903000	0.325599	1294	1
1522658926.564915000	0.325611	74	0
1522658926.564975000	0.325671	1294	1
1522658926.565185000	0.325881	1294	1
1522658926.565200000	0.325896	74	0
1522658926.565258000	0.325954	1294	1
1522658926.565470000	0.326166	1294	1
1522658926.565481000	0.326177	74	0
1522658926.565541000	0.326237	1294	1
1522658926.565745000	0.326441	1294	1
1522658926.565757000	0.326453	74	0
1522658926.565817000	0.326513	1294	1
1522658926.566038000	0.326734	1294	1
1522658926.566052000	0.326748	74	0
1522658926.566112000	0.326808	1294	1
1522658926.566114000	0.32681	1294	1
1522658926.566124000	0.32682	74	0
1522658926.566317000	0.327013	1294	1
1522658926.566393000	0.327089	1294	1
1522658926.566396000	0.327092	1294	1
1522658926.566413000	0.327109	74	0
1522658926.567052000	0.327748	1294	1
1522658926.567348000	0.328044	1294	1
1522658926.567361000	0.328057	74	0
1522658926.567421000	0.328117	1294	1
1522658926.567653000	0.328349	1294	1
1522658926.567665000	0.328361	74	0
1522658926.567930000	0.328626	1294	1
1522658926.568208000	0.328904	1294	1
1522658926.568223000	0.328919	74	0
1522658926.568304000	0.329	1294	1
1522658926.568501000	0.329197	1294	1
1522658926.568516000	0.329212	74	0
1522658926.568576000	0.329272	1294	1
1522658926.568778000	0.329474	1294	1
1522658926.568788000	0.329484	74	0
1522658926.569066000	0.329762	1294	1
1522658926.569214000	0.32991	834	1
1522658926.569223000	0.329919	74	0
1522658926.572705000	0.333401	1294	1
1522658926.572977000	0.333673	1294	1
1522658926.572991000	0.333687	74	0
1522658926.573344000	0.33404	74	0
1522658926.573660000	0.334356	1294	1
1522658926.573663000	0.334359	1294	1
1522658926.573679000	0.334375	74	0
1522658926.573768000	0.334464	74	0
1522658926.573956000	0.334652	1294	1
1522658926.573958000	0.334654	1294	1
1522658926.573971000	0.334667	74	0
1522658926.574222000	0.334918	1294	1
1522658926.574510000	0.335206	1294	1
1522658926.574525000	0.335221	74	0
1522658926.588971000	0.349667	534	1
1522658926.589300000	0.349996	1294	1
1522658926.589320000	0.350016	74	0
1522658926.589390000	0.350086	1294	1
1522658926.589465000	0.350161	1294	1
1522658926.589478000	0.350174	74	0
1522658926.589596000	0.350292	1294	1
1522658926.589730000	0.350426	1294	1
1522658926.589733000	0.350429	1294	1
1522658926.589747000	0.350443	74	0
1522658926.589956000	0.350652	1294	1
1522658926.589958000	0.350654	1294	1
1522658926.589972000	0.350668	74	0
1522658926.590033000	0.350729	1294	1
1522658926.590149000	0.350845	1294	1
1522658926.590160000	0.350856	74	0
1522658926.590258000	0.350954	1294	1
1522658926.590421000	0.351117	1294	1
1522658926.590435000	0.351131	74	0
1522658926.590580000	0.351276	818	1
1522658926.731486000	0.492182	317	0
1522658926.760246000	0.520942	203	1
1522658926.760965000	0.521661	1294	1
1522658926.760996000	0.521692	74	0
1522658926.761158000	0.521854	1294	1
1522658926.761222000	0.521918	1294	1
1522658926.761234000	0.52193	74	0
1522658926.761469000	0.522165	1294	1
1522658926.761471000	0.522167	1294	1
1522658926.761487000	0.522183	74	0
1522658926.761548000	0.522244	1294	1
1522658926.761683000	0.522379	1294	1
1522658926.761698000	0.522394	74	0
1522658926.761759000	0.522455	1294	1
1522658926.761761000	0.522457	1294	1
1522658926.761774000	0.52247	74	0
1522658926.761837000	0.522533	1294	1
1522658926.761961000	0.522657	1294	1
1522658926.761973000	0.522669	74	0
1522658926.762046000	0.522742	1294	1
1522658926.762107000	0.522803	1294	1
1522658926.762110000	0.522806	1294	1
1522658926.762112000	0.522808	1294	1
1522658926.762128000	0.522824	74	0
1522658926.762307000	0.523003	1294	1
1522658926.762378000	0.523074	1294	1
1522658926.762381000	0.523077	1294	1
1522658926.762383000	0.523079	1294	1
1522658926.762385000	0.523081	1294	1
1522658926.762400000	0.523096	74	0
1522658926.762459000	0.523155	1294	1
1522658926.762601000	0.523297	1294	1
1522658926.762603000	0.523299	1294	1
1522658926.762617000	0.523313	74	0
1522658926.762678000	0.523374	1294	1
1522658926.762681000	0.523377	1294	1
1522658926.762694000	0.52339	74	0
1522658926.762752000	0.523448	1294	1
1522658926.762826000	0.523522	1294	1
1522658926.762836000	0.523532	74	0
1522658926.762896000	0.523592	1294	1
1522658926.762963000	0.523659	1294	1
1522658926.762965000	0.523661	784	1
1522658926.762967000	0.523663	112	1
1522658926.762978000	0.523674	74	0
1522658926.763655000	0.524351	112	0
1522658926.789044000	0.54974	145	0
1522658926.805578000	0.566274	74	1
1522658926.806839000	0.567535	200	1
1522658926.807019000	0.567715	362	1
1522658926.807041000	0.567737	74	0
1522658926.807666000	0.568362	112	1
1522658926.807994000	0.56869	112	0
1522658926.867951000	0.628647	74	1
1522658927.040737000	0.801433	361	0
1522658927.058897000	0.819593	74	1
1522658927.079531000	0.840227	140	1
1522658927.079533000	0.840229	104	1
1522658927.079590000	0.840286	74	0
1522658927.079661000	0.840357	112	1
1522658927.080613000	0.841309	112	0
1522658927.086610000	0.847306	144	0
1522658927.092167000	0.852863	377	0
1522658927.101113000	0.861809	159	0
1522658927.102425000	0.863121	74	1
1522658927.121287000	0.881983	74	1
1522658927.121713000	0.882409	171	1
1522658927.122071000	0.882767	1294	1
1522658927.122094000	0.88279	74	0
1522658927.122161000	0.882857	1294	1
1522658927.122357000	0.883053	1294	1
1522658927.122373000	0.883069	74	0
1522658927.122439000	0.883135	1294	1
1522658927.122442000	0.883138	1294	1
1522658927.122449000	0.883145	1294	1
1522658927.122463000	0.883159	74	0
1522658927.122649000	0.883345	1294	1
1522658927.122715000	0.883411	1294	1
1522658927.122719000	0.883415	1294	1
1522658927.122721000	0.883417	1294	1
1522658927.122738000	0.883434	74	0
1522658927.122988000	0.883684	1294	1
1522658927.122991000	0.883687	1294	1
1522658927.123004000	0.8837	74	0
1522658927.123067000	0.883763	1294	1
1522658927.123069000	0.883765	267	1
1522658927.123076000	0.883772	1140	1
1522658927.123078000	0.883774	104	1
1522658927.123079000	0.883775	112	1
1522658927.123093000	0.883789	74	0
1522658927.123192000	0.883888	74	0
1522658927.123456000	0.884152	112	0
1522658927.130802000	0.891498	140	1
1522658927.130805000	0.891501	104	1
1522658927.130844000	0.89154	74	0
1522658927.139389000	0.900085	159	1
1522658927.139746000	0.900442	1294	1
1522658927.139774000	0.90047	74	0
1522658927.139849000	0.900545	660	1
1522658927.186525000	0.947221	74	1
1522658927.204616000	0.965312	188	0
1522658927.221484000	0.98218	74	1
1522658927.259706000	1.0204	211	1
1522658927.259790000	1.02049	331	1
1522658927.259791000	1.02049	112	1
1522658927.259808000	1.0205	74	0
1522658927.260162000	1.02086	112	0
1522658927.311235000	1.07193	188	0
1522658927.315752000	1.07645	74	1
1522658927.329989000	1.09068	74	1
1522658927.369437000	1.13013	171	1
1522658927.369530000	1.13023	321	1
1522658927.369532000	1.13023	112	1
1522658927.369554000	1.13025	74	0
1522658927.369993000	1.13069	112	0
1522658927.387849000	1.14855	74	1
1522658927.460113000	1.22081	189	0
1522658927.477031000	1.23773	74	1
1522658927.515324000	1.27602	148	1
1522658927.515416000	1.27611	371	1
1522658927.515419000	1.27611	112	1
1522658927.515445000	1.27614	74	0
1522658927.515879000	1.27657	112	0
1522658927.585829000	1.34652	74	1
1522658927.658647000	1.41934	191	0
1522658927.674683000	1.43538	74	1
1522658927.708811000	1.46951	147	1
1522658927.708905000	1.4696	364	1
1522658927.708907000	1.4696	112	1
1522658927.708929000	1.46962	74	0
1522658927.709338000	1.47003	112	0
1522658927.765313000	1.52601	74	1
1522658927.999885000	1.76058	192	0
1522658928.016731000	1.77743	74	1
1522658928.052831000	1.81353	147	1
1522658928.052936000	1.81363	351	1
1522658928.052938000	1.81363	112	1
1522658928.052954000	1.81365	74	0
1522658928.053334000	1.81403	112	0
1522658928.093291000	1.85399	193	0
1522658928.109437000	1.87013	74	1
1522658928.144925000	1.90562	144	1
1522658928.145020000	1.90572	351	1
1522658928.145022000	1.90572	112	1
1522658928.145039000	1.90574	74	0
1522658928.145394000	1.90609	112	0
1522658928.202096000	1.96279	74	1
1522658928.374969000	2.13566	195	0
1522658928.391997000	2.15269	74	1
1522658928.425553000	2.18625	170	1
1522658928.425640000	2.18634	335	1
1522658928.425642000	2.18634	112	1
1522658928.425663000	2.18636	74	0
1522658928.426057000	2.18675	112	0
1522658928.474960000	2.23566	196	0
1522658928.481611000	2.24231	74	1
1522658928.492509000	2.2532	74	1
1522658928.527212000	2.28791	147	1
1522658928.527314000	2.28801	355	1
1522658928.527316000	2.28801	112	1
1522658928.527336000	2.28803	74	0
1522658928.527750000	2.28845	112	0
1522658928.584596000	2.34529	74	1
1522658928.766702000	2.5274	198	0
1522658928.784178000	2.54487	74	1
1522658928.817561000	2.57826	147	1
1522658928.817666000	2.57836	359	1
1522658928.817668000	2.57836	112	1
1522658928.817689000	2.57838	74	0
1522658928.818088000	2.57878	112	0
1522658928.874698000	2.63539	74	1
1522658928.905003000	2.6657	314	0
1522658928.922026000	2.68272	74	1
1522658928.943388000	2.70408	140	1
1522658928.943391000	2.70409	104	1
1522658928.943393000	2.70409	112	1
1522658928.943431000	2.70413	74	0
1522658928.943801000	2.7045	112	0
1522658928.989681000	2.75038	199	0
1522658929.000705000	2.7614	74	1
1522658929.005676000	2.76637	74	1
1522658929.040651000	2.80135	147	1
1522658929.040745000	2.80144	350	1
1522658929.040747000	2.80144	112	1
1522658929.040769000	2.80147	74	0
1522658929.041167000	2.80186	112	0
1522658929.096519000	2.85721	74	1
1522658929.122022000	2.88272	199	0
1522658929.138700000	2.8994	74	1
1522658929.172057000	2.93275	147	1
1522658929.172160000	2.93286	345	1
1522658929.172162000	2.93286	112	1
1522658929.172182000	2.93288	74	0
1522658929.172572000	2.93327	112	0
1522658929.230046000	2.99074	74	1
1522658929.805829000	3.56652	203	0
1522658929.835262000	3.59596	74	1
1522658929.872467000	3.63316	170	1
1522658929.872469000	3.63316	338	1
1522658929.872516000	3.63321	74	0
1522658929.872596000	3.63329	112	1
1522658929.872956000	3.63365	112	0
1522658929.938726000	3.69942	74	1
1522658930.111581000	3.87228	204	0
1522658930.128038000	3.88873	74	1
1522658930.164204000	3.9249	148	1
1522658930.164312000	3.92501	319	1
1522658930.164314000	3.92501	112	1
1522658930.164332000	3.92503	74	0
1522658930.164645000	3.92534	112	0
1522658930.223272000	3.98397	74	1
1522658930.417399000	4.17809	205	0
1522658930.434192000	4.19489	74	1
1522658930.469036000	4.22973	171	1
1522658930.469456000	4.23015	313	1
1522658930.469458000	4.23015	112	1
1522658930.469477000	4.23017	74	0
1522658930.469630000	4.23033	112	0
1522658930.510081000	4.27078	206	0
1522658930.525788000	4.28648	74	1
1522658930.528686000	4.28938	74	1
1522658930.562571000	4.32327	148	1
1522658930.562834000	4.32353	318	1
1522658930.562836000	4.32353	112	1
1522658930.562850000	4.32355	74	0
1522658930.563083000	4.32378	112	0
1522658930.625735000	4.38643	74	1
1522658931.106485000	4.86718	190	0
1522658931.122705000	4.8834	74	1
1522658931.198007000	4.9587	216	1
1522658931.198281000	4.95898	1294	1
1522658931.198304000	4.959	74	0
1522658931.198576000	4.95927	1294	1
1522658931.198664000	4.95936	1294	1
1522658931.198674000	4.95937	74	0
1522658931.198864000	4.95956	1294	1
1522658931.198936000	4.95963	1294	1
1522658931.198950000	4.95965	74	0
1522658931.199138000	4.95983	1294	1
1522658931.199216000	4.95991	1294	1
1522658931.199228000	4.95992	74	0
1522658931.199511000	4.96021	1294	1
1522658931.199513000	4.96021	78	1
1522658931.199527000	4.96022	74	0
1522658931.220878000	4.98157	1294	1
1522658931.221151000	4.98185	1294	1
1522658931.221180000	4.98188	74	0
1522658931.221246000	4.98194	1294	1
1522658931.221309000	4.982	1294	1
1522658931.221323000	4.98202	74	0
1522658931.221426000	4.98212	1294	1
1522658931.221490000	4.98219	1294	1
1522658931.221502000	4.9822	74	0
1522658931.221561000	4.98226	1294	1
1522658931.221637000	4.98233	1294	1
1522658931.221649000	4.98234	74	0
1522658931.221707000	4.9824	1294	1
1522658931.221774000	4.98247	1294	1
1522658931.221784000	4.98248	74	0
1522658931.221844000	4.98254	1294	1
1522658931.221909000	4.9826	1294	1
1522658931.221919000	4.98261	74	0
1522658931.221980000	4.98268	1132	1
1522658931.222040000	4.98274	1294	1
1522658931.222050000	4.98275	74	0
1522658931.222126000	4.98282	1294	1
1522658931.222186000	4.98288	1294	1
1522658931.222197000	4.98289	74	0
1522658931.222255000	4.98295	1294	1
1522658931.222317000	4.98301	1294	1
1522658931.222329000	4.98302	74	0
1522658931.222406000	4.9831	1294	1
1522658931.222408000	4.9831	396	1
1522658931.222417000	4.98311	74	0
1522658931.227761000	4.98846	74	0
1522658931.745615000	5.50631	1294	1
1522658931.745815000	5.50651	1294	1
1522658931.745834000	5.50653	74	0
1522658931.745911000	5.50661	1294	1
1522658931.746024000	5.50672	1294	1
1522658931.746036000	5.50673	74	0
1522658931.746107000	5.5068	1294	1
1522658931.746183000	5.50688	1294	1
1522658931.746197000	5.50689	74	0
1522658931.746278000	5.50697	1294	1
1522658931.746348000	5.50704	1294	1
1522658931.746357000	5.50705	74	0
1522658931.746433000	5.50713	1294	1
1522658931.746435000	5.50713	1294	1
1522658931.746452000	5.50715	74	0
1522658931.746512000	5.50721	1294	1
1522658931.746600000	5.5073	1294	1
1522658931.746609000	5.5073	74	0
1522658931.746672000	5.50737	1132	1
1522658931.746751000	5.50745	1294	1
1522658931.746754000	5.50745	174	1
1522658931.746764000	5.50746	74	0
1522658931.755020000	5.51572	1294	1
1522658931.755278000	5.51597	1294	1
1522658931.755303000	5.516	74	0
1522658931.755373000	5.51607	1294	1
1522658931.755485000	5.51618	1294	1
1522658931.755498000	5.51619	74	0
1522658931.755560000	5.51626	1294	1
1522658931.755622000	5.51632	1294	1
1522658931.755632000	5.51633	74	0
1522658931.755774000	5.51647	1294	1
1522658931.755841000	5.51654	1294	1
1522658931.755851000	5.51655	74	0
1522658931.755914000	5.51661	1294	1
1522658931.756054000	5.51675	1294	1
1522658931.756067000	5.51676	74	0
1522658931.756128000	5.51682	1294	1
1522658931.756191000	5.51689	1294	1
1522658931.756201000	5.5169	74	0
1522658931.756337000	5.51703	1294	1
1522658931.756339000	5.51704	169	1
1522658931.756358000	5.51705	74	0
1522658931.756435000	5.51713	1294	1
1522658931.756837000	5.51753	1294	1
1522658931.756850000	5.51755	74	0
1522658931.757127000	5.51782	1294	1
1522658931.757407000	5.5181	1294	1
1522658931.757421000	5.51812	74	0
1522658931.757483000	5.51818	604	1
1522658931.766756000	5.52745	1294	1
1522658931.766814000	5.52751	74	0
1522658931.766912000	5.52761	1294	1
1522658931.767037000	5.52773	1294	1
1522658931.767049000	5.52775	74	0
1522658931.767190000	5.52789	1294	1
1522658931.767312000	5.52801	1294	1
1522658931.767327000	5.52802	74	0
1522658931.767383000	5.52808	1294	1
1522658931.767470000	5.52817	1294	1
1522658931.767481000	5.52818	74	0
1522658931.767590000	5.52829	1294	1
1522658931.767773000	5.52847	1294	1
1522658931.767786000	5.52848	74	0
1522658931.768046000	5.52874	1294	1
1522658931.768294000	5.52899	1294	1
1522658931.768309000	5.52901	74	0
1522658931.768527000	5.52922	1294	1
1522658931.768595000	5.52929	1294	1
1522658931.768597000	5.52929	187	1
1522658931.768610000	5.52931	74	0
1522658931.770871000	5.53157	1294	1
1522658931.771179000	5.53187	1294	1
1522658931.771193000	5.53189	74	0
1522658931.771317000	5.53201	1294	1
1522658931.771455000	5.53215	1294	1
1522658931.771469000	5.53217	74	0
1522658931.771606000	5.5323	1294	1
1522658931.771743000	5.53244	1294	1
1522658931.771756000	5.53245	74	0
1522658931.771817000	5.53251	1294	1
1522658931.771883000	5.53258	1294	1
1522658931.771893000	5.53259	74	0
1522658931.772027000	5.53272	1294	1
1522658931.772089000	5.53278	1294	1
1522658931.772100000	5.5328	74	0
1522658931.772160000	5.53286	1294	1
1522658931.772345000	5.53304	1294	1
1522658931.772358000	5.53305	74	0
1522658931.772438000	5.53313	1294	1
1522658931.772531000	5.53323	901	1
1522658931.772540000	5.53324	74	0
1522658931.772748000	5.53344	1294	1
1522658931.772838000	5.53353	1294	1
1522658931.772851000	5.53355	74	0
1522658931.773115000	5.53381	1294	1
1522658931.773117000	5.53381	311	1
1522658931.773133000	5.53383	74	0
1522658931.773194000	5.53389	112	1
1522658931.773810000	5.53451	112	0
1522658931.792333000	5.55303	74	1
1522658931.944126000	5.70482	198	0
1522658931.960205000	5.7209	74	1
1522658931.981634000	5.74233	140	1
1522658931.981638000	5.74233	104	1
1522658931.981695000	5.74239	74	0
1522658931.981770000	5.74247	112	1
1522658931.983070000	5.74377	112	0
1522658932.040660000	5.80136	74	1
1522658932.100973000	5.86167	349	0
1522658932.123142000	5.88384	74	1
1522658932.123239000	5.88393	180	1
1522658932.123542000	5.88424	1294	1
1522658932.123563000	5.88426	74	0
1522658932.123835000	5.88453	1294	1
1522658932.124128000	5.88482	1294	1
1522658932.124142000	5.88484	74	0
1522658932.124201000	5.8849	1294	1
1522658932.124407000	5.8851	1294	1
1522658932.124420000	5.88512	74	0
1522658932.124478000	5.88517	1294	1
1522658932.124697000	5.88539	1294	1
1522658932.124709000	5.8854	74	0
1522658932.124768000	5.88546	1294	1
1522658932.124834000	5.88553	1294	1
1522658932.124846000	5.88554	74	0
1522658932.125053000	5.88575	1294	1
1522658932.125055000	5.88575	1294	1
1522658932.125075000	5.88577	74	0
1522658932.125146000	5.88584	1294	1
1522658932.125266000	5.88596	1294	1
1522658932.125279000	5.88597	74	0
1522658932.125336000	5.88603	1294	1
1522658932.125409000	5.8861	1294	1
1522658932.125419000	5.88611	74	0
1522658932.125543000	5.88624	1294	1
1522658932.125612000	5.88631	1294	1
1522658932.125624000	5.88632	74	0
1522658932.125686000	5.88638	1294	1
1522658932.125831000	5.88653	1294	1
1522658932.125834000	5.88653	1294	1
1522658932.125850000	5.88655	74	0
1522658932.125910000	5.88661	1294	1
1522658932.125975000	5.88667	1294	1
1522658932.125987000	5.88668	74	0
1522658932.126111000	5.88681	1294	1
1522658932.126114000	5.88681	1294	1
1522658932.126129000	5.88682	74	0
1522658932.126189000	5.88688	1294	1
1522658932.126255000	5.88695	1294	1
1522658932.126265000	5.88696	74	0
1522658932.126548000	5.88724	1294	1
1522658932.126772000	5.88747	1294	1
1522658932.126785000	5.88748	74	0
1522658932.126848000	5.88754	1294	1
1522658932.127054000	5.88775	1294	1
1522658932.127075000	5.88777	74	0
1522658932.127139000	5.88784	1294	1
1522658932.127142000	5.88784	1294	1
1522658932.127153000	5.88785	74	0
1522658932.127342000	5.88804	1294	1
1522658932.127406000	5.8881	1294	1
1522658932.127416000	5.88811	74	0
1522658932.127477000	5.88817	1294	1
1522658932.127618000	5.88831	1294	1
1522658932.127632000	5.88833	74	0
1522658932.127704000	5.8884	1294	1
1522658932.127932000	5.88863	1294	1
1522658932.127934000	5.88863	1294	1
1522658932.127950000	5.88865	74	0
1522658932.128011000	5.88871	1294	1
1522658932.128160000	5.88886	1294	1
1522658932.128172000	5.88887	74	0
1522658932.128225000	5.88892	1294	1
1522658932.128291000	5.88899	1294	1
1522658932.128302000	5.889	74	0
1522658932.128436000	5.88913	1294	1
1522658932.128505000	5.8892	1294	1
1522658932.128517000	5.88921	74	0
1522658932.128574000	5.88927	1294	1
1522658932.128708000	5.8894	74	0
1522658932.128736000	5.88943	1294	1
1522658932.128832000	5.88953	1294	1
1522658932.128841000	5.88954	74	0
1522658932.128903000	5.8896	1294	1
1522658932.129020000	5.88972	1294	1
1522658932.129032000	5.88973	74	0
1522658932.129105000	5.8898	1294	1
1522658932.129169000	5.88986	1294	1
1522658932.129180000	5.88988	74	0
1522658932.129398000	5.89009	1294	1
1522658932.129552000	5.89025	792	1
1522658932.129564000	5.89026	74	0
1522658932.129994000	5.89069	112	0
1522658932.146401000	5.9071	371	0
1522658932.150618000	5.91131	174	0
1522658932.163319000	5.92402	74	1
1522658932.184226000	5.94492	140	1
1522658932.184518000	5.94521	104	1
1522658932.184540000	5.94524	74	0
1522658932.184606000	5.9453	112	1
1522658932.191837000	5.95253	112	0
1522658932.195879000	5.95657	214	1
1522658932.195881000	5.95658	104	1
1522658932.195919000	5.95661	74	0
1522658932.250432000	6.01113	74	1
1522658934.265888000	8.02658	339	0
1522658934.282785000	8.04348	74	1
1522658934.303428000	8.06412	140	1
1522658934.303430000	8.06413	104	1
1522658934.303432000	8.06413	112	1
1522658934.303472000	8.06417	74	0
1522658934.303837000	8.06453	112	0
1522658934.367784000	8.12848	74	1
1522658936.995419000	10.7561	348	0
1522658937.013445000	10.7741	74	1
1522658937.034780000	10.7955	140	1
1522658937.034782000	10.7955	104	1
1522658937.034811000	10.7955	74	0
1522658937.034874000	10.7956	112	1
1522658937.035638000	10.7963	112	0
1522658937.091427000	10.8521	74	1
