1522646291.501203000	0	74	1
1522646291.519990000	0.0187869	1294	1
1522646291.520181000	0.0189779	1294	1
1522646291.520200000	0.018997	74	0
1522646291.520268000	0.0190649	1035	1
1522646291.722941000	0.221738	74	0
1522646291.773497000	0.272294	316	0
1522646291.783637000	0.282434	86	0
1522646291.795762000	0.294559	159	0
1522646291.796204000	0.295001	475	0
1522646291.842717000	0.341514	344	1
1522646291.892563000	0.39136	135	1
1522646291.892623000	0.39142	74	0
1522646291.892709000	0.391506	104	1
1522646291.892904000	0.391701	104	0
1522646291.965499000	0.464296	651	1
1522646291.965820000	0.464617	1294	1
1522646291.965832000	0.464629	74	0
1522646291.966085000	0.464882	1294	1
1522646291.966263000	0.46506	1294	1
1522646291.966289000	0.465086	74	0
1522646291.966382000	0.465179	1294	1
1522646291.966766000	0.465563	1294	1
1522646291.966778000	0.465575	74	0
1522646291.967045000	0.465842	1294	1
1522646291.967111000	0.465908	1294	1
1522646291.967121000	0.465918	74	0
1522646291.967181000	0.465978	623	1
1522646291.967513000	0.46631	1294	1
1522646291.967524000	0.466321	74	0
1522646291.967654000	0.466451	1294	1
1522646291.967772000	0.466569	1294	1
1522646291.967783000	0.46658	74	0
1522646291.967944000	0.466741	1294	1
1522646291.968272000	0.467069	1294	1
1522646291.968285000	0.467082	74	0
1522646291.968568000	0.467365	1294	1
1522646291.968863000	0.46766	1294	1
1522646291.968875000	0.467672	74	0
1522646292.024908000	0.523705	1294	1
1522646292.025192000	0.523989	1294	1
1522646292.025194000	0.523991	1294	1
1522646292.025222000	0.524019	74	0
1522646292.025436000	0.524233	1294	1
1522646292.025501000	0.524298	1294	1
1522646292.025512000	0.524309	74	0
1522646292.025572000	0.524369	1294	1
1522646292.025727000	0.524524	1294	1
1522646292.025743000	0.52454	74	0
1522646292.025803000	0.5246	1294	1
1522646292.025869000	0.524666	1294	1
1522646292.025879000	0.524676	74	0
1522646292.026671000	0.525468	1294	1
1522646292.026963000	0.52576	1294	1
1522646292.026979000	0.525776	74	0
1522646292.027239000	0.526036	1294	1
1522646292.027313000	0.52611	1294	1
1522646292.027324000	0.526121	74	0
1522646292.027584000	0.526381	1294	1
1522646292.027861000	0.526658	1294	1
1522646292.027874000	0.526671	74	0
1522646292.028138000	0.526935	1294	1
1522646292.033176000	0.531973	1294	1
1522646292.033224000	0.532021	74	0
1522646292.033458000	0.532255	1294	1
1522646292.033744000	0.532541	1294	1
1522646292.033758000	0.532555	74	0
1522646292.034011000	0.532808	1294	1
1522646292.037705000	0.536502	1294	1
1522646292.037740000	0.536537	74	0
1522646292.037989000	0.536786	1294	1
1522646292.042144000	0.540941	1294	1
1522646292.042183000	0.54098	74	0
1522646292.042409000	0.541206	1294	1
1522646292.042705000	0.541502	1294	1
1522646292.042722000	0.541519	74	0
1522646292.043003000	0.5418	1294	1
1522646292.046743000	0.54554	1294	1
1522646292.046769000	0.545566	74	0
1522646292.047018000	0.545815	1294	1
1522646292.047295000	0.546092	1294	1
1522646292.047310000	0.546107	74	0
1522646292.051097000	0.549894	1294	1
1522646292.051385000	0.550182	1294	1
1522646292.051405000	0.550202	74	0
1522646292.051662000	0.550459	1294	1
1522646292.083922000	0.582719	1294	1
1522646292.083979000	0.582776	74	0
1522646292.084180000	0.582977	1294	1
1522646292.084457000	0.583254	1294	1
1522646292.084472000	0.583269	74	0
1522646292.084787000	0.583584	1294	1
1522646292.085886000	0.584683	1294	1
1522646292.085903000	0.5847	74	0
1522646292.086178000	0.584975	1294	1
1522646292.090183000	0.58898	1294	1
1522646292.090204000	0.589001	74	0
1522646292.090458000	0.589255	1294	1
1522646292.090622000	0.589419	823	1
1522646292.090635000	0.589432	74	0
1522646292.095302000	0.594099	112	0
1522646292.187712000	0.686509	328	0
1522646292.188239000	0.687036	169	0
1522646292.194826000	0.693623	74	1
1522646292.239103000	0.7379	254	0
1522646292.246428000	0.745225	74	1
1522646292.246430000	0.745227	74	1
1522646292.265328000	0.764125	252	1
1522646292.265666000	0.764463	1294	1
1522646292.265696000	0.764493	74	0
1522646292.265943000	0.76474	1294	1
1522646292.266008000	0.764805	1294	1
1522646292.266019000	0.764816	74	0
1522646292.266082000	0.764879	1294	1
1522646292.266084000	0.764881	425	1
1522646292.266086000	0.764883	112	1
1522646292.266088000	0.764885	147	1
1522646292.266104000	0.764901	74	0
1522646292.266254000	0.765051	1294	1
1522646292.266324000	0.765121	1294	1
1522646292.266335000	0.765132	74	0
1522646292.266396000	0.765193	1294	1
1522646292.266672000	0.765469	1294	1
1522646292.266684000	0.765481	74	0
1522646292.266953000	0.76575	1294	1
1522646292.266955000	0.765752	87	1
1522646292.266968000	0.765765	74	0
1522646292.267326000	0.766123	112	0
1522646292.290129000	0.788926	243	0
1522646292.299244000	0.798041	263	1
1522646292.299821000	0.798618	1294	1
1522646292.299844000	0.798641	74	0
1522646292.300117000	0.798914	1294	1
1522646292.300242000	0.799039	1294	1
1522646292.300261000	0.799058	74	0
1522646292.300394000	0.799191	1294	1
1522646292.300517000	0.799314	1294	1
1522646292.300529000	0.799326	74	0
1522646292.300845000	0.799642	1294	1
1522646292.301487000	0.800284	1294	1
1522646292.301507000	0.800304	74	0
1522646292.301945000	0.800742	1294	1
1522646292.302222000	0.801019	1294	1
1522646292.302237000	0.801034	74	0
1522646292.303762000	0.802559	1294	1
1522646292.304054000	0.802851	1294	1
1522646292.304069000	0.802866	74	0
1522646292.304328000	0.803125	1294	1
1522646292.304606000	0.803403	1294	1
1522646292.304619000	0.803416	74	0
1522646292.306310000	0.805107	1294	1
1522646292.306600000	0.805397	1294	1
1522646292.306623000	0.80542	74	0
1522646292.308119000	0.806916	1294	1
1522646292.308411000	0.807208	1294	1
1522646292.308429000	0.807226	74	0
1522646292.308688000	0.807485	1294	1
1522646292.308979000	0.807776	1294	1
1522646292.308994000	0.807791	74	0
1522646292.310159000	0.808956	1294	1
1522646292.310460000	0.809257	1294	1
1522646292.310477000	0.809274	74	0
1522646292.310759000	0.809556	1294	1
1522646292.311036000	0.809833	1294	1
1522646292.311052000	0.809849	74	0
1522646292.312117000	0.810914	1294	1
1522646292.312390000	0.811187	1294	1
1522646292.312402000	0.811199	74	0
1522646292.314321000	0.813118	1294	1
1522646292.314597000	0.813394	1294	1
1522646292.314610000	0.813407	74	0
1522646292.314875000	0.813672	1294	1
1522646292.315173000	0.81397	1294	1
1522646292.315186000	0.813983	74	0
1522646292.316721000	0.815518	1294	1
1522646292.317043000	0.81584	1294	1
1522646292.317061000	0.815858	74	0
1522646292.318591000	0.817388	1294	1
1522646292.318856000	0.817653	1294	1
1522646292.318877000	0.817674	74	0
1522646292.319154000	0.817951	1294	1
1522646292.319429000	0.818226	1294	1
1522646292.319443000	0.81824	74	0
1522646292.320988000	0.819785	1294	1
1522646292.321262000	0.820059	1294	1
1522646292.321277000	0.820074	74	0
1522646292.322806000	0.821603	1294	1
1522646292.323081000	0.821878	1294	1
1522646292.323095000	0.821892	74	0
1522646292.323375000	0.822172	1294	1
1522646292.324899000	0.823696	1294	1
1522646292.324915000	0.823712	74	0
1522646292.325193000	0.82399	1294	1
1522646292.326132000	0.824929	1294	1
1522646292.326150000	0.824947	74	0
1522646292.326427000	0.825224	1294	1
1522646292.327167000	0.825964	1294	1
1522646292.327193000	0.82599	74	0
1522646292.327446000	0.826243	1294	1
1522646292.327737000	0.826534	1294	1
1522646292.327751000	0.826548	74	0
1522646292.328028000	0.826825	1294	1
1522646292.329300000	0.828097	1294	1
1522646292.329318000	0.828115	74	0
1522646292.329593000	0.82839	1294	1
1522646292.331153000	0.82995	1294	1
1522646292.331195000	0.829992	74	0
1522646292.331455000	0.830252	1294	1
1522646292.331748000	0.830545	1294	1
1522646292.331774000	0.830571	74	0
1522646292.331860000	0.830657	629	1
1522646292.358345000	0.857142	1294	1
1522646292.358370000	0.857167	74	0
1522646292.358614000	0.857411	1294	1
1522646292.358887000	0.857684	1294	1
1522646292.358901000	0.857698	74	0
1522646292.359184000	0.857981	1294	1
1522646292.359421000	0.858218	1294	1
1522646292.359435000	0.858232	74	0
1522646292.359697000	0.858494	1294	1
1522646292.359975000	0.858772	1294	1
1522646292.359989000	0.858786	74	0
1522646292.360269000	0.859066	1294	1
1522646292.390388000	0.889185	1294	1
1522646292.390439000	0.889236	74	0
1522646292.390607000	0.889404	1294	1
1522646292.391751000	0.890548	1294	1
1522646292.391775000	0.890572	74	0
1522646292.392011000	0.890808	1294	1
1522646292.392328000	0.891125	1294	1
1522646292.392343000	0.89114	74	0
1522646292.392468000	0.891265	739	1
1522646292.394012000	0.892809	1294	1
1522646292.394037000	0.892834	74	0
1522646292.394226000	0.893023	1294	1
1522646292.400026000	0.898823	1294	1
1522646292.400051000	0.898848	74	0
1522646292.400256000	0.899053	1294	1
1522646292.401023000	0.89982	1294	1
1522646292.401045000	0.899842	74	0
1522646292.401257000	0.900054	1294	1
1522646292.402857000	0.901654	1294	1
1522646292.402877000	0.901674	74	0
1522646292.403076000	0.901873	1294	1
1522646292.403361000	0.902158	1294	1
1522646292.403374000	0.902171	74	0
1522646292.403639000	0.902436	1294	1
1522646292.403974000	0.902771	1294	1
1522646292.403986000	0.902783	74	0
1522646292.404282000	0.903079	1294	1
1522646292.406048000	0.904845	1294	1
1522646292.406076000	0.904873	74	0
1522646292.406324000	0.905121	1294	1
1522646292.406964000	0.905761	1294	1
1522646292.406979000	0.905776	74	0
1522646292.407240000	0.906037	1294	1
1522646292.407530000	0.906327	1294	1
1522646292.407545000	0.906342	74	0
1522646292.407805000	0.906602	1294	1
1522646292.408543000	0.90734	1294	1
1522646292.408557000	0.907354	74	0
1522646292.408822000	0.907619	1294	1
1522646292.409111000	0.907908	1294	1
1522646292.409127000	0.907924	74	0
1522646292.409409000	0.908206	1294	1
1522646292.410111000	0.908908	1294	1
1522646292.410123000	0.90892	74	0
1522646292.410387000	0.909184	1294	1
1522646292.411896000	0.910693	1294	1
1522646292.411909000	0.910706	74	0
1522646292.412195000	0.910992	1294	1
1522646292.412263000	0.91106	1294	1
1522646292.412274000	0.911071	74	0
1522646292.412526000	0.911323	1294	1
1522646292.412820000	0.911617	1294	1
1522646292.412834000	0.911631	74	0
1522646292.413164000	0.911961	1294	1
1522646292.413460000	0.912257	1294	1
1522646292.413473000	0.91227	74	0
1522646292.414571000	0.913368	1294	1
1522646292.414854000	0.913651	1294	1
1522646292.414867000	0.913664	74	0
1522646292.415135000	0.913932	1294	1
1522646292.415424000	0.914221	1294	1
1522646292.415435000	0.914232	74	0
1522646292.415787000	0.914584	1294	1
1522646292.416082000	0.914879	1294	1
1522646292.416096000	0.914893	74	0
1522646292.417200000	0.915997	1294	1
1522646292.417479000	0.916276	1294	1
1522646292.417491000	0.916288	74	0
1522646292.417772000	0.916569	1294	1
1522646292.418049000	0.916846	1294	1
1522646292.418069000	0.916866	74	0
1522646292.418328000	0.917125	1294	1
1522646292.418628000	0.917425	1294	1
1522646292.418640000	0.917437	74	0
1522646292.419349000	0.918146	1294	1
1522646292.419649000	0.918446	1294	1
1522646292.419661000	0.918458	74	0
1522646292.419969000	0.918766	1294	1
1522646292.420211000	0.919008	1294	1
1522646292.420236000	0.919033	74	0
1522646292.420942000	0.919739	1294	1
1522646292.421179000	0.919976	1294	1
1522646292.421192000	0.919989	74	0
1522646292.422024000	0.920821	1294	1
1522646292.422281000	0.921078	1294	1
1522646292.422294000	0.921091	74	0
1522646292.422544000	0.921341	1294	1
1522646292.422879000	0.921676	1294	1
1522646292.422898000	0.921695	74	0
1522646292.423085000	0.921882	1294	1
1522646292.449611000	0.948408	1294	1
1522646292.449651000	0.948448	74	0
1522646292.449927000	0.948724	1294	1
1522646292.450037000	0.948834	1294	1
1522646292.450047000	0.948844	74	0
1522646292.450387000	0.949184	1294	1
1522646292.450507000	0.949304	1294	1
1522646292.450509000	0.949306	954	1
1522646292.450527000	0.949324	74	0
1522646292.451816000	0.950613	112	0
1522646292.550021000	1.04882	74	1
1522646292.567685000	1.06648	317	0
1522646292.611910000	1.11071	145	0
1522646292.631549000	1.13035	74	1
1522646292.632007000	1.1308	203	1
1522646292.632361000	1.13116	1294	1
1522646292.632384000	1.13118	74	0
1522646292.632659000	1.13146	1294	1
1522646292.632947000	1.13174	1294	1
1522646292.632961000	1.13176	74	0
1522646292.633142000	1.13194	1294	1
1522646292.633208000	1.132	1294	1
1522646292.633220000	1.13202	74	0
1522646292.633500000	1.1323	1294	1
1522646292.633798000	1.13259	1294	1
1522646292.633813000	1.13261	74	0
1522646292.634077000	1.13287	1294	1
1522646292.634367000	1.13316	1294	1
1522646292.634384000	1.13318	74	0
1522646292.634649000	1.13345	1294	1
1522646292.635409000	1.13421	1294	1
1522646292.635427000	1.13422	74	0
1522646292.639028000	1.13783	1294	1
1522646292.639294000	1.13809	1294	1
1522646292.639324000	1.13812	74	0
1522646292.639394000	1.13819	1294	1
1522646292.639567000	1.13836	1294	1
1522646292.639579000	1.13838	74	0
1522646292.639639000	1.13844	1294	1
1522646292.639642000	1.13844	1294	1
1522646292.639657000	1.13845	74	0
1522646292.639867000	1.13866	1294	1
1522646292.639953000	1.13875	1294	1
1522646292.639966000	1.13876	74	0
1522646292.640226000	1.13902	1294	1
1522646292.640292000	1.13909	1294	1
1522646292.640303000	1.1391	74	0
1522646292.640478000	1.13927	1294	1
1522646292.640561000	1.13936	1294	1
1522646292.640572000	1.13937	74	0
1522646292.640751000	1.13955	1294	1
1522646292.640822000	1.13962	1294	1
1522646292.640824000	1.13962	1294	1
1522646292.640838000	1.13963	74	0
1522646292.641123000	1.13992	1294	1
1522646292.641762000	1.14056	1294	1
1522646292.641777000	1.14057	74	0
1522646292.642038000	1.14084	1294	1
1522646292.642548000	1.14135	822	1
1522646292.642564000	1.14136	74	0
1522646292.642753000	1.14155	112	0
1522646292.670947000	1.16974	200	1
1522646292.671056000	1.16985	362	1
1522646292.671076000	1.16987	74	0
1522646292.764546000	1.26334	74	1
1522646293.151818000	1.65061	360	0
1522646293.212592000	1.71139	74	1
1522646293.233767000	1.73256	140	1
1522646293.233769000	1.73257	104	1
1522646293.233794000	1.73259	74	0
1522646293.234132000	1.73293	112	1
1522646293.234827000	1.73362	112	0
1522646293.318400000	1.8172	144	0
1522646293.324873000	1.82367	378	0
1522646293.331294000	1.83009	159	0
1522646293.356797000	1.85559	74	1
1522646293.377292000	1.87609	74	1
1522646293.384350000	1.88315	74	1
1522646293.390318000	1.88911	74	1
1522646293.396621000	1.89542	194	1
1522646293.396956000	1.89575	1294	1
1522646293.396971000	1.89577	74	0
1522646293.397234000	1.89603	1294	1
1522646293.397525000	1.89632	1294	1
1522646293.397541000	1.89634	74	0
1522646293.397818000	1.89662	1294	1
1522646293.398095000	1.89689	1294	1
1522646293.398109000	1.89691	74	0
1522646293.398372000	1.89717	1294	1
1522646293.398663000	1.89746	1294	1
1522646293.398678000	1.89748	74	0
1522646293.398960000	1.89776	1294	1
1522646293.399267000	1.89806	1294	1
1522646293.399270000	1.89807	1294	1
1522646293.399285000	1.89808	74	0
1522646293.399513000	1.89831	1294	1
1522646293.400443000	1.89924	1294	1
1522646293.400457000	1.89925	74	0
1522646293.400721000	1.89952	1294	1
1522646293.400723000	1.89952	181	1
1522646293.400744000	1.89954	86	0
1522646293.401052000	1.89985	1294	1
1522646293.401068000	1.89986	74	0
1522646293.401249000	1.90005	112	0
1522646293.405735000	1.90453	140	1
1522646293.405737000	1.90453	104	1
1522646293.405763000	1.90456	74	0
1522646293.410634000	1.90943	159	1
1522646293.410992000	1.90979	1294	1
1522646293.411012000	1.90981	74	0
1522646293.411135000	1.90993	826	1
1522646293.442702000	1.9415	188	0
1522646293.506035000	2.00483	74	1
1522646293.511591000	2.01039	74	1
1522646293.559032000	2.05783	211	1
1522646293.559034000	2.05783	330	1
1522646293.559041000	2.05784	112	1
1522646293.559072000	2.05787	74	0
1522646293.559601000	2.0584	112	0
1522646293.618852000	2.11765	74	1
1522646293.686028000	2.18482	188	0
1522646293.744561000	2.24336	74	1
1522646293.781936000	2.28073	170	1
1522646293.782027000	2.28082	314	1
1522646293.782029000	2.28083	112	1
1522646293.782049000	2.28085	74	0
1522646293.782406000	2.2812	112	0
1522646293.891354000	2.39015	74	1
1522646293.908888000	2.40769	189	0
1522646293.966463000	2.46526	108	0
1522646293.966807000	2.4656	191	0
1522646293.969354000	2.46815	74	1
1522646294.006156000	2.50495	148	1
1522646294.006251000	2.50505	369	1
1522646294.006254000	2.50505	112	1
1522646294.006275000	2.50507	74	0
1522646294.006598000	2.50539	112	0
1522646294.026534000	2.52533	74	1
1522646294.060157000	2.55895	148	1
1522646294.060244000	2.55904	337	1
1522646294.060247000	2.55904	104	1
1522646294.060264000	2.55906	74	0
1522646294.119670000	2.61847	74	1
1522646294.128473000	2.62727	192	0
1522646294.221757000	2.72055	147	1
1522646294.221759000	2.72056	315	1
1522646294.221811000	2.72061	74	0
1522646294.221883000	2.72068	104	1
1522646294.221885000	2.72068	112	1
1522646294.221906000	2.7207	74	0
1522646294.222305000	2.7211	112	0
1522646294.322086000	2.82088	74	1
1522646294.739538000	3.23833	321	0
1522646294.798944000	3.29774	74	1
1522646294.819583000	3.31838	140	1
1522646294.819585000	3.31838	104	1
1522646294.819623000	3.31842	74	0
1522646294.819701000	3.3185	112	1
1522646294.820033000	3.31883	112	0
1522646294.919554000	3.41835	74	1
1522646295.307573000	3.80637	198	0
1522646295.365968000	3.86476	74	1
1522646295.401838000	3.90064	170	1
1522646295.402259000	3.90106	362	1
1522646295.402261000	3.90106	112	1
1522646295.402283000	3.90108	74	0
1522646295.402467000	3.90126	112	0
1522646295.500788000	3.99958	74	1
1522646295.581215000	4.08001	199	0
1522646295.651207000	4.15	74	1
1522646295.688968000	4.18776	147	1
1522646295.689055000	4.18785	336	1
1522646295.689057000	4.18785	112	1
1522646295.689076000	4.18787	74	0
1522646295.689474000	4.18827	112	0
1522646295.736617000	4.23541	199	0
1522646295.786994000	4.28579	74	1
1522646295.795680000	4.29448	74	1
1522646295.830570000	4.32937	171	1
1522646295.830665000	4.32946	302	1
1522646295.830686000	4.32948	74	0
1522646295.830997000	4.32979	104	1
1522646295.830999000	4.3298	112	1
1522646295.831010000	4.32981	74	0
1522646295.831141000	4.32994	112	0
1522646295.943790000	4.44259	74	1
1522646296.235914000	4.73471	202	0
1522646296.295588000	4.79438	74	1
1522646296.330419000	4.82922	148	1
1522646296.330527000	4.82932	328	1
1522646296.330529000	4.82933	112	1
1522646296.330549000	4.82935	74	0
1522646296.330956000	4.82975	112	0
1522646296.430107000	4.9289	74	1
1522646297.375705000	5.8745	206	0
1522646297.434604000	5.9334	74	1
1522646297.470940000	5.96974	171	1
1522646297.470942000	5.96974	292	1
1522646297.470944000	5.96974	104	1
1522646297.470984000	5.96978	74	0
1522646297.471067000	5.96986	112	1
1522646297.471471000	5.97027	112	0
1522646297.578704000	6.0775	74	1
1522646298.265529000	6.76433	210	0
1522646298.323931000	6.82273	74	1
1522646298.358467000	6.85726	167	1
1522646298.358470000	6.85727	330	1
1522646298.358507000	6.8573	74	0
1522646298.358573000	6.85737	112	1
1522646298.358989000	6.85779	112	0
1522646298.468984000	6.96778	74	1
1522646298.978311000	7.47711	214	0
1522646299.036693000	7.53549	74	1
1522646299.075011000	7.57381	171	1
1522646299.075409000	7.57421	327	1
1522646299.075411000	7.57421	112	1
1522646299.075430000	7.57423	74	0
1522646299.076289000	7.57509	112	0
1522646299.174610000	7.67341	74	1
1522646300.021008000	8.5198	218	0
1522646300.083298000	8.58209	74	1
1522646300.118630000	8.61743	170	1
1522646300.118726000	8.61752	321	1
1522646300.118739000	8.61754	74	0
1522646300.119050000	8.61785	104	1
1522646300.119117000	8.61791	112	1
1522646300.119128000	8.61792	74	0
1522646300.119261000	8.61806	112	0
1522646300.224827000	8.72362	74	1
1522646300.289785000	8.78858	219	0
1522646300.348464000	8.84726	74	1
1522646300.385337000	8.88413	147	1
1522646300.385339000	8.88414	339	1
1522646300.385381000	8.88418	74	0
1522646300.385449000	8.88425	112	1
1522646300.385871000	8.88467	112	0
1522646300.484687000	8.98348	74	1
1522646301.049193000	9.54799	200	0
1522646301.107707000	9.6065	74	1
1522646301.205608000	9.7044	216	1
1522646301.205938000	9.70474	1294	1
1522646301.205957000	9.70475	74	0
1522646301.206221000	9.70502	1294	1
1522646301.206289000	9.70509	1294	1
1522646301.206302000	9.7051	74	0
1522646301.206526000	9.70532	1294	1
1522646301.206597000	9.70539	1294	1
1522646301.206608000	9.7054	74	0
1522646301.206809000	9.70561	1294	1
1522646301.206877000	9.70567	1294	1
1522646301.206888000	9.70568	74	0
1522646301.206949000	9.70575	1123	1
1522646301.207075000	9.70587	1294	1
1522646301.207090000	9.70589	74	0
1522646301.207150000	9.70595	1294	1
1522646301.207226000	9.70602	1294	1
1522646301.207236000	9.70603	74	0
1522646301.207353000	9.70615	1294	1
1522646301.207417000	9.70621	1294	1
1522646301.207430000	9.70623	74	0
1522646301.207488000	9.70628	1294	1
1522646301.207629000	9.70643	1294	1
1522646301.207638000	9.70643	74	0
1522646301.207701000	9.7065	1294	1
1522646301.207774000	9.70657	1294	1
1522646301.207787000	9.70658	74	0
1522646301.208294000	9.70709	1294	1
1522646301.208570000	9.70737	1294	1
1522646301.208583000	9.70738	74	0
1522646301.208862000	9.70766	1294	1
1522646301.209320000	9.70812	1294	1
1522646301.209337000	9.70813	74	0
1522646301.209594000	9.70839	1294	1
1522646301.209885000	9.70868	1294	1
1522646301.209901000	9.7087	74	0
1522646301.210565000	9.70936	1294	1
1522646301.210864000	9.70966	1294	1
1522646301.210878000	9.70967	74	0
1522646301.211136000	9.70993	1294	1
1522646301.211874000	9.71067	1294	1
1522646301.211890000	9.71069	74	0
1522646301.211946000	9.71074	448	1
1522646301.410369000	9.90917	74	0
1522646301.471395000	9.97019	86	0
1522646301.809920000	10.3087	1294	1
1522646301.810162000	10.309	1294	1
1522646301.810180000	10.309	74	0
1522646301.810255000	10.3091	1294	1
1522646301.810455000	10.3093	1294	1
1522646301.810457000	10.3093	1294	1
1522646301.810470000	10.3093	74	0
1522646301.810558000	10.3094	1294	1
1522646301.810714000	10.3095	1294	1
1522646301.810716000	10.3095	1294	1
1522646301.810731000	10.3095	74	0
1522646301.810806000	10.3096	1294	1
1522646301.811030000	10.3098	1294	1
1522646301.811042000	10.3098	74	0
1522646301.811105000	10.3099	1294	1
1522646301.811248000	10.31	1150	1
1522646301.811268000	10.3101	74	0
1522646301.819574000	10.3184	1294	1
1522646301.819665000	10.3185	1294	1
1522646301.819688000	10.3185	74	0
1522646301.819839000	10.3186	1294	1
1522646301.819912000	10.3187	1294	1
1522646301.819925000	10.3187	74	0
1522646301.820132000	10.3189	1294	1
1522646301.820200000	10.319	1294	1
1522646301.820203000	10.319	205	1
1522646301.820223000	10.319	86	0
1522646301.820541000	10.3193	1294	1
1522646301.820556000	10.3194	74	0
1522646301.832667000	10.3315	1294	1
1522646301.832909000	10.3317	1294	1
1522646301.832938000	10.3317	74	0
1522646301.833002000	10.3318	1294	1
1522646301.833184000	10.332	1294	1
1522646301.833197000	10.332	74	0
1522646301.833258000	10.3321	1294	1
1522646301.833496000	10.3323	1294	1
1522646301.833511000	10.3323	74	0
1522646301.833570000	10.3324	1294	1
1522646301.833830000	10.3326	1294	1
1522646301.833844000	10.3326	74	0
1522646301.834123000	10.3329	1294	1
1522646301.834442000	10.3332	1294	1
1522646301.834457000	10.3333	74	0
1522646301.834718000	10.3335	1294	1
1522646301.835013000	10.3338	1294	1
1522646301.835026000	10.3338	74	0
1522646301.835294000	10.3341	1294	1
1522646301.835296000	10.3341	187	1
1522646301.835310000	10.3341	74	0
1522646301.836482000	10.3353	1294	1
1522646301.836760000	10.3356	1294	1
1522646301.836772000	10.3356	74	0
1522646301.837037000	10.3358	1294	1
1522646301.837351000	10.3361	1294	1
1522646301.837365000	10.3362	74	0
1522646301.837624000	10.3364	1294	1
1522646301.837888000	10.3367	1294	1
1522646301.837901000	10.3367	74	0
1522646301.838596000	10.3374	1294	1
1522646301.838886000	10.3377	1294	1
1522646301.838901000	10.3377	74	0
1522646301.839166000	10.338	1294	1
1522646301.839872000	10.3387	1294	1
1522646301.839886000	10.3387	74	0
1522646301.840149000	10.3389	1294	1
1522646301.840427000	10.3392	1294	1
1522646301.840441000	10.3392	74	0
1522646301.840722000	10.3395	1294	1
1522646301.840868000	10.3397	1294	1
1522646301.840882000	10.3397	74	0
1522646301.841019000	10.3398	1294	1
1522646301.841142000	10.3399	1294	1
1522646301.841154000	10.34	74	0
1522646301.841369000	10.3402	1043	1
1522646301.841563000	10.3404	112	0
1522646301.900620000	10.3994	74	1
1522646301.958341000	10.4571	197	0
1522646302.016445000	10.5152	74	1
1522646302.037747000	10.5365	140	1
1522646302.037750000	10.5365	104	1
1522646302.037818000	10.5366	74	0
1522646302.037890000	10.5367	112	1
1522646302.039062000	10.5379	112	0
1522646302.136791000	10.6356	74	1
1522646302.156058000	10.6549	343	0
1522646302.195912000	10.6947	174	0
1522646302.215452000	10.7142	74	1
1522646302.216169000	10.715	180	1
1522646302.216525000	10.7153	1294	1
1522646302.216545000	10.7153	74	0
1522646302.216825000	10.7156	1294	1
1522646302.216930000	10.7157	1294	1
1522646302.216948000	10.7157	74	0
1522646302.217100000	10.7159	1294	1
1522646302.217392000	10.7162	1294	1
1522646302.217405000	10.7162	74	0
1522646302.217463000	10.7163	1294	1
1522646302.217526000	10.7163	1294	1
1522646302.217538000	10.7163	74	0
1522646302.217669000	10.7165	1294	1
1522646302.217734000	10.7165	1294	1
1522646302.217745000	10.7165	74	0
1522646302.217804000	10.7166	1294	1
1522646302.217870000	10.7167	1294	1
1522646302.217888000	10.7167	74	0
1522646302.217964000	10.7168	1294	1
1522646302.218031000	10.7168	1294	1
1522646302.218041000	10.7168	74	0
1522646302.218106000	10.7169	1294	1
1522646302.218175000	10.717	1294	1
1522646302.218188000	10.717	74	0
1522646302.218250000	10.717	1294	1
1522646302.218318000	10.7171	1294	1
1522646302.218328000	10.7171	74	0
1522646302.218348000	10.7171	74	0
1522646302.218389000	10.7172	1294	1
1522646302.218536000	10.7173	1294	1
1522646302.218552000	10.7173	74	0
1522646302.218812000	10.7176	1294	1
1522646302.219103000	10.7179	1294	1
1522646302.219115000	10.7179	74	0
1522646302.219380000	10.7182	1294	1
1522646302.219668000	10.7185	1294	1
1522646302.219678000	10.7185	74	0
1522646302.219954000	10.7188	1294	1
1522646302.220540000	10.7193	1294	1
1522646302.220553000	10.7193	74	0
1522646302.221054000	10.7199	1294	1
1522646302.221332000	10.7201	1294	1
1522646302.221347000	10.7201	74	0
1522646302.221654000	10.7205	1294	1
1522646302.221930000	10.7207	1294	1
1522646302.221944000	10.7207	74	0
1522646302.222226000	10.721	1294	1
1522646302.222503000	10.7213	1294	1
1522646302.222516000	10.7213	74	0
1522646302.223200000	10.722	1294	1
1522646302.223478000	10.7223	1294	1
1522646302.223492000	10.7223	74	0
1522646302.223754000	10.7226	1294	1
1522646302.224199000	10.723	1294	1
1522646302.224215000	10.723	74	0
1522646302.224494000	10.7233	1294	1
1522646302.224843000	10.7236	1294	1
1522646302.224858000	10.7237	74	0
1522646302.225138000	10.7239	1294	1
1522646302.225454000	10.7243	1294	1
1522646302.225469000	10.7243	74	0
1522646302.225706000	10.7245	1294	1
1522646302.226438000	10.7252	1294	1
1522646302.226456000	10.7253	74	0
1522646302.226701000	10.7255	1294	1
1522646302.226993000	10.7258	1294	1
1522646302.227006000	10.7258	74	0
1522646302.227618000	10.7264	1294	1
1522646302.227909000	10.7267	1294	1
1522646302.227923000	10.7267	74	0
1522646302.228190000	10.727	1294	1
1522646302.228467000	10.7273	1294	1
1522646302.228479000	10.7273	74	0
1522646302.228569000	10.7274	1294	1
1522646302.228760000	10.7276	1294	1
1522646302.228778000	10.7276	74	0
1522646302.228865000	10.7277	1294	1
1522646302.229147000	10.7279	1294	1
1522646302.229160000	10.728	74	0
1522646302.229437000	10.7282	1294	1
1522646302.229906000	10.7287	1294	1
1522646302.229908000	10.7287	283	1
1522646302.229922000	10.7287	74	0
1522646302.230357000	10.7292	112	0
1522646302.289433000	10.7882	74	1
1522646302.295772000	10.7946	214	1
1522646302.295774000	10.7946	104	1
1522646302.295825000	10.7946	74	0
1522646302.348368000	10.8472	74	1
1522646302.418572000	10.9174	400	0
1522646302.478865000	10.9777	74	1
1522646302.500122000	10.9989	140	1
1522646302.500124000	10.9989	104	1
1522646302.500126000	10.9989	112	1
1522646302.500181000	10.999	74	0
1522646302.501127000	10.9999	112	0
1522646302.600595000	11.0994	74	1
1522646302.856384000	11.3552	346	0
1522646302.917940000	11.4167	74	1
1522646302.937556000	11.4364	140	1
1522646302.937903000	11.4367	104	1
1522646302.937917000	11.4367	74	0
1522646302.937985000	11.4368	112	1
1522646302.938530000	11.4373	112	0
1522646303.036603000	11.5354	74	1
1522646304.296281000	12.7951	308	0
1522646304.357352000	12.8561	74	1
1522646304.378378000	12.8772	140	1
1522646304.378380000	12.8772	104	1
1522646304.378382000	12.8772	112	1
1522646304.378423000	12.8772	74	0
1522646304.378787000	12.8776	112	0
1522646304.477837000	12.9766	74	1
