1522661770.848691000	0	86	1
1522661770.865953000	0.017262	86	0
1522661770.866025000	0.017334	74	1
1522661770.866333000	0.017642	276	1
1522661770.885513000	0.0368221	74	0
1522661770.905215000	0.056524	1294	0
1522661770.905314000	0.056623	1294	0
1522661770.905316000	0.0566251	199	0
1522661770.905336000	0.0566449	74	1
1522661771.317836000	0.469145	316	1
1522661771.322037000	0.473346	159	1
1522661771.322279000	0.473588	476	1
1522661771.337561000	0.48887	344	0
1522661771.337935000	0.489244	135	0
1522661771.337949000	0.489258	74	1
1522661771.338136000	0.489445	104	1
1522661771.338868000	0.490177	104	0
1522661771.356188000	0.507497	74	0
1522661771.433491000	0.5848	663	0
1522661771.433532000	0.584841	74	1
1522661771.433796000	0.585105	1294	0
1522661771.434102000	0.585411	1294	0
1522661771.434112000	0.585421	74	1
1522661771.434291000	0.5856	1294	0
1522661771.434388000	0.585697	1294	0
1522661771.434399000	0.585708	74	1
1522661771.434566000	0.585875	1294	0
1522661771.434685000	0.585994	1294	0
1522661771.434696000	0.586005	74	1
1522661771.434977000	0.586286	1294	0
1522661771.435088000	0.586397	755	0
1522661771.435099000	0.586408	74	1
1522661771.438542000	0.589851	1294	0
1522661771.438548000	0.589857	1294	0
1522661771.438582000	0.589891	74	1
1522661771.438817000	0.590126	1294	0
1522661771.439110000	0.590419	1294	0
1522661771.439125000	0.590434	74	1
1522661771.439956000	0.591265	1294	0
1522661771.447672000	0.598981	1294	0
1522661771.447719000	0.599028	74	1
1522661771.447834000	0.599143	1294	0
1522661771.447926000	0.599235	1294	0
1522661771.447938000	0.599247	74	1
1522661771.448110000	0.599419	1294	0
1522661771.448180000	0.599489	1294	0
1522661771.448194000	0.599503	74	1
1522661771.448249000	0.599558	1294	0
1522661771.448253000	0.599562	1294	0
1522661771.448265000	0.599574	74	1
1522661771.448400000	0.599709	1294	0
1522661771.448466000	0.599775	1294	0
1522661771.448479000	0.599788	74	1
1522661771.448540000	0.599849	1294	0
1522661771.448542000	0.599851	1294	0
1522661771.448555000	0.599864	74	1
1522661771.448689000	0.599998	1294	0
1522661771.448761000	0.60007	1294	0
1522661771.448773000	0.600082	74	1
1522661771.448833000	0.600142	1294	0
1522661771.449022000	0.600331	1294	0
1522661771.449034000	0.600343	74	1
1522661771.449314000	0.600623	1294	0
1522661771.449623000	0.600932	1294	0
1522661771.449635000	0.600944	74	1
1522661771.449918000	0.601227	1294	0
1522661771.450197000	0.601506	1294	0
1522661771.450210000	0.601519	74	1
1522661771.450473000	0.601782	1294	0
1522661771.454652000	0.605961	1294	0
1522661771.454712000	0.606021	74	1
1522661771.454908000	0.606217	1294	0
1522661771.457938000	0.609247	1294	0
1522661771.457989000	0.609298	74	1
1522661771.458238000	0.609547	1294	0
1522661771.464341000	0.61565	1294	0
1522661771.464393000	0.615702	74	1
1522661771.464599000	0.615908	1294	0
1522661771.464874000	0.616183	1294	0
1522661771.464887000	0.616196	74	1
1522661771.465180000	0.616489	1294	0
1522661771.465471000	0.61678	1294	0
1522661771.465487000	0.616796	74	1
1522661771.465749000	0.617058	1294	0
1522661771.466472000	0.617781	1294	0
1522661771.466496000	0.617805	74	1
1522661771.466763000	0.618072	1294	0
1522661771.467037000	0.618346	1294	0
1522661771.467053000	0.618362	74	1
1522661771.467319000	0.618628	1294	0
1522661771.467616000	0.618925	1294	0
1522661771.467631000	0.61894	74	1
1522661771.467905000	0.619214	1294	0
1522661771.468074000	0.619383	1294	0
1522661771.468088000	0.619397	74	1
1522661771.468227000	0.619536	1294	0
1522661771.468501000	0.61981	1294	0
1522661771.468516000	0.619825	74	1
1522661771.468777000	0.620086	1294	0
1522661771.469073000	0.620382	1294	0
1522661771.469089000	0.620398	74	1
1522661771.469350000	0.620659	1294	0
1522661771.469460000	0.620769	704	0
1522661771.469482000	0.620791	74	1
1522661771.469628000	0.620937	112	1
1522661771.526467000	0.677776	74	0
1522661771.570130000	0.721439	327	1
1522661771.570311000	0.72162	169	1
1522661771.585843000	0.737152	74	0
1522661771.586637000	0.737946	74	0
1522661771.605260000	0.756569	252	0
1522661771.605894000	0.757203	1294	0
1522661771.605916000	0.757225	74	1
1522661771.605982000	0.757291	1294	0
1522661771.606174000	0.757483	1294	0
1522661771.606186000	0.757495	74	1
1522661771.606478000	0.757787	1294	0
1522661771.606487000	0.757796	425	0
1522661771.606489000	0.757798	112	0
1522661771.606491000	0.7578	147	0
1522661771.606506000	0.757815	74	1
1522661771.606593000	0.757902	1294	0
1522661771.606803000	0.758112	112	1
1522661771.606891000	0.7582	1294	0
1522661771.607169000	0.758478	1294	0
1522661771.607181000	0.75849	74	1
1522661771.607346000	0.758655	1294	0
1522661771.607408000	0.758717	87	0
1522661771.607428000	0.758737	86	1
1522661771.608307000	0.759616	1294	0
1522661771.608325000	0.759634	74	1
1522661771.666597000	0.817906	74	0
1522661771.693959000	0.845268	247	1
1522661771.709085000	0.860394	250	1
1522661771.711253000	0.862562	74	0
1522661771.725149000	0.876458	74	0
1522661771.726065000	0.877374	262	0
1522661771.726412000	0.877721	1294	0
1522661771.726435000	0.877744	74	1
1522661771.726725000	0.878034	1294	0
1522661771.727015000	0.878324	1294	0
1522661771.727028000	0.878337	74	1
1522661771.727292000	0.878601	1294	0
1522661771.727364000	0.878673	1294	0
1522661771.727378000	0.878687	74	1
1522661771.727573000	0.878882	1294	0
1522661771.727645000	0.878954	1294	0
1522661771.727657000	0.878966	74	1
1522661771.727861000	0.87917	1294	0
1522661771.727934000	0.879243	1294	0
1522661771.727946000	0.879255	74	1
1522661771.728164000	0.879473	1294	0
1522661771.728457000	0.879766	1294	0
1522661771.728471000	0.87978	74	1
1522661771.728750000	0.880059	1294	0
1522661771.729028000	0.880337	1294	0
1522661771.729041000	0.88035	74	1
1522661771.729101000	0.88041	1294	0
1522661771.729304000	0.880613	1294	0
1522661771.729318000	0.880627	74	1
1522661771.729379000	0.880688	1294	0
1522661771.729501000	0.88081	1294	0
1522661771.729512000	0.880821	74	1
1522661771.729599000	0.880908	1294	0
1522661771.729774000	0.881083	1294	0
1522661771.729785000	0.881094	74	1
1522661771.729877000	0.881186	1294	0
1522661771.730460000	0.881769	1294	0
1522661771.730471000	0.88178	74	1
1522661771.730753000	0.882062	1294	0
1522661771.731038000	0.882347	1294	0
1522661771.731053000	0.882362	74	1
1522661771.731318000	0.882627	1294	0
1522661771.731594000	0.882903	1294	0
1522661771.731608000	0.882917	74	1
1522661771.731890000	0.883199	1294	0
1522661771.732227000	0.883536	1294	0
1522661771.732243000	0.883552	74	1
1522661771.732504000	0.883813	1294	0
1522661771.732800000	0.884109	1294	0
1522661771.732813000	0.884122	74	1
1522661771.732904000	0.884213	1294	0
1522661771.733201000	0.88451	1294	0
1522661771.733215000	0.884524	74	1
1522661771.733498000	0.884807	1294	0
1522661771.733568000	0.884877	1294	0
1522661771.733581000	0.88489	74	1
1522661771.733779000	0.885088	1294	0
1522661771.733782000	0.885091	1294	0
1522661771.733793000	0.885102	74	1
1522661771.734039000	0.885348	1294	0
1522661771.734347000	0.885656	1294	0
1522661771.734359000	0.885668	74	1
1522661771.734615000	0.885924	1294	0
1522661771.734897000	0.886206	1294	0
1522661771.734912000	0.886221	74	1
1522661771.735187000	0.886496	1294	0
1522661771.735506000	0.886815	1294	0
1522661771.735519000	0.886828	74	1
1522661771.735785000	0.887094	1294	0
1522661771.736078000	0.887387	1294	0
1522661771.736091000	0.8874	74	1
1522661771.736392000	0.887701	1294	0
1522661771.736395000	0.887704	1294	0
1522661771.736412000	0.887721	74	1
1522661771.736685000	0.887994	1294	0
1522661771.736687000	0.887996	1294	0
1522661771.736705000	0.888014	74	1
1522661771.736951000	0.88826	1294	0
1522661771.737235000	0.888544	1294	0
1522661771.737255000	0.888564	74	1
1522661771.737523000	0.888832	1294	0
1522661771.737796000	0.889105	1294	0
1522661771.737814000	0.889123	74	1
1522661771.738175000	0.889484	1294	0
1522661771.743063000	0.894372	1294	0
1522661771.743080000	0.894389	74	1
1522661771.743193000	0.894502	1294	0
1522661771.743336000	0.894645	1294	0
1522661771.743347000	0.894656	74	1
1522661771.743469000	0.894778	1294	0
1522661771.743618000	0.894927	1294	0
1522661771.743628000	0.894937	74	1
1522661771.743747000	0.895056	1294	0
1522661771.744043000	0.895352	1294	0
1522661771.744053000	0.895362	74	1
1522661771.744112000	0.895421	1294	0
1522661771.744381000	0.89569	1294	0
1522661771.744392000	0.895701	74	1
1522661771.745334000	0.896643	1294	0
1522661771.745622000	0.896931	1294	0
1522661771.745633000	0.896942	74	1
1522661771.745692000	0.897001	1294	0
1522661771.745912000	0.897221	1294	0
1522661771.745923000	0.897232	74	1
1522661771.745981000	0.89729	1294	0
1522661771.746208000	0.897517	1294	0
1522661771.746220000	0.897529	74	1
1522661771.746280000	0.897589	1294	0
1522661771.746517000	0.897826	1294	0
1522661771.746527000	0.897836	74	1
1522661771.746795000	0.898104	1294	0
1522661771.746862000	0.898171	1294	0
1522661771.746874000	0.898183	74	1
1522661771.747085000	0.898394	1294	0
1522661771.747151000	0.89846	1294	0
1522661771.747162000	0.898471	74	1
1522661771.747419000	0.898728	1294	0
1522661771.748200000	0.899509	1294	0
1522661771.748212000	0.899521	74	1
1522661771.748476000	0.899785	1294	0
1522661771.748769000	0.900078	1294	0
1522661771.748779000	0.900088	74	1
1522661771.748837000	0.900146	1294	0
1522661771.749045000	0.900354	1294	0
1522661771.749058000	0.900367	74	1
1522661771.749095000	0.900404	74	1
1522661771.749110000	0.900419	1294	0
1522661771.749343000	0.900652	1294	0
1522661771.749353000	0.900662	74	1
1522661771.749637000	0.900946	1294	0
1522661771.750336000	0.901645	1294	0
1522661771.750350000	0.901659	74	1
1522661771.750613000	0.901922	1294	0
1522661771.750886000	0.902195	1294	0
1522661771.750897000	0.902206	74	1
1522661771.750958000	0.902267	1294	0
1522661771.751183000	0.902492	1294	0
1522661771.751195000	0.902504	74	1
1522661771.751254000	0.902563	1294	0
1522661771.751488000	0.902797	1294	0
1522661771.751490000	0.902799	1294	0
1522661771.751504000	0.902813	74	1
1522661771.751740000	0.903049	1294	0
1522661771.752005000	0.903314	1294	0
1522661771.752015000	0.903324	74	1
1522661771.752072000	0.903381	1294	0
1522661771.752298000	0.903607	1294	0
1522661771.752308000	0.903617	74	1
1522661771.752991000	0.9043	1294	0
1522661771.753057000	0.904366	1294	0
1522661771.753069000	0.904378	74	1
1522661771.753125000	0.904434	1294	0
1522661771.753319000	0.904628	1294	0
1522661771.753321000	0.90463	1294	0
1522661771.753333000	0.904642	74	1
1522661771.753413000	0.904722	1294	0
1522661771.753600000	0.904909	1294	0
1522661771.753602000	0.904911	1294	0
1522661771.753614000	0.904923	74	1
1522661771.753716000	0.905025	1294	0
1522661771.759216000	0.910525	1294	0
1522661771.759234000	0.910543	74	1
1522661771.759277000	0.910586	74	1
1522661771.759443000	0.910752	1294	0
1522661771.759509000	0.910818	1294	0
1522661771.759521000	0.91083	74	1
1522661771.759723000	0.911032	1294	0
1522661771.759791000	0.9111	1294	0
1522661771.759802000	0.911111	74	1
1522661771.760011000	0.91132	1294	0
1522661771.760077000	0.911386	1294	0
1522661771.760088000	0.911397	74	1
1522661771.760288000	0.911597	1294	0
1522661771.760353000	0.911662	1294	0
1522661771.760364000	0.911673	74	1
1522661771.760564000	0.911873	1294	0
1522661771.760646000	0.911955	1294	0
1522661771.760657000	0.911966	74	1
1522661771.760718000	0.912027	1294	0
1522661771.761731000	0.91304	1294	0
1522661771.761742000	0.913051	74	1
1522661771.762032000	0.913341	1294	0
1522661771.762034000	0.913343	834	0
1522661771.762058000	0.913367	86	1
1522661771.762157000	0.913466	1294	0
1522661771.762170000	0.913479	86	1
1522661771.762229000	0.913538	1294	0
1522661771.762243000	0.913552	74	1
1522661771.762319000	0.913628	1294	0
1522661771.762452000	0.913761	1294	0
1522661771.762464000	0.913773	74	1
1522661771.762596000	0.913905	1294	0
1522661771.762735000	0.914044	1294	0
1522661771.762738000	0.914047	534	0
1522661771.762753000	0.914062	74	1
1522661771.763005000	0.914314	1294	0
1522661771.763304000	0.914613	1294	0
1522661771.763316000	0.914625	74	1
1522661771.763471000	0.91478	903	0
1522661771.764683000	0.915992	74	1
1522661771.765875000	0.917184	112	1
1522661771.822780000	0.974089	74	0
1522661771.923032000	1.07434	317	1
1522661771.947387000	1.0987	74	0
1522661771.947924000	1.09923	203	0
1522661771.948323000	1.09963	1294	0
1522661771.948326000	1.09964	1294	0
1522661771.948354000	1.09966	74	1
1522661771.948557000	1.09987	1294	0
1522661771.948624000	1.09993	1294	0
1522661771.948636000	1.09995	74	1
1522661771.948850000	1.10016	1294	0
1522661771.948916000	1.10022	1294	0
1522661771.948928000	1.10024	74	1
1522661771.949126000	1.10044	1294	0
1522661771.949191000	1.1005	1294	0
1522661771.949201000	1.10051	74	1
1522661771.949320000	1.10063	1294	0
1522661771.949417000	1.10073	1294	0
1522661771.949427000	1.10074	74	1
1522661771.949489000	1.1008	1294	0
1522661771.949614000	1.10092	1294	0
1522661771.949627000	1.10094	74	1
1522661771.949710000	1.10102	1294	0
1522661771.949777000	1.10109	1294	0
1522661771.949780000	1.10109	1294	0
1522661771.949793000	1.1011	74	1
1522661771.949853000	1.10116	1294	0
1522661771.949990000	1.1013	1294	0
1522661771.950004000	1.10131	74	1
1522661771.950067000	1.10138	1294	0
1522661771.950069000	1.10138	1294	0
1522661771.950081000	1.10139	74	1
1522661771.950462000	1.10177	1294	0
1522661771.950529000	1.10184	1294	0
1522661771.950541000	1.10185	74	1
1522661771.950598000	1.10191	1294	0
1522661771.950601000	1.10191	1294	0
1522661771.950612000	1.10192	74	1
1522661771.950792000	1.1021	1294	0
1522661771.950859000	1.10217	1294	0
1522661771.950871000	1.10218	74	1
1522661771.951004000	1.10231	1294	0
1522661771.951072000	1.10238	1294	0
1522661771.951083000	1.10239	74	1
1522661771.951140000	1.10245	1294	0
1522661771.951365000	1.10267	1294	0
1522661771.951380000	1.10269	74	1
1522661771.951442000	1.10275	784	0
1522661771.951444000	1.10275	112	0
1522661771.951455000	1.10276	74	1
1522661771.952512000	1.10382	112	1
1522661771.967839000	1.11915	145	1
1522661771.984800000	1.13611	74	0
1522661771.985269000	1.13658	200	0
1522661771.985359000	1.13667	362	0
1522661771.985361000	1.13667	112	0
1522661771.985383000	1.13669	74	1
1522661771.985757000	1.13707	112	1
1522661772.044701000	1.19601	74	0
1522661772.210495000	1.3618	360	1
1522661772.228016000	1.37932	74	0
1522661772.265340000	1.41665	140	0
1522661772.265343000	1.41665	104	0
1522661772.265402000	1.41671	74	1
1522661772.265478000	1.41679	112	0
1522661772.266374000	1.41768	112	1
1522661772.281243000	1.43255	144	1
1522661772.286477000	1.43779	379	1
1522661772.295037000	1.44635	159	1
1522661772.298129000	1.44944	74	0
1522661772.311046000	1.46235	74	0
1522661772.317764000	1.46907	194	0
1522661772.318109000	1.46942	1294	0
1522661772.318132000	1.46944	74	1
1522661772.318354000	1.46966	1294	0
1522661772.318429000	1.46974	1294	0
1522661772.318440000	1.46975	74	1
1522661772.318631000	1.46994	1294	0
1522661772.318699000	1.47001	1294	0
1522661772.318702000	1.47001	1294	0
1522661772.318714000	1.47002	74	1
1522661772.318776000	1.47008	1294	0
1522661772.318922000	1.47023	1294	0
1522661772.318937000	1.47025	74	1
1522661772.318998000	1.47031	1294	0
1522661772.319000000	1.47031	1294	0
1522661772.319017000	1.47033	74	1
1522661772.319076000	1.47039	1294	0
1522661772.319229000	1.47054	1294	0
1522661772.319243000	1.47055	74	1
1522661772.319301000	1.47061	1294	0
1522661772.319304000	1.47061	268	0
1522661772.319316000	1.47062	74	1
1522661772.319416000	1.47073	1169	0
1522661772.319419000	1.47073	112	0
1522661772.319429000	1.47074	74	1
1522661772.319741000	1.47105	112	1
1522661772.325820000	1.47713	140	0
1522661772.325901000	1.47721	104	0
1522661772.325916000	1.47723	74	1
1522661772.331003000	1.48231	159	0
1522661772.331338000	1.48265	1294	0
1522661772.331357000	1.48267	74	1
1522661772.331441000	1.48275	640	0
1522661772.331444000	1.48275	184	0
1522661772.331465000	1.48277	74	1
1522661772.375480000	1.52679	74	0
1522661772.396391000	1.5477	188	1
1522661772.412707000	1.56402	74	0
1522661772.458444000	1.60975	211	0
1522661772.458525000	1.60983	320	0
1522661772.458526000	1.60983	112	0
1522661772.458545000	1.60985	74	1
1522661772.458913000	1.61022	112	1
1522661772.482208000	1.63352	74	0
1522661772.644990000	1.7963	189	1
1522661772.662198000	1.81351	74	0
1522661772.705960000	1.85727	147	0
1522661772.706068000	1.85738	348	0
1522661772.706070000	1.85738	112	0
1522661772.706093000	1.8574	74	1
1522661772.706512000	1.85782	112	1
1522661772.724591000	1.8759	74	0
1522661772.755996000	1.90731	189	1
1522661772.773484000	1.92479	74	0
1522661772.808712000	1.96002	148	0
1522661772.808715000	1.96002	330	0
1522661772.808751000	1.96006	74	1
1522661772.809149000	1.96046	112	0
1522661772.809365000	1.96067	112	1
1522661772.864902000	2.01621	74	0
1522661772.896832000	2.04814	190	1
1522661772.913320000	2.06463	74	0
1522661772.947505000	2.09881	147	0
1522661772.947585000	2.09889	336	0
1522661772.947587000	2.0989	112	0
1522661772.947599000	2.09891	74	1
1522661772.947893000	2.0992	112	1
1522661773.009478000	2.16079	74	0
1522661773.167875000	2.31918	192	1
1522661773.184219000	2.33553	74	0
1522661773.221104000	2.37241	170	0
1522661773.221484000	2.37279	338	0
1522661773.221486000	2.3728	112	0
1522661773.221505000	2.37281	74	1
1522661773.221676000	2.37299	112	1
1522661773.260000000	2.41131	193	1
1522661773.277769000	2.42908	74	0
1522661773.278172000	2.42948	74	0
1522661773.312244000	2.46355	147	0
1522661773.312332000	2.46364	351	0
1522661773.312334000	2.46364	112	0
1522661773.312355000	2.46366	74	1
1522661773.312682000	2.46399	112	1
1522661773.368560000	2.51987	74	0
1522661773.426968000	2.57828	193	1
1522661773.443727000	2.59504	74	0
1522661773.478716000	2.63002	148	0
1522661773.478807000	2.63012	333	0
1522661773.478809000	2.63012	112	0
1522661773.478830000	2.63014	74	1
1522661773.479240000	2.63055	112	1
1522661773.520588000	2.6719	194	1
1522661773.535605000	2.68691	74	0
1522661773.536924000	2.68823	74	0
1522661773.572244000	2.72355	148	0
1522661773.572339000	2.72365	327	0
1522661773.572341000	2.72365	112	0
1522661773.572364000	2.72367	74	1
1522661773.572760000	2.72407	112	1
1522661773.630775000	2.78208	74	0
1522661773.881760000	3.03307	195	1
1522661773.897811000	3.04912	74	0
1522661773.933215000	3.08452	147	0
1522661773.933217000	3.08453	326	0
1522661773.933269000	3.08458	74	1
1522661773.933345000	3.08465	112	0
1522661773.933743000	3.08505	112	1
1522661773.989467000	3.14078	74	0
1522661774.078705000	3.23001	317	1
1522661774.094829000	3.24614	74	0
1522661774.113928000	3.26524	198	1
1522661774.115455000	3.26676	140	0
1522661774.115532000	3.26684	104	0
1522661774.115545000	3.26685	74	1
1522661774.115950000	3.26726	112	0
1522661774.116605000	3.26791	112	1
1522661774.132437000	3.28375	74	0
1522661774.164829000	3.31614	148	0
1522661774.164927000	3.31624	328	0
1522661774.164929000	3.31624	112	0
1522661774.164952000	3.31626	74	1
1522661774.165346000	3.31665	112	1
1522661774.221477000	3.37279	74	0
1522661774.373238000	3.52455	198	1
1522661774.389530000	3.54084	74	0
1522661774.424909000	3.57622	170	0
1522661774.424991000	3.5763	314	0
1522661774.424993000	3.5763	112	0
1522661774.425012000	3.57632	74	1
1522661774.425376000	3.57668	112	1
1522661774.482564000	3.63387	74	0
1522661774.583227000	3.73454	199	1
1522661774.599338000	3.75065	74	0
1522661774.634057000	3.78537	147	0
1522661774.634747000	3.78606	316	0
1522661774.634749000	3.78606	112	0
1522661774.634772000	3.78608	74	1
1522661774.635430000	3.78674	112	1
1522661774.693737000	3.84505	74	0
1522661774.850138000	4.00145	200	1
1522661774.866807000	4.01812	74	0
1522661774.899020000	4.05033	144	0
1522661774.899114000	4.05042	333	0
1522661774.899117000	4.05043	112	0
1522661774.899140000	4.05045	74	1
1522661774.899617000	4.05093	112	1
1522661774.942668000	4.09398	201	1
1522661774.956119000	4.10743	74	0
1522661774.959410000	4.11072	74	0
1522661774.999884000	4.15119	147	0
1522661774.999972000	4.15128	324	0
1522661774.999974000	4.15128	112	0
1522661774.999994000	4.1513	74	1
1522661775.000445000	4.15175	112	1
1522661775.018123000	4.16943	74	0
1522661775.044004000	4.19531	201	1
1522661775.071753000	4.22306	74	0
1522661775.107574000	4.25888	144	0
1522661775.107576000	4.25888	333	0
1522661775.107619000	4.25893	74	1
1522661775.107687000	4.259	112	0
1522661775.108076000	4.25939	112	1
1522661775.163611000	4.31492	74	0
1522661775.343561000	4.49487	202	1
1522661775.359982000	4.51129	74	0
1522661775.395746000	4.54706	167	0
1522661775.395749000	4.54706	303	0
1522661775.395802000	4.54711	74	1
1522661775.396195000	4.5475	104	0
1522661775.396261000	4.54757	112	0
1522661775.396272000	4.54758	74	1
1522661775.397015000	4.54832	112	1
1522661775.452624000	4.60393	74	0
1522661775.676625000	4.82793	204	1
1522661775.695295000	4.8466	74	0
1522661775.730056000	4.88137	144	0
1522661775.730171000	4.88148	300	0
1522661775.730173000	4.88148	104	0
1522661775.730199000	4.88151	74	1
1522661775.730559000	4.88187	112	0
1522661775.730757000	4.88207	112	1
1522661775.770420000	4.92173	205	1
1522661775.786320000	4.93763	74	0
1522661775.819941000	4.97125	144	0
1522661775.820021000	4.97133	330	0
1522661775.820023000	4.97133	112	0
1522661775.820038000	4.97135	74	1
1522661775.820400000	4.97171	112	1
1522661775.875479000	5.02679	74	0
1522661775.899198000	5.05051	205	1
1522661775.915745000	5.06705	74	0
1522661775.954466000	5.10578	148	0
1522661775.954468000	5.10578	329	0
1522661775.954509000	5.10582	74	1
1522661775.954578000	5.10589	112	0
1522661775.954979000	5.10629	112	1
1522661776.010609000	5.16192	74	0
1522661776.156837000	5.30815	206	1
1522661776.172588000	5.3239	74	0
1522661776.207879000	5.35919	171	0
1522661776.207979000	5.35929	302	0
1522661776.207981000	5.35929	104	0
1522661776.208001000	5.35931	74	1
1522661776.208366000	5.35967	112	0
1522661776.209169000	5.36048	112	1
1522661776.264681000	5.41599	74	0
1522661776.411229000	5.56254	208	1
1522661776.427454000	5.57876	74	0
1522661776.463829000	5.61514	144	0
1522661776.463935000	5.61524	336	0
1522661776.463937000	5.61525	112	0
1522661776.463959000	5.61527	74	1
1522661776.464363000	5.61567	112	1
1522661776.522084000	5.67339	74	0
1522661776.568443000	5.71975	209	1
1522661776.584263000	5.73557	74	0
1522661776.619747000	5.77106	147	0
1522661776.619749000	5.77106	314	0
1522661776.619810000	5.77112	74	1
1522661776.620187000	5.7715	104	0
1522661776.620596000	5.7719	112	0
1522661776.620610000	5.77192	74	1
1522661776.621155000	5.77246	112	1
1522661776.685837000	5.83715	74	0
1522661776.922094000	6.0734	210	1
1522661776.938493000	6.0898	74	0
1522661776.972453000	6.12376	147	0
1522661776.972546000	6.12386	325	0
1522661776.972558000	6.12387	74	1
1522661776.973082000	6.12439	104	0
1522661776.973540000	6.12485	112	0
1522661776.973554000	6.12486	74	1
1522661776.974113000	6.12542	112	1
1522661777.029589000	6.1809	74	0
1522661777.223199000	6.37451	210	1
1522661777.239642000	6.39095	74	0
1522661777.274258000	6.42557	167	0
1522661777.274356000	6.42566	355	0
1522661777.274358000	6.42567	112	0
1522661777.274374000	6.42568	74	1
1522661777.274756000	6.42606	112	1
1522661777.330383000	6.48169	74	0
1522661777.370317000	6.52163	211	1
1522661777.386294000	6.5376	74	0
1522661777.421623000	6.57293	147	0
1522661777.421737000	6.57305	324	0
1522661777.421739000	6.57305	104	0
1522661777.421742000	6.57305	112	0
1522661777.421766000	6.57308	74	1
1522661777.422138000	6.57345	112	1
1522661777.479512000	6.63082	74	0
1522661777.630604000	6.78191	213	1
1522661777.646778000	6.79809	74	0
1522661777.679144000	6.83045	144	0
1522661777.679241000	6.83055	354	0
1522661777.679243000	6.83055	112	0
1522661777.679265000	6.83057	74	1
1522661777.679669000	6.83098	112	1
1522661777.735583000	6.88689	74	0
1522661777.739071000	6.89038	214	1
1522661777.755246000	6.90655	74	0
1522661777.786175000	6.93748	144	0
1522661777.786177000	6.93749	325	0
1522661777.786211000	6.93752	74	1
1522661777.786904000	6.93821	104	0
1522661777.786986000	6.9383	112	0
1522661777.787000000	6.93831	74	1
1522661777.787425000	6.93873	112	1
1522661777.845307000	6.99662	74	0
1522661777.947711000	7.09902	215	1
1522661777.965424000	7.11673	74	0
1522661778.000276000	7.15159	144	0
1522661778.000686000	7.15199	355	0
1522661778.000688000	7.152	112	0
1522661778.000711000	7.15202	74	1
1522661778.000885000	7.15219	112	1
1522661778.064457000	7.21577	74	0
1522661778.149612000	7.30092	215	1
1522661778.180981000	7.33229	74	0
1522661778.215406000	7.36671	167	0
1522661778.215499000	7.36681	354	0
1522661778.215501000	7.36681	112	0
1522661778.215524000	7.36683	74	1
1522661778.215927000	7.36724	112	1
1522661778.271606000	7.42291	74	0
1522661778.324563000	7.47587	216	1
1522661778.342195000	7.4935	74	0
1522661778.374744000	7.52605	144	0
1522661778.374845000	7.52615	354	0
1522661778.374847000	7.52616	112	0
1522661778.374867000	7.52618	74	1
1522661778.375267000	7.52658	112	1
1522661778.432155000	7.58346	74	0
1522661778.575884000	7.72719	196	1
1522661778.594532000	7.74584	74	0
1522661778.676591000	7.8279	219	0
1522661778.677134000	7.82844	1294	0
1522661778.677160000	7.82847	74	1
1522661778.677241000	7.82855	1294	0
1522661778.677412000	7.82872	1294	0
1522661778.677425000	7.82873	74	1
1522661778.677486000	7.82879	1294	0
1522661778.677716000	7.82903	1294	0
1522661778.677729000	7.82904	74	1
1522661778.677788000	7.8291	1294	0
1522661778.677790000	7.8291	1294	0
1522661778.677793000	7.8291	1120	0
1522661778.677806000	7.82911	74	1
1522661778.677865000	7.82917	135	0
1522661778.677980000	7.82929	1294	0
1522661778.677994000	7.8293	74	1
1522661778.678058000	7.82937	1294	0
1522661778.678061000	7.82937	1294	0
1522661778.678076000	7.82939	74	1
1522661778.678137000	7.82945	1294	0
1522661778.678256000	7.82957	1294	0
1522661778.678268000	7.82958	74	1
1522661778.678327000	7.82964	1294	0
1522661778.678329000	7.82964	1294	0
1522661778.678341000	7.82965	74	1
1522661778.678421000	7.82973	1294	0
1522661778.678552000	7.82986	1294	0
1522661778.678563000	7.82987	74	1
1522661778.678624000	7.82993	1294	0
1522661778.678736000	7.83004	1294	0
1522661778.678747000	7.83006	74	1
1522661778.678829000	7.83014	1294	0
1522661778.678885000	7.83019	1194	0
1522661778.678895000	7.8302	74	1
1522661778.679013000	7.83032	1294	0
1522661778.679106000	7.83042	1294	0
1522661778.679117000	7.83043	74	1
1522661778.679146000	7.83046	74	1
1522661778.679175000	7.83048	1294	0
1522661778.679177000	7.83049	1294	0
1522661778.679191000	7.8305	74	1
1522661778.679230000	7.83054	74	1
1522661778.679397000	7.83071	1294	0
1522661778.679468000	7.83078	1294	0
1522661778.679470000	7.83078	497	0
1522661778.679482000	7.83079	74	1
1522661779.161075000	8.31238	1294	0
1522661779.161197000	8.31251	1294	0
1522661779.161218000	8.31253	74	1
1522661779.161292000	8.3126	1294	0
1522661779.161362000	8.31267	1294	0
1522661779.161373000	8.31268	74	1
1522661779.161449000	8.31276	1294	0
1522661779.161562000	8.31287	1294	0
1522661779.161574000	8.31288	74	1
1522661779.161642000	8.31295	1294	0
1522661779.161708000	8.31302	1294	0
1522661779.161719000	8.31303	74	1
1522661779.161842000	8.31315	1294	0
1522661779.161918000	8.31323	1294	0
1522661779.161928000	8.31324	74	1
1522661779.161985000	8.31329	1294	0
1522661779.162114000	8.31342	1294	0
1522661779.162127000	8.31344	74	1
1522661779.162266000	8.31358	1294	0
1522661779.162420000	8.31373	1294	0
1522661779.162422000	8.31373	226	0
1522661779.162431000	8.31374	74	1
1522661779.175499000	8.32681	1294	0
1522661779.175591000	8.3269	1294	0
1522661779.175609000	8.32692	74	1
1522661779.175785000	8.32709	1294	0
1522661779.176065000	8.32737	1294	0
1522661779.176082000	8.32739	74	1
1522661779.176385000	8.32769	1294	0
1522661779.176387000	8.3277	1294	0
1522661779.176413000	8.32772	74	1
1522661779.176657000	8.32797	1294	0
1522661779.176727000	8.32804	1294	0
1522661779.176739000	8.32805	74	1
1522661779.176900000	8.32821	1294	0
1522661779.176965000	8.32827	1294	0
1522661779.176967000	8.32828	1294	0
1522661779.176981000	8.32829	74	1
1522661779.177169000	8.32848	1294	0
1522661779.177248000	8.32856	1294	0
1522661779.177250000	8.32856	889	0
1522661779.177262000	8.32857	74	1
1522661779.177456000	8.32876	1294	0
1522661779.177525000	8.32883	1294	0
1522661779.177547000	8.32886	74	1
1522661779.177751000	8.32906	1294	0
1522661779.177754000	8.32906	1294	0
1522661779.177773000	8.32908	74	1
1522661779.177840000	8.32915	1294	0
1522661779.177910000	8.32922	1294	0
1522661779.177921000	8.32923	74	1
1522661779.178046000	8.32936	1294	0
1522661779.178049000	8.32936	1294	0
1522661779.178061000	8.32937	74	1
1522661779.178138000	8.32945	1294	0
1522661779.178340000	8.32965	1294	0
1522661779.178342000	8.32965	1294	0
1522661779.178356000	8.32966	74	1
1522661779.178428000	8.32974	1294	0
1522661779.178615000	8.32992	1294	0
1522661779.178629000	8.32994	74	1
1522661779.178688000	8.33	1294	0
1522661779.178886000	8.33019	1294	0
1522661779.178888000	8.3302	291	0
1522661779.178902000	8.33021	74	1
1522661779.188382000	8.33969	1294	0
1522661779.188680000	8.33999	1294	0
1522661779.188697000	8.34001	74	1
1522661779.188758000	8.34007	1294	0
1522661779.188959000	8.34027	1294	0
1522661779.188974000	8.34028	74	1
1522661779.189038000	8.34035	1294	0
1522661779.189120000	8.34043	1294	0
1522661779.189131000	8.34044	74	1
1522661779.189236000	8.34054	1294	0
1522661779.189300000	8.34061	1294	0
1522661779.189311000	8.34062	74	1
1522661779.189449000	8.34076	1294	0
1522661779.189509000	8.34082	1294	0
1522661779.189520000	8.34083	74	1
1522661779.189581000	8.34089	1294	0
1522661779.189881000	8.34119	1294	0
1522661779.189884000	8.34119	187	0
1522661779.189915000	8.34122	86	1
1522661779.190207000	8.34152	1294	0
1522661779.190229000	8.34154	74	1
1522661779.191304000	8.34261	1294	0
1522661779.191541000	8.34285	1294	0
1522661779.191555000	8.34286	74	1
1522661779.191612000	8.34292	1294	0
1522661779.191825000	8.34313	1294	0
1522661779.191839000	8.34315	74	1
1522661779.191918000	8.34323	1294	0
1522661779.192042000	8.34335	1294	0
1522661779.192054000	8.34336	74	1
1522661779.192114000	8.34342	1294	0
1522661779.192180000	8.34349	1294	0
1522661779.192190000	8.3435	74	1
1522661779.192354000	8.34366	1294	0
1522661779.192449000	8.34376	1294	0
1522661779.192459000	8.34377	74	1
1522661779.192516000	8.34383	1294	0
1522661779.192633000	8.34394	1294	0
1522661779.192646000	8.34396	74	1
1522661779.192765000	8.34407	1294	0
1522661779.192912000	8.34422	1294	0
1522661779.192925000	8.34423	74	1
1522661779.193045000	8.34435	1294	0
1522661779.193110000	8.34442	901	0
1522661779.193121000	8.34443	74	1
1522661779.193323000	8.34463	1294	0
1522661779.193325000	8.34463	441	0
1522661779.193327000	8.34464	112	0
1522661779.193347000	8.34466	74	1
1522661779.193504000	8.34481	112	1
1522661779.210225000	8.36153	74	0
1522661779.284102000	8.43541	144	1
1522661779.300662000	8.45197	74	0
1522661779.313921000	8.46523	198	1
1522661779.320392000	8.4717	203	0
1522661779.320729000	8.47204	1294	0
1522661779.320751000	8.47206	74	1
1522661779.321006000	8.47232	1294	0
1522661779.321075000	8.47238	1294	0
1522661779.321087000	8.4724	74	1
1522661779.321272000	8.47258	1294	0
1522661779.321343000	8.47265	1294	0
1522661779.321355000	8.47266	74	1
1522661779.321548000	8.47286	1294	0
1522661779.321618000	8.47293	1294	0
1522661779.321629000	8.47294	74	1
1522661779.321840000	8.47315	1294	0
1522661779.321907000	8.47322	1294	0
1522661779.321920000	8.47323	74	1
1522661779.321982000	8.47329	1294	0
1522661779.321985000	8.47329	112	0
1522661779.321987000	8.4733	530	0
1522661779.322012000	8.47332	86	1
1522661779.322023000	8.47333	74	1
1522661779.322435000	8.47374	112	1
1522661779.338173000	8.48948	74	0
1522661779.352246000	8.50356	143	0
1522661779.352249000	8.50356	104	0
1522661779.352308000	8.50362	74	1
1522661779.352375000	8.50368	112	0
1522661779.353269000	8.50458	112	1
1522661779.409521000	8.56083	74	0
1522661779.511137000	8.66245	356	1
1522661779.528326000	8.67964	74	0
1522661779.529712000	8.68102	182	0
1522661779.530106000	8.68142	1294	0
1522661779.530108000	8.68142	1294	0
1522661779.530133000	8.68144	74	1
1522661779.530334000	8.68164	1294	0
1522661779.530402000	8.68171	1294	0
1522661779.530413000	8.68172	74	1
1522661779.530631000	8.68194	1294	0
1522661779.530700000	8.68201	1294	0
1522661779.530714000	8.68202	74	1
1522661779.530919000	8.68223	1294	0
1522661779.530989000	8.6823	1294	0
1522661779.531002000	8.68231	74	1
1522661779.531063000	8.68237	1294	0
1522661779.531210000	8.68252	1294	0
1522661779.531212000	8.68252	1294	0
1522661779.531226000	8.68253	74	1
1522661779.531284000	8.68259	1294	0
1522661779.531287000	8.6826	1294	0
1522661779.531299000	8.68261	74	1
1522661779.531360000	8.68267	1294	0
1522661779.531471000	8.68278	1294	0
1522661779.531482000	8.68279	74	1
1522661779.531546000	8.68286	1294	0
1522661779.531548000	8.68286	1294	0
1522661779.531551000	8.68286	1294	0
1522661779.531569000	8.68288	74	1
1522661779.531629000	8.68294	1294	0
1522661779.531754000	8.68306	1294	0
1522661779.531764000	8.68307	74	1
1522661779.531828000	8.68314	1294	0
1522661779.531831000	8.68314	1294	0
1522661779.531838000	8.68315	1294	0
1522661779.531851000	8.68316	74	1
1522661779.531911000	8.68322	1294	0
1522661779.532070000	8.68338	1294	0
1522661779.532072000	8.68338	1294	0
1522661779.532087000	8.6834	74	1
1522661779.532142000	8.68345	1294	0
1522661779.532144000	8.68345	1294	0
1522661779.532147000	8.68346	1294	0
1522661779.532159000	8.68347	74	1
1522661779.532323000	8.68363	1294	0
1522661779.532394000	8.6837	1294	0
1522661779.532402000	8.68371	1294	0
1522661779.532404000	8.68371	1294	0
1522661779.532417000	8.68373	74	1
1522661779.532478000	8.68379	1294	0
1522661779.532481000	8.68379	508	0
1522661779.532491000	8.6838	74	1
1522661779.532627000	8.68394	1294	0
1522661779.532701000	8.68401	1294	0
1522661779.532704000	8.68401	1294	0
1522661779.532714000	8.68402	74	1
1522661779.532783000	8.68409	1294	0
1522661779.532785000	8.68409	1294	0
1522661779.532797000	8.68411	74	1
1522661779.532963000	8.68427	1294	0
1522661779.532966000	8.68427	1294	0
1522661779.532968000	8.68428	1294	0
1522661779.532983000	8.68429	74	1
1522661779.533047000	8.68436	1294	0
1522661779.533122000	8.68443	1294	0
1522661779.533134000	8.68444	74	1
1522661779.533174000	8.68448	74	1
1522661779.533614000	8.68492	1294	0
1522661779.533892000	8.6852	1294	0
1522661779.533904000	8.68521	74	1
1522661779.534001000	8.68531	1294	0
1522661779.534067000	8.68538	1294	0
1522661779.534078000	8.68539	74	1
1522661779.534163000	8.68547	1294	0
1522661779.534299000	8.68561	1294	0
1522661779.534311000	8.68562	74	1
1522661779.534355000	8.68566	74	1
1522661779.534373000	8.68568	1294	0
1522661779.534464000	8.68577	1294	0
1522661779.534479000	8.68579	74	1
1522661779.534575000	8.68588	1294	0
1522661779.534760000	8.68607	1294	0
1522661779.534762000	8.68607	191	0
1522661779.534774000	8.68608	74	1
1522661779.535237000	8.68655	112	1
1522661779.556965000	8.70827	175	1
1522661779.573252000	8.72456	74	0
1522661779.597741000	8.74905	220	0
1522661779.597744000	8.74905	104	0
1522661779.597799000	8.74911	74	1
1522661779.597864000	8.74917	112	0
1522661779.598201000	8.74951	112	1
1522661779.654760000	8.80607	74	0
1522661779.758006000	8.90932	404	1
1522661779.775104000	8.92641	74	0
1522661779.796146000	8.94745	146	0
1522661779.796757000	8.94807	104	0
1522661779.796775000	8.94808	74	1
1522661779.796838000	8.94815	112	0
1522661779.797074000	8.94838	112	1
1522661779.853368000	9.00468	74	0
1522661781.685907000	10.8372	310	1
1522661781.708463000	10.8598	74	0
1522661781.729081000	10.8804	146	0
1522661781.729740000	10.881	104	0
1522661781.729758000	10.8811	74	1
1522661781.729830000	10.8811	112	0
1522661781.730259000	10.8816	112	1
1522661781.786871000	10.9382	74	0
1522661782.147357000	11.2987	347	1
1522661782.166112000	11.3174	74	0
1522661782.187770000	11.3391	146	0
1522661782.187773000	11.3391	104	0
1522661782.187774000	11.3391	112	0
1522661782.187808000	11.3391	74	1
1522661782.188624000	11.3399	112	1
1522661782.247429000	11.3987	74	0
