1522714038.360961000	0	319	1
1522714038.373820000	0.0128591	74	0
1522714038.395502000	0.0345411	140	0
1522714038.395505000	0.034544	104	0
1522714038.395507000	0.0345461	112	0
1522714038.395571000	0.03461	74	1
1522714038.395975000	0.0350142	112	1
1522714038.447355000	0.0863941	74	0
1522714040.651375000	2.29041	188	1
1522714040.663637000	2.30268	74	0
1522714040.705045000	2.34408	234	0
1522714040.705047000	2.34409	318	0
1522714040.705050000	2.34409	112	0
1522714040.705102000	2.34414	74	1
1522714040.705582000	2.34462	112	1
1522714040.718414000	2.35745	74	0
1522714040.829551000	2.46859	188	1
1522714040.842138000	2.48118	74	0
1522714040.881273000	2.52031	148	0
1522714040.881365000	2.5204	323	0
1522714040.881368000	2.52041	112	0
1522714040.881394000	2.52043	74	1
1522714040.881787000	2.52083	112	1
1522714040.894349000	2.53339	74	0
1522714040.922678000	2.56172	190	1
1522714040.935549000	2.57459	74	0
1522714040.971767000	2.61081	147	0
1522714040.971878000	2.61092	358	0
1522714040.971880000	2.61092	112	0
1522714040.971898000	2.61094	74	1
1522714040.972246000	2.61128	112	1
1522714041.022378000	2.66142	191	1
1522714041.024395000	2.66343	74	0
1522714041.034898000	2.67394	74	0
1522714041.068113000	2.70715	147	0
1522714041.068115000	2.70715	326	0
1522714041.068155000	2.70719	74	1
1522714041.068221000	2.70726	112	0
1522714041.068581000	2.70762	112	1
1522714041.122490000	2.76153	74	0
1522714041.252078000	2.89112	192	1
1522714041.264615000	2.90365	74	0
1522714041.299620000	2.93866	148	0
1522714041.299716000	2.93876	331	0
1522714041.299718000	2.93876	112	0
1522714041.299742000	2.93878	74	1
1522714041.300123000	2.93916	112	1
1522714041.351331000	2.99037	74	0
1522714041.721322000	3.36036	194	1
1522714041.734586000	3.37363	74	0
1522714041.770088000	3.40913	171	0
1522714041.770090000	3.40913	313	0
1522714041.770131000	3.40917	74	1
1522714041.770201000	3.40924	112	0
1522714041.770573000	3.40961	112	1
1522714041.815558000	3.4546	195	1
1522714041.822432000	3.46147	74	0
1522714041.828063000	3.4671	74	0
1522714041.863997000	3.50304	148	0
1522714041.864085000	3.50312	311	0
1522714041.864087000	3.50313	112	0
1522714041.864111000	3.50315	74	1
1522714041.864492000	3.50353	112	1
1522714041.916417000	3.55546	74	0
1522714042.166075000	3.80511	196	1
1522714042.179105000	3.81814	74	0
1522714042.216775000	3.85581	147	0
1522714042.216872000	3.85591	286	0
1522714042.216890000	3.85593	74	1
1522714042.217225000	3.85626	104	0
1522714042.217292000	3.85633	112	0
1522714042.217303000	3.85634	74	1
1522714042.218064000	3.8571	112	1
1522714042.271603000	3.91064	74	0
1522714043.211390000	4.85043	204	1
1522714043.224660000	4.8637	74	0
1522714043.261833000	4.90087	170	0
1522714043.261835000	4.90087	324	0
1522714043.261882000	4.90092	74	1
1522714043.261953000	4.90099	112	0
1522714043.262389000	4.90143	112	1
1522714043.314286000	4.95333	74	0
1522714043.759189000	5.39823	208	1
1522714043.772458000	5.4115	74	0
1522714043.805614000	5.44465	170	0
1522714043.805713000	5.44475	336	0
1522714043.805716000	5.44476	112	0
1522714043.805733000	5.44477	74	1
1522714043.806149000	5.44519	112	1
1522714043.859156000	5.49819	74	0
1522714043.942432000	5.58147	209	1
1522714043.964271000	5.60331	74	0
1522714043.999152000	5.63819	148	0
1522714043.999256000	5.63829	330	0
1522714043.999258000	5.6383	112	0
1522714043.999282000	5.63832	74	1
1522714043.999655000	5.63869	112	1
1522714044.052449000	5.69149	74	0
1522714044.142304000	5.78134	209	1
1522714044.154957000	5.794	74	0
1522714044.189076000	5.82811	147	0
1522714044.189508000	5.82855	338	0
1522714044.189510000	5.82855	112	0
1522714044.189532000	5.82857	74	1
1522714044.189702000	5.82874	112	1
1522714044.241415000	5.88045	74	0
1522714044.334009000	5.97305	210	1
1522714044.346776000	5.98582	74	0
1522714044.381242000	6.02028	147	0
1522714044.381361000	6.0204	337	0
1522714044.381363000	6.0204	112	0
1522714044.381381000	6.02042	74	1
1522714044.381747000	6.02079	112	1
1522714044.433553000	6.07259	74	0
1522714044.795416000	6.43446	193	1
1522714044.807925000	6.44696	74	0
1522714044.895508000	6.53455	216	0
1522714044.895783000	6.53482	1294	0
1522714044.895800000	6.53484	74	1
1522714044.896064000	6.5351	1294	0
1522714044.896129000	6.53517	1294	0
1522714044.896143000	6.53518	74	1
1522714044.896370000	6.53541	1294	0
1522714044.896440000	6.53548	1294	0
1522714044.896450000	6.53549	74	1
1522714044.896642000	6.53568	1294	0
1522714044.896938000	6.53598	1294	0
1522714044.896952000	6.53599	74	1
1522714044.897169000	6.53621	1139	0
1522714044.899064000	6.5381	1294	0
1522714044.899091000	6.53813	74	1
1522714044.899259000	6.5383	1294	0
1522714044.899331000	6.53837	1294	0
1522714044.899343000	6.53838	74	1
1522714044.899555000	6.53859	1294	0
1522714044.899628000	6.53867	1294	0
1522714044.899630000	6.53867	1294	0
1522714044.899641000	6.53868	74	1
1522714044.899792000	6.53883	1294	0
1522714044.899874000	6.53891	1294	0
1522714044.899876000	6.53892	1294	0
1522714044.899892000	6.53893	74	1
1522714044.899952000	6.53899	1294	0
1522714044.899954000	6.53899	1294	0
1522714044.899964000	6.539	74	1
1522714044.900073000	6.53911	1294	0
1522714044.900139000	6.53918	1294	0
1522714044.900141000	6.53918	895	0
1522714044.900143000	6.53918	1294	0
1522714044.900155000	6.53919	74	1
1522714044.900216000	6.53926	1294	0
1522714044.900346000	6.53939	1294	0
1522714044.900358000	6.5394	74	1
1522714044.900435000	6.53947	1294	0
1522714044.900623000	6.53966	1294	0
1522714044.900637000	6.53968	74	1
1522714044.900811000	6.53985	813	0
1522714045.105080000	6.74412	74	1
1522714045.114020000	6.75306	86	1
1522714045.588352000	7.22739	1294	0
1522714045.588648000	7.22769	1294	0
1522714045.588671000	7.22771	74	1
1522714045.588737000	7.22778	1294	0
1522714045.588984000	7.22802	1294	0
1522714045.588987000	7.22803	1294	0
1522714045.589012000	7.22805	74	1
1522714045.589196000	7.22824	1294	0
1522714045.589267000	7.22831	1294	0
1522714045.589285000	7.22832	74	1
1522714045.589356000	7.22839	1294	0
1522714045.589470000	7.22851	1294	0
1522714045.589483000	7.22852	74	1
1522714045.589540000	7.22858	1294	0
1522714045.589755000	7.22879	1294	0
1522714045.589774000	7.22881	74	1
1522714045.590022000	7.22906	1294	0
1522714045.590025000	7.22906	1294	0
1522714045.590027000	7.22907	1294	0
1522714045.590050000	7.22909	74	1
1522714045.590117000	7.22916	729	0
1522714045.590424000	7.22946	1294	0
1522714045.590426000	7.22947	270	0
1522714045.590446000	7.22949	74	1
1522714045.621093000	7.26013	1294	0
1522714045.621365000	7.2604	1294	0
1522714045.621393000	7.26043	74	1
1522714045.621454000	7.26049	1294	0
1522714045.621520000	7.26056	1294	0
1522714045.621535000	7.26057	74	1
1522714045.621657000	7.2607	1294	0
1522714045.621724000	7.26076	1294	0
1522714045.621735000	7.26077	74	1
1522714045.621796000	7.26083	1294	0
1522714045.621933000	7.26097	1294	0
1522714045.621946000	7.26099	74	1
1522714045.622025000	7.26106	1294	0
1522714045.622093000	7.26113	1294	0
1522714045.622104000	7.26114	74	1
1522714045.622211000	7.26125	1294	0
1522714045.622278000	7.26132	334	0
1522714045.622289000	7.26133	74	1
1522714045.633468000	7.27251	1294	0
1522714045.633754000	7.27279	1294	0
1522714045.633773000	7.27281	74	1
1522714045.633842000	7.27288	1294	0
1522714045.633914000	7.27295	1294	0
1522714045.633924000	7.27296	74	1
1522714045.634022000	7.27306	1294	0
1522714045.634094000	7.27313	1294	0
1522714045.634113000	7.27315	74	1
1522714045.634193000	7.27323	1294	0
1522714045.634299000	7.27334	1294	0
1522714045.634313000	7.27335	74	1
1522714045.634369000	7.27341	1294	0
1522714045.634488000	7.27353	1294	0
1522714045.634502000	7.27354	74	1
1522714045.634591000	7.27363	1294	0
1522714045.634676000	7.27372	1294	0
1522714045.634690000	7.27373	74	1
1522714045.634785000	7.27382	1294	0
1522714045.634787000	7.27383	187	0
1522714045.634801000	7.27384	74	1
1522714045.637415000	7.27645	1294	0
1522714045.637705000	7.27674	1294	0
1522714045.637719000	7.27676	74	1
1522714045.637788000	7.27683	1294	0
1522714045.638018000	7.27706	1294	0
1522714045.638031000	7.27707	74	1
1522714045.638093000	7.27713	1294	0
1522714045.638095000	7.27713	1294	0
1522714045.638111000	7.27715	74	1
1522714045.638174000	7.27721	1294	0
1522714045.638296000	7.27733	1294	0
1522714045.638307000	7.27735	74	1
1522714045.638365000	7.2774	1294	0
1522714045.638367000	7.27741	1294	0
1522714045.638380000	7.27742	74	1
1522714045.638467000	7.27751	1294	0
1522714045.638610000	7.27765	1294	0
1522714045.638612000	7.27765	1294	0
1522714045.638624000	7.27766	74	1
1522714045.638686000	7.27772	901	0
1522714045.638757000	7.2778	1294	0
1522714045.638767000	7.27781	74	1
1522714045.638829000	7.27787	1294	0
1522714045.638896000	7.27794	1294	0
1522714045.638899000	7.27794	1038	0
1522714045.638901000	7.27794	112	0
1522714045.638916000	7.27796	74	1
1522714045.639330000	7.27837	74	1
1522714045.639723000	7.27876	112	1
1522714045.653381000	7.29242	74	0
1522714045.857627000	7.49667	198	1
1522714045.869943000	7.50898	74	0
1522714045.890469000	7.52951	140	0
1522714045.890471000	7.52951	104	0
1522714045.890528000	7.52957	74	1
1522714045.890595000	7.52963	112	0
1522714045.891373000	7.53041	112	1
1522714045.944122000	7.58316	74	0
1522714046.068215000	7.70725	346	1
1522714046.080993000	7.72003	74	0
1522714046.082680000	7.72172	202	0
1522714046.083017000	7.72206	1294	0
1522714046.083038000	7.72208	74	1
1522714046.083253000	7.72229	1294	0
1522714046.083319000	7.72236	1294	0
1522714046.083333000	7.72237	74	1
1522714046.083512000	7.72255	1294	0
1522714046.083583000	7.72262	1294	0
1522714046.083585000	7.72262	1294	0
1522714046.083602000	7.72264	74	1
1522714046.083801000	7.72284	1294	0
1522714046.083873000	7.72291	1294	0
1522714046.083875000	7.72291	1294	0
1522714046.083889000	7.72293	74	1
1522714046.083951000	7.72299	1294	0
1522714046.084020000	7.72306	1294	0
1522714046.084031000	7.72307	74	1
1522714046.084095000	7.72313	1294	0
1522714046.084221000	7.72326	1294	0
1522714046.084223000	7.72326	1294	0
1522714046.084234000	7.72327	74	1
1522714046.084295000	7.72333	1294	0
1522714046.084298000	7.72334	1294	0
1522714046.084309000	7.72335	74	1
1522714046.084372000	7.72341	1294	0
1522714046.084442000	7.72348	1294	0
1522714046.084454000	7.72349	74	1
1522714046.084509000	7.72355	1294	0
1522714046.084511000	7.72355	1294	0
1522714046.084522000	7.72356	74	1
1522714046.084582000	7.72362	1294	0
1522714046.084649000	7.72369	1294	0
1522714046.084659000	7.7237	74	1
1522714046.084775000	7.72381	1294	0
1522714046.084777000	7.72382	1294	0
1522714046.084788000	7.72383	74	1
1522714046.084849000	7.72389	1294	0
1522714046.084851000	7.72389	1294	0
1522714046.084863000	7.7239	74	1
1522714046.084950000	7.72399	1294	0
1522714046.085076000	7.72412	1294	0
1522714046.085078000	7.72412	1294	0
1522714046.085090000	7.72413	74	1
1522714046.085154000	7.72419	1294	0
1522714046.085156000	7.7242	1294	0
1522714046.085164000	7.7242	1294	0
1522714046.085176000	7.72422	74	1
1522714046.085238000	7.72428	1294	0
1522714046.085352000	7.72439	1294	0
1522714046.085354000	7.72439	1294	0
1522714046.085370000	7.72441	74	1
1522714046.085434000	7.72447	1294	0
1522714046.085436000	7.72448	1294	0
1522714046.085438000	7.72448	1294	0
1522714046.085451000	7.72449	74	1
1522714046.085531000	7.72457	1294	0
1522714046.085650000	7.72469	1294	0
1522714046.085652000	7.72469	1294	0
1522714046.085663000	7.7247	74	1
1522714046.085720000	7.72476	1294	0
1522714046.085722000	7.72476	1294	0
1522714046.085734000	7.72477	74	1
1522714046.085790000	7.72483	1294	0
1522714046.085793000	7.72483	1294	0
1522714046.085804000	7.72484	74	1
1522714046.085927000	7.72497	1294	0
1522714046.085929000	7.72497	1294	0
1522714046.085941000	7.72498	74	1
1522714046.085999000	7.72504	1294	0
1522714046.086002000	7.72504	1294	0
1522714046.086004000	7.72504	1294	0
1522714046.086017000	7.72506	74	1
1522714046.086098000	7.72514	1294	0
1522714046.086165000	7.7252	1294	0
1522714046.086175000	7.72521	74	1
1522714046.086236000	7.72528	1294	0
1522714046.086302000	7.72534	1294	0
1522714046.086304000	7.72534	1294	0
1522714046.086307000	7.72535	1294	0
1522714046.086322000	7.72536	74	1
1522714046.086338000	7.72538	74	1
1522714046.086387000	7.72543	1294	0
1522714046.086460000	7.7255	1294	0
1522714046.086469000	7.72551	74	1
1522714046.086531000	7.72557	1294	0
1522714046.086595000	7.72563	1294	0
1522714046.086597000	7.72564	1294	0
1522714046.086607000	7.72565	74	1
1522714046.086669000	7.72571	1294	0
1522714046.086672000	7.72571	388	0
1522714046.086683000	7.72572	74	1
1522714046.087256000	7.72629	112	1
1522714046.129722000	7.76876	175	1
1522714046.140428000	7.77947	74	0
1522714046.142273000	7.78131	74	0
1522714046.164043000	7.80308	214	0
1522714046.164046000	7.80309	104	0
1522714046.164106000	7.80314	74	1
1522714046.164179000	7.80322	112	0
1522714046.165242000	7.80428	112	1
1522714046.206623000	7.84566	353	1
1522714046.217308000	7.85635	74	0
1522714046.219374000	7.85841	74	0
1522714046.220276000	7.85932	201	0
1522714046.220637000	7.85968	1294	0
1522714046.220661000	7.8597	74	1
1522714046.220840000	7.85988	968	0
1522714046.220843000	7.85988	112	0
1522714046.220858000	7.8599	74	1
1522714046.221526000	7.86056	112	1
1522714046.273169000	7.91221	74	0
1522714046.328868000	7.96791	221	1
1522714046.341185000	7.98022	74	0
1522714046.359431000	7.99847	196	1
1522714046.360530000	7.99957	199	1
1522714046.362402000	8.00144	141	0
1522714046.362408000	8.00145	104	0
1522714046.362465000	8.0015	74	1
1522714046.362530000	8.00157	112	0
1522714046.364436000	8.00347	112	1
1522714046.374906000	8.01395	74	0
1522714046.393681000	8.03272	141	0
1522714046.393683000	8.03272	104	0
1522714046.393740000	8.03278	74	1
1522714046.393806000	8.03285	112	0
1522714046.394686000	8.03373	112	1
1522714046.395676000	8.03471	141	0
1522714046.395753000	8.03479	104	0
1522714046.395765000	8.0348	74	1
1522714046.431011000	8.07005	195	1
1522714046.443428000	8.08247	74	0
1522714046.458997000	8.09804	348	1
1522714046.464204000	8.10324	141	0
1522714046.464206000	8.10325	104	0
1522714046.464262000	8.1033	74	1
1522714046.464327000	8.10337	112	0
1522714046.474128000	8.11317	112	1
1522714046.476832000	8.11587	377	1
1522714046.486447000	8.12549	74	0
1522714046.492285000	8.13132	141	0
1522714046.492714000	8.13175	104	0
1522714046.492737000	8.13178	74	1
1522714046.492804000	8.13184	112	0
1522714046.493301000	8.13234	112	1
1522714046.512637000	8.15168	141	0
1522714046.512718000	8.15176	104	0
1522714046.512720000	8.15176	112	0
1522714046.512737000	8.15178	74	1
1522714046.513313000	8.15235	112	1
1522714046.566255000	8.20529	74	0
1522714048.265868000	9.90491	310	1
1522714048.279138000	9.91818	74	0
1522714048.299364000	9.9384	141	0
1522714048.299366000	9.93841	104	0
1522714048.299403000	9.93844	74	1
1522714048.299702000	9.93874	112	0
1522714048.299842000	9.93888	112	1
1522714048.352458000	9.9915	74	0
