1522724350.425315000	0	316	1
1522724350.455318000	0.0300031	74	0
1522724350.476371000	0.0510561	140	0
1522724350.476373000	0.0510581	104	0
1522724350.476419000	0.0511041	74	1
1522724350.476495000	0.0511801	112	0
1522724350.476841000	0.0515261	112	1
1522724350.528205000	0.10289	74	0
1522724352.734478000	2.30916	188	1
1522724352.746853000	2.32154	74	0
1522724352.796070000	2.37076	234	0
1522724352.796171000	2.37086	302	0
1522724352.796173000	2.37086	104	0
1522724352.796194000	2.37088	74	1
1522724352.796429000	2.37111	112	0
1522724352.796628000	2.37131	112	1
1522724352.809285000	2.38397	74	0
1522724353.022634000	2.59732	188	1
1522724353.035333000	2.61002	74	0
1522724353.074075000	2.64876	148	0
1522724353.074160000	2.64885	297	0
1522724353.074163000	2.64885	104	0
1522724353.074181000	2.64887	74	1
1522724353.074679000	2.64936	112	0
1522724353.075408000	2.65009	112	1
1522724353.119153000	2.69384	189	1
1522724353.129822000	2.70451	74	0
1522724353.132897000	2.70758	74	0
1522724353.168604000	2.74329	147	0
1522724353.168607000	2.74329	331	0
1522724353.168648000	2.74333	74	1
1522724353.168730000	2.74342	104	0
1522724353.168732000	2.74342	112	0
1522724353.168746000	2.74343	74	1
1522724353.169090000	2.74378	112	1
1522724353.226893000	2.80158	74	0
1522724353.325737000	2.90042	191	1
1522724353.338323000	2.91301	74	0
1522724353.380288000	2.95497	147	0
1522724353.380367000	2.95505	359	0
1522724353.380383000	2.95507	74	1
1522724353.380790000	2.95548	112	0
1522724353.381761000	2.95645	112	1
1522724353.395115000	2.9698	74	0
1522724353.416474000	2.99116	192	1
1522724353.429617000	3.0043	74	0
1522724353.464147000	3.03883	147	0
1522724353.464864000	3.03955	337	0
1522724353.464866000	3.03955	112	0
1522724353.464890000	3.03958	74	1
1522724353.465105000	3.03979	112	1
1522724353.516503000	3.09119	193	1
1522724353.518987000	3.09367	74	0
1522724353.540102000	3.11479	74	0
1522724353.579074000	3.15376	167	0
1522724353.579166000	3.15385	337	0
1522724353.579167000	3.15385	112	0
1522724353.579184000	3.15387	74	1
1522724353.579518000	3.1542	112	1
1522724353.632007000	3.20669	74	0
1522724353.716830000	3.29152	195	1
1522724353.729713000	3.3044	74	0
1522724353.771137000	3.34582	144	0
1522724353.771228000	3.34591	337	0
1522724353.771230000	3.34592	112	0
1522724353.771254000	3.34594	74	1
1522724353.771646000	3.34633	112	1
1522724353.783875000	3.35856	74	0
1522724353.955593000	3.53028	195	1
1522724353.968862000	3.54355	74	0
1522724354.003294000	3.57798	147	0
1522724354.003296000	3.57798	334	0
1522724354.003335000	3.57802	74	1
1522724354.003422000	3.57811	112	0
1522724354.003780000	3.57846	112	1
1522724354.056014000	3.6307	74	0
1522724354.235726000	3.81041	196	1
1522724354.245365000	3.82005	74	0
1522724354.280074000	3.85476	144	0
1522724354.280173000	3.85486	302	0
1522724354.280191000	3.85488	74	1
1522724354.280580000	3.85527	104	0
1522724354.280663000	3.85535	112	0
1522724354.280684000	3.85537	74	1
1522724354.281430000	3.85612	112	1
1522724354.334350000	3.90904	74	0
1522724354.587783000	4.16247	198	1
1522724354.601009000	4.17569	74	0
1522724354.638532000	4.21322	170	0
1522724354.638534000	4.21322	286	0
1522724354.638537000	4.21322	104	0
1522724354.638572000	4.21326	74	1
1522724354.638641000	4.21333	112	0
1522724354.639019000	4.2137	112	1
1522724354.683717000	4.2584	198	1
1522724354.693799000	4.26848	74	0
1522724354.696165000	4.27085	74	0
1522724354.734322000	4.30901	148	0
1522724354.734324000	4.30901	283	0
1522724354.734367000	4.30905	74	1
1522724354.734438000	4.30912	104	0
1522724354.734521000	4.30921	112	0
1522724354.734534000	4.30922	74	1
1522724354.734901000	4.30959	112	1
1522724354.793614000	4.3683	74	0
1522724355.029314000	4.604	199	1
1522724355.042436000	4.61712	74	0
1522724355.081449000	4.65613	147	0
1522724355.081535000	4.65622	315	0
1522724355.081537000	4.65622	112	0
1522724355.081558000	4.65624	74	1
1522724355.081864000	4.65655	112	1
1522724355.111081000	4.68577	200	1
1522724355.127631000	4.70232	74	0
1522724355.164968000	4.73965	144	0
1522724355.164971000	4.73966	315	0
1522724355.165012000	4.7397	74	1
1522724355.165091000	4.73978	112	0
1522724355.165463000	4.74015	112	1
1522724355.211277000	4.78596	201	1
1522724355.217697000	4.79238	74	0
1522724355.223613000	4.7983	74	0
1522724355.260046000	4.83473	147	0
1522724355.260142000	4.83483	314	0
1522724355.260144000	4.83483	112	0
1522724355.260162000	4.83485	74	1
1522724355.260490000	4.83518	112	1
1522724355.314140000	4.88883	74	0
1522724355.416084000	4.99077	201	1
1522724355.440084000	5.01477	74	0
1522724355.477464000	5.05215	167	0
1522724355.477577000	5.05226	284	0
1522724355.477600000	5.05229	74	1
1522724355.477914000	5.0526	104	0
1522724355.477982000	5.05267	112	0
1522724355.477994000	5.05268	74	1
1522724355.478104000	5.05279	112	1
1522724355.530126000	5.10481	74	0
1522724355.660100000	5.23479	202	1
1522724355.673740000	5.24843	74	0
1522724355.708683000	5.28337	144	0
1522724355.708780000	5.28347	314	0
1522724355.708782000	5.28347	112	0
1522724355.708806000	5.28349	74	1
1522724355.709201000	5.28389	112	1
1522724355.761561000	5.33625	74	0
1522724355.790652000	5.36534	203	1
1522724355.869833000	5.44452	74	0
1522724355.903301000	5.47799	144	0
1522724355.903303000	5.47799	314	0
1522724355.903339000	5.47802	74	1
1522724355.903420000	5.47811	112	0
1522724355.903764000	5.47845	112	1
1522724355.932477000	5.50716	86	1
1522724355.950503000	5.52519	205	1
1522724356.026571000	5.60126	74	0
1522724356.075327000	5.65001	74	0
1522724356.113923000	5.68861	144	0
1522724356.113925000	5.68861	285	0
1522724356.113928000	5.68861	104	0
1522724356.113930000	5.68862	112	0
1522724356.113972000	5.68866	74	1
1522724356.114390000	5.68907	112	1
1522724356.147337000	5.72202	205	1
1522724356.204668000	5.77935	74	0
1522724356.236287000	5.81097	74	0
1522724356.271171000	5.84586	144	0
1522724356.271173000	5.84586	334	0
1522724356.271206000	5.84589	74	1
1522724356.271270000	5.84596	112	0
1522724356.271693000	5.84638	112	1
1522724356.322591000	5.89728	86	1
1522724356.363636000	5.93832	206	1
1522724356.373697000	5.94838	74	0
1522724356.376003000	5.95069	74	0
1522724356.440200000	6.01489	148	0
1522724356.440203000	6.01489	319	0
1522724356.440238000	6.01492	74	1
1522724356.440323000	6.01501	112	0
1522724356.440679000	6.01536	112	1
1522724356.454443000	6.02913	74	0
1522724356.715534000	6.29022	206	1
1522724356.748685000	6.32337	74	0
1522724356.785827000	6.36051	171	0
1522724356.786284000	6.36097	320	0
1522724356.786286000	6.36097	112	0
1522724356.786308000	6.36099	74	1
1522724356.786820000	6.36151	112	1
1522724356.826496000	6.40118	207	1
1522724356.872666000	6.44735	74	0
1522724356.922642000	6.49733	74	0
1522724356.961227000	6.53591	144	0
1522724356.961230000	6.53592	319	0
1522724356.961261000	6.53595	74	1
1522724356.961328000	6.53601	112	0
1522724356.961658000	6.53634	112	1
1522724357.015726000	6.59041	208	1
1522724357.017697000	6.59238	86	1
1522724357.071024000	6.64571	74	0
1522724357.111691000	6.68638	144	0
1522724357.111798000	6.68648	286	0
1522724357.111814000	6.6865	74	1
1522724357.112171000	6.68686	104	0
1522724357.112253000	6.68694	112	0
1522724357.112263000	6.68695	74	1
1522724357.112693000	6.68738	112	1
1522724357.171340000	6.74603	208	1
1522724357.184462000	6.75915	74	0
1522724357.223460000	6.79815	144	0
1522724357.223462000	6.79815	319	0
1522724357.223465000	6.79815	112	0
1522724357.223507000	6.79819	74	1
1522724357.223909000	6.79859	112	1
1522724357.259405000	6.83409	209	1
1522724357.294882000	6.86957	86	1
1522724357.307109000	6.88179	74	0
1522724357.342701000	6.91739	148	0
1522724357.343093000	6.91778	318	0
1522724357.343095000	6.91778	112	0
1522724357.343111000	6.9178	74	1
1522724357.343632000	6.91832	112	1
1522724357.411828000	6.98651	210	1
1522724357.413283000	6.98797	74	0
1522724357.428821000	7.00351	74	0
1522724357.466506000	7.04119	144	0
1522724357.466508000	7.04119	314	0
1522724357.466544000	7.04123	74	1
1522724357.466615000	7.0413	112	0
1522724357.467019000	7.0417	112	1
1522724357.524855000	7.09954	74	0
1522724357.766714000	7.3414	192	1
1522724357.863553000	7.43824	74	0
1522724358.045107000	7.61979	216	0
1522724358.045379000	7.62006	1294	0
1522724358.045399000	7.62008	74	1
1522724358.045669000	7.62035	1294	0
1522724358.045738000	7.62042	1294	0
1522724358.045747000	7.62043	74	1
1522724358.045914000	7.6206	1294	0
1522724358.045990000	7.62068	1294	0
1522724358.046003000	7.62069	74	1
1522724358.046066000	7.62075	1294	0
1522724358.046069000	7.62075	1294	0
1522724358.046072000	7.62076	1053	0
1522724358.046085000	7.62077	74	1
1522724358.046207000	7.62089	1294	0
1522724358.046279000	7.62096	1294	0
1522724358.046281000	7.62097	1294	0
1522724358.046296000	7.62098	74	1
1522724358.046361000	7.62105	1294	0
1522724358.046364000	7.62105	1294	0
1522724358.046376000	7.62106	74	1
1522724358.046486000	7.62117	1294	0
1522724358.046569000	7.62125	1294	0
1522724358.046572000	7.62126	1294	0
1522724358.046583000	7.62127	74	1
1522724358.046645000	7.62133	1294	0
1522724358.046648000	7.62133	1294	0
1522724358.046661000	7.62135	74	1
1522724358.046794000	7.62148	1294	0
1522724358.046863000	7.62155	1294	0
1522724358.046874000	7.62156	74	1
1522724358.046933000	7.62162	1280	0
1522724358.046936000	7.62162	1294	0
1522724358.046948000	7.62163	74	1
1522724358.047102000	7.62179	1294	0
1522724358.047167000	7.62185	1294	0
1522724358.047179000	7.62186	74	1
1522724358.047237000	7.62192	1294	0
1522724358.047240000	7.62193	1294	0
1522724358.047251000	7.62194	74	1
1522724358.047401000	7.62209	1294	0
1522724358.047403000	7.62209	524	0
1522724358.047422000	7.62211	74	1
1522724358.109177000	7.68386	86	1
1522724358.451142000	8.02583	1294	0
1522724358.451146000	8.02583	1294	0
1522724358.451215000	8.0259	74	1
1522724358.451294000	8.02598	1294	0
1522724358.451334000	8.02602	1294	0
1522724358.451355000	8.02604	74	1
1522724358.451412000	8.0261	1294	0
1522724358.451507000	8.02619	1294	0
1522724358.451517000	8.0262	74	1
1522724358.451632000	8.02632	1294	0
1522724358.451699000	8.02638	1294	0
1522724358.451710000	8.0264	74	1
1522724358.451767000	8.02645	1294	0
1522724358.451903000	8.02659	1294	0
1522724358.451916000	8.0266	74	1
1522724358.451992000	8.02668	1294	0
1522724358.452197000	8.02688	1294	0
1522724358.452200000	8.02689	99	0
1522724358.452213000	8.0269	74	1
1522724358.462509000	8.03719	1294	0
1522724358.462802000	8.03749	1294	0
1522724358.462824000	8.03751	74	1
1522724358.462887000	8.03757	1294	0
1522724358.463092000	8.03778	1294	0
1522724358.463106000	8.03779	74	1
1522724358.463167000	8.03785	1294	0
1522724358.463426000	8.03811	1294	0
1522724358.463430000	8.03812	200	0
1522724358.463452000	8.03814	74	1
1522724358.478462000	8.05315	1294	0
1522724358.478765000	8.05345	1294	0
1522724358.478767000	8.05345	1294	0
1522724358.478796000	8.05348	74	1
1522724358.479040000	8.05373	1294	0
1522724358.479042000	8.05373	1294	0
1522724358.479056000	8.05374	74	1
1522724358.479317000	8.054	1294	0
1522724358.479321000	8.05401	1294	0
1522724358.479342000	8.05403	74	1
1522724358.479503000	8.05419	1294	0
1522724358.479613000	8.0543	1294	0
1522724358.479615000	8.0543	1294	0
1522724358.479630000	8.05432	74	1
1522724358.479796000	8.05448	1294	0
1522724358.479918000	8.0546	1294	0
1522724358.479921000	8.05461	1294	0
1522724358.479923000	8.05461	187	0
1522724358.479941000	8.05463	74	1
1522724358.481608000	8.05629	1294	0
1522724358.481727000	8.05641	1294	0
1522724358.481740000	8.05643	74	1
1522724358.481800000	8.05649	1294	0
1522724358.481802000	8.05649	1294	0
1522724358.481814000	8.0565	74	1
1522724358.481926000	8.05661	1294	0
1522724358.482012000	8.0567	1294	0
1522724358.482021000	8.05671	74	1
1522724358.482079000	8.05676	1294	0
1522724358.482144000	8.05683	1294	0
1522724358.482157000	8.05684	74	1
1522724358.482218000	8.0569	1294	0
1522724358.482304000	8.05699	1294	0
1522724358.482315000	8.057	74	1
1522724358.482343000	8.05703	74	1
1522724358.482380000	8.05707	1294	0
1522724358.482382000	8.05707	1294	0
1522724358.482395000	8.05708	74	1
1522724358.482489000	8.05717	1294	0
1522724358.482554000	8.05724	901	0
1522724358.482566000	8.05725	74	1
1522724358.482675000	8.05736	1294	0
1522724358.482786000	8.05747	1294	0
1522724358.482800000	8.05749	74	1
1522724358.482859000	8.05754	1294	0
1522724358.482861000	8.05755	214	0
1522724358.482872000	8.05756	74	1
1522724358.483025000	8.05771	112	1
1522724358.581723000	8.15641	144	1
1522724358.591566000	8.16625	198	1
1522724358.618444000	8.19313	74	0
1522724358.699314000	8.274	74	0
1522724358.702190000	8.27688	74	0
1522724358.719003000	8.29369	203	0
1522724358.719339000	8.29402	1294	0
1522724358.719368000	8.29405	74	1
1522724358.719561000	8.29425	1294	0
1522724358.719635000	8.29432	1294	0
1522724358.719644000	8.29433	74	1
1522724358.719858000	8.29454	1294	0
1522724358.719932000	8.29462	1294	0
1522724358.719935000	8.29462	1294	0
1522724358.719951000	8.29464	74	1
1522724358.720152000	8.29484	1294	0
1522724358.720218000	8.2949	1294	0
1522724358.720221000	8.29491	1294	0
1522724358.720233000	8.29492	74	1
1522724358.720483000	8.29517	1294	0
1522724358.720572000	8.29526	568	0
1522724358.720581000	8.29527	74	1
1522724358.720729000	8.29541	112	1
1522724358.722450000	8.29714	140	0
1522724358.722534000	8.29722	104	0
1522724358.722546000	8.29723	74	1
1522724358.802776000	8.37746	344	1
1522724358.810260000	8.38495	74	0
1522724358.847624000	8.42231	370	1
1522724358.851723000	8.42641	175	1
1522724358.858511000	8.4332	74	0
1522724358.859658000	8.43434	180	0
1522724358.859864000	8.43455	1294	0
1522724358.859886000	8.43457	74	1
1522724358.859949000	8.43463	1294	0
1522724358.860142000	8.43483	1294	0
1522724358.860156000	8.43484	74	1
1522724358.860218000	8.4349	1294	0
1522724358.860285000	8.43497	1294	0
1522724358.860295000	8.43498	74	1
1522724358.860434000	8.43512	1294	0
1522724358.860508000	8.43519	1294	0
1522724358.860520000	8.4352	74	1
1522724358.860578000	8.43526	1294	0
1522724358.860714000	8.4354	1294	0
1522724358.860726000	8.43541	74	1
1522724358.860785000	8.43547	1294	0
1522724358.860787000	8.43547	1294	0
1522724358.860804000	8.43549	74	1
1522724358.860825000	8.43551	74	1
1522724358.860865000	8.43555	1294	0
1522724358.860933000	8.43562	1294	0
1522724358.860944000	8.43563	74	1
1522724358.861004000	8.43569	1294	0
1522724358.861071000	8.43576	1294	0
1522724358.861073000	8.43576	1294	0
1522724358.861085000	8.43577	74	1
1522724358.861146000	8.43583	1294	0
1522724358.861211000	8.4359	1294	0
1522724358.861222000	8.43591	74	1
1522724358.861281000	8.43597	1294	0
1522724358.861351000	8.43604	1294	0
1522724358.861363000	8.43605	74	1
1522724358.861424000	8.43611	1294	0
1522724358.861426000	8.43611	1294	0
1522724358.861438000	8.43612	74	1
1522724358.861498000	8.43618	1294	0
1522724358.861587000	8.43627	1294	0
1522724358.861598000	8.43628	74	1
1522724358.861659000	8.43634	1294	0
1522724358.861661000	8.43635	1294	0
1522724358.861673000	8.43636	74	1
1522724358.861732000	8.43642	1294	0
1522724358.861798000	8.43648	1294	0
1522724358.861808000	8.43649	74	1
1522724358.861990000	8.43668	1294	0
1522724358.861992000	8.43668	1294	0
1522724358.862005000	8.43669	74	1
1522724358.862067000	8.43675	1294	0
1522724358.862070000	8.43676	1294	0
1522724358.862082000	8.43677	74	1
1522724358.862169000	8.43685	1294	0
1522724358.862231000	8.43692	1294	0
1522724358.862241000	8.43693	74	1
1522724358.862297000	8.43698	1294	0
1522724358.862363000	8.43705	1294	0
1522724358.862373000	8.43706	74	1
1522724358.862429000	8.43711	1294	0
1522724358.862497000	8.43718	1294	0
1522724358.862507000	8.43719	74	1
1522724358.862712000	8.4374	1294	0
1522724358.862776000	8.43746	1294	0
1522724358.862788000	8.43747	74	1
1522724358.862848000	8.43753	1294	0
1522724358.862989000	8.43767	1294	0
1522724358.863000000	8.43769	74	1
1522724358.863060000	8.43775	1294	0
1522724358.863125000	8.43781	1294	0
1522724358.863135000	8.43782	74	1
1522724358.863309000	8.43799	1294	0
1522724358.863390000	8.43808	1294	0
1522724358.863402000	8.43809	74	1
1522724358.863587000	8.43827	1294	0
1522724358.863650000	8.43834	1294	0
1522724358.863661000	8.43835	74	1
1522724358.863696000	8.43838	74	1
1522724358.863884000	8.43857	1294	0
1522724358.863948000	8.43863	1294	0
1522724358.863959000	8.43864	74	1
1522724358.864019000	8.4387	1294	0
1522724358.864177000	8.43886	1294	0
1522724358.864191000	8.43888	74	1
1522724358.864898000	8.43958	1294	0
1522724358.864901000	8.43959	350	0
1522724358.864921000	8.43961	74	1
1522724358.865093000	8.43978	112	1
1522724358.940904000	8.51559	74	0
1522724358.961407000	8.53609	142	0
1522724358.961409000	8.53609	104	0
1522724358.961467000	8.53615	74	1
1522724358.966192000	8.54088	216	0
1522724358.966194000	8.54088	104	0
1522724358.966242000	8.54093	74	1
1522724359.053807000	8.62849	74	0
1522724359.131052000	8.70574	377	1
1522724359.370617000	8.9453	74	0
1522724359.392158000	8.96684	142	0
1522724359.392160000	8.96685	104	0
1522724359.392162000	8.96685	112	0
1522724359.392202000	8.96689	74	1
1522724359.393244000	8.96793	112	1
1522724359.567667000	9.14235	86	1
1522724359.903117000	9.4778	86	1
1522724359.980948000	9.55563	74	0
1522724361.048221000	10.6229	311	1
