1522653257.766354000	0	86	1
1522653257.826314000	0.0599599	86	0
1522653257.826357000	0.0600028	74	1
1522653257.826581000	0.0602269	276	1
1522653257.888015000	0.121661	74	0
1522653257.906116000	0.139762	1294	0
1522653257.906373000	0.140019	1294	0
1522653257.906375000	0.140021	199	0
1522653257.906395000	0.140041	74	1
1522653258.250094000	0.48374	316	1
1522653258.254526000	0.488172	159	1
1522653258.254804000	0.48845	474	1
1522653258.309140000	0.542786	344	0
1522653258.317351000	0.550997	135	0
1522653258.317353000	0.550999	104	0
1522653258.317380000	0.551026	74	1
1522653258.317590000	0.551236	104	1
1522653258.365332000	0.598978	74	0
1522653258.377684000	0.61133	74	0
1522653258.396438000	0.630084	650	0
1522653258.396581000	0.630227	1294	0
1522653258.396606000	0.630252	74	1
1522653258.396684000	0.63033	1294	0
1522653258.396750000	0.630396	1294	0
1522653258.396762000	0.630408	74	1
1522653258.396867000	0.630513	1294	0
1522653258.396944000	0.63059	1294	0
1522653258.396953000	0.630599	74	1
1522653258.397013000	0.630659	1294	0
1522653258.397156000	0.630802	1294	0
1522653258.397159000	0.630805	789	0
1522653258.397171000	0.630817	74	1
1522653258.398522000	0.632168	1294	0
1522653258.398791000	0.632437	1294	0
1522653258.398805000	0.632451	74	1
1522653258.398905000	0.632551	1294	0
1522653258.399064000	0.63271	1294	0
1522653258.399078000	0.632724	74	1
1522653258.399183000	0.632829	1294	0
1522653258.399493000	0.633139	1294	0
1522653258.399507000	0.633153	74	1
1522653258.399772000	0.633418	1294	0
1522653258.455696000	0.689342	1294	0
1522653258.455749000	0.689395	74	1
1522653258.455970000	0.689616	1294	0
1522653258.456067000	0.689713	1294	0
1522653258.456070000	0.689716	1294	0
1522653258.456086000	0.689732	74	1
1522653258.456265000	0.689911	1294	0
1522653258.456338000	0.689984	1294	0
1522653258.456348000	0.689994	74	1
1522653258.456409000	0.690055	1294	0
1522653258.456542000	0.690188	1294	0
1522653258.456556000	0.690202	74	1
1522653258.456616000	0.690262	1294	0
1522653258.456686000	0.690332	1294	0
1522653258.456698000	0.690344	74	1
1522653258.456820000	0.690466	1294	0
1522653258.456890000	0.690536	1294	0
1522653258.456900000	0.690546	74	1
1522653258.456960000	0.690606	1294	0
1522653258.457096000	0.690742	1294	0
1522653258.457109000	0.690755	74	1
1522653258.457168000	0.690814	1294	0
1522653258.457232000	0.690878	1294	0
1522653258.457242000	0.690888	74	1
1522653258.461340000	0.694986	1294	0
1522653258.461612000	0.695258	1294	0
1522653258.461632000	0.695278	74	1
1522653258.461885000	0.695531	1294	0
1522653258.462164000	0.69581	1294	0
1522653258.462177000	0.695823	74	1
1522653258.466506000	0.700152	1294	0
1522653258.466772000	0.700418	1294	0
1522653258.466794000	0.70044	74	1
1522653258.470799000	0.704445	1294	0
1522653258.471066000	0.704712	1294	0
1522653258.471089000	0.704735	74	1
1522653258.471343000	0.704989	1294	0
1522653258.471621000	0.705267	1294	0
1522653258.471636000	0.705282	74	1
1522653258.475758000	0.709404	1294	0
1522653258.476027000	0.709673	1294	0
1522653258.476048000	0.709694	74	1
1522653258.476302000	0.709948	1294	0
1522653258.511081000	0.744727	1294	0
1522653258.511140000	0.744786	74	1
1522653258.511355000	0.745001	1294	0
1522653258.513083000	0.746729	1294	0
1522653258.513108000	0.746754	74	1
1522653258.513357000	0.747003	1294	0
1522653258.513667000	0.747313	1294	0
1522653258.513679000	0.747325	74	1
1522653258.513944000	0.74759	1294	0
1522653258.516424000	0.75007	1294	0
1522653258.516449000	0.750095	74	1
1522653258.516696000	0.750342	1294	0
1522653258.516972000	0.750618	1294	0
1522653258.516985000	0.750631	74	1
1522653258.517251000	0.750897	1294	0
1522653258.519235000	0.752881	1294	0
1522653258.519258000	0.752904	74	1
1522653258.519324000	0.75297	572	0
1522653258.519529000	0.753175	112	1
1522653258.527662000	0.761308	328	1
1522653258.527900000	0.761546	169	1
1522653258.587117000	0.820763	74	0
1522653258.607107000	0.840753	252	0
1522653258.607320000	0.840966	1294	0
1522653258.607340000	0.840986	74	1
1522653258.607445000	0.841091	1294	0
1522653258.607598000	0.841244	1294	0
1522653258.607611000	0.841257	74	1
1522653258.607880000	0.841526	1294	0
1522653258.607952000	0.841598	425	0
1522653258.607955000	0.841601	112	0
1522653258.607967000	0.841613	74	1
1522653258.608962000	0.842608	112	1
1522653258.624634000	0.85828	147	0
1522653258.624978000	0.858624	1294	0
1522653258.625005000	0.858651	74	1
1522653258.625252000	0.858898	1294	0
1522653258.625553000	0.859199	1294	0
1522653258.625569000	0.859215	74	1
1522653258.625851000	0.859497	1294	0
1522653258.626131000	0.859777	1294	0
1522653258.626134000	0.85978	87	0
1522653258.626148000	0.859794	74	1
1522653258.656363000	0.890009	248	1
1522653258.674672000	0.908318	250	1
1522653258.703505000	0.937151	74	0
1522653258.727191000	0.960837	74	0
1522653258.743773000	0.977419	74	0
1522653258.743837000	0.977483	262	0
1522653258.744201000	0.977847	1294	0
1522653258.744214000	0.97786	74	1
1522653258.744295000	0.977941	1294	0
1522653258.744528000	0.978174	1294	0
1522653258.744536000	0.978182	74	1
1522653258.744613000	0.978259	1294	0
1522653258.744858000	0.978504	1294	0
1522653258.744867000	0.978513	74	1
1522653258.745053000	0.978699	1294	0
1522653258.745115000	0.978761	1294	0
1522653258.745125000	0.978771	74	1
1522653258.745308000	0.978954	1294	0
1522653258.745384000	0.97903	1294	0
1522653258.745392000	0.979038	74	1
1522653258.745449000	0.979095	1294	0
1522653258.745607000	0.979253	1294	0
1522653258.745618000	0.979264	74	1
1522653258.745686000	0.979332	1294	0
1522653258.745746000	0.979392	1294	0
1522653258.745759000	0.979405	74	1
1522653258.745840000	0.979486	74	1
1522653258.745900000	0.979546	1294	0
1522653258.745973000	0.979619	1294	0
1522653258.745984000	0.97963	74	1
1522653258.746045000	0.979691	1294	0
1522653258.746230000	0.979876	1294	0
1522653258.746241000	0.979887	74	1
1522653258.746339000	0.979985	74	1
1522653258.746606000	0.980252	1294	0
1522653258.746673000	0.980319	1294	0
1522653258.746685000	0.980331	74	1
1522653258.748935000	0.982581	1294	0
1522653258.749188000	0.982834	1294	0
1522653258.749212000	0.982858	74	1
1522653258.749468000	0.983114	1294	0
1522653258.749760000	0.983406	1294	0
1522653258.749774000	0.98342	74	1
1522653258.751189000	0.984835	1294	0
1522653258.751469000	0.985115	1294	0
1522653258.751481000	0.985127	74	1
1522653258.753758000	0.987404	1294	0
1522653258.754032000	0.987678	1294	0
1522653258.754044000	0.98769	74	1
1522653258.754326000	0.987972	1294	0
1522653258.754603000	0.988249	1294	0
1522653258.754614000	0.98826	74	1
1522653258.755313000	0.988959	1294	0
1522653258.755606000	0.989252	1294	0
1522653258.755618000	0.989264	74	1
1522653258.755907000	0.989553	1294	0
1522653258.756182000	0.989828	1294	0
1522653258.756196000	0.989842	74	1
1522653258.757666000	0.991312	1294	0
1522653258.757760000	0.991406	74	1
1522653258.757959000	0.991605	1294	0
1522653258.759695000	0.993341	1294	0
1522653258.759712000	0.993358	74	1
1522653258.760002000	0.993648	1294	0
1522653258.760295000	0.993941	1294	0
1522653258.760308000	0.993954	74	1
1522653258.760572000	0.994218	1294	0
1522653258.761982000	0.995628	1294	0
1522653258.761995000	0.995641	74	1
1522653258.762274000	0.99592	1294	0
1522653258.764529000	0.998175	1294	0
1522653258.764544000	0.99819	74	1
1522653258.764821000	0.998467	1294	0
1522653258.765454000	0.9991	1294	0
1522653258.765467000	0.999113	74	1
1522653258.766858000	1.0005	1294	0
1522653258.767159000	1.0008	1294	0
1522653258.767171000	1.00082	74	1
1522653258.767467000	1.00111	1294	0
1522653258.767713000	1.00136	1294	0
1522653258.767728000	1.00137	74	1
1522653258.768652000	1.0023	1294	0
1522653258.768940000	1.00259	1294	0
1522653258.768953000	1.0026	74	1
1522653258.771234000	1.00488	1294	0
1522653258.771494000	1.00514	1294	0
1522653258.771508000	1.00515	74	1
1522653258.772151000	1.0058	1294	0
1522653258.772442000	1.00609	1294	0
1522653258.772457000	1.0061	74	1
1522653258.799381000	1.03303	1294	0
1522653258.799488000	1.03313	1294	0
1522653258.799507000	1.03315	74	1
1522653258.799649000	1.03329	1294	0
1522653258.799761000	1.03341	1294	0
1522653258.799777000	1.03342	74	1
1522653258.799967000	1.03361	1294	0
1522653258.800040000	1.03369	1294	0
1522653258.800052000	1.0337	74	1
1522653258.800226000	1.03387	1294	0
1522653258.800228000	1.03387	834	0
1522653258.800241000	1.03389	74	1
1522653258.803321000	1.03697	1294	0
1522653258.803561000	1.03721	1294	0
1522653258.803576000	1.03722	74	1
1522653258.803639000	1.03728	1294	0
1522653258.803860000	1.03751	1294	0
1522653258.803888000	1.03753	74	1
1522653258.804646000	1.03829	1294	0
1522653258.804920000	1.03857	1294	0
1522653258.804935000	1.03858	74	1
1522653258.806478000	1.04012	1294	0
1522653258.806745000	1.04039	1294	0
1522653258.806760000	1.04041	74	1
1522653258.807021000	1.04067	1294	0
1522653258.807114000	1.04076	534	0
1522653258.807125000	1.04077	74	1
1522653258.808832000	1.04248	1294	0
1522653258.808946000	1.04259	1294	0
1522653258.808959000	1.0426	74	1
1522653258.809160000	1.04281	1294	0
1522653258.809167000	1.04281	1294	0
1522653258.809191000	1.04284	74	1
1522653258.810998000	1.04464	1294	0
1522653258.811295000	1.04494	1294	0
1522653258.811312000	1.04496	74	1
1522653258.812844000	1.04649	1294	0
1522653258.813139000	1.04678	1294	0
1522653258.813153000	1.0468	74	1
1522653258.813432000	1.04708	1294	0
1522653258.813709000	1.04735	1294	0
1522653258.813722000	1.04737	74	1
1522653258.815239000	1.04888	1294	0
1522653258.815537000	1.04918	1294	0
1522653258.815557000	1.0492	74	1
1522653258.817318000	1.05096	1294	0
1522653258.817525000	1.05117	1294	0
1522653258.817538000	1.05118	74	1
1522653258.817613000	1.05126	1294	0
1522653258.817894000	1.05154	1294	0
1522653258.817906000	1.05155	74	1
1522653258.820090000	1.05374	1294	0
1522653258.820282000	1.05393	1294	0
1522653258.820294000	1.05394	74	1
1522653258.821217000	1.05486	1294	0
1522653258.821510000	1.05516	1294	0
1522653258.821528000	1.05517	74	1
1522653258.821786000	1.05543	1294	0
1522653258.822074000	1.05572	1294	0
1522653258.822088000	1.05573	74	1
1522653258.823206000	1.05685	1294	0
1522653258.823479000	1.05712	1294	0
1522653258.823493000	1.05714	74	1
1522653258.823761000	1.05741	1294	0
1522653258.824056000	1.0577	1294	0
1522653258.824070000	1.05772	74	1
1522653258.824756000	1.0584	1294	0
1522653258.825067000	1.05871	1294	0
1522653258.825084000	1.05873	74	1
1522653258.825343000	1.05899	1294	0
1522653258.826437000	1.06008	1294	0
1522653258.826450000	1.0601	74	1
1522653258.826713000	1.06036	1294	0
1522653258.828242000	1.06189	1294	0
1522653258.828256000	1.0619	74	1
1522653258.828501000	1.06215	1294	0
1522653258.828813000	1.06246	1294	0
1522653258.828826000	1.06247	74	1
1522653258.829090000	1.06274	1294	0
1522653258.830482000	1.06413	1294	0
1522653258.830496000	1.06414	74	1
1522653258.830767000	1.06441	1294	0
1522653258.858443000	1.09209	1294	0
1522653258.858475000	1.09212	74	1
1522653258.858720000	1.09237	1294	0
1522653258.858996000	1.09264	1294	0
1522653258.859008000	1.09265	74	1
1522653258.859310000	1.09296	1294	0
1522653258.859605000	1.09325	1294	0
1522653258.859616000	1.09326	74	1
1522653258.859894000	1.09354	1294	0
1522653258.860560000	1.09421	1294	0
1522653258.860572000	1.09422	74	1
1522653258.860839000	1.09448	1294	0
1522653258.861145000	1.09479	1294	0
1522653258.861157000	1.0948	74	1
1522653258.861443000	1.09509	1294	0
1522653258.861701000	1.09535	1294	0
1522653258.861716000	1.09536	74	1
1522653258.861987000	1.09563	1294	0
1522653258.862336000	1.09598	1294	0
1522653258.862349000	1.09599	74	1
1522653258.862629000	1.09627	1294	0
1522653258.864740000	1.09839	1294	0
1522653258.864756000	1.0984	74	1
1522653258.864818000	1.09846	1294	0
1522653258.864947000	1.09859	1294	0
1522653258.864958000	1.0986	74	1
1522653258.865021000	1.09867	1294	0
1522653258.865106000	1.09875	903	0
1522653258.865115000	1.09876	74	1
1522653258.866079000	1.09973	112	1
1522653258.967436000	1.20108	74	0
1522653258.983134000	1.21678	317	1
1522653259.024185000	1.25783	145	1
1522653259.041560000	1.27521	74	0
1522653259.041996000	1.27564	203	0
1522653259.042352000	1.276	1294	0
1522653259.042372000	1.27602	74	1
1522653259.042685000	1.27633	1294	0
1522653259.042753000	1.2764	1294	0
1522653259.042765000	1.27641	74	1
1522653259.042916000	1.27656	1294	0
1522653259.043017000	1.27666	1294	0
1522653259.043022000	1.27667	1294	0
1522653259.043035000	1.27668	74	1
1522653259.043206000	1.27685	1294	0
1522653259.043301000	1.27695	1294	0
1522653259.043315000	1.27696	74	1
1522653259.043376000	1.27702	1294	0
1522653259.043483000	1.27713	1294	0
1522653259.043493000	1.27714	74	1
1522653259.043578000	1.27722	1294	0
1522653259.043642000	1.27729	1294	0
1522653259.043654000	1.2773	74	1
1522653259.043761000	1.27741	1294	0
1522653259.043864000	1.27751	1294	0
1522653259.043866000	1.27751	1294	0
1522653259.043882000	1.27753	74	1
1522653259.044056000	1.2777	1294	0
1522653259.044159000	1.2778	1294	0
1522653259.044162000	1.27781	1294	0
1522653259.044172000	1.27782	74	1
1522653259.044333000	1.27798	1294	0
1522653259.044850000	1.2785	1294	0
1522653259.044866000	1.27851	74	1
1522653259.045127000	1.27877	1294	0
1522653259.045432000	1.27908	1294	0
1522653259.045448000	1.27909	74	1
1522653259.045736000	1.27938	1294	0
1522653259.045920000	1.27957	1294	0
1522653259.045933000	1.27958	74	1
1522653259.046198000	1.27984	1294	0
1522653259.048249000	1.28189	1294	0
1522653259.048264000	1.28191	74	1
1522653259.048510000	1.28216	1294	0
1522653259.049527000	1.28317	1294	0
1522653259.049550000	1.2832	74	1
1522653259.049805000	1.28345	1294	0
1522653259.050200000	1.28385	822	0
1522653259.050216000	1.28386	74	1
1522653259.050358000	1.284	112	1
1522653259.083884000	1.31753	200	0
1522653259.083989000	1.31763	362	0
1522653259.084010000	1.31766	74	1
1522653259.158096000	1.39174	74	0
1522653259.439655000	1.6733	360	1
1522653259.503279000	1.73692	74	0
1522653259.523389000	1.75704	140	0
1522653259.523391000	1.75704	104	0
1522653259.523419000	1.75706	74	1
1522653259.523492000	1.75714	112	0
1522653259.524321000	1.75797	112	1
1522653259.597827000	1.83147	144	1
1522653259.602853000	1.8365	379	1
1522653259.609268000	1.84291	159	1
1522653259.623430000	1.85708	74	0
1522653259.662203000	1.89585	74	0
1522653259.663889000	1.89753	74	0
1522653259.666714000	1.90036	74	0
1522653259.681697000	1.91534	194	0
1522653259.682052000	1.9157	1294	0
1522653259.682073000	1.91572	74	1
1522653259.682331000	1.91598	1294	0
1522653259.682456000	1.9161	1294	0
1522653259.682468000	1.91611	74	1
1522653259.682660000	1.91631	1294	0
1522653259.682732000	1.91638	1294	0
1522653259.682742000	1.91639	74	1
1522653259.682935000	1.91658	1294	0
1522653259.683023000	1.91667	1294	0
1522653259.683032000	1.91668	74	1
1522653259.683227000	1.91687	1294	0
1522653259.683521000	1.91717	1294	0
1522653259.683535000	1.91718	74	1
1522653259.683798000	1.91744	1294	0
1522653259.684074000	1.91772	1294	0
1522653259.684089000	1.91773	74	1
1522653259.684348000	1.91799	1294	0
1522653259.684661000	1.91831	1294	0
1522653259.684676000	1.91832	74	1
1522653259.684952000	1.9186	1294	0
1522653259.684954000	1.9186	181	0
1522653259.684968000	1.91861	74	1
1522653259.685123000	1.91877	112	1
1522653259.685284000	1.91893	140	0
1522653259.685352000	1.919	104	0
1522653259.685364000	1.91901	74	1
1522653259.685576000	1.91922	159	0
1522653259.685939000	1.91958	1294	0
1522653259.685951000	1.9196	74	1
1522653259.686584000	1.92023	661	0
1522653259.705760000	1.93941	188	1
1522653259.765019000	1.99866	74	0
1522653259.816224000	2.04987	211	0
1522653259.816321000	2.04997	290	0
1522653259.816324000	2.04997	104	0
1522653259.816325000	2.04997	112	0
1522653259.816344000	2.04999	74	1
1522653259.816690000	2.05034	112	1
1522653259.919222000	2.15287	74	0
1522653260.047255000	2.2809	189	1
1522653260.105230000	2.33888	74	0
1522653260.144390000	2.37804	147	0
1522653260.144500000	2.37815	360	0
1522653260.144503000	2.37815	112	0
1522653260.144525000	2.37817	74	1
1522653260.144921000	2.37857	112	1
1522653260.243308000	2.47695	74	0
1522653260.364630000	2.59828	189	1
1522653260.423070000	2.65672	74	0
1522653260.456345000	2.68999	147	0
1522653260.456432000	2.69008	304	0
1522653260.456434000	2.69008	104	0
1522653260.456448000	2.69009	74	1
1522653260.456843000	2.69049	112	0
1522653260.457272000	2.69092	112	1
1522653260.555220000	2.78887	74	0
1522653260.586075000	2.81972	190	1
1522653260.640642000	2.87429	74	0
1522653260.676738000	2.91038	170	0
1522653260.677313000	2.91096	307	0
1522653260.677343000	2.91099	74	1
1522653260.677487000	2.91113	104	0
1522653260.677661000	2.91131	112	0
1522653260.677672000	2.91132	74	1
1522653260.677857000	2.9115	112	1
1522653260.772467000	3.00611	192	1
1522653260.787272000	3.02092	74	0
1522653260.836831000	3.07048	74	0
1522653260.865610000	3.09926	108	1
1522653260.865950000	3.0996	193	1
1522653260.870379000	3.10402	147	0
1522653260.870491000	3.10414	310	0
1522653260.870493000	3.10414	104	0
1522653260.870495000	3.10414	112	0
1522653260.870517000	3.10416	74	1
1522653260.870800000	3.10445	112	1
1522653260.929939000	3.16358	74	0
1522653260.965844000	3.19949	147	0
1522653260.965936000	3.19958	352	0
1522653260.965938000	3.19958	112	0
1522653260.965956000	3.1996	74	1
1522653260.966263000	3.19991	112	1
1522653261.026870000	3.26052	193	1
1522653261.073814000	3.30746	74	0
1522653261.085648000	3.31929	74	0
1522653261.121772000	3.35542	147	0
1522653261.121876000	3.35552	351	0
1522653261.121879000	3.35553	112	0
1522653261.121909000	3.35555	74	1
1522653261.122267000	3.35591	112	1
1522653261.131688000	3.36533	194	1
1522653261.147031000	3.38068	319	1
1522653261.191096000	3.42474	74	0
1522653261.224167000	3.45781	147	0
1522653261.224269000	3.45791	349	0
1522653261.224271000	3.45792	112	0
1522653261.224291000	3.45794	74	1
1522653261.224634000	3.45828	112	1
1522653261.226383000	3.46003	140	0
1522653261.226384000	3.46003	104	0
1522653261.226410000	3.46006	74	1
1522653261.324674000	3.55832	74	0
1522653261.783359000	4.017	199	1
1522653261.841576000	4.07522	74	0
1522653261.874571000	4.10822	170	0
1522653261.874662000	4.10831	336	0
1522653261.874663000	4.10831	112	0
1522653261.874686000	4.10833	74	1
1522653261.875068000	4.10871	112	1
1522653261.897717000	4.13136	199	1
1522653261.957290000	4.19094	74	0
1522653261.996440000	4.23009	144	0
1522653261.996534000	4.23018	349	0
1522653261.996542000	4.23019	112	0
1522653261.996569000	4.23021	74	1
1522653261.997002000	4.23065	112	1
1522653262.079257000	4.3129	200	1
1522653262.098297000	4.33194	74	0
1522653262.137320000	4.37097	74	0
1522653262.176161000	4.40981	148	0
1522653262.176164000	4.40981	302	0
1522653262.176204000	4.40985	74	1
1522653262.176651000	4.4103	104	0
1522653262.177067000	4.41071	112	0
1522653262.177082000	4.41073	74	1
1522653262.177703000	4.41135	112	1
1522653262.288241000	4.52189	74	0
1522653264.197199000	6.43085	208	1
1522653264.255407000	6.48905	74	0
1522653264.293388000	6.52703	171	0
1522653264.293480000	6.52713	333	0
1522653264.293482000	6.52713	112	0
1522653264.293507000	6.52715	74	1
1522653264.293919000	6.52757	112	1
1522653264.392125000	6.62577	74	0
1522653265.293998000	7.52764	192	1
1522653265.351940000	7.58559	74	0
1522653265.432503000	7.66615	216	0
1522653265.432812000	7.66646	1294	0
1522653265.432836000	7.66648	74	1
1522653265.433009000	7.66665	1294	0
1522653265.433074000	7.66672	1294	0
1522653265.433086000	7.66673	74	1
1522653265.433292000	7.66694	1294	0
1522653265.433374000	7.66702	1294	0
1522653265.433383000	7.66703	74	1
1522653265.433642000	7.66729	1294	0
1522653265.433935000	7.66758	1294	0
1522653265.433949000	7.66759	74	1
1522653265.434174000	7.66782	1161	0
1522653265.435300000	7.66895	1294	0
1522653265.435325000	7.66897	74	1
1522653265.435578000	7.66922	1294	0
1522653265.435991000	7.66964	1294	0
1522653265.436004000	7.66965	74	1
1522653265.436282000	7.66993	1294	0
1522653265.436562000	7.67021	1294	0
1522653265.436578000	7.67022	74	1
1522653265.437008000	7.67065	1294	0
1522653265.437303000	7.67095	1294	0
1522653265.437317000	7.67096	74	1
1522653265.437580000	7.67123	1294	0
1522653265.438287000	7.67193	1294	0
1522653265.438303000	7.67195	74	1
1522653265.438581000	7.67223	1294	0
1522653265.438858000	7.6725	1294	0
1522653265.438872000	7.67252	74	1
1522653265.439136000	7.67278	1294	0
1522653265.439426000	7.67307	1294	0
1522653265.439441000	7.67309	74	1
1522653265.439718000	7.67336	1294	0
1522653265.439996000	7.67364	1294	0
1522653265.440010000	7.67366	74	1
1522653265.440291000	7.67394	1294	0
1522653265.440580000	7.67423	1294	0
1522653265.440593000	7.67424	74	1
1522653265.440860000	7.67451	1294	0
1522653265.441982000	7.67563	1294	0
1522653265.441994000	7.67564	74	1
1522653265.442054000	7.6757	392	0
1522653265.642465000	7.87611	74	1
1522653265.855603000	8.08925	1294	0
1522653265.855883000	8.08953	1294	0
1522653265.855885000	8.08953	1294	0
1522653265.855912000	8.08956	74	1
1522653265.856166000	8.08981	1294	0
1522653265.856169000	8.08981	1294	0
1522653265.856182000	8.08983	74	1
1522653265.856255000	8.0899	1294	0
1522653265.856457000	8.0901	1294	0
1522653265.856460000	8.09011	1294	0
1522653265.856475000	8.09012	74	1
1522653265.856535000	8.09018	1294	0
1522653265.856754000	8.0904	1294	0
1522653265.856769000	8.09042	74	1
1522653265.856844000	8.09049	1294	0
1522653265.856846000	8.09049	181	0
1522653265.856856000	8.0905	74	1
1522653265.864946000	8.09859	1294	0
1522653265.866465000	8.10011	1294	0
1522653265.866492000	8.10014	74	1
1522653265.866745000	8.10039	1294	0
1522653265.866748000	8.10039	260	0
1522653265.866765000	8.10041	74	1
1522653265.886943000	8.12059	1294	0
1522653265.887164000	8.12081	1294	0
1522653265.887188000	8.12083	74	1
1522653265.887252000	8.1209	1294	0
1522653265.887500000	8.12115	1294	0
1522653265.887518000	8.12116	74	1
1522653265.887779000	8.12142	1294	0
1522653265.888089000	8.12173	1294	0
1522653265.888102000	8.12175	74	1
1522653265.888385000	8.12203	1294	0
1522653265.888670000	8.12232	1294	0
1522653265.888682000	8.12233	74	1
1522653265.888951000	8.1226	1294	0
1522653265.889212000	8.12286	1294	0
1522653265.889225000	8.12287	74	1
1522653265.889489000	8.12313	1294	0
1522653265.889764000	8.12341	1294	0
1522653265.889777000	8.12342	74	1
1522653265.890060000	8.12371	1294	0
1522653265.891045000	8.12469	1294	0
1522653265.891061000	8.12471	74	1
1522653265.891305000	8.12495	1294	0
1522653265.891889000	8.12554	1294	0
1522653265.891904000	8.12555	74	1
1522653265.892162000	8.12581	1294	0
1522653265.892458000	8.1261	1294	0
1522653265.892473000	8.12612	74	1
1522653265.892760000	8.12641	1294	0
1522653265.893470000	8.12712	1294	0
1522653265.893482000	8.12713	74	1
1522653265.893765000	8.12741	1294	0
1522653265.894684000	8.12833	1294	0
1522653265.894697000	8.12834	74	1
1522653265.894967000	8.12861	1294	0
1522653265.895034000	8.12868	1294	0
1522653265.895044000	8.12869	74	1
1522653265.895573000	8.12922	1294	0
1522653265.895887000	8.12953	1294	0
1522653265.895900000	8.12955	74	1
1522653265.896166000	8.12981	1294	0
1522653265.896445000	8.13009	1294	0
1522653265.896457000	8.1301	74	1
1522653265.896720000	8.13037	1294	0
1522653265.897385000	8.13103	1093	0
1522653265.897397000	8.13104	74	1
1522653265.897585000	8.13123	112	1
1522653265.956032000	8.18968	74	0
1522653265.974822000	8.20847	197	1
1522653266.034262000	8.26791	74	0
1522653266.054994000	8.28864	140	0
1522653266.054997000	8.28864	104	0
1522653266.055057000	8.2887	74	1
1522653266.055125000	8.28877	112	0
1522653266.056277000	8.28992	112	1
1522653266.154958000	8.3886	74	0
1522653266.200204000	8.43385	339	1
1522653266.208792000	8.44244	174	1
1522653266.258804000	8.49245	74	0
1522653266.259265000	8.49291	180	0
1522653266.259623000	8.49327	1294	0
1522653266.259643000	8.49329	74	1
1522653266.259882000	8.49353	1294	0
1522653266.259994000	8.49364	1294	0
1522653266.260007000	8.49365	74	1
1522653266.260110000	8.49376	1294	0
1522653266.260184000	8.49383	1294	0
1522653266.260196000	8.49384	74	1
1522653266.260277000	8.49392	1294	0
1522653266.260387000	8.49403	1294	0
1522653266.260399000	8.49405	74	1
1522653266.260459000	8.4941	1294	0
1522653266.260552000	8.4942	1294	0
1522653266.260565000	8.49421	74	1
1522653266.260682000	8.49433	1294	0
1522653266.260748000	8.49439	1294	0
1522653266.260760000	8.49441	74	1
1522653266.260840000	8.49449	1294	0
1522653266.260962000	8.49461	1294	0
1522653266.260974000	8.49462	74	1
1522653266.261034000	8.49468	1294	0
1522653266.261134000	8.49478	1294	0
1522653266.261146000	8.49479	74	1
1522653266.261355000	8.495	74	1
1522653266.261407000	8.49505	1294	0
1522653266.261688000	8.49533	1294	0
1522653266.261710000	8.49536	74	1
1522653266.261985000	8.49563	1294	0
1522653266.262275000	8.49592	1294	0
1522653266.262290000	8.49594	74	1
1522653266.263219000	8.49687	1294	0
1522653266.263308000	8.49695	1294	0
1522653266.263322000	8.49697	74	1
1522653266.263510000	8.49716	1294	0
1522653266.263577000	8.49722	1294	0
1522653266.263589000	8.49723	74	1
1522653266.263788000	8.49743	1294	0
1522653266.263856000	8.4975	1294	0
1522653266.263866000	8.49751	74	1
1522653266.264495000	8.49814	1294	0
1522653266.264786000	8.49843	1294	0
1522653266.264798000	8.49844	74	1
1522653266.265857000	8.4995	1294	0
1522653266.266135000	8.49978	1294	0
1522653266.266155000	8.4998	74	1
1522653266.266412000	8.50006	1294	0
1522653266.266758000	8.5004	1294	0
1522653266.266773000	8.50042	74	1
1522653266.267059000	8.50071	1294	0
1522653266.267376000	8.50102	1294	0
1522653266.267390000	8.50104	74	1
1522653266.268062000	8.50171	1294	0
1522653266.268350000	8.502	1294	0
1522653266.268365000	8.50201	74	1
1522653266.268673000	8.50232	1294	0
1522653266.268951000	8.5026	1294	0
1522653266.268964000	8.50261	74	1
1522653266.269246000	8.50289	1294	0
1522653266.269536000	8.50318	1294	0
1522653266.269548000	8.50319	74	1
1522653266.270463000	8.50411	1294	0
1522653266.270754000	8.5044	1294	0
1522653266.270769000	8.50441	74	1
1522653266.271029000	8.50467	1294	0
1522653266.271308000	8.50495	1294	0
1522653266.271325000	8.50497	74	1
1522653266.271589000	8.50523	1294	0
1522653266.271879000	8.50552	1294	0
1522653266.271893000	8.50554	74	1
1522653266.273024000	8.50667	1294	0
1522653266.273299000	8.50694	1294	0
1522653266.273314000	8.50696	74	1
1522653266.273577000	8.50722	1294	0
1522653266.273869000	8.50751	1294	0
1522653266.273884000	8.50753	74	1
1522653266.274147000	8.50779	1294	0
1522653266.274438000	8.50808	1294	0
1522653266.274454000	8.5081	74	1
1522653266.274652000	8.5083	1072	0
1522653266.274933000	8.50858	112	1
1522653266.289747000	8.52339	214	0
1522653266.289750000	8.5234	104	0
1522653266.289803000	8.52345	74	1
1522653266.386567000	8.62021	74	0
1522653266.405932000	8.63958	400	1
1522653266.464620000	8.69827	74	0
1522653266.485927000	8.71957	140	0
1522653266.486005000	8.71965	104	0
1522653266.486007000	8.71965	112	0
1522653266.486038000	8.71968	74	1
1522653266.487168000	8.72081	112	1
1522653266.585451000	8.8191	74	0
1522653268.361791000	10.5954	309	1
1522653268.420356000	10.654	74	0
1522653268.441345000	10.675	140	0
1522653268.441346000	10.675	104	0
1522653268.441377000	10.675	74	1
1522653268.441441000	10.6751	112	0
1522653268.441771000	10.6754	112	1
1522653268.544325000	10.778	74	0
1522653269.248218000	11.4819	347	1
1522653269.308737000	11.5424	74	0
1522653269.329297000	11.5629	140	0
1522653269.329299000	11.5629	104	0
1522653269.329301000	11.5629	112	0
1522653269.329354000	11.563	74	1
1522653269.330454000	11.5641	112	1
1522653269.428066000	11.6617	74	0
