1522658322.167158000	0	86	1
1522658322.181208000	0.01405	86	0
1522658322.181279000	0.0141211	74	1
1522658322.181544000	0.0143862	276	1
1522658322.198419000	0.0312612	74	0
1522658322.216660000	0.0495021	1294	0
1522658322.216945000	0.049787	1294	0
1522658322.216948000	0.0497901	200	0
1522658322.216975000	0.0498171	74	1
1522658322.611975000	0.444817	316	1
1522658322.629028000	0.46187	344	0
1522658322.633634000	0.466476	159	1
1522658322.634100000	0.466942	476	1
1522658322.652490000	0.485332	135	0
1522658322.652634000	0.485476	104	1
1522658322.653293000	0.486135	104	0
1522658322.708788000	0.54163	74	0
1522658322.721110000	0.553952	652	0
1522658322.721134000	0.553976	74	1
1522658322.721387000	0.554229	1294	0
1522658322.721470000	0.554312	1294	0
1522658322.721480000	0.554322	74	1
1522658322.721629000	0.554471	1294	0
1522658322.721709000	0.554551	1294	0
1522658322.721721000	0.554563	74	1
1522658322.721779000	0.554621	1294	0
1522658322.721907000	0.554749	1294	0
1522658322.721917000	0.554759	74	1
1522658322.721977000	0.554819	1294	0
1522658322.721979000	0.554821	672	0
1522658322.721989000	0.554831	74	1
1522658322.723463000	0.556305	1294	0
1522658322.723741000	0.556583	1294	0
1522658322.723759000	0.556601	74	1
1522658322.723919000	0.556761	1294	0
1522658322.724033000	0.556875	1294	0
1522658322.724044000	0.556886	74	1
1522658322.724308000	0.55715	1294	0
1522658322.737876000	0.570718	1294	0
1522658322.737923000	0.570765	74	1
1522658322.738059000	0.570901	1294	0
1522658322.738212000	0.571054	1294	0
1522658322.738214000	0.571056	1294	0
1522658322.738230000	0.571072	74	1
1522658322.738356000	0.571198	1294	0
1522658322.738463000	0.571305	1294	0
1522658322.738475000	0.571317	74	1
1522658322.738634000	0.571476	1294	0
1522658322.738739000	0.571581	1294	0
1522658322.738750000	0.571592	74	1
1522658322.738911000	0.571753	1294	0
1522658322.739018000	0.57186	1294	0
1522658322.739029000	0.571871	74	1
1522658322.739149000	0.571991	1294	0
1522658322.739213000	0.572055	1294	0
1522658322.739222000	0.572064	74	1
1522658322.739307000	0.572149	1294	0
1522658322.739422000	0.572264	1294	0
1522658322.739432000	0.572274	74	1
1522658322.739492000	0.572334	1294	0
1522658322.739589000	0.572431	1294	0
1522658322.739601000	0.572443	74	1
1522658322.739754000	0.572596	1294	0
1522658322.740060000	0.572902	1294	0
1522658322.740063000	0.572905	1294	0
1522658322.740076000	0.572918	74	1
1522658322.740347000	0.573189	1294	0
1522658322.741886000	0.574728	1294	0
1522658322.741913000	0.574755	74	1
1522658322.742158000	0.575	1294	0
1522658322.743921000	0.576763	1294	0
1522658322.743949000	0.576791	74	1
1522658322.744197000	0.577039	1294	0
1522658322.744470000	0.577312	1294	0
1522658322.744482000	0.577324	74	1
1522658322.744776000	0.577618	1294	0
1522658322.745896000	0.578738	1294	0
1522658322.745924000	0.578766	74	1
1522658322.754866000	0.587708	1294	0
1522658322.755142000	0.587984	1294	0
1522658322.755170000	0.588012	74	1
1522658322.755417000	0.588259	1294	0
1522658322.755694000	0.588536	1294	0
1522658322.755708000	0.58855	74	1
1522658322.755985000	0.588827	1294	0
1522658322.756262000	0.589104	1294	0
1522658322.756276000	0.589118	74	1
1522658322.756536000	0.589378	1294	0
1522658322.756829000	0.589671	1294	0
1522658322.756845000	0.589687	74	1
1522658322.757515000	0.590357	1294	0
1522658322.757788000	0.59063	1294	0
1522658322.757804000	0.590646	74	1
1522658322.758066000	0.590908	1294	0
1522658322.758367000	0.591209	1294	0
1522658322.758381000	0.591223	74	1
1522658322.758642000	0.591484	1294	0
1522658322.758921000	0.591763	1294	0
1522658322.758933000	0.591775	74	1
1522658322.759268000	0.59211	1294	0
1522658322.759416000	0.592258	779	0
1522658322.759430000	0.592272	74	1
1522658322.759648000	0.59249	112	1
1522658322.779489000	0.612331	74	0
1522658322.867640000	0.700482	329	1
1522658322.867882000	0.700724	169	1
1522658322.883769000	0.716611	74	0
1522658322.883850000	0.716692	74	0
1522658322.904310000	0.737152	252	0
1522658322.904613000	0.737455	1294	0
1522658322.904628000	0.73747	74	1
1522658322.904689000	0.737531	1294	0
1522658322.904891000	0.737733	1294	0
1522658322.904904000	0.737746	74	1
1522658322.905171000	0.738013	1294	0
1522658322.905175000	0.738017	425	0
1522658322.905177000	0.738019	112	0
1522658322.905180000	0.738022	147	0
1522658322.905194000	0.738036	74	1
1522658322.905363000	0.738205	1294	0
1522658322.905461000	0.738303	1294	0
1522658322.905472000	0.738314	74	1
1522658322.905603000	0.738445	1294	0
1522658322.905755000	0.738597	1294	0
1522658322.905768000	0.73861	74	1
1522658322.905982000	0.738824	1294	0
1522658322.905984000	0.738826	87	0
1522658322.906002000	0.738844	74	1
1522658322.907034000	0.739876	112	1
1522658322.964949000	0.797791	74	0
1522658322.995243000	0.828085	247	1
1522658323.016027000	0.848869	250	1
1522658323.030751000	0.863593	74	0
1522658323.032186000	0.865028	74	0
1522658323.032647000	0.865489	262	0
1522658323.033000000	0.865842	1294	0
1522658323.033021000	0.865863	74	1
1522658323.033087000	0.865929	1294	0
1522658323.033289000	0.866131	1294	0
1522658323.033303000	0.866145	74	1
1522658323.033571000	0.866413	1294	0
1522658323.034528000	0.86737	1294	0
1522658323.034558000	0.8674	74	1
1522658323.034820000	0.867662	1294	0
1522658323.035011000	0.867853	1294	0
1522658323.035023000	0.867865	74	1
1522658323.035288000	0.86813	1294	0
1522658323.035583000	0.868425	1294	0
1522658323.035598000	0.86844	74	1
1522658323.035756000	0.868598	1294	0
1522658323.035851000	0.868693	1294	0
1522658323.035870000	0.868712	74	1
1522658323.036376000	0.869218	1294	0
1522658323.036667000	0.869509	1294	0
1522658323.036679000	0.869521	74	1
1522658323.036948000	0.86979	1294	0
1522658323.037241000	0.870083	1294	0
1522658323.037263000	0.870105	74	1
1522658323.037515000	0.870357	1294	0
1522658323.037791000	0.870633	1294	0
1522658323.037807000	0.870649	74	1
1522658323.038087000	0.870929	1294	0
1522658323.038370000	0.871212	1294	0
1522658323.038396000	0.871238	74	1
1522658323.038662000	0.871504	1294	0
1522658323.038882000	0.871724	1294	0
1522658323.038894000	0.871736	74	1
1522658323.038955000	0.871797	1294	0
1522658323.039181000	0.872023	1294	0
1522658323.039196000	0.872038	74	1
1522658323.039254000	0.872096	1294	0
1522658323.039541000	0.872383	1294	0
1522658323.039555000	0.872397	74	1
1522658323.039815000	0.872657	1294	0
1522658323.040095000	0.872937	1294	0
1522658323.040109000	0.872951	74	1
1522658323.040387000	0.873229	1294	0
1522658323.040666000	0.873508	1294	0
1522658323.040680000	0.873522	74	1
1522658323.040944000	0.873786	1294	0
1522658323.041240000	0.874082	1294	0
1522658323.041256000	0.874098	74	1
1522658323.041539000	0.874381	1294	0
1522658323.041858000	0.8747	1294	0
1522658323.041872000	0.874714	74	1
1522658323.042153000	0.874995	1294	0
1522658323.042453000	0.875295	1294	0
1522658323.042467000	0.875309	74	1
1522658323.042752000	0.875594	1294	0
1522658323.043030000	0.875872	1294	0
1522658323.043041000	0.875883	74	1
1522658323.043504000	0.876346	1294	0
1522658323.043780000	0.876622	1294	0
1522658323.043795000	0.876637	74	1
1522658323.044073000	0.876915	1294	0
1522658323.044363000	0.877205	1294	0
1522658323.044376000	0.877218	74	1
1522658323.044641000	0.877483	1294	0
1522658323.044919000	0.877761	1294	0
1522658323.044934000	0.877776	74	1
1522658323.045216000	0.878058	1294	0
1522658323.045490000	0.878332	1294	0
1522658323.045504000	0.878346	74	1
1522658323.045768000	0.87861	1294	0
1522658323.046057000	0.878899	1294	0
1522658323.046072000	0.878914	74	1
1522658323.046352000	0.879194	1294	0
1522658323.046630000	0.879472	1294	0
1522658323.046647000	0.879489	74	1
1522658323.048969000	0.881811	1294	0
1522658323.049267000	0.882109	1294	0
1522658323.049285000	0.882127	74	1
1522658323.049352000	0.882194	1294	0
1522658323.049530000	0.882372	1294	0
1522658323.049547000	0.882389	74	1
1522658323.049618000	0.88246	1294	0
1522658323.049812000	0.882654	1294	0
1522658323.049823000	0.882665	74	1
1522658323.049885000	0.882727	1294	0
1522658323.050102000	0.882944	1294	0
1522658323.050116000	0.882958	74	1
1522658323.050381000	0.883223	1294	0
1522658323.050671000	0.883513	1294	0
1522658323.050686000	0.883528	74	1
1522658323.050943000	0.883785	1294	0
1522658323.051244000	0.884086	1294	0
1522658323.051258000	0.8841	74	1
1522658323.051561000	0.884403	1294	0
1522658323.055968000	0.88881	1294	0
1522658323.056012000	0.888854	74	1
1522658323.056129000	0.888971	1294	0
1522658323.056230000	0.889072	1294	0
1522658323.056240000	0.889082	74	1
1522658323.056417000	0.889259	1294	0
1522658323.056519000	0.889361	1294	0
1522658323.056530000	0.889372	74	1
1522658323.056591000	0.889433	1294	0
1522658323.056696000	0.889538	1294	0
1522658323.056706000	0.889548	74	1
1522658323.056867000	0.889709	1294	0
1522658323.056973000	0.889815	1294	0
1522658323.056983000	0.889825	74	1
1522658323.057160000	0.890002	1294	0
1522658323.057264000	0.890106	1294	0
1522658323.057274000	0.890116	74	1
1522658323.057438000	0.89028	1294	0
1522658323.057542000	0.890384	1294	0
1522658323.057551000	0.890393	74	1
1522658323.057715000	0.890557	1294	0
1522658323.057780000	0.890622	1294	0
1522658323.057793000	0.890635	74	1
1522658323.057851000	0.890693	1294	0
1522658323.058010000	0.890852	1294	0
1522658323.058020000	0.890862	74	1
1522658323.058079000	0.890921	1294	0
1522658323.058146000	0.890988	1294	0
1522658323.058156000	0.890998	74	1
1522658323.058304000	0.891146	1294	0
1522658323.058409000	0.891251	1294	0
1522658323.058420000	0.891262	74	1
1522658323.062802000	0.895644	1294	0
1522658323.062952000	0.895794	1294	0
1522658323.062976000	0.895818	74	1
1522658323.063064000	0.895906	1294	0
1522658323.063258000	0.8961	1294	0
1522658323.063260000	0.896102	1294	0
1522658323.063273000	0.896115	74	1
1522658323.063370000	0.896212	1294	0
1522658323.063520000	0.896362	1294	0
1522658323.063531000	0.896373	74	1
1522658323.063592000	0.896434	1294	0
1522658323.063660000	0.896502	1294	0
1522658323.063670000	0.896512	74	1
1522658323.063798000	0.89664	1294	0
1522658323.063936000	0.896778	1294	0
1522658323.063946000	0.896788	74	1
1522658323.064074000	0.896916	1294	0
1522658323.064220000	0.897062	1294	0
1522658323.064230000	0.897072	74	1
1522658323.064368000	0.89721	1294	0
1522658323.064645000	0.897487	1294	0
1522658323.064657000	0.897499	74	1
1522658323.067842000	0.900684	1294	0
1522658323.067945000	0.900787	1294	0
1522658323.067963000	0.900805	74	1
1522658323.068123000	0.900965	1294	0
1522658323.068223000	0.901065	1294	0
1522658323.068234000	0.901076	74	1
1522658323.068387000	0.901229	74	1
1522658323.068416000	0.901258	1294	0
1522658323.068517000	0.901359	1294	0
1522658323.068527000	0.901369	74	1
1522658323.068588000	0.90143	1294	0
1522658323.068692000	0.901534	1294	0
1522658323.068704000	0.901546	74	1
1522658323.068759000	0.901601	1294	0
1522658323.068808000	0.90165	74	1
1522658323.068830000	0.901672	1294	0
1522658323.068968000	0.90181	1294	0
1522658323.068980000	0.901822	74	1
1522658323.068992000	0.901834	74	1
1522658323.069039000	0.901881	1294	0
1522658323.069124000	0.901966	1294	0
1522658323.069133000	0.901975	74	1
1522658323.069404000	0.902246	1294	0
1522658323.073342000	0.906184	1294	0
1522658323.073387000	0.906229	74	1
1522658323.073611000	0.906453	1294	0
1522658323.073745000	0.906587	1294	0
1522658323.073756000	0.906598	74	1
1522658323.073920000	0.906762	1294	0
1522658323.074039000	0.906881	1294	0
1522658323.074053000	0.906895	74	1
1522658323.074197000	0.907039	1294	0
1522658323.074266000	0.907108	1294	0
1522658323.074278000	0.90712	74	1
1522658323.074339000	0.907181	1294	0
1522658323.074471000	0.907313	1294	0
1522658323.074483000	0.907325	74	1
1522658323.075432000	0.908274	1294	0
1522658323.075718000	0.90856	1294	0
1522658323.075736000	0.908578	74	1
1522658323.075865000	0.908707	834	0
1522658323.082192000	0.915034	1294	0
1522658323.082247000	0.915089	74	1
1522658323.082469000	0.915311	1294	0
1522658323.083090000	0.915932	1294	0
1522658323.083093000	0.915935	194	0
1522658323.083115000	0.915957	74	1
1522658323.083944000	0.916786	112	1
1522658323.139626000	0.972468	74	0
1522658323.224016000	1.05686	317	1
1522658323.241987000	1.07483	74	0
1522658323.242078000	1.07492	203	0
1522658323.242390000	1.07523	1294	0
1522658323.242410000	1.07525	74	1
1522658323.242671000	1.07551	1294	0
1522658323.242674000	1.07552	1294	0
1522658323.242691000	1.07553	74	1
1522658323.242753000	1.0756	1294	0
1522658323.242960000	1.0758	1294	0
1522658323.242972000	1.07581	74	1
1522658323.243238000	1.07608	1294	0
1522658323.243307000	1.07615	1294	0
1522658323.243317000	1.07616	74	1
1522658323.243531000	1.07637	1294	0
1522658323.243596000	1.07644	1294	0
1522658323.243609000	1.07645	74	1
1522658323.243823000	1.07667	1294	0
1522658323.243890000	1.07673	1294	0
1522658323.243902000	1.07674	74	1
1522658323.244102000	1.07694	1294	0
1522658323.244178000	1.07702	1294	0
1522658323.244180000	1.07702	1294	0
1522658323.244182000	1.07702	1294	0
1522658323.244195000	1.07704	74	1
1522658323.244258000	1.0771	1294	0
1522658323.244376000	1.07722	1294	0
1522658323.244386000	1.07723	74	1
1522658323.244445000	1.07729	1294	0
1522658323.244447000	1.07729	1294	0
1522658323.244449000	1.07729	1294	0
1522658323.244461000	1.0773	74	1
1522658323.244518000	1.07736	1294	0
1522658323.244588000	1.07743	1294	0
1522658323.244601000	1.07744	74	1
1522658323.244659000	1.0775	1294	0
1522658323.244725000	1.07757	1294	0
1522658323.244727000	1.07757	1294	0
1522658323.244738000	1.07758	74	1
1522658323.244797000	1.07764	1294	0
1522658323.244800000	1.07764	1294	0
1522658323.244802000	1.07764	1294	0
1522658323.244815000	1.07766	74	1
1522658323.244950000	1.07779	1294	0
1522658323.244952000	1.07779	784	0
1522658323.244954000	1.0778	112	0
1522658323.244970000	1.07781	74	1
1522658323.245140000	1.07798	112	1
1522658323.291869000	1.12471	145	1
1522658323.300384000	1.13323	74	0
1522658323.308712000	1.14155	74	0
1522658323.309585000	1.14243	200	0
1522658323.309670000	1.14251	362	0
1522658323.309672000	1.14251	112	0
1522658323.309691000	1.14253	74	1
1522658323.310269000	1.14311	112	1
1522658323.366994000	1.19984	74	0
1522658323.677151000	1.50999	157	1
1522658323.684002000	1.51684	378	1
1522658323.688541000	1.52138	158	1
1522658323.696970000	1.52981	74	0
1522658323.701559000	1.5344	74	0
1522658323.706401000	1.53924	74	0
1522658323.716957000	1.5498	194	0
1522658323.717218000	1.55006	1294	0
1522658323.717227000	1.55007	74	1
1522658323.717288000	1.55013	1294	0
1522658323.717498000	1.55034	1294	0
1522658323.717510000	1.55035	74	1
1522658323.717569000	1.55041	1294	0
1522658323.717571000	1.55041	1294	0
1522658323.717581000	1.55042	74	1
1522658323.717659000	1.5505	1294	0
1522658323.717770000	1.55061	1294	0
1522658323.717787000	1.55063	74	1
1522658323.717848000	1.55069	1294	0
1522658323.717962000	1.5508	1294	0
1522658323.717972000	1.55081	74	1
1522658323.718101000	1.55094	1294	0
1522658323.718238000	1.55108	1294	0
1522658323.718252000	1.55109	74	1
1522658323.718402000	1.55124	1294	0
1522658323.718531000	1.55137	1294	0
1522658323.718541000	1.55138	74	1
1522658323.718836000	1.55168	1294	0
1522658323.718838000	1.55168	181	0
1522658323.718852000	1.55169	74	1
1522658323.719074000	1.55192	112	1
1522658323.722345000	1.55519	347	1
1522658323.723267000	1.55611	140	0
1522658323.723269000	1.55611	104	0
1522658323.723304000	1.55615	74	1
1522658323.725264000	1.55811	159	0
1522658323.725969000	1.55881	1294	0
1522658323.725986000	1.55883	74	1
1522658323.726101000	1.55894	780	0
1522658323.740709000	1.57355	74	0
1522658323.760418000	1.59326	140	0
1522658323.760420000	1.59326	104	0
1522658323.760449000	1.59329	74	1
1522658323.760513000	1.59336	112	0
1522658323.761241000	1.59408	112	1
1522658323.799708000	1.63255	188	1
1522658323.816626000	1.64947	74	0
1522658323.860189000	1.69303	210	0
1522658323.860277000	1.69312	316	0
1522658323.860279000	1.69312	112	0
1522658323.860305000	1.69315	74	1
1522658323.860734000	1.69358	112	1
1522658323.918017000	1.75086	74	0
1522658324.162047000	1.99489	188	1
1522658324.188152000	2.02099	74	0
1522658324.224336000	2.05718	147	0
1522658324.224339000	2.05718	336	0
1522658324.224387000	2.05723	74	1
1522658324.224458000	2.0573	112	0
1522658324.224878000	2.05772	112	1
1522658324.280921000	2.11376	74	0
1522658324.321286000	2.15413	190	1
1522658324.337652000	2.17049	74	0
1522658324.373205000	2.20605	170	0
1522658324.373629000	2.20647	354	0
1522658324.373630000	2.20647	112	0
1522658324.373649000	2.20649	74	1
1522658324.373839000	2.20668	112	1
1522658324.414353000	2.2472	191	1
1522658324.429870000	2.26271	74	0
1522658324.430336000	2.26318	74	0
1522658324.468096000	2.30094	147	0
1522658324.468199000	2.30104	350	0
1522658324.468201000	2.30104	112	0
1522658324.468224000	2.30107	74	1
1522658324.468580000	2.30142	112	1
1522658324.514137000	2.34698	192	1
1522658324.524726000	2.35757	74	0
1522658324.530422000	2.36326	74	0
1522658324.567728000	2.40057	147	0
1522658324.568140000	2.40098	349	0
1522658324.568142000	2.40098	112	0
1522658324.568162000	2.401	74	1
1522658324.568622000	2.40146	112	1
1522658324.625407000	2.45825	74	0
1522658324.681373000	2.51421	193	1
1522658324.698653000	2.5315	74	0
1522658324.732893000	2.56574	147	0
1522658324.732982000	2.56582	307	0
1522658324.732984000	2.56583	104	0
1522658324.732985000	2.56583	112	0
1522658324.733003000	2.56585	74	1
1522658324.733298000	2.56614	112	1
1522658324.790258000	2.6231	74	0
1522658324.908329000	2.74117	193	1
1522658324.925393000	2.75824	74	0
1522658324.960938000	2.79378	147	0
1522658324.961039000	2.79388	326	0
1522658324.961042000	2.79388	112	0
1522658324.961061000	2.7939	74	1
1522658324.961464000	2.79431	112	1
1522658325.018147000	2.85099	74	0
1522658325.424111000	3.25695	317	1
1522658325.440326000	3.27317	74	0
1522658325.461096000	3.29394	140	0
1522658325.461491000	3.29433	104	0
1522658325.461511000	3.29435	74	1
1522658325.461578000	3.29442	112	0
1522658325.462222000	3.29506	112	1
1522658325.466688000	3.29953	198	1
1522658325.482463000	3.3153	74	0
1522658325.516332000	3.34917	171	0
1522658325.516334000	3.34918	303	0
1522658325.516375000	3.34922	74	1
1522658325.516451000	3.34929	104	0
1522658325.516452000	3.34929	112	0
1522658325.516466000	3.34931	74	1
1522658325.516848000	3.34969	112	1
1522658325.572733000	3.40558	74	0
1522658325.714680000	3.54752	199	1
1522658325.732731000	3.56557	74	0
1522658325.773099000	3.60594	147	0
1522658325.773199000	3.60604	343	0
1522658325.773217000	3.60606	74	1
1522658325.773586000	3.60643	112	0
1522658325.774113000	3.60696	112	1
1522658325.799965000	3.63281	74	0
1522658326.067026000	3.89987	200	1
1522658326.083662000	3.9165	74	0
1522658326.119381000	3.95222	144	0
1522658326.119474000	3.95232	337	0
1522658326.119492000	3.95233	74	1
1522658326.120070000	3.95291	112	0
1522658326.120700000	3.95354	112	1
1522658326.186648000	4.01949	74	0
1522658326.607351000	4.44019	203	1
1522658326.623784000	4.45663	74	0
1522658326.666486000	4.49933	170	0
1522658326.666488000	4.49933	340	0
1522658326.666526000	4.49937	74	1
1522658326.666596000	4.49944	112	0
1522658326.666972000	4.49981	112	1
1522658326.682964000	4.51581	74	0
1522658326.754525000	4.58737	204	1
1522658326.771880000	4.60472	74	0
1522658326.809458000	4.6423	148	0
1522658326.809549000	4.64239	323	0
1522658326.809552000	4.64239	112	0
1522658326.809571000	4.64241	74	1
1522658326.809837000	4.64268	112	1
1522658326.876456000	4.7093	74	0
1522658327.094730000	4.92757	207	1
1522658327.112167000	4.94501	74	0
1522658327.149914000	4.98276	144	0
1522658327.150028000	4.98287	326	0
1522658327.150031000	4.98287	112	0
1522658327.150055000	4.9829	74	1
1522658327.150472000	4.98331	112	1
1522658327.208051000	5.04089	74	0
1522658327.340185000	5.17303	207	1
1522658327.356427000	5.18927	74	0
1522658327.392919000	5.22576	171	0
1522658327.392922000	5.22576	298	0
1522658327.392924000	5.22577	104	0
1522658327.392960000	5.2258	74	1
1522658327.393033000	5.22588	112	0
1522658327.393378000	5.22622	112	1
1522658327.450785000	5.28363	74	0
1522658328.616866000	6.44971	213	1
1522658328.633130000	6.46597	74	0
1522658328.669661000	6.5025	194	1
1522658328.670195000	6.50304	171	0
1522658328.670676000	6.50352	302	0
1522658328.670694000	6.50354	74	1
1522658328.671101000	6.50394	104	0
1522658328.671171000	6.50401	112	0
1522658328.671181000	6.50402	74	1
1522658328.672454000	6.5053	112	1
1522658328.692723000	6.52557	74	0
1522658328.771489000	6.60433	216	0
1522658328.772116000	6.60496	1294	0
1522658328.772138000	6.60498	74	1
1522658328.772380000	6.60522	1294	0
1522658328.772460000	6.6053	1294	0
1522658328.772473000	6.60532	74	1
1522658328.772645000	6.60549	1294	0
1522658328.772721000	6.60556	1294	0
1522658328.772732000	6.60557	74	1
1522658328.772946000	6.60579	1294	0
1522658328.773231000	6.60607	1294	0
1522658328.773246000	6.60609	74	1
1522658328.773451000	6.60629	1085	0
1522658328.790754000	6.6236	1294	0
1522658328.790811000	6.62365	74	1
1522658328.791022000	6.62386	1294	0
1522658328.791026000	6.62387	1294	0
1522658328.791038000	6.62388	74	1
1522658328.791290000	6.62413	1294	0
1522658328.791293000	6.62414	1294	0
1522658328.791306000	6.62415	74	1
1522658328.791598000	6.62444	1294	0
1522658328.791601000	6.62444	1294	0
1522658328.791618000	6.62446	74	1
1522658328.791870000	6.62471	1294	0
1522658328.791872000	6.62471	1294	0
1522658328.791891000	6.62473	74	1
1522658328.791952000	6.62479	1294	0
1522658328.792155000	6.625	1294	0
1522658328.792169000	6.62501	74	1
1522658328.792448000	6.62529	1294	0
1522658328.792729000	6.62557	1294	0
1522658328.792732000	6.62557	103	0
1522658328.792754000	6.6256	74	1
1522658328.793030000	6.62587	1294	0
1522658328.793359000	6.6262	1294	0
1522658328.793373000	6.62622	74	1
1522658328.793444000	6.62629	1294	0
1522658328.793636000	6.62648	1294	0
1522658328.793649000	6.62649	74	1
1522658328.793708000	6.62655	1294	0
1522658328.794017000	6.62686	1294	0
1522658328.794031000	6.62687	74	1
1522658328.794093000	6.62694	476	0
1522658328.995805000	6.82865	74	1
1522658329.011807000	6.84465	86	1
1522658329.528508000	7.36135	1294	0
1522658329.528666000	7.36151	1294	0
1522658329.528697000	7.36154	74	1
1522658329.528782000	7.36162	1294	0
1522658329.528933000	7.36178	1294	0
1522658329.528951000	7.36179	74	1
1522658329.528965000	7.36181	1294	0
1522658329.529288000	7.36213	1294	0
1522658329.529291000	7.36213	1294	0
1522658329.529313000	7.36216	74	1
1522658329.529502000	7.36234	1294	0
1522658329.529570000	7.36241	1294	0
1522658329.529573000	7.36242	1294	0
1522658329.529591000	7.36243	74	1
1522658329.529822000	7.36266	1294	0
1522658329.529893000	7.36274	1294	0
1522658329.529902000	7.36274	74	1
1522658329.530128000	7.36297	1294	0
1522658329.530130000	7.36297	247	0
1522658329.530141000	7.36298	74	1
1522658329.530221000	7.36306	1294	0
1522658329.530295000	7.36314	916	0
1522658329.530304000	7.36315	74	1
1522658329.533768000	7.36661	1294	0
1522658329.534059000	7.3669	1294	0
1522658329.534075000	7.36692	74	1
1522658329.534359000	7.3672	1294	0
1522658329.534610000	7.36745	1203	0
1522658329.534631000	7.36747	74	1
1522658329.535854000	7.3687	1171	1
1522658329.551629000	7.38447	1294	0
1522658329.551632000	7.38447	1294	0
1522658329.551681000	7.38452	74	1
1522658329.551918000	7.38476	1294	0
1522658329.551987000	7.38483	1294	0
1522658329.551999000	7.38484	74	1
1522658329.552193000	7.38504	1294	0
1522658329.552262000	7.3851	1294	0
1522658329.552275000	7.38512	74	1
1522658329.552334000	7.38518	1294	0
1522658329.552483000	7.38533	1294	0
1522658329.552508000	7.38535	74	1
1522658329.552569000	7.38541	1294	0
1522658329.552747000	7.38559	1294	0
1522658329.552760000	7.3856	74	1
1522658329.552821000	7.38566	1294	0
1522658329.552891000	7.38573	1294	0
1522658329.552902000	7.38574	74	1
1522658329.553030000	7.38587	1294	0
1522658329.553032000	7.38587	187	0
1522658329.553046000	7.38589	74	1
1522658329.556377000	7.38922	1294	0
1522658329.556583000	7.38943	1294	0
1522658329.556604000	7.38945	74	1
1522658329.556669000	7.38951	1294	0
1522658329.556944000	7.38979	1294	0
1522658329.556956000	7.3898	74	1
1522658329.557216000	7.39006	1294	0
1522658329.557496000	7.39034	1294	0
1522658329.557511000	7.39035	74	1
1522658329.557582000	7.39042	1294	0
1522658329.557584000	7.39043	1294	0
1522658329.557597000	7.39044	74	1
1522658329.557783000	7.39062	1294	0
1522658329.557853000	7.3907	1294	0
1522658329.557864000	7.39071	74	1
1522658329.558069000	7.39091	1294	0
1522658329.558139000	7.39098	1294	0
1522658329.558142000	7.39098	1294	0
1522658329.558155000	7.391	74	1
1522658329.558258000	7.3911	901	0
1522658329.558430000	7.39127	1294	0
1522658329.558447000	7.39129	74	1
1522658329.558508000	7.39135	1294	0
1522658329.558581000	7.39142	1294	0
1522658329.558584000	7.39143	205	0
1522658329.558585000	7.39143	112	0
1522658329.558597000	7.39144	74	1
1522658329.558733000	7.39158	112	1
1522658329.618495000	7.45134	74	0
1522658329.639809000	7.47265	144	1
1522658329.655968000	7.48881	74	0
1522658329.675405000	7.50825	203	0
1522658329.675737000	7.50858	1294	0
1522658329.675758000	7.5086	74	1
1522658329.675976000	7.50882	1294	0
1522658329.676050000	7.50889	1294	0
1522658329.676061000	7.5089	74	1
1522658329.676254000	7.5091	1294	0
1522658329.676319000	7.50916	1294	0
1522658329.676330000	7.50917	74	1
1522658329.676388000	7.50923	1294	0
1522658329.676546000	7.50939	1294	0
1522658329.676557000	7.5094	74	1
1522658329.676618000	7.50946	1294	0
1522658329.676688000	7.50953	1294	0
1522658329.676698000	7.50954	74	1
1522658329.676899000	7.50974	1294	0
1522658329.676901000	7.50974	568	0
1522658329.676916000	7.50976	74	1
1522658329.677277000	7.51012	112	1
1522658329.702925000	7.53577	298	0
1522658329.703254000	7.5361	1294	0
1522658329.703283000	7.53613	74	1
1522658329.703497000	7.53634	1294	0
1522658329.703572000	7.53641	1294	0
1522658329.703575000	7.53642	1294	0
1522658329.703591000	7.53643	74	1
1522658329.703774000	7.53662	1294	0
1522658329.703837000	7.53668	1294	0
1522658329.703848000	7.53669	74	1
1522658329.703906000	7.53675	1294	0
1522658329.704051000	7.53689	1294	0
1522658329.704063000	7.53691	74	1
1522658329.704119000	7.53696	1294	0
1522658329.704123000	7.53697	1294	0
1522658329.704138000	7.53698	74	1
1522658329.704187000	7.53703	74	1
1522658329.704328000	7.53717	1294	0
1522658329.704389000	7.53723	1294	0
1522658329.704400000	7.53724	74	1
1522658329.704460000	7.5373	1294	0
1522658329.704462000	7.5373	231	0
1522658329.704473000	7.53732	74	1
1522658329.705979000	7.53882	1294	0
1522658329.706252000	7.53909	1294	0
1522658329.706267000	7.53911	74	1
1522658329.706445000	7.53929	1294	0
1522658329.706525000	7.53937	1294	0
1522658329.706537000	7.53938	74	1
1522658329.706717000	7.53956	1294	0
1522658329.706809000	7.53965	1294	0
1522658329.706820000	7.53966	74	1
1522658329.706879000	7.53972	1294	0
1522658329.707016000	7.53986	1294	0
1522658329.707029000	7.53987	74	1
1522658329.707116000	7.53996	1294	0
1522658329.707177000	7.54002	1294	0
1522658329.707189000	7.54003	74	1
1522658329.707305000	7.54015	1294	0
1522658329.707396000	7.54024	1294	0
1522658329.707410000	7.54025	74	1
1522658329.707690000	7.54053	1294	0
1522658329.707869000	7.54071	901	0
1522658329.707880000	7.54072	74	1
1522658329.719170000	7.55201	1294	0
1522658329.719427000	7.55227	1294	0
1522658329.719453000	7.5523	74	1
1522658329.719742000	7.55258	1294	0
1522658329.719814000	7.55266	1294	0
1522658329.719827000	7.55267	74	1
1522658329.720036000	7.55288	1294	0
1522658329.720039000	7.55288	1294	0
1522658329.720055000	7.5529	74	1
1522658329.720115000	7.55296	1294	0
1522658329.720313000	7.55316	1294	0
1522658329.720316000	7.55316	1294	0
1522658329.720330000	7.55317	74	1
1522658329.720391000	7.55323	1294	0
1522658329.720597000	7.55344	1294	0
1522658329.720599000	7.55344	1294	0
1522658329.720614000	7.55346	74	1
1522658329.720674000	7.55352	1294	0
1522658329.720738000	7.55358	901	0
1522658329.720749000	7.55359	74	1
1522658329.725075000	7.55792	1294	0
1522658329.725335000	7.55818	1294	0
1522658329.725363000	7.55821	74	1
1522658329.725612000	7.55845	1294	0
1522658329.725857000	7.5587	1294	0
1522658329.725868000	7.55871	74	1
1522658329.725927000	7.55877	1294	0
1522658329.726152000	7.55899	1294	0
1522658329.726168000	7.55901	74	1
1522658329.726229000	7.55907	1294	0
1522658329.726445000	7.55929	1294	0
1522658329.726457000	7.5593	74	1
1522658329.726515000	7.55936	1294	0
1522658329.726722000	7.55956	1294	0
1522658329.726734000	7.55958	74	1
1522658329.726792000	7.55963	1294	0
1522658329.727017000	7.55986	1294	0
1522658329.727032000	7.55987	74	1
1522658329.727091000	7.55993	1294	0
1522658329.727094000	7.55994	873	0
1522658329.727106000	7.55995	74	1
1522658329.727275000	7.56012	1294	0
1522658329.727341000	7.56018	1294	0
1522658329.727343000	7.56019	1294	0
1522658329.727356000	7.5602	74	1
1522658329.727558000	7.5604	1294	0
1522658329.727623000	7.56047	1294	0
1522658329.727626000	7.56047	1294	0
1522658329.727641000	7.56048	74	1
1522658329.727875000	7.56072	1294	0
1522658329.727878000	7.56072	1294	0
1522658329.727893000	7.56074	74	1
1522658329.727951000	7.56079	1294	0
1522658329.727954000	7.5608	1294	0
1522658329.727969000	7.56081	74	1
1522658329.728144000	7.56099	1294	0
1522658329.728215000	7.56106	1294	0
1522658329.728217000	7.56106	1294	0
1522658329.728220000	7.56106	1294	0
1522658329.728233000	7.56108	74	1
1522658329.728386000	7.56123	1294	0
1522658329.728451000	7.56129	1294	0
1522658329.728453000	7.5613	1294	0
1522658329.728465000	7.56131	74	1
1522658329.728676000	7.56152	1226	0
1522658329.729346000	7.56219	112	1
1522658329.734437000	7.56728	198	1
1522658329.758067000	7.59091	74	0
1522658329.778733000	7.61158	145	0
1522658329.778735000	7.61158	104	0
1522658329.778791000	7.61163	74	1
1522658329.778860000	7.6117	112	0
1522658329.779782000	7.61262	112	1
1522658329.837766000	7.67061	74	0
1522658329.887121000	7.71996	368	1
1522658329.903617000	7.73646	74	0
1522658329.904769000	7.73761	183	0
1522658329.905127000	7.73797	1294	0
1522658329.905150000	7.73799	74	1
1522658329.905217000	7.73806	1294	0
1522658329.905450000	7.73829	1294	0
1522658329.905464000	7.73831	74	1
1522658329.905727000	7.73857	1294	0
1522658329.906006000	7.73885	1294	0
1522658329.906018000	7.73886	74	1
1522658329.906079000	7.73892	1294	0
1522658329.906258000	7.7391	1294	0
1522658329.906274000	7.73912	74	1
1522658329.906333000	7.73918	1294	0
1522658329.906398000	7.73924	1294	0
1522658329.906408000	7.73925	74	1
1522658329.906552000	7.73939	1294	0
1522658329.906620000	7.73946	1294	0
1522658329.906631000	7.73947	74	1
1522658329.906693000	7.73954	1294	0
1522658329.906842000	7.73968	1294	0
1522658329.906856000	7.7397	74	1
1522658329.906918000	7.73976	1294	0
1522658329.906920000	7.73976	1294	0
1522658329.906931000	7.73977	74	1
1522658329.907153000	7.74	1294	0
1522658329.907224000	7.74007	1294	0
1522658329.907226000	7.74007	1294	0
1522658329.907229000	7.74007	1294	0
1522658329.907242000	7.74008	74	1
1522658329.907299000	7.74014	1294	0
1522658329.907438000	7.74028	1294	0
1522658329.907441000	7.74028	1294	0
1522658329.907456000	7.7403	74	1
1522658329.907516000	7.74036	1294	0
1522658329.907518000	7.74036	1294	0
1522658329.907533000	7.74038	74	1
1522658329.907694000	7.74054	1294	0
1522658329.907761000	7.7406	1294	0
1522658329.907771000	7.74061	74	1
1522658329.907884000	7.74073	1294	0
1522658329.907954000	7.7408	1294	0
1522658329.907964000	7.74081	74	1
1522658329.908024000	7.74087	1294	0
1522658329.908091000	7.74093	1294	0
1522658329.908094000	7.74094	508	0
1522658329.908104000	7.74095	74	1
1522658329.908247000	7.74109	1294	0
1522658329.908312000	7.74115	1294	0
1522658329.908314000	7.74116	1294	0
1522658329.908326000	7.74117	74	1
1522658329.908538000	7.74138	1294	0
1522658329.908670000	7.74151	1294	0
1522658329.908672000	7.74151	1294	0
1522658329.908685000	7.74153	74	1
1522658329.908844000	7.74169	1294	0
1522658329.908912000	7.74175	1294	0
1522658329.908923000	7.74177	74	1
1522658329.908986000	7.74183	1294	0
1522658329.909137000	7.74198	1294	0
1522658329.909151000	7.74199	74	1
1522658329.909214000	7.74206	1294	0
1522658329.909216000	7.74206	1294	0
1522658329.909228000	7.74207	74	1
1522658329.909288000	7.74213	1294	0
1522658329.909485000	7.74233	1294	0
1522658329.909494000	7.74234	74	1
1522658329.909554000	7.7424	1294	0
1522658329.910385000	7.74323	1294	0
1522658329.910443000	7.74329	74	1
1522658329.910627000	7.74347	1294	0
1522658329.910670000	7.74351	1294	0
1522658329.910682000	7.74352	74	1
1522658329.910913000	7.74376	1294	0
1522658329.910986000	7.74383	1294	0
1522658329.910996000	7.74384	74	1
1522658329.911099000	7.74394	1294	0
1522658329.911187000	7.74403	1294	0
1522658329.911200000	7.74404	74	1
1522658329.911261000	7.7441	1294	0
1522658329.911485000	7.74433	1294	0
1522658329.911499000	7.74434	74	1
1522658329.911560000	7.7444	1294	0
1522658329.911741000	7.74458	1294	0
1522658329.911755000	7.7446	74	1
1522658329.911815000	7.74466	1294	0
1522658329.911880000	7.74472	1294	0
1522658329.911890000	7.74473	74	1
1522658329.912021000	7.74486	1294	0
1522658329.912125000	7.74497	1294	0
1522658329.912138000	7.74498	74	1
1522658329.912402000	7.74524	1294	0
1522658329.912640000	7.74548	1294	0
1522658329.912655000	7.7455	74	1
1522658329.912712000	7.74555	1294	0
1522658329.912915000	7.74576	1294	0
1522658329.912930000	7.74577	74	1
1522658329.913045000	7.74589	1294	0
1522658329.913107000	7.74595	1294	0
1522658329.913118000	7.74596	74	1
1522658329.913177000	7.74602	1294	0
1522658329.913179000	7.74602	1294	0
1522658329.913191000	7.74603	74	1
1522658329.913342000	7.74618	1294	0
1522658329.913408000	7.74625	1294	0
1522658329.913418000	7.74626	74	1
1522658329.913477000	7.74632	1294	0
1522658329.913479000	7.74632	1294	0
1522658329.913491000	7.74633	74	1
1522658329.913659000	7.7465	1294	0
1522658329.913726000	7.74657	1294	0
1522658329.913736000	7.74658	74	1
1522658329.913944000	7.74679	1294	0
1522658329.913947000	7.74679	1294	0
1522658329.913965000	7.74681	74	1
1522658329.914026000	7.74687	1294	0
1522658329.914091000	7.74693	1294	0
1522658329.914103000	7.74695	74	1
1522658329.914238000	7.74708	1294	0
1522658329.914241000	7.74708	1294	0
1522658329.914252000	7.74709	74	1
1522658329.914311000	7.74715	1294	0
1522658329.914377000	7.74722	1294	0
1522658329.914388000	7.74723	74	1
1522658329.914505000	7.74735	1294	0
1522658329.914569000	7.74741	1294	0
1522658329.914579000	7.74742	74	1
1522658329.914640000	7.74748	1294	0
1522658329.914782000	7.74762	1294	0
1522658329.914796000	7.74764	74	1
1522658329.914934000	7.74778	1294	0
1522658329.915000000	7.74784	1294	0
1522658329.915010000	7.74785	74	1
1522658329.915071000	7.74791	1294	0
1522658329.915211000	7.74805	1294	0
1522658329.915220000	7.74806	74	1
1522658329.915295000	7.74814	1294	0
1522658329.915365000	7.74821	1294	0
1522658329.915375000	7.74822	74	1
1522658329.915491000	7.74833	1294	0
1522658329.915786000	7.74863	1294	0
1522658329.915797000	7.74864	74	1
1522658329.915861000	7.7487	1294	0
1522658329.915864000	7.74871	670	0
1522658329.915880000	7.74872	74	1
1522658329.916073000	7.74892	112	1
1522658329.933343000	7.76619	174	1
1522658329.949906000	7.78275	74	0
1522658329.990409000	7.82325	220	0
1522658329.990412000	7.82325	104	0
1522658329.990471000	7.82331	74	1
1522658329.990538000	7.82338	112	0
1522658329.990856000	7.8237	112	1
1522658330.033542000	7.86638	369	1
1522658330.050411000	7.88325	74	0
1522658330.051316000	7.88416	153	0
1522658330.051443000	7.88429	467	0
1522658330.051446000	7.88429	112	0
1522658330.051471000	7.88431	74	1
1522658330.051858000	7.8847	112	1
1522658330.066895000	7.89974	222	1
1522658330.083255000	7.9161	74	0
1522658330.100938000	7.93378	196	1
1522658330.101031000	7.93387	199	1
1522658330.103525000	7.93637	146	0
1522658330.103528000	7.93637	104	0
1522658330.103581000	7.93642	74	1
1522658330.103645000	7.93649	112	0
1522658330.104568000	7.93741	112	1
1522658330.118771000	7.95161	74	0
1522658330.138107000	7.97095	146	0
1522658330.138110000	7.97095	104	0
1522658330.138170000	7.97101	74	1
1522658330.138238000	7.97108	112	0
1522658330.139083000	7.97193	112	1
1522658330.140383000	7.97323	146	0
1522658330.140455000	7.9733	104	0
1522658330.140468000	7.97331	74	1
1522658330.154472000	7.98731	375	1
1522658330.181654000	8.0145	74	0
1522658330.202678000	8.03552	146	0
1522658330.202761000	8.0356	104	0
1522658330.202763000	8.03561	112	0
1522658330.202779000	8.03562	74	1
1522658330.203333000	8.03618	112	1
1522658330.260825000	8.09367	74	0
1522658332.056130000	9.88897	310	1
1522658332.072458000	9.9053	74	0
1522658332.094207000	9.92705	146	0
1522658332.094209000	9.92705	104	0
1522658332.094245000	9.92709	74	1
1522658332.094324000	9.92717	112	0
1522658332.094655000	9.9275	112	1
1522658332.151782000	9.98462	74	0
1522658333.488936000	11.3218	197	1
1522658333.490524000	11.3234	347	1
1522658333.504667000	11.3375	74	0
1522658333.508563000	11.3414	74	0
1522658333.525661000	11.3585	146	0
1522658333.525663000	11.3585	104	0
1522658333.525665000	11.3585	112	0
1522658333.525696000	11.3585	74	1
1522658333.526530000	11.3594	112	1
1522658333.529314000	11.3622	146	0
1522658333.529317000	11.3622	104	0
1522658333.529343000	11.3622	74	1
1522658333.587040000	11.4199	74	0
