1522734299.660703000	0	316	1
1522734299.673505000	0.0128021	74	0
1522734299.694019000	0.0333161	140	0
1522734299.694022000	0.033319	104	0
1522734299.694024000	0.0333211	112	0
1522734299.694086000	0.0333831	74	1
1522734299.694477000	0.0337741	112	1
1522734299.747320000	0.086617	74	0
1522734302.141075000	2.48037	188	1
1522734302.158744000	2.49804	74	0
1522734302.205529000	2.54483	233	0
1522734302.205617000	2.54491	335	0
1522734302.205620000	2.54492	112	0
1522734302.205638000	2.54493	74	1
1522734302.206033000	2.54533	112	1
1522734302.218586000	2.55788	74	0
1522734302.261727000	2.60102	188	1
1522734302.274398000	2.6137	74	0
1522734302.312807000	2.6521	171	0
1522734302.312903000	2.6522	317	0
1522734302.312905000	2.6522	112	0
1522734302.312928000	2.65223	74	1
1522734302.313382000	2.65268	112	1
1522734302.370423000	2.70972	74	0
1522734302.568331000	2.90763	189	1
1522734302.581656000	2.92095	74	0
1522734302.620144000	2.95944	147	0
1522734302.620239000	2.95954	365	0
1522734302.620241000	2.95954	112	0
1522734302.620258000	2.95956	74	1
1522734302.620642000	2.95994	112	1
1522734302.673694000	3.01299	74	0
1522734302.885106000	3.2244	191	1
1522734302.898369000	3.23767	74	0
1522734302.941440000	3.28074	147	0
1522734302.941526000	3.28082	354	0
1522734302.941551000	3.28085	74	1
1522734302.941832000	3.28113	112	0
1522734302.942011000	3.28131	112	1
1522734302.965595000	3.30489	74	0
1522734303.121731000	3.46103	192	1
1522734303.134037000	3.47333	74	0
1522734303.169209000	3.50851	148	0
1522734303.169212000	3.50851	322	0
1522734303.169268000	3.50856	74	1
1522734303.169345000	3.50864	112	0
1522734303.169748000	3.50905	112	1
1522734303.222713000	3.56201	74	0
1522734303.654280000	3.99358	195	1
1522734303.677048000	4.01635	74	0
1522734303.712324000	4.05162	170	0
1522734303.712434000	4.05173	315	0
1522734303.712437000	4.05173	112	0
1522734303.712462000	4.05176	74	1
1522734303.712836000	4.05213	112	1
1522734303.745861000	4.08516	196	1
1522734303.758663000	4.09796	74	0
1522734303.793011000	4.13231	148	0
1522734303.793089000	4.13239	330	0
1522734303.793091000	4.13239	112	0
1522734303.793106000	4.1324	74	1
1522734303.793396000	4.13269	112	1
1522734303.845579000	4.18488	198	1
1522734303.845627000	4.18492	74	0
1522734303.858972000	4.19827	74	0
1522734303.895334000	4.23463	147	0
1522734303.895424000	4.23472	314	0
1522734303.895426000	4.23472	112	0
1522734303.895441000	4.23474	74	1
1522734303.895771000	4.23507	112	1
1522734303.945440000	4.28474	199	1
1522734303.949353000	4.28865	74	0
1522734303.958275000	4.29757	74	0
1522734303.991816000	4.33111	148	0
1522734303.991818000	4.33112	282	0
1522734303.991820000	4.33112	104	0
1522734303.991858000	4.33116	74	1
1522734303.991925000	4.33122	112	0
1522734303.992275000	4.33157	112	1
1522734304.046168000	4.38547	74	0
1522734304.996047000	5.33534	203	1
1522734305.008959000	5.34826	74	0
1522734305.045170000	5.38447	171	0
1522734305.045172000	5.38447	288	0
1522734305.045237000	5.38453	74	1
1522734305.045361000	5.38466	104	0
1522734305.045439000	5.38474	112	0
1522734305.045451000	5.38475	74	1
1522734305.045778000	5.38508	112	1
1522734305.097432000	5.43673	204	1
1522734305.098263000	5.43756	74	0
1522734305.110615000	5.44991	74	0
1522734305.145197000	5.48449	148	0
1522734305.145200000	5.4845	319	0
1522734305.145236000	5.48453	74	1
1522734305.145316000	5.48461	112	0
1522734305.145649000	5.48495	112	1
1522734305.197575000	5.53687	74	0
1522734305.359594000	5.69889	204	1
1522734305.373112000	5.71241	74	0
1522734305.408101000	5.7474	170	0
1522734305.408104000	5.7474	324	0
1522734305.408144000	5.74744	74	1
1522734305.408210000	5.74751	112	0
1522734305.408555000	5.74785	112	1
1522734305.461461000	5.80076	74	0
1522734306.830980000	7.17028	210	1
1522734306.843430000	7.18273	74	0
1522734306.876140000	7.21544	171	0
1522734306.876261000	7.21556	291	0
1522734306.876274000	7.21557	74	1
1522734306.877547000	7.21684	104	0
1522734306.877549000	7.21685	112	0
1522734306.877566000	7.21686	74	1
1522734306.877968000	7.21727	112	1
1522734306.930409000	7.26971	74	0
1522734307.171994000	7.51129	214	1
1522734307.184697000	7.52399	74	0
1522734307.230325000	7.56962	147	0
1522734307.230777000	7.57007	336	0
1522734307.230779000	7.57008	112	0
1522734307.230807000	7.5701	74	1
1522734307.231426000	7.57072	112	1
1522734307.244138000	7.58344	74	0
1522734307.271958000	7.61126	215	1
1522734307.284883000	7.62418	74	0
1522734307.322230000	7.66153	167	0
1522734307.322232000	7.66153	322	0
1522734307.322273000	7.66157	74	1
1522734307.322343000	7.66164	112	0
1522734307.322705000	7.662	112	1
1522734307.375228000	7.71452	74	0
1522734307.858865000	8.19816	216	1
1522734307.871618000	8.21092	74	0
1522734307.908518000	8.24782	144	0
1522734307.908520000	8.24782	317	0
1522734307.908571000	8.24787	74	1
1522734307.908656000	8.24795	112	0
1522734307.909004000	8.2483	112	1
1522734307.961303000	8.3006	74	0
1522734308.334740000	8.67404	199	1
1522734308.347667000	8.68696	74	0
1522734308.467546000	8.80684	216	0
1522734308.467837000	8.80713	1294	0
1522734308.467860000	8.80716	74	1
1522734308.468120000	8.80742	1294	0
1522734308.468423000	8.80772	1294	0
1522734308.468445000	8.80774	74	1
1522734308.468708000	8.80801	1294	0
1522734308.468989000	8.80829	1294	0
1522734308.469003000	8.8083	74	1
1522734308.469267000	8.80856	1294	0
1522734308.469543000	8.80884	1294	0
1522734308.469555000	8.80885	74	1
1522734308.469811000	8.80911	1207	0
1522734308.488356000	8.82765	1294	0
1522734308.488415000	8.82771	74	1
1522734308.488646000	8.82794	1294	0
1522734308.488920000	8.82822	1294	0
1522734308.488934000	8.82823	74	1
1522734308.489216000	8.82851	1294	0
1522734308.489509000	8.82881	1294	0
1522734308.489523000	8.82882	74	1
1522734308.489785000	8.82908	1294	0
1522734308.490100000	8.8294	1294	0
1522734308.490117000	8.82941	74	1
1522734308.490357000	8.82965	1294	0
1522734308.490664000	8.82996	1294	0
1522734308.490678000	8.82998	74	1
1522734308.490932000	8.83023	1294	0
1522734308.491204000	8.8305	1294	0
1522734308.491219000	8.83052	74	1
1522734308.491495000	8.83079	1294	0
1522734308.491774000	8.83107	1294	0
1522734308.491786000	8.83108	74	1
1522734308.491962000	8.83126	929	0
1522734308.492279000	8.83158	1294	0
1522734308.492292000	8.83159	74	1
1522734308.492557000	8.83185	1294	0
1522734308.492830000	8.83213	1294	0
1522734308.492842000	8.83214	74	1
1522734308.493124000	8.83242	1294	0
1522734308.493401000	8.8327	1294	0
1522734308.493416000	8.83271	74	1
1522734308.493529000	8.83283	763	0
1522734308.686630000	9.02593	74	1
1522734308.751676000	9.09097	1294	0
1522734308.751932000	9.09123	1294	0
1522734308.751953000	9.09125	74	1
1522734308.752572000	9.09187	1294	0
1522734308.752798000	9.0921	1294	0
1522734308.752819000	9.09212	74	1
1522734308.753667000	9.09296	1294	0
1522734308.753940000	9.09324	1294	0
1522734308.753955000	9.09325	74	1
1522734308.754232000	9.09353	1294	0
1522734308.754510000	9.09381	1294	0
1522734308.754529000	9.09383	74	1
1522734308.755129000	9.09443	1294	0
1522734308.755391000	9.09469	1294	0
1522734308.755404000	9.0947	74	1
1522734308.755821000	9.09512	1294	0
1522734308.756046000	9.09534	1294	0
1522734308.756066000	9.09536	74	1
1522734308.756355000	9.09565	1294	0
1522734308.756358000	9.09565	110	0
1522734308.756372000	9.09567	74	1
1522734308.764712000	9.10401	1294	0
1522734308.764999000	9.1043	1294	0
1522734308.765019000	9.10432	74	1
1522734308.765298000	9.10459	1294	0
1522734308.765580000	9.10488	1294	0
1522734308.765594000	9.10489	74	1
1522734308.765879000	9.10518	1294	0
1522734308.766285000	9.10558	1294	0
1522734308.766299000	9.1056	74	1
1522734308.766360000	9.10566	1294	0
1522734308.766545000	9.10584	1294	0
1522734308.766560000	9.10586	74	1
1522734308.766622000	9.10592	1294	0
1522734308.766625000	9.10592	1294	0
1522734308.766638000	9.10594	74	1
1522734308.766855000	9.10615	1294	0
1522734308.766930000	9.10623	1294	0
1522734308.766932000	9.10623	1294	0
1522734308.766935000	9.10623	660	0
1522734308.766947000	9.10624	74	1
1522734308.767133000	9.10643	1294	0
1522734308.767218000	9.10652	1294	0
1522734308.767220000	9.10652	1294	0
1522734308.767223000	9.10652	1294	0
1522734308.767235000	9.10653	74	1
1522734308.767442000	9.10674	1294	0
1522734308.767508000	9.10681	1294	0
1522734308.767510000	9.10681	143	0
1522734308.767523000	9.10682	74	1
1522734308.774973000	9.11427	1294	0
1522734308.775340000	9.11464	1294	0
1522734308.775479000	9.11478	74	1
1522734308.775588000	9.11489	1294	0
1522734308.775662000	9.11496	1294	0
1522734308.775674000	9.11497	74	1
1522734308.775739000	9.11504	1294	0
1522734308.775862000	9.11516	1294	0
1522734308.775873000	9.11517	74	1
1522734308.775937000	9.11523	1294	0
1522734308.776004000	9.1153	1294	0
1522734308.776016000	9.11531	74	1
1522734308.776196000	9.11549	1294	0
1522734308.776267000	9.11556	1294	0
1522734308.776278000	9.11558	74	1
1522734308.776496000	9.11579	1294	0
1522734308.776498000	9.1158	1294	0
1522734308.776518000	9.11582	74	1
1522734308.776590000	9.11589	1294	0
1522734308.776593000	9.11589	187	0
1522734308.776623000	9.11592	74	1
1522734308.780229000	9.11953	1294	0
1522734308.780510000	9.11981	1294	0
1522734308.780525000	9.11982	74	1
1522734308.780625000	9.11992	1294	0
1522734308.780787000	9.12008	1294	0
1522734308.780801000	9.1201	74	1
1522734308.780906000	9.1202	1294	0
1522734308.781063000	9.12036	1294	0
1522734308.781076000	9.12037	74	1
1522734308.781182000	9.12048	1294	0
1522734308.781359000	9.12066	1294	0
1522734308.781370000	9.12067	74	1
1522734308.781460000	9.12076	1294	0
1522734308.781528000	9.12083	1294	0
1522734308.781539000	9.12084	74	1
1522734308.781638000	9.12093	1294	0
1522734308.781728000	9.12103	1294	0
1522734308.781739000	9.12104	74	1
1522734308.781800000	9.1211	1294	0
1522734308.781926000	9.12122	1294	0
1522734308.781937000	9.12123	74	1
1522734308.782054000	9.12135	1294	0
1522734308.782056000	9.12135	1294	0
1522734308.782069000	9.12137	74	1
1522734308.782150000	9.12145	1119	0
1522734308.782152000	9.12145	112	0
1522734308.782162000	9.12146	74	1
1522734308.782358000	9.12165	74	1
1522734308.782620000	9.12192	112	1
1522734308.794306000	9.1336	74	0
1522734308.901290000	9.24059	144	1
1522734308.914887000	9.25418	74	0
1522734308.917946000	9.25724	198	1
1522734308.930278000	9.26958	74	0
1522734308.933165000	9.27246	203	0
1522734308.933512000	9.27281	1294	0
1522734308.933542000	9.27284	74	1
1522734308.933821000	9.27312	1294	0
1522734308.933998000	9.2733	1294	0
1522734308.934011000	9.27331	74	1
1522734308.934093000	9.27339	1294	0
1522734308.934274000	9.27357	1294	0
1522734308.934284000	9.27358	74	1
1522734308.934372000	9.27367	1294	0
1522734308.934553000	9.27385	1294	0
1522734308.934565000	9.27386	74	1
1522734308.934646000	9.27394	1294	0
1522734308.934851000	9.27415	1294	0
1522734308.934862000	9.27416	74	1
1522734308.935129000	9.27443	1294	0
1522734308.935197000	9.27449	500	0
1522734308.935199000	9.2745	142	0
1522734308.935212000	9.27451	74	1
1522734308.935345000	9.27464	112	1
1522734308.951481000	9.29078	142	0
1522734308.951484000	9.29078	104	0
1522734308.951554000	9.29085	74	1
1522734308.951900000	9.2912	112	0
1522734308.953395000	9.29269	112	1
1522734309.017742000	9.35704	74	0
1522734309.115526000	9.45482	351	1
1522734309.127755000	9.46705	74	0
1522734309.128617000	9.46791	202	0
1522734309.128973000	9.46827	1294	0
1522734309.128993000	9.46829	74	1
1522734309.129267000	9.46856	1294	0
1522734309.129334000	9.46863	1294	0
1522734309.129345000	9.46864	74	1
1522734309.129403000	9.4687	1294	0
1522734309.129543000	9.46884	1294	0
1522734309.129559000	9.46886	74	1
1522734309.129618000	9.46891	1294	0
1522734309.129683000	9.46898	1294	0
1522734309.129694000	9.46899	74	1
1522734309.129836000	9.46913	1294	0
1522734309.129934000	9.46923	1294	0
1522734309.129948000	9.46924	74	1
1522734309.130113000	9.46941	1294	0
1522734309.130214000	9.46951	1294	0
1522734309.130225000	9.46952	74	1
1522734309.130372000	9.46967	74	1
1522734309.130386000	9.46968	1294	0
1522734309.130453000	9.46975	1294	0
1522734309.130465000	9.46976	74	1
1522734309.130523000	9.46982	1294	0
1522734309.130753000	9.47005	1294	0
1522734309.130767000	9.47006	74	1
1522734309.130826000	9.47012	1294	0
1522734309.131025000	9.47032	1294	0
1522734309.131040000	9.47034	74	1
1522734309.131101000	9.4704	1294	0
1522734309.131306000	9.4706	1294	0
1522734309.131320000	9.47062	74	1
1522734309.131383000	9.47068	1294	0
1522734309.131521000	9.47082	1294	0
1522734309.131535000	9.47083	74	1
1522734309.131591000	9.47089	1294	0
1522734309.131675000	9.47097	1294	0
1522734309.131678000	9.47098	1294	0
1522734309.131688000	9.47099	74	1
1522734309.131817000	9.47111	1294	0
1522734309.131933000	9.47123	1294	0
1522734309.131945000	9.47124	74	1
1522734309.132093000	9.47139	1294	0
1522734309.132205000	9.4715	1294	0
1522734309.132218000	9.47151	74	1
1522734309.132276000	9.47157	1294	0
1522734309.132384000	9.47168	1294	0
1522734309.132394000	9.47169	74	1
1522734309.132547000	9.47184	1294	0
1522734309.132549000	9.47185	1294	0
1522734309.132571000	9.47187	74	1
1522734309.132660000	9.47196	1294	0
1522734309.132824000	9.47212	1294	0
1522734309.132826000	9.47212	1294	0
1522734309.132844000	9.47214	74	1
1522734309.132959000	9.47226	1294	0
1522734309.133129000	9.47243	1294	0
1522734309.133131000	9.47243	1294	0
1522734309.133145000	9.47244	74	1
1522734309.133205000	9.4725	1294	0
1522734309.133272000	9.47257	1294	0
1522734309.133282000	9.47258	74	1
1522734309.133398000	9.4727	1294	0
1522734309.133465000	9.47276	1294	0
1522734309.133476000	9.47277	74	1
1522734309.133539000	9.47284	1294	0
1522734309.133632000	9.47293	1294	0
1522734309.133643000	9.47294	74	1
1522734309.133756000	9.47305	1294	0
1522734309.133821000	9.47312	1294	0
1522734309.133832000	9.47313	74	1
1522734309.133912000	9.47321	1294	0
1522734309.134062000	9.47336	1294	0
1522734309.134075000	9.47337	74	1
1522734309.134133000	9.47343	1294	0
1522734309.134203000	9.4735	1294	0
1522734309.134213000	9.47351	74	1
1522734309.134342000	9.47364	1294	0
1522734309.134480000	9.47378	1294	0
1522734309.134493000	9.47379	74	1
1522734309.134620000	9.47392	1294	0
1522734309.134687000	9.47398	856	0
1522734309.134698000	9.47399	74	1
1522734309.134843000	9.47414	112	1
1522734309.162720000	9.50202	175	1
1522734309.175501000	9.5148	74	0
1522734309.200419000	9.53972	218	0
1522734309.200421000	9.53972	104	0
1522734309.200475000	9.53977	74	1
1522734309.200540000	9.53984	112	0
1522734309.212009000	9.55131	112	1
1522734309.266039000	9.60534	74	0
1522734309.370061000	9.70936	402	1
1522734309.381919000	9.72122	348	1
1522734309.388034000	9.72733	74	0
1522734309.400661000	9.73996	74	0
1522734309.408641000	9.74794	144	0
1522734309.408642000	9.74794	104	0
1522734309.408664000	9.74796	74	1
1522734309.408728000	9.74802	112	0
1522734309.409749000	9.74905	112	1
1522734309.421855000	9.76115	144	0
1522734309.421857000	9.76115	104	0
1522734309.421880000	9.76118	74	1
1522734309.462891000	9.80219	74	0
1522734311.288306000	11.6276	310	1
