1522717014.846684000	0	319	1
1522717014.860001000	0.0133171	74	0
1522717014.881454000	0.03477	140	0
1522717014.881456000	0.0347719	104	0
1522717014.881458000	0.0347741	112	0
1522717014.881515000	0.034831	74	1
1522717014.881893000	0.0352089	112	1
1522717014.935286000	0.0886021	74	0
1522717017.155743000	2.30906	188	1
1522717017.169114000	2.32243	74	0
1522717017.213873000	2.36719	234	0
1522717017.214311000	2.36763	327	0
1522717017.214313000	2.36763	112	0
1522717017.214337000	2.36765	74	1
1522717017.214491000	2.36781	112	1
1522717017.227015000	2.38033	74	0
1522717017.278341000	2.43166	188	1
1522717017.291184000	2.4445	74	0
1522717017.334898000	2.48821	147	0
1522717017.334901000	2.48822	325	0
1522717017.334943000	2.48826	74	1
1522717017.335012000	2.48833	112	0
1522717017.335367000	2.48868	112	1
1522717017.348085000	2.5014	74	0
1522717017.591104000	2.74442	189	1
1522717017.603585000	2.7569	74	0
1522717017.640579000	2.7939	147	0
1522717017.640667000	2.79398	363	0
1522717017.640670000	2.79399	112	0
1522717017.640690000	2.79401	74	1
1522717017.641073000	2.79439	112	1
1522717017.696677000	2.84999	74	0
1522717017.963411000	3.11673	191	1
1522717017.976016000	3.12933	74	0
1522717018.008937000	3.16225	170	0
1522717018.009036000	3.16235	361	0
1522717018.009038000	3.16235	112	0
1522717018.009054000	3.16237	74	1
1522717018.009450000	3.16277	112	1
1522717018.062467000	3.21578	74	0
1522717018.186345000	3.33966	192	1
1522717018.199585000	3.3529	74	0
1522717018.233083000	3.3864	147	0
1522717018.233187000	3.3865	347	0
1522717018.233189000	3.38651	112	0
1522717018.233208000	3.38652	74	1
1522717018.233562000	3.38688	112	1
1522717018.285368000	3.43868	74	0
1522717018.782339000	3.93566	195	1
1522717018.795273000	3.94859	74	0
1522717018.828725000	3.98204	170	0
1522717018.828814000	3.98213	351	0
1522717018.828816000	3.98213	112	0
1522717018.828840000	3.98216	74	1
1522717018.829205000	3.98252	112	1
1522717018.880685000	4.034	74	0
1522717018.978971000	4.13229	196	1
1522717018.991809000	4.14512	74	0
1522717019.030921000	4.18424	147	0
1522717019.030924000	4.18424	326	0
1522717019.030968000	4.18428	74	1
1522717019.031039000	4.18436	112	0
1522717019.031512000	4.18483	112	1
1522717019.043788000	4.1971	74	0
1522717019.072141000	4.22546	198	1
1522717019.085255000	4.23857	74	0
1522717019.118012000	4.27133	148	0
1522717019.118014000	4.27133	323	0
1522717019.118055000	4.27137	74	1
1522717019.118126000	4.27144	112	0
1522717019.118552000	4.27187	112	1
1522717019.171184000	4.3245	74	0
1522717019.172970000	4.32629	198	1
1522717019.185402000	4.33872	74	0
1522717019.217109000	4.37042	148	0
1522717019.217203000	4.37052	317	0
1522717019.217205000	4.37052	112	0
1522717019.217223000	4.37054	74	1
1522717019.217537000	4.37085	112	1
1522717019.269927000	4.42324	74	0
1522717019.273380000	4.4267	199	1
1522717019.285897000	4.43921	74	0
1522717019.317691000	4.47101	144	0
1522717019.317806000	4.47112	317	0
1522717019.317809000	4.47113	112	0
1522717019.317830000	4.47115	74	1
1522717019.318234000	4.47155	112	1
1522717019.370941000	4.52426	74	0
1522717020.548383000	5.7017	205	1
1522717020.560670000	5.71399	74	0
1522717020.596961000	5.75028	171	0
1522717020.596963000	5.75028	313	0
1522717020.597007000	5.75032	74	1
1522717020.597082000	5.7504	112	0
1522717020.597492000	5.75081	112	1
1522717020.650080000	5.8034	74	0
1522717020.856222000	6.00954	205	1
1522717020.868888000	6.0222	74	0
1522717020.902356000	6.05567	171	0
1522717020.902450000	6.05577	312	0
1522717020.902452000	6.05577	112	0
1522717020.902470000	6.05579	74	1
1522717020.902857000	6.05617	112	1
1522717020.956004000	6.10932	74	0
1522717021.077795000	6.23111	206	1
1522717021.104173000	6.25749	74	0
1522717021.144087000	6.2974	147	0
1522717021.144089000	6.29741	285	0
1522717021.144137000	6.29745	74	1
1522717021.145192000	6.29851	104	0
1522717021.145267000	6.29858	112	0
1522717021.145281000	6.2986	74	1
1522717021.145651000	6.29897	112	1
1522717021.158836000	6.31215	74	0
1522717021.793158000	6.94647	209	1
1522717021.806083000	6.9594	74	0
1522717021.836841000	6.99016	170	0
1522717021.836844000	6.99016	286	0
1522717021.836845000	6.99016	104	0
1522717021.836886000	6.9902	74	1
1522717021.836959000	6.99027	112	0
1522717021.837341000	6.99066	112	1
1522717021.890299000	7.04362	74	0
1522717022.261165000	7.41448	192	1
1522717022.273985000	7.4273	74	0
1522717022.354537000	7.50785	216	0
1522717022.354893000	7.50821	1294	0
1522717022.354909000	7.50822	74	1
1522717022.355168000	7.50848	1294	0
1522717022.355382000	7.5087	1294	0
1522717022.355394000	7.50871	74	1
1522717022.355456000	7.50877	1294	0
1522717022.355662000	7.50898	1294	0
1522717022.355675000	7.50899	74	1
1522717022.355732000	7.50905	1294	0
1522717022.355951000	7.50927	1294	0
1522717022.355965000	7.50928	74	1
1522717022.356200000	7.50952	1153	0
1522717022.371598000	7.52491	1294	0
1522717022.371656000	7.52497	74	1
1522717022.371939000	7.52525	1294	0
1522717022.372028000	7.52534	1294	0
1522717022.372040000	7.52536	74	1
1522717022.372240000	7.52556	1294	0
1522717022.372242000	7.52556	1294	0
1522717022.372255000	7.52557	74	1
1522717022.372316000	7.52563	1294	0
1522717022.372508000	7.52582	1294	0
1522717022.372520000	7.52584	74	1
1522717022.372581000	7.5259	1294	0
1522717022.372653000	7.52597	1294	0
1522717022.372664000	7.52598	74	1
1522717022.372808000	7.52612	1294	0
1522717022.372811000	7.52613	1294	0
1522717022.372824000	7.52614	74	1
1522717022.372886000	7.5262	1294	0
1522717022.373107000	7.52642	1294	0
1522717022.373110000	7.52643	895	0
1522717022.373123000	7.52644	74	1
1522717022.373774000	7.52709	1294	0
1522717022.373847000	7.52716	1294	0
1522717022.373857000	7.52717	74	1
1522717022.374067000	7.52738	1294	0
1522717022.374133000	7.52745	1294	0
1522717022.374146000	7.52746	74	1
1522717022.374385000	7.5277	1294	0
1522717022.374525000	7.52784	773	0
1522717022.374536000	7.52785	74	1
1522717022.757387000	7.9107	1294	0
1522717022.757390000	7.91071	1294	0
1522717022.757457000	7.91077	74	1
1522717022.757603000	7.91092	1294	0
1522717022.757677000	7.91099	1294	0
1522717022.757697000	7.91101	74	1
1522717022.757764000	7.91108	1294	0
1522717022.757888000	7.9112	1294	0
1522717022.757901000	7.91122	74	1
1522717022.757958000	7.91127	1294	0
1522717022.758042000	7.91136	1294	0
1522717022.758050000	7.91137	74	1
1522717022.758139000	7.91145	1294	0
1522717022.758209000	7.91153	1294	0
1522717022.758223000	7.91154	74	1
1522717022.758279000	7.9116	1294	0
1522717022.758435000	7.91175	1294	0
1522717022.758447000	7.91176	74	1
1522717022.758542000	7.91186	1112	0
1522717022.758917000	7.91223	1294	0
1522717022.758920000	7.91224	180	0
1522717022.758942000	7.91226	74	1
1522717022.767474000	7.92079	1294	0
1522717022.767730000	7.92105	1294	0
1522717022.767759000	7.92108	74	1
1522717022.767859000	7.92118	1294	0
1522717022.768024000	7.92134	1294	0
1522717022.768035000	7.92135	74	1
1522717022.768134000	7.92145	1294	0
1522717022.768281000	7.9216	1294	0
1522717022.768294000	7.92161	74	1
1522717022.768352000	7.92167	1294	0
1522717022.768428000	7.92174	1294	0
1522717022.768438000	7.92175	74	1
1522717022.768562000	7.92188	1294	0
1522717022.768645000	7.92196	1294	0
1522717022.768655000	7.92197	74	1
1522717022.768836000	7.92215	1294	0
1522717022.769149000	7.92247	1294	0
1522717022.769165000	7.92248	74	1
1522717022.769293000	7.92261	764	0
1522717022.774448000	7.92776	144	1
1522717022.779154000	7.93247	1294	0
1522717022.779157000	7.93247	1294	0
1522717022.779202000	7.93252	74	1
1522717022.779427000	7.93274	1294	0
1522717022.779429000	7.93274	1294	0
1522717022.779453000	7.93277	74	1
1522717022.779537000	7.93285	1294	0
1522717022.779696000	7.93301	1294	0
1522717022.779710000	7.93303	74	1
1522717022.779772000	7.93309	1294	0
1522717022.779839000	7.93316	1294	0
1522717022.779850000	7.93317	74	1
1522717022.779990000	7.93331	1294	0
1522717022.779992000	7.93331	187	0
1522717022.780022000	7.93334	86	1
1522717022.780082000	7.9334	1294	0
1522717022.780093000	7.93341	86	1
1522717022.780149000	7.93347	1294	0
1522717022.780163000	7.93348	86	1
1522717022.780323000	7.93364	1294	0
1522717022.780339000	7.93366	86	1
1522717022.780624000	7.93394	1294	0
1522717022.780642000	7.93396	74	1
1522717022.782445000	7.93576	1294	0
1522717022.782714000	7.93603	1294	0
1522717022.782728000	7.93604	74	1
1522717022.782810000	7.93613	1294	0
1522717022.782992000	7.93631	1294	0
1522717022.783007000	7.93632	74	1
1522717022.783091000	7.93641	1294	0
1522717022.783158000	7.93647	1294	0
1522717022.783169000	7.93649	74	1
1522717022.783269000	7.93658	1294	0
1522717022.783376000	7.93669	1294	0
1522717022.783378000	7.93669	1294	0
1522717022.783389000	7.93671	74	1
1522717022.783575000	7.93689	1294	0
1522717022.783653000	7.93697	1294	0
1522717022.783665000	7.93698	74	1
1522717022.783723000	7.93704	1294	0
1522717022.783726000	7.93704	901	0
1522717022.783740000	7.93706	86	1
1522717022.783860000	7.93718	1294	0
1522717022.783879000	7.9372	74	1
1522717022.784070000	7.93739	1294	0
1522717022.784265000	7.93758	1294	0
1522717022.784267000	7.93758	1294	0
1522717022.784269000	7.93759	210	0
1522717022.784271000	7.93759	142	0
1522717022.784286000	7.9376	74	1
1522717022.784487000	7.9378	112	1
1522717022.786735000	7.94005	74	0
1522717022.798153000	7.95147	74	0
1522717022.806071000	7.95939	203	0
1522717022.806424000	7.95974	1294	0
1522717022.806447000	7.95976	74	1
1522717022.806532000	7.95985	1294	0
1522717022.806717000	7.96003	1294	0
1522717022.806736000	7.96005	74	1
1522717022.806821000	7.96014	1294	0
1522717022.806888000	7.9602	1294	0
1522717022.806901000	7.96022	74	1
1522717022.806989000	7.9603	1294	0
1522717022.807151000	7.96047	1294	0
1522717022.807154000	7.96047	1294	0
1522717022.807172000	7.96049	74	1
1522717022.807270000	7.96059	1294	0
1522717022.807400000	7.96072	1294	0
1522717022.807402000	7.96072	500	0
1522717022.807404000	7.96072	104	0
1522717022.807406000	7.96072	112	0
1522717022.807421000	7.96074	74	1
1522717022.807536000	7.96085	112	1
1522717022.859772000	8.01309	74	0
1522717022.951458000	8.10477	197	1
1522717022.965111000	8.11843	74	0
1522717022.984539000	8.13786	140	0
1522717022.984542000	8.13786	104	0
1522717022.984587000	8.1379	74	1
1522717022.984655000	8.13797	112	0
1522717022.985357000	8.13867	112	1
1522717023.038244000	8.19156	74	0
1522717023.108271000	8.26159	350	1
1522717023.121041000	8.27436	74	0
1522717023.121733000	8.27505	180	0
1522717023.122091000	8.27541	1294	0
1522717023.122115000	8.27543	74	1
1522717023.122388000	8.2757	1294	0
1522717023.122588000	8.2759	1294	0
1522717023.122600000	8.27592	74	1
1522717023.122661000	8.27598	1294	0
1522717023.122882000	8.2762	1294	0
1522717023.122895000	8.27621	74	1
1522717023.122954000	8.27627	1294	0
1522717023.123025000	8.27634	1294	0
1522717023.123039000	8.27636	74	1
1522717023.123157000	8.27647	1294	0
1522717023.123232000	8.27655	1294	0
1522717023.123243000	8.27656	74	1
1522717023.123310000	8.27663	1294	0
1522717023.123312000	8.27663	1294	0
1522717023.123315000	8.27663	1294	0
1522717023.123327000	8.27664	74	1
1522717023.123472000	8.27679	1294	0
1522717023.123544000	8.27686	1294	0
1522717023.123546000	8.27686	1294	0
1522717023.123557000	8.27687	74	1
1522717023.123620000	8.27694	1294	0
1522717023.123623000	8.27694	1294	0
1522717023.123636000	8.27695	74	1
1522717023.123697000	8.27701	1294	0
1522717023.123771000	8.27709	1294	0
1522717023.123780000	8.2771	74	1
1522717023.123839000	8.27715	1294	0
1522717023.123841000	8.27716	1294	0
1522717023.123854000	8.27717	74	1
1522717023.123918000	8.27723	1294	0
1522717023.123920000	8.27724	1294	0
1522717023.123923000	8.27724	1294	0
1522717023.123936000	8.27725	74	1
1522717023.124043000	8.27736	1294	0
1522717023.124108000	8.27742	1294	0
1522717023.124110000	8.27743	1294	0
1522717023.124122000	8.27744	74	1
1522717023.124180000	8.2775	1294	0
1522717023.124243000	8.27756	1294	0
1522717023.124245000	8.27756	1294	0
1522717023.124249000	8.27757	508	0
1522717023.124262000	8.27758	74	1
1522717023.124323000	8.27764	1294	0
1522717023.124325000	8.27764	1294	0
1522717023.124335000	8.27765	74	1
1522717023.124394000	8.27771	1294	0
1522717023.124397000	8.27771	1294	0
1522717023.124409000	8.27772	74	1
1522717023.124474000	8.27779	1294	0
1522717023.124477000	8.27779	1294	0
1522717023.124479000	8.2778	1294	0
1522717023.124491000	8.27781	74	1
1522717023.124598000	8.27791	1294	0
1522717023.124663000	8.27798	1294	0
1522717023.124665000	8.27798	1294	0
1522717023.124677000	8.27799	74	1
1522717023.124740000	8.27806	1294	0
1522717023.124742000	8.27806	1294	0
1522717023.124744000	8.27806	1294	0
1522717023.124756000	8.27807	74	1
1522717023.124886000	8.2782	1294	0
1522717023.124953000	8.27827	1294	0
1522717023.124956000	8.27827	1294	0
1522717023.124968000	8.27828	74	1
1522717023.125030000	8.27835	1294	0
1522717023.125032000	8.27835	1294	0
1522717023.125035000	8.27835	1294	0
1522717023.125048000	8.27836	74	1
1522717023.125161000	8.27848	1294	0
1522717023.125222000	8.27854	1294	0
1522717023.125233000	8.27855	74	1
1522717023.125295000	8.27861	1294	0
1522717023.125298000	8.27861	358	0
1522717023.125299000	8.27861	1294	0
1522717023.125320000	8.27864	86	1
1522717023.125331000	8.27865	74	1
1522717023.125778000	8.27909	112	1
1522717023.153930000	8.30725	368	1
1522717023.157386000	8.3107	174	1
1522717023.166690000	8.32001	74	0
1522717023.187214000	8.34053	142	0
1522717023.187217000	8.34053	104	0
1522717023.187266000	8.34058	74	1
1522717023.187644000	8.34096	112	0
1522717023.188136000	8.34145	112	1
1522717023.194726000	8.34804	216	0
1522717023.194728000	8.34804	104	0
1522717023.194765000	8.34808	74	1
1522717023.241043000	8.39436	74	0
1522717023.375612000	8.52893	376	1
1522717023.391028000	8.54434	74	0
1522717023.411160000	8.56448	142	0
1522717023.411162000	8.56448	104	0
1522717023.411184000	8.5645	74	1
1522717023.411380000	8.5647	112	0
1522717023.411976000	8.56529	112	1
1522717023.465879000	8.61919	74	0
1522717025.291627000	10.4449	308	1
1522717025.304407000	10.4577	74	0
1522717025.325320000	10.4786	142	0
1522717025.325322000	10.4786	104	0
1522717025.325352000	10.4787	74	1
1522717025.325420000	10.4787	112	0
1522717025.325773000	10.4791	112	1
1522717025.386931000	10.5402	74	0
