1522736048.002518000	0	318	1
1522736048.015135000	0.0126171	74	0
1522736048.037598000	0.03508	140	0
1522736048.037600000	0.0350821	104	0
1522736048.037602000	0.035084	112	0
1522736048.037643000	0.035125	74	1
1522736048.038010000	0.0354919	112	1
1522736048.090195000	0.087677	74	0
1522736050.198223000	2.19571	188	1
1522736050.210984000	2.20847	74	0
1522736050.365927000	2.36341	233	0
1522736050.366024000	2.36351	337	0
1522736050.366026000	2.36351	112	0
1522736050.366049000	2.36353	74	1
1522736050.366478000	2.36396	112	1
1522736050.379703000	2.37719	74	0
1522736050.420722000	2.4182	188	1
1522736050.434357000	2.43184	74	0
1522736050.470298000	2.46778	148	0
1522736050.470383000	2.46786	319	0
1522736050.470385000	2.46787	112	0
1522736050.470409000	2.46789	74	1
1522736050.470783000	2.46827	112	1
1522736050.524455000	2.52194	74	0
1522736050.745976000	2.74346	189	1
1522736050.758785000	2.75627	74	0
1522736050.794747000	2.79223	147	0
1522736050.794837000	2.79232	335	0
1522736050.794838000	2.79232	104	0
1522736050.794840000	2.79232	112	0
1522736050.794857000	2.79234	74	1
1522736050.795241000	2.79272	112	1
1522736050.858049000	2.85553	74	0
1522736050.892319000	2.8898	191	1
1522736050.906474000	2.90396	74	0
1522736050.939606000	2.93709	147	0
1522736050.939701000	2.93718	354	0
1522736050.939703000	2.93719	112	0
1522736050.939720000	2.9372	74	1
1522736050.940043000	2.93753	112	1
1522736050.965952000	2.96343	193	1
1522736050.978185000	2.97567	74	0
1522736051.013700000	3.01118	148	0
1522736051.013793000	3.01128	291	0
1522736051.013795000	3.01128	104	0
1522736051.013797000	3.01128	112	0
1522736051.013819000	3.0113	74	1
1522736051.014159000	3.01164	112	1
1522736051.067053000	3.06454	74	0
1522736051.127733000	3.12522	195	1
1522736051.159566000	3.15705	74	0
1522736051.194885000	3.19237	171	0
1522736051.194887000	3.19237	320	0
1522736051.194923000	3.1924	74	1
1522736051.194990000	3.19247	112	0
1522736051.195354000	3.19284	112	1
1522736051.247044000	3.24453	74	0
1522736051.309370000	3.30685	195	1
1522736051.322221000	3.3197	74	0
1522736051.355451000	3.35293	147	0
1522736051.355552000	3.35303	305	0
1522736051.355554000	3.35304	104	0
1522736051.355575000	3.35306	74	1
1522736051.355907000	3.35339	112	0
1522736051.356068000	3.35355	112	1
1522736051.417908000	3.41539	74	0
1522736051.504529000	3.50201	196	1
1522736051.517526000	3.51501	74	0
1522736051.549187000	3.54667	148	0
1522736051.549611000	3.54709	278	0
1522736051.549613000	3.5471	104	0
1522736051.549636000	3.54712	74	1
1522736051.549703000	3.54718	112	0
1522736051.550079000	3.54756	112	1
1522736051.597709000	3.59519	198	1
1522736051.601925000	3.59941	74	0
1522736051.610769000	3.60825	74	0
1522736051.642883000	3.64037	148	0
1522736051.642886000	3.64037	280	0
1522736051.642888000	3.64037	104	0
1522736051.642928000	3.64041	74	1
1522736051.642995000	3.64048	112	0
1522736051.643398000	3.64088	112	1
1522736051.708031000	3.70551	74	0
1522736051.770102000	3.76758	200	1
1522736051.782857000	3.78034	74	0
1522736051.816023000	3.81351	144	0
1522736051.816109000	3.81359	310	0
1522736051.816112000	3.81359	112	0
1522736051.816135000	3.81362	74	1
1522736051.816488000	3.81397	112	1
1522736051.869482000	3.86696	74	0
1522736051.954122000	3.9516	200	1
1522736051.967689000	3.96517	74	0
1522736052.000678000	3.99816	147	0
1522736052.000766000	3.99825	314	0
1522736052.000791000	3.99827	74	1
1522736052.001014000	3.9985	112	0
1522736052.001293000	3.99878	112	1
1522736052.055575000	4.05306	74	0
1522736052.055911000	4.05339	202	1
1522736052.079552000	4.07703	74	0
1522736052.110961000	4.10844	147	0
1522736052.111052000	4.10853	315	0
1522736052.111076000	4.10856	74	1
1522736052.111356000	4.10884	112	0
1522736052.111456000	4.10894	112	1
1522736052.163555000	4.16104	74	0
1522736052.334919000	4.3324	203	1
1522736052.347735000	4.34522	74	0
1522736052.383211000	4.38069	171	0
1522736052.383213000	4.3807	318	0
1522736052.383250000	4.38073	74	1
1522736052.383321000	4.3808	112	0
1522736052.383712000	4.38119	112	1
1522736052.439004000	4.43649	74	0
1522736052.635387000	4.63287	204	1
1522736052.650516000	4.648	74	0
1522736052.686236000	4.68372	144	0
1522736052.686334000	4.68382	319	0
1522736052.686336000	4.68382	112	0
1522736052.686351000	4.68383	74	1
1522736052.686703000	4.68419	112	1
1522736052.740939000	4.73842	74	0
1522736052.773952000	4.77143	204	1
1522736052.788035000	4.78552	74	0
1522736052.888387000	4.88587	147	0
1522736052.888483000	4.88597	286	0
1522736052.888503000	4.88599	74	1
1522736052.888897000	4.88638	104	0
1522736052.888966000	4.88645	112	0
1522736052.888977000	4.88646	74	1
1522736052.889752000	4.88723	112	1
1522736052.908072000	4.90555	74	0
1522736053.117435000	5.11492	205	1
1522736053.130072000	5.12755	74	0
1522736053.168286000	5.16577	144	0
1522736053.168393000	5.16587	315	0
1522736053.168411000	5.16589	74	1
1522736053.168795000	5.16628	112	0
1522736053.169284000	5.16677	112	1
1522736053.221886000	5.21937	74	0
1522736053.272415000	5.2699	206	1
1522736053.286030000	5.28351	74	0
1522736053.320726000	5.31821	167	0
1522736053.320728000	5.31821	316	0
1522736053.320770000	5.31825	74	1
1522736053.320840000	5.31832	112	0
1522736053.321266000	5.31875	112	1
1522736053.374031000	5.37151	74	0
1522736053.377777000	5.37526	186	1
1522736053.390539000	5.38802	74	0
1522736053.515617000	5.5131	216	0
1522736053.515894000	5.51338	1294	0
1522736053.515919000	5.5134	74	1
1522736053.516151000	5.51363	1294	0
1522736053.516220000	5.5137	1294	0
1522736053.516233000	5.51372	74	1
1522736053.516458000	5.51394	1294	0
1522736053.516521000	5.514	1294	0
1522736053.516534000	5.51402	74	1
1522736053.516719000	5.5142	1294	0
1522736053.516790000	5.51427	1294	0
1522736053.516800000	5.51428	74	1
1522736053.517007000	5.51449	1091	0
1522736053.517010000	5.51449	135	0
1522736053.517023000	5.51451	74	1
1522736053.553947000	5.55143	1294	0
1522736053.554075000	5.55156	1294	0
1522736053.554078000	5.55156	1294	0
1522736053.554115000	5.5516	74	1
1522736053.554183000	5.55167	1294	0
1522736053.554286000	5.55177	1294	0
1522736053.554302000	5.55178	74	1
1522736053.554377000	5.55186	1294	0
1522736053.554452000	5.55193	1294	0
1522736053.554462000	5.55194	74	1
1522736053.554579000	5.55206	1294	0
1522736053.554767000	5.55225	1294	0
1522736053.554780000	5.55226	74	1
1522736053.554874000	5.55236	1294	0
1522736053.555058000	5.55254	1294	0
1522736053.555070000	5.55255	74	1
1522736053.555144000	5.55263	1294	0
1522736053.555261000	5.55274	1221	0
1522736053.555274000	5.55276	74	1
1522736053.558721000	5.5562	1294	0
1522736053.558933000	5.55642	1294	0
1522736053.558951000	5.55643	74	1
1522736053.559012000	5.55649	1294	0
1522736053.559219000	5.5567	1294	0
1522736053.559235000	5.55672	74	1
1522736053.559297000	5.55678	1294	0
1522736053.559567000	5.55705	1294	0
1522736053.559581000	5.55706	74	1
1522736053.559642000	5.55712	485	0
1522736053.762322000	5.7598	74	1
1522736053.777987000	5.77547	86	1
1522736053.876678000	5.87416	1294	0
1522736053.876793000	5.87427	1294	0
1522736053.876809000	5.87429	74	1
1522736053.876963000	5.87444	1294	0
1522736053.877043000	5.87453	1294	0
1522736053.877054000	5.87454	74	1
1522736053.877242000	5.87472	1294	0
1522736053.877326000	5.87481	1294	0
1522736053.877328000	5.87481	1294	0
1522736053.877340000	5.87482	74	1
1522736053.877539000	5.87502	1294	0
1522736053.877639000	5.87512	1294	0
1522736053.877642000	5.87512	1294	0
1522736053.877654000	5.87514	74	1
1522736053.877833000	5.87531	1294	0
1522736053.877915000	5.8754	1294	0
1522736053.877929000	5.87541	74	1
1522736053.878104000	5.87559	1294	0
1522736053.878212000	5.87569	745	0
1522736053.878222000	5.8757	74	1
1522736053.878606000	5.87609	1294	0
1522736053.878608000	5.87609	205	0
1522736053.878627000	5.87611	74	1
1522736053.895066000	5.89255	1294	0
1522736053.895159000	5.89264	1294	0
1522736053.895177000	5.89266	74	1
1522736053.895334000	5.89282	1294	0
1522736053.895625000	5.89311	1294	0
1522736053.895647000	5.89313	74	1
1522736053.895705000	5.89319	1294	0
1522736053.895960000	5.89344	1294	0
1522736053.895962000	5.89344	1294	0
1522736053.895978000	5.89346	74	1
1522736053.896211000	5.89369	1294	0
1522736053.896277000	5.89376	1294	0
1522736053.896280000	5.89376	1294	0
1522736053.896293000	5.89377	74	1
1522736053.896542000	5.89402	1294	0
1522736053.897342000	5.89482	1294	0
1522736053.897356000	5.89484	74	1
1522736053.899066000	5.89655	1294	0
1522736053.899443000	5.89692	632	0
1522736053.899458000	5.89694	74	1
1522736053.904393000	5.90188	1294	0
1522736053.904552000	5.90203	1294	0
1522736053.904573000	5.90206	74	1
1522736053.904657000	5.90214	1294	0
1522736053.904829000	5.90231	1294	0
1522736053.904843000	5.90233	74	1
1522736053.904922000	5.9024	1294	0
1522736053.905123000	5.90261	1294	0
1522736053.905140000	5.90262	74	1
1522736053.905220000	5.9027	1294	0
1522736053.905304000	5.90279	1294	0
1522736053.905314000	5.9028	74	1
1522736053.905397000	5.90288	1294	0
1522736053.905498000	5.90298	1294	0
1522736053.905508000	5.90299	74	1
1522736053.905587000	5.90307	1294	0
1522736053.905692000	5.90317	1294	0
1522736053.905702000	5.90318	74	1
1522736053.905982000	5.90346	1294	0
1522736053.906203000	5.90369	895	0
1522736053.906227000	5.90371	74	1
1522736053.913369000	5.91085	1294	0
1522736053.914016000	5.9115	1294	0
1522736053.914032000	5.91151	74	1
1522736053.914139000	5.91162	1294	0
1522736053.914286000	5.91177	1294	0
1522736053.914300000	5.91178	74	1
1522736053.914416000	5.9119	1294	0
1522736053.914511000	5.91199	1294	0
1522736053.914521000	5.912	74	1
1522736053.914583000	5.91207	1294	0
1522736053.914711000	5.91219	1294	0
1522736053.914726000	5.91221	74	1
1522736053.914803000	5.91229	1294	0
1522736053.914872000	5.91235	1294	0
1522736053.914882000	5.91236	74	1
1522736053.914989000	5.91247	1294	0
1522736053.915125000	5.91261	1294	0
1522736053.915138000	5.91262	74	1
1522736053.915266000	5.91275	1294	0
1522736053.915333000	5.91282	916	0
1522736053.915344000	5.91283	74	1
1522736053.933252000	5.93073	1294	0
1522736053.933532000	5.93101	1294	0
1522736053.933535000	5.93102	1294	0
1522736053.933560000	5.93104	74	1
1522736053.933813000	5.9313	1294	0
1522736053.934107000	5.93159	1294	0
1522736053.934123000	5.93161	74	1
1522736053.934202000	5.93168	1294	0
1522736053.934376000	5.93186	1294	0
1522736053.934389000	5.93187	74	1
1522736053.934470000	5.93195	1294	0
1522736053.934661000	5.93214	1294	0
1522736053.934675000	5.93216	74	1
1522736053.934764000	5.93225	1294	0
1522736053.934826000	5.93231	1294	0
1522736053.934838000	5.93232	74	1
1522736053.934939000	5.93242	1294	0
1522736053.935062000	5.93254	1294	0
1522736053.935076000	5.93256	74	1
1522736053.935136000	5.93262	1294	0
1522736053.935339000	5.93282	1294	0
1522736053.935353000	5.93284	74	1
1522736053.935413000	5.93289	1294	0
1522736053.935634000	5.93312	1294	0
1522736053.935648000	5.93313	74	1
1522736053.935726000	5.93321	1294	0
1522736053.935728000	5.93321	1294	0
1522736053.935740000	5.93322	74	1
1522736053.935911000	5.93339	1294	0
1522736053.935974000	5.93346	1294	0
1522736053.935985000	5.93347	74	1
1522736053.936106000	5.93359	1294	0
1522736053.936195000	5.93368	1294	0
1522736053.936209000	5.93369	74	1
1522736053.936297000	5.93378	1294	0
1522736053.936395000	5.93388	1294	0
1522736053.936406000	5.93389	74	1
1522736053.936462000	5.93394	1294	0
1522736053.936578000	5.93406	1294	0
1522736053.936581000	5.93406	500	0
1522736053.936595000	5.93408	74	1
1522736053.936754000	5.93424	1294	0
1522736053.936849000	5.93433	1294	0
1522736053.936863000	5.93435	74	1
1522736053.937056000	5.93454	1294	0
1522736053.937058000	5.93454	349	0
1522736053.937060000	5.93454	142	0
1522736053.937078000	5.93456	74	1
1522736053.937251000	5.93473	112	1
1522736053.956312000	5.95379	74	0
1522736054.032304000	6.02979	144	1
1522736054.045639000	6.04312	74	0
1522736054.064933000	6.06242	180	0
1522736054.065277000	6.06276	1294	0
1522736054.065305000	6.06279	74	1
1522736054.065553000	6.06304	1294	0
1522736054.065849000	6.06333	1294	0
1522736054.065864000	6.06335	74	1
1522736054.065922000	6.0634	1294	0
1522736054.066148000	6.06363	1294	0
1522736054.066162000	6.06364	74	1
1522736054.066224000	6.06371	1294	0
1522736054.066226000	6.06371	1294	0
1522736054.066240000	6.06372	74	1
1522736054.066452000	6.06393	1294	0
1522736054.066455000	6.06394	1294	0
1522736054.066469000	6.06395	74	1
1522736054.066531000	6.06401	1294	0
1522736054.066534000	6.06402	530	0
1522736054.066536000	6.06402	112	0
1522736054.066548000	6.06403	74	1
1522736054.066687000	6.06417	112	1
1522736054.093795000	6.09128	198	1
1522736054.107276000	6.10476	74	0
1522736054.128404000	6.12589	140	0
1522736054.128406000	6.12589	104	0
1522736054.128464000	6.12595	74	1
1522736054.128531000	6.12601	112	0
1522736054.129449000	6.12693	112	1
1522736054.182683000	6.18017	74	0
1522736054.263474000	6.26096	357	1
1522736054.277932000	6.27541	74	0
1522736054.280406000	6.27789	178	0
1522736054.280766000	6.27825	1294	0
1522736054.280786000	6.27827	74	1
1522736054.280874000	6.27836	1294	0
1522736054.281057000	6.27854	1294	0
1522736054.281069000	6.27855	74	1
1522736054.281148000	6.27863	1294	0
1522736054.281334000	6.27882	1294	0
1522736054.281347000	6.27883	74	1
1522736054.281425000	6.27891	1294	0
1522736054.281628000	6.27911	1294	0
1522736054.281642000	6.27912	74	1
1522736054.281723000	6.27921	1294	0
1522736054.281865000	6.27935	1294	0
1522736054.281877000	6.27936	74	1
1522736054.281936000	6.27942	1294	0
1522736054.282006000	6.27949	1294	0
1522736054.282017000	6.2795	74	1
1522736054.282143000	6.27963	1294	0
1522736054.282210000	6.27969	1294	0
1522736054.282212000	6.27969	1294	0
1522736054.282223000	6.27971	74	1
1522736054.282285000	6.27977	1294	0
1522736054.282436000	6.27992	1294	0
1522736054.282450000	6.27993	74	1
1522736054.282511000	6.27999	1294	0
1522736054.282575000	6.28006	1294	0
1522736054.282585000	6.28007	74	1
1522736054.282645000	6.28013	1294	0
1522736054.282712000	6.28019	1294	0
1522736054.282724000	6.28021	74	1
1522736054.282782000	6.28026	1294	0
1522736054.282874000	6.28036	1294	0
1522736054.282886000	6.28037	74	1
1522736054.283006000	6.28049	1294	0
1522736054.283073000	6.28056	1294	0
1522736054.283084000	6.28057	74	1
1522736054.283142000	6.28062	1294	0
1522736054.283337000	6.28082	1294	0
1522736054.283350000	6.28083	74	1
1522736054.283620000	6.2811	1294	0
1522736054.283622000	6.2811	508	0
1522736054.283635000	6.28112	74	1
1522736054.283807000	6.28129	1294	0
1522736054.283891000	6.28137	1294	0
1522736054.283903000	6.28138	74	1
1522736054.284100000	6.28158	1294	0
1522736054.284185000	6.28167	1294	0
1522736054.284196000	6.28168	74	1
1522736054.284377000	6.28186	1294	0
1522736054.284464000	6.28195	1294	0
1522736054.284474000	6.28196	74	1
1522736054.284675000	6.28216	1294	0
1522736054.284742000	6.28222	1294	0
1522736054.284755000	6.28224	74	1
1522736054.284816000	6.2823	1294	0
1522736054.284969000	6.28245	1294	0
1522736054.284980000	6.28246	74	1
1522736054.285036000	6.28252	1294	0
1522736054.285101000	6.28258	1294	0
1522736054.285115000	6.2826	74	1
1522736054.285263000	6.28275	1294	0
1522736054.285329000	6.28281	1294	0
1522736054.285342000	6.28282	74	1
1522736054.285402000	6.28288	1294	0
1522736054.285541000	6.28302	1294	0
1522736054.285554000	6.28304	74	1
1522736054.285616000	6.2831	1294	0
1522736054.285683000	6.28316	1294	0
1522736054.285693000	6.28317	74	1
1522736054.285834000	6.28332	1294	0
1522736054.285902000	6.28338	1294	0
1522736054.285914000	6.2834	74	1
1522736054.285971000	6.28345	1294	0
1522736054.286111000	6.28359	1294	0
1522736054.286124000	6.28361	74	1
1522736054.286202000	6.28368	1294	0
1522736054.286266000	6.28375	1294	0
1522736054.286278000	6.28376	74	1
1522736054.286424000	6.28391	1294	0
1522736054.286495000	6.28398	1294	0
1522736054.286506000	6.28399	74	1
1522736054.286567000	6.28405	1294	0
1522736054.286570000	6.28405	230	0
1522736054.286580000	6.28406	74	1
1522736054.286719000	6.2842	112	1
1522736054.297137000	6.29462	175	1
1522736054.310082000	6.30756	74	0
1522736054.335260000	6.33274	214	0
1522736054.335263000	6.33275	104	0
1522736054.335320000	6.3328	74	1
1522736054.335385000	6.33287	112	0
1522736054.335703000	6.33318	112	1
1522736054.389000000	6.38648	74	0
1522736054.508191000	6.50567	403	1
1522736054.523544000	6.52103	74	0
1522736054.543190000	6.54067	140	0
1522736054.543274000	6.54076	104	0
1522736054.543276000	6.54076	112	0
1522736054.543294000	6.54078	74	1
1522736054.543833000	6.54132	112	1
1522736054.599253000	6.59674	74	0
1522736056.063354000	8.06084	348	1
1522736056.078033000	8.07552	74	0
1522736056.098307000	8.09579	140	0
1522736056.098309000	8.09579	104	0
1522736056.098340000	8.09582	74	1
1522736056.098418000	8.0959	112	0
1522736056.099201000	8.09668	112	1
1522736056.151702000	8.14918	74	0
1522736056.430347000	8.42783	310	1
1522736056.443187000	8.44067	74	0
1522736056.464780000	8.46226	140	0
1522736056.464782000	8.46226	104	0
1522736056.464784000	8.46227	112	0
1522736056.464823000	8.46231	74	1
1522736056.465199000	8.46268	112	1
1522736056.518051000	8.51553	74	0
