1522723240.395691000	0	320	1
1522723240.409519000	0.013828	74	0
1522723240.431767000	0.0360761	140	0
1522723240.431769000	0.036078	104	0
1522723240.431771000	0.0360801	112	0
1522723240.431800000	0.036109	74	1
1522723240.432187000	0.0364962	112	1
1522723240.489126000	0.093435	74	0
1522723242.744654000	2.34896	188	1
1522723242.784561000	2.38887	74	0
1522723242.823712000	2.42802	233	0
1522723242.823714000	2.42802	344	0
1522723242.823751000	2.42806	74	1
1522723242.823822000	2.42813	112	0
1522723242.824221000	2.42853	112	1
1522723242.915774000	2.52008	74	0
1522723242.979732000	2.58404	189	1
1522723242.997050000	2.60136	74	0
1522723243.038113000	2.64242	147	0
1522723243.038218000	2.64253	545	0
1522723243.038220000	2.64253	112	0
1522723243.038243000	2.64255	74	1
1522723243.038650000	2.64296	112	1
1522723243.055071000	2.65938	74	0
1522723243.244051000	2.84836	189	1
1522723243.258616000	2.86293	74	0
1522723243.293083000	2.89739	147	0
1522723243.293542000	2.89785	338	0
1522723243.293544000	2.89785	112	0
1522723243.293568000	2.89788	74	1
1522723243.294244000	2.89855	112	1
1522723243.338602000	2.94291	190	1
1522723243.347812000	2.95212	74	0
1522723243.354123000	2.95843	74	0
1522723243.390247000	2.99456	148	0
1522723243.390356000	2.99467	341	0
1522723243.390380000	2.99469	74	1
1522723243.390457000	2.99477	104	0
1522723243.390459000	2.99477	112	0
1522723243.390469000	2.99478	74	1
1522723243.390798000	2.99511	112	1
1522723243.459640000	3.06395	74	0
1522723243.727789000	3.3321	193	1
1522723243.787724000	3.39203	74	0
1522723243.824770000	3.42908	171	0
1522723243.824862000	3.42917	401	0
1522723243.824869000	3.42918	112	0
1522723243.824895000	3.4292	74	1
1522723243.825294000	3.4296	112	1
1522723243.882815000	3.48712	74	0
1522723244.025576000	3.62989	193	1
1522723244.059112000	3.66342	74	0
1522723244.096722000	3.70103	148	0
1522723244.096828000	3.70114	382	0
1522723244.096830000	3.70114	112	0
1522723244.096851000	3.70116	74	1
1522723244.097272000	3.70158	112	1
1522723244.166058000	3.77037	74	0
1522723244.325005000	3.92931	194	1
1522723244.344518000	3.94883	74	0
1522723244.382172000	3.98648	144	0
1522723244.382270000	3.98658	371	0
1522723244.382272000	3.98658	112	0
1522723244.382290000	3.9866	74	1
1522723244.382681000	3.98699	112	1
1522723244.438856000	4.04316	74	0
1522723244.467941000	4.07225	196	1
1522723244.486104000	4.09041	74	0
1522723244.521751000	4.12606	170	0
1522723244.521754000	4.12606	325	0
1522723244.521792000	4.1261	74	1
1522723244.521860000	4.12617	112	0
1522723244.522276000	4.12659	112	1
1522723244.574823000	4.17913	74	0
1522723244.741258000	4.34557	198	1
1522723244.754461000	4.35877	74	0
1522723244.796023000	4.40033	148	0
1522723244.796129000	4.40044	301	0
1522723244.796132000	4.40044	104	0
1522723244.796151000	4.40046	74	1
1522723244.796535000	4.40084	112	0
1522723244.797049000	4.40136	112	1
1522723244.809917000	4.41423	74	0
1522723244.836934000	4.44124	200	1
1522723244.849512000	4.45382	74	0
1522723244.888226000	4.49254	148	0
1522723244.888315000	4.49262	303	0
1522723244.888330000	4.49264	74	1
1522723244.889129000	4.49344	104	0
1522723244.889197000	4.49351	112	0
1522723244.889210000	4.49352	74	1
1522723244.889621000	4.49393	112	1
1522723244.942671000	4.54698	74	0
1522723245.153566000	4.75787	201	1
1522723245.167434000	4.77174	74	0
1522723245.208977000	4.81329	148	0
1522723245.208979000	4.81329	329	0
1522723245.209008000	4.81332	74	1
1522723245.209089000	4.8134	112	0
1522723245.209442000	4.81375	112	1
1522723245.221813000	4.82612	74	0
1522723245.341835000	4.94614	201	1
1522723245.354589000	4.9589	74	0
1522723245.407763000	5.01207	147	0
1522723245.408215000	5.01252	324	0
1522723245.408216000	5.01253	112	0
1522723245.408238000	5.01255	74	1
1522723245.408721000	5.01303	112	1
1522723245.421709000	5.02602	74	0
1522723245.425418000	5.02973	202	1
1522723245.440705000	5.04501	74	0
1522723245.478727000	5.08304	148	0
1522723245.478729000	5.08304	317	0
1522723245.478771000	5.08308	74	1
1522723245.478838000	5.08315	112	0
1522723245.479229000	5.08354	112	1
1522723245.532990000	5.1373	74	0
1522723245.870042000	5.47435	185	1
1522723245.883134000	5.48744	74	0
1522723245.973507000	5.57782	216	0
1522723245.973795000	5.5781	1294	0
1522723245.973821000	5.57813	74	1
1522723245.974055000	5.57836	1294	0
1522723245.974150000	5.57846	1294	0
1522723245.974162000	5.57847	74	1
1522723245.974339000	5.57865	1294	0
1522723245.974474000	5.57878	1294	0
1522723245.974476000	5.57879	1294	0
1522723245.974490000	5.5788	74	1
1522723245.974630000	5.57894	1294	0
1522723245.974705000	5.57901	1250	0
1522723245.974716000	5.57903	74	1
1522723245.992293000	5.5966	1294	0
1522723245.992523000	5.59683	1294	0
1522723245.992546000	5.59686	74	1
1522723245.992613000	5.59692	1294	0
1522723245.992795000	5.5971	1294	0
1522723245.992806000	5.59712	74	1
1522723245.992868000	5.59718	1294	0
1522723245.992938000	5.59725	1294	0
1522723245.992950000	5.59726	74	1
1522723245.993092000	5.5974	1294	0
1522723245.993158000	5.59747	1294	0
1522723245.993169000	5.59748	74	1
1522723245.993230000	5.59754	1294	0
1522723245.993366000	5.59768	1294	0
1522723245.993377000	5.59769	74	1
1522723245.993438000	5.59775	1294	0
1522723245.993503000	5.59781	1294	0
1522723245.993514000	5.59782	74	1
1522723245.993619000	5.59793	1147	0
1522723245.994506000	5.59881	74	1
1522723245.995507000	5.59982	1294	0
1522723245.995585000	5.59989	1294	0
1522723245.995597000	5.59991	74	1
1522723245.995783000	5.60009	1294	0
1522723245.995850000	5.60016	1294	0
1522723245.995863000	5.60017	74	1
1522723245.996081000	5.60039	1294	0
1522723245.996083000	5.60039	437	0
1522723245.996104000	5.60041	86	1
1522723245.996211000	5.60052	1294	0
1522723245.996229000	5.60054	74	1
1522723246.441669000	6.04598	1294	0
1522723246.441865000	6.04617	1294	0
1522723246.441885000	6.04619	74	1
1522723246.441975000	6.04628	1294	0
1522723246.442102000	6.04641	1294	0
1522723246.442120000	6.04643	74	1
1522723246.442133000	6.04644	1294	0
1522723246.442201000	6.04651	1294	0
1522723246.442212000	6.04652	74	1
1522723246.442393000	6.0467	1294	0
1522723246.442431000	6.04674	1294	0
1522723246.442442000	6.04675	74	1
1522723246.442511000	6.04682	1294	0
1522723246.442726000	6.04703	1294	0
1522723246.442738000	6.04705	74	1
1522723246.442822000	6.04713	624	0
1522723246.442853000	6.04716	86	1
1522723246.443166000	6.04748	1294	0
1522723246.443180000	6.04749	74	1
1522723246.448501000	6.05281	1294	0
1522723246.448766000	6.05308	1294	0
1522723246.448786000	6.0531	74	1
1522723246.448853000	6.05316	1294	0
1522723246.449117000	6.05343	1294	0
1522723246.449130000	6.05344	74	1
1522723246.449241000	6.05355	750	0
1522723246.465814000	6.07012	1294	0
1522723246.465832000	6.07014	74	1
1522723246.466019000	6.07033	1294	0
1522723246.466103000	6.07041	1294	0
1522723246.466116000	6.07043	74	1
1522723246.466282000	6.07059	1294	0
1522723246.466367000	6.07068	1294	0
1522723246.466378000	6.07069	74	1
1522723246.466530000	6.07084	1294	0
1522723246.466602000	6.07091	1294	0
1522723246.466613000	6.07092	74	1
1522723246.466674000	6.07098	1294	0
1522723246.466826000	6.07114	1294	0
1522723246.466839000	6.07115	74	1
1522723246.466903000	6.07121	1294	0
1522723246.466905000	6.07121	187	0
1522723246.466928000	6.07124	86	1
1522723246.466989000	6.0713	1294	0
1522723246.467002000	6.07131	86	1
1522723246.467104000	6.07141	1294	0
1522723246.467115000	6.07142	86	1
1522723246.467387000	6.0717	1294	0
1522723246.467411000	6.07172	74	1
1522723246.471045000	6.07535	1294	0
1522723246.471321000	6.07563	1294	0
1522723246.471335000	6.07564	74	1
1522723246.471659000	6.07597	1294	0
1522723246.471727000	6.07604	1294	0
1522723246.471740000	6.07605	74	1
1522723246.471960000	6.07627	1294	0
1522723246.472033000	6.07634	1294	0
1522723246.472043000	6.07635	74	1
1522723246.472104000	6.07641	1294	0
1522723246.472239000	6.07655	1294	0
1522723246.472252000	6.07656	74	1
1522723246.472308000	6.07662	1294	0
1522723246.472374000	6.07668	1294	0
1522723246.472383000	6.07669	74	1
1522723246.472536000	6.07685	1294	0
1522723246.472606000	6.07692	1294	0
1522723246.472617000	6.07693	74	1
1522723246.472675000	6.07698	1294	0
1522723246.472739000	6.07705	901	0
1522723246.472749000	6.07706	74	1
1522723246.472844000	6.07715	1294	0
1522723246.472913000	6.07722	1294	0
1522723246.472914000	6.07722	187	0
1522723246.472929000	6.07724	86	1
1522723246.473243000	6.07755	1294	0
1522723246.473265000	6.07757	74	1
1522723246.473401000	6.07771	112	1
1522723246.487727000	6.09204	74	0
1522723246.550933000	6.15524	198	1
1522723246.563225000	6.16753	74	0
1522723246.585291000	6.1896	140	0
1522723246.585293000	6.1896	104	0
1522723246.585329000	6.18964	74	1
1522723246.585401000	6.18971	112	0
1522723246.586179000	6.19049	112	1
1522723246.588745000	6.19305	250	1
1522723246.603709000	6.20802	74	0
1522723246.604580000	6.20889	203	0
1522723246.604938000	6.20925	1294	0
1522723246.604959000	6.20927	74	1
1522723246.605215000	6.20952	1294	0
1522723246.605282000	6.20959	1294	0
1522723246.605295000	6.2096	74	1
1522723246.605518000	6.20983	1294	0
1522723246.605589000	6.2099	1294	0
1522723246.605601000	6.20991	74	1
1522723246.605811000	6.21012	1294	0
1522723246.605878000	6.21019	1294	0
1522723246.605888000	6.2102	74	1
1522723246.606104000	6.21041	1294	0
1522723246.606173000	6.21048	1294	0
1522723246.606184000	6.21049	74	1
1522723246.606381000	6.21069	1294	0
1522723246.606453000	6.21076	1294	0
1522723246.606462000	6.21077	74	1
1522723246.606522000	6.21083	1294	0
1522723246.606651000	6.21096	1294	0
1522723246.606665000	6.21097	74	1
1522723246.606721000	6.21103	1294	0
1522723246.606782000	6.21109	1294	0
1522723246.606793000	6.2111	74	1
1522723246.606854000	6.21116	1294	0
1522723246.606938000	6.21125	1294	0
1522723246.606948000	6.21126	74	1
1522723246.607008000	6.21132	1294	0
1522723246.607070000	6.21138	1294	0
1522723246.607079000	6.21139	74	1
1522723246.607137000	6.21145	1294	0
1522723246.607202000	6.21151	1294	0
1522723246.607212000	6.21152	74	1
1522723246.607273000	6.21158	1294	0
1522723246.607275000	6.21158	1294	0
1522723246.607286000	6.2116	74	1
1522723246.607347000	6.21166	1294	0
1522723246.607419000	6.21173	1294	0
1522723246.607428000	6.21174	74	1
1522723246.607548000	6.21186	1294	0
1522723246.607551000	6.21186	1294	0
1522723246.607567000	6.21188	74	1
1522723246.607627000	6.21194	1294	0
1522723246.607629000	6.21194	1294	0
1522723246.607639000	6.21195	74	1
1522723246.607741000	6.21205	1294	0
1522723246.607810000	6.21212	1294	0
1522723246.607812000	6.21212	1294	0
1522723246.607815000	6.21212	1294	0
1522723246.607832000	6.21214	74	1
1522723246.607893000	6.2122	1294	0
1522723246.607959000	6.21227	1294	0
1522723246.607969000	6.21228	74	1
1522723246.608031000	6.21234	1294	0
1522723246.608033000	6.21234	1294	0
1522723246.608044000	6.21235	74	1
1522723246.608104000	6.21241	1294	0
1522723246.608106000	6.21241	1294	0
1522723246.608117000	6.21243	74	1
1522723246.608223000	6.21253	1294	0
1522723246.608225000	6.21253	1294	0
1522723246.608236000	6.21255	74	1
1522723246.608299000	6.21261	1294	0
1522723246.608366000	6.21268	1294	0
1522723246.608368000	6.21268	1294	0
1522723246.608379000	6.21269	74	1
1522723246.608439000	6.21275	1294	0
1522723246.608507000	6.21282	1294	0
1522723246.608509000	6.21282	1294	0
1522723246.608523000	6.21283	74	1
1522723246.608591000	6.2129	1294	0
1522723246.608699000	6.21301	1294	0
1522723246.608702000	6.21301	1294	0
1522723246.608717000	6.21303	74	1
1522723246.608777000	6.21309	1294	0
1522723246.608779000	6.21309	1294	0
1522723246.608782000	6.21309	1294	0
1522723246.608794000	6.2131	74	1
1522723246.608857000	6.21317	1294	0
1522723246.608859000	6.21317	1294	0
1522723246.608871000	6.21318	74	1
1522723246.609519000	6.21383	1294	0
1522723246.609789000	6.2141	1294	0
1522723246.609802000	6.21411	74	1
1522723246.609859000	6.21417	1294	0
1522723246.609862000	6.21417	1294	0
1522723246.609872000	6.21418	74	1
1522723246.610071000	6.21438	1294	0
1522723246.610137000	6.21445	1294	0
1522723246.610140000	6.21445	1294	0
1522723246.610154000	6.21446	74	1
1522723246.610347000	6.21466	1294	0
1522723246.610416000	6.21473	1294	0
1522723246.610418000	6.21473	1294	0
1522723246.610434000	6.21474	74	1
1522723246.610626000	6.21494	1294	0
1522723246.610700000	6.21501	1294	0
1522723246.610702000	6.21501	1294	0
1522723246.610714000	6.21502	74	1
1522723246.610941000	6.21525	1294	0
1522723246.611010000	6.21532	1294	0
1522723246.611013000	6.21532	1294	0
1522723246.611025000	6.21533	74	1
1522723246.611218000	6.21553	1294	0
1522723246.611287000	6.2156	1294	0
1522723246.611289000	6.2156	1294	0
1522723246.611301000	6.21561	74	1
1522723246.611539000	6.21585	1294	0
1522723246.611609000	6.21592	1294	0
1522723246.611618000	6.21593	74	1
1522723246.611787000	6.2161	1294	0
1522723246.611863000	6.21617	1294	0
1522723246.611865000	6.21617	1294	0
1522723246.611883000	6.21619	74	1
1522723246.612067000	6.21638	1294	0
1522723246.612140000	6.21645	1294	0
1522723246.612142000	6.21645	1294	0
1522723246.612159000	6.21647	74	1
1522723246.612336000	6.21665	1294	0
1522723246.612401000	6.21671	1294	0
1522723246.612412000	6.21672	74	1
1522723246.612665000	6.21697	1294	0
1522723246.612734000	6.21704	1294	0
1522723246.612745000	6.21705	74	1
1522723246.612805000	6.21711	1294	0
1522723246.612874000	6.21718	1294	0
1522723246.612885000	6.21719	74	1
1522723246.612966000	6.21728	1294	0
1522723246.613048000	6.21736	1294	0
1522723246.613060000	6.21737	74	1
1522723246.613186000	6.21749	1294	0
1522723246.613281000	6.21759	1294	0
1522723246.613295000	6.2176	74	1
1522723246.613356000	6.21767	1294	0
1522723246.613480000	6.21779	1294	0
1522723246.613490000	6.2178	74	1
1522723246.613545000	6.21785	1294	0
1522723246.613608000	6.21792	1294	0
1522723246.613619000	6.21793	74	1
1522723246.613682000	6.21799	1294	0
1522723246.613751000	6.21806	1294	0
1522723246.613760000	6.21807	74	1
1522723246.613856000	6.21817	1294	0
1522723246.613924000	6.21823	1294	0
1522723246.613935000	6.21824	74	1
1522723246.613996000	6.21831	1294	0
1522723246.614062000	6.21837	1294	0
1522723246.614073000	6.21838	74	1
1522723246.614205000	6.21851	1294	0
1522723246.614270000	6.21858	1294	0
1522723246.614280000	6.21859	74	1
1522723246.614322000	6.21863	74	1
1522723246.614481000	6.21879	1294	0
1522723246.614547000	6.21886	1294	0
1522723246.614558000	6.21887	74	1
1522723246.614657000	6.21897	1294	0
1522723246.614823000	6.21913	1294	0
1522723246.614837000	6.21915	74	1
1522723246.614931000	6.21924	1294	0
1522723246.615101000	6.21941	1294	0
1522723246.615115000	6.21942	74	1
1522723246.615211000	6.21952	1294	0
1522723246.615213000	6.21952	1294	0
1522723246.615229000	6.21954	74	1
1522723246.615379000	6.21969	1294	0
1522723246.615493000	6.2198	1294	0
1522723246.615508000	6.21982	74	1
1522723246.615566000	6.21988	1294	0
1522723246.615681000	6.21999	1294	0
1522723246.615694000	6.22	74	1
1522723246.615780000	6.22009	1294	0
1522723246.615846000	6.22016	1294	0
1522723246.615857000	6.22017	74	1
1522723246.618065000	6.22237	1294	0
1522723246.618159000	6.22247	1294	0
1522723246.618174000	6.22248	74	1
1522723246.618331000	6.22264	1294	0
1522723246.618414000	6.22272	1294	0
1522723246.618417000	6.22273	1294	0
1522723246.618429000	6.22274	74	1
1522723246.618630000	6.22294	1294	0
1522723246.618633000	6.22294	181	0
1522723246.618655000	6.22296	86	1
1522723246.618718000	6.22303	1294	0
1522723246.618721000	6.22303	1294	0
1522723246.618733000	6.22304	86	1
1522723246.618745000	6.22305	86	1
1522723246.618961000	6.22327	1294	0
1522723246.618979000	6.22329	74	1
1522723246.619435000	6.22374	112	1
1522723246.672747000	6.27706	74	0
1522723246.769222000	6.37353	344	1
1522723246.783327000	6.38764	74	0
1522723246.785392000	6.3897	203	0
1522723246.785756000	6.39007	1294	0
1522723246.785781000	6.39009	74	1
1522723246.785847000	6.39016	1294	0
1522723246.786041000	6.39035	1294	0
1522723246.786054000	6.39036	74	1
1522723246.786112000	6.39042	1294	0
1522723246.786178000	6.39049	1294	0
1522723246.786194000	6.3905	74	1
1522723246.786330000	6.39064	1294	0
1522723246.786397000	6.39071	1294	0
1522723246.786400000	6.39071	1294	0
1522723246.786412000	6.39072	74	1
1522723246.786474000	6.39078	1294	0
1522723246.786478000	6.39079	1294	0
1522723246.786493000	6.3908	74	1
1522723246.786622000	6.39093	74	1
1522723246.786673000	6.39098	1294	0
1522723246.786738000	6.39105	1294	0
1522723246.786740000	6.39105	1294	0
1522723246.786742000	6.39105	1294	0
1522723246.786745000	6.39105	1294	0
1522723246.786758000	6.39107	74	1
1522723246.786818000	6.39113	1294	0
1522723246.786898000	6.39121	1294	0
1522723246.786911000	6.39122	74	1
1522723246.786968000	6.39128	1294	0
1522723246.786971000	6.39128	1294	0
1522723246.786973000	6.39128	1294	0
1522723246.786976000	6.39129	1294	0
1522723246.786989000	6.3913	74	1
1522723246.787051000	6.39136	1294	0
1522723246.787053000	6.39136	1294	0
1522723246.787065000	6.39137	74	1
1522723246.787126000	6.39144	1294	0
1522723246.787190000	6.3915	1294	0
1522723246.787200000	6.39151	74	1
1522723246.787259000	6.39157	1294	0
1522723246.787261000	6.39157	1294	0
1522723246.787263000	6.39157	1294	0
1522723246.787265000	6.39157	1294	0
1522723246.787279000	6.39159	74	1
1522723246.787337000	6.39165	1294	0
1522723246.787403000	6.39171	1294	0
1522723246.787405000	6.39171	1294	0
1522723246.787417000	6.39173	74	1
1522723246.787478000	6.39179	1294	0
1522723246.787480000	6.39179	508	0
1522723246.787491000	6.3918	74	1
1522723246.787551000	6.39186	1294	0
1522723246.787553000	6.39186	1294	0
1522723246.787564000	6.39187	74	1
1522723246.787622000	6.39193	1294	0
1522723246.787685000	6.39199	1294	0
1522723246.787695000	6.392	74	1
1522723246.787754000	6.39206	1294	0
1522723246.787757000	6.39207	1294	0
1522723246.787759000	6.39207	1294	0
1522723246.787761000	6.39207	1294	0
1522723246.787775000	6.39208	74	1
1522723246.787841000	6.39215	1294	0
1522723246.787843000	6.39215	1294	0
1522723246.787846000	6.39216	1294	0
1522723246.787859000	6.39217	74	1
1522723246.787920000	6.39223	1294	0
1522723246.787922000	6.39223	1294	0
1522723246.787932000	6.39224	74	1
1522723246.787989000	6.3923	1294	0
1522723246.787992000	6.3923	1294	0
1522723246.788004000	6.39231	74	1
1522723246.788067000	6.39238	1294	0
1522723246.788070000	6.39238	1294	0
1522723246.788077000	6.39239	1080	0
1522723246.788099000	6.39241	86	1
1522723246.788195000	6.3925	1294	0
1522723246.788207000	6.39252	86	1
1522723246.788269000	6.39258	1294	0
1522723246.788284000	6.39259	74	1
1522723246.789234000	6.39354	112	1
1522723246.816395000	6.4207	175	1
1522723246.829120000	6.43343	74	0
1522723246.851508000	6.45582	214	0
1522723246.851511000	6.45582	104	0
1522723246.851565000	6.45587	74	1
1522723246.851630000	6.45594	112	0
1522723246.851965000	6.45627	112	1
1522723246.905670000	6.50998	74	0
1522723246.964822000	6.56913	344	1
1522723246.976434000	6.58074	222	1
1522723246.977249000	6.58156	74	0
1522723246.978366000	6.58267	150	0
1522723246.978721000	6.58303	1294	0
1522723246.978741000	6.58305	74	1
1522723246.978894000	6.5832	862	0
1522723246.978897000	6.58321	112	0
1522723246.978911000	6.58322	74	1
1522723246.979028000	6.58334	112	1
1522723246.991965000	6.59627	74	0
1522723247.007943000	6.61225	196	1
1522723247.008983000	6.61329	199	1
1522723247.010601000	6.61491	141	0
1522723247.011029000	6.61534	104	0
1522723247.011049000	6.61536	74	1
1522723247.011113000	6.61542	112	0
1522723247.013711000	6.61802	112	1
1522723247.026655000	6.63096	74	0
1522723247.042794000	6.6471	141	0
1522723247.042797000	6.64711	104	0
1522723247.042854000	6.64716	74	1
1522723247.042920000	6.64723	112	0
1522723247.043816000	6.64813	112	1
1522723247.047750000	6.65206	141	0
1522723247.047846000	6.65216	104	0
1522723247.047862000	6.65217	74	1
1522723247.058775000	6.66308	370	1
1522723247.073837000	6.67815	74	0
1522723247.094054000	6.69836	141	0
1522723247.094462000	6.69877	104	0
1522723247.094483000	6.69879	74	1
1522723247.094548000	6.69886	112	0
1522723247.095017000	6.69933	112	1
1522723247.149892000	6.7542	74	0
1522723248.465003000	8.06931	197	1
1522723248.466553000	8.07086	347	1
1522723248.484819000	8.08913	74	0
1522723248.484821000	8.08913	74	0
1522723248.505278000	8.10959	141	0
1522723248.505281000	8.10959	104	0
1522723248.505283000	8.10959	112	0
1522723248.505317000	8.10963	74	1
1522723248.506139000	8.11045	112	1
1522723248.506662000	8.11097	141	0
1522723248.506665000	8.11097	104	0
1522723248.506689000	8.111	74	1
1522723248.571015000	8.17532	74	0
1522723248.974046000	8.57836	310	1
1522723248.998917000	8.60323	74	0
1522723249.018687000	8.623	141	0
1522723249.018689000	8.623	104	0
1522723249.018691000	8.623	112	0
1522723249.018728000	8.62304	74	1
1522723249.019074000	8.62338	112	1
1522723249.072833000	8.67714	74	0
