1528074434.154848000	0	294	1
1528074434.175982000	0.0211339	87	0
1528074434.542319000	0.387471	370	0
1528074434.543756000	0.388908	1412	0
1528074434.545207000	0.390359	1412	0
1528074434.545702000	0.390854	107	1
1528074434.546646000	0.391798	1412	0
1528074434.548112000	0.393264	180	0
1528074434.549578000	0.39473	1412	0
1528074434.549863000	0.395015	101	1
1528074434.551011000	0.396163	1412	0
1528074434.552441000	0.397593	1412	0
1528074434.553856000	0.399008	188	0
1528074434.555288000	0.40044	729	0
1528074434.556728000	0.40188	1412	0
1528074434.558215000	0.403367	1412	0
1528074434.558854000	0.404006	101	1
1528074434.559632000	0.404784	694	0
1528074434.561083000	0.406235	1412	0
1528074434.561611000	0.406763	110	1
1528074434.562513000	0.407665	1412	0
1528074434.563952000	0.409104	1412	0
1528074434.565345000	0.410497	188	0
1528074434.566775000	0.411927	84	0
1528074434.568300000	0.413452	1200	0
1528074434.569741000	0.414893	1412	0
1528074434.571172000	0.416324	1412	0
1528074434.572450000	0.417602	116	1
1528074434.572602000	0.417754	1412	0
1528074434.574019000	0.419171	188	0
1528074434.575486000	0.420638	1412	0
1528074434.575785000	0.420937	110	1
1528074434.576906000	0.422058	1411	0
1528074434.578402000	0.423554	1412	0
1528074434.579645000	0.424797	101	1
1528074434.579820000	0.424972	1412	0
1528074434.581262000	0.426414	1412	0
1528074434.582663000	0.427815	182	0
1528074434.582692000	0.427844	101	1
1528074434.584186000	0.429338	1412	0
1528074434.585619000	0.430771	1412	0
1528074434.585679000	0.430831	101	1
1528074434.587101000	0.432253	1412	0
1528074434.588505000	0.433657	180	0
1528074434.588649000	0.433801	104	1
1528074434.589967000	0.435119	1412	0
1528074434.591370000	0.436522	391	0
1528074434.592606000	0.437758	101	1
1528074434.592825000	0.437977	1412	0
1528074434.594260000	0.439412	1412	0
1528074434.595622000	0.440774	101	1
1528074434.595693000	0.440845	1412	0
1528074434.597138000	0.44229	188	0
1528074434.598601000	0.443753	1412	0
1528074434.598635000	0.443787	101	1
1528074434.599994000	0.445146	153	0
1528074434.601461000	0.446613	1412	0
1528074434.601666000	0.446818	104	1
1528074434.602889000	0.448041	1412	0
1528074434.604319000	0.449471	1412	0
1528074434.605614000	0.450766	101	1
1528074434.605715000	0.450867	188	0
1528074434.607205000	0.452357	794	0
1528074434.608612000	0.453764	101	1
1528074434.608646000	0.453798	1412	0
1528074434.610097000	0.455249	1412	0
1528074434.611519000	0.456671	1412	0
1528074434.611820000	0.456972	104	1
1528074434.612922000	0.458074	188	0
1528074434.614370000	0.459522	663	0
1528074434.615637000	0.460789	101	1
1528074434.615772000	0.460924	257	0
1528074434.618695000	0.463847	98	1
1528074435.017761000	0.862913	316	1
1528074435.017902000	0.863054	1412	1
1528074435.017946000	0.863098	906	1
1528074435.031372000	0.876524	217	1
1528074435.038599000	0.883751	87	0
1528074435.049718000	0.89487	87	0
1528074435.220258000	1.06541	258	0
1528074435.221713000	1.06686	1412	0
1528074435.223153000	1.06831	1412	0
1528074435.223861000	1.06901	110	1
1528074435.224598000	1.06975	1412	0
1528074435.226003000	1.07115	180	0
1528074435.227585000	1.07274	1412	0
1528074435.228199000	1.07335	101	1
1528074435.229017000	1.07417	1412	0
1528074435.230435000	1.07559	1071	0
1528074435.230645000	1.0758	104	1
1528074435.231840000	1.07699	92	0
1528074435.233337000	1.07849	164	0
1528074435.234750000	1.0799	101	1
1528074435.304001000	1.14915	214	1
1528074435.308464000	1.15362	385	0
1528074435.311669000	1.15682	98	1
1528074435.312513000	1.15767	80	0
1528074435.314651000	1.1598	98	1
1528074435.323106000	1.16826	87	0
1528074435.419844000	1.265	431	0
1528074435.421289000	1.26644	1115	0
1528074435.422842000	1.26799	101	1
1528074435.423734000	1.26889	92	0
1528074435.425183000	1.27033	229	0
1528074435.426679000	1.27183	104	1
1528074436.075768000	1.92092	244	1
1528074436.075845000	1.921	144	1
1528074436.094494000	1.93965	87	0
1528074436.146428000	1.99158	1412	0
1528074436.147910000	1.99306	1412	0
1528074436.149341000	1.99449	1412	0
1528074436.150754000	1.99591	648	0
1528074436.152164000	1.99732	92	0
1528074436.152364000	1.99752	104	1
1528074436.153693000	1.99884	314	0
1528074436.180636000	2.02579	107	1
1528074436.183817000	2.02897	155	1
1528074436.183899000	2.02905	190	1
1528074436.201457000	2.04661	87	0
1528074436.300041000	2.14519	596	0
1528074436.301442000	2.14659	92	0
1528074436.302723000	2.14787	104	1
1528074436.302900000	2.14805	282	0
1528074436.305720000	2.15087	98	1
1528074436.929962000	2.77511	232	1
1528074436.948968000	2.79412	87	0
1528074437.081548000	2.9267	278	0
1528074437.083002000	2.92815	1412	0
1528074437.084418000	2.92957	997	0
1528074437.084761000	2.92991	107	1
1528074437.098850000	2.944	92	0
1528074437.100260000	2.94541	85	0
1528074437.101792000	2.94694	101	1
1528074438.098615000	3.94377	367	1
1528074438.098711000	3.94386	1412	1
1528074438.098736000	3.94389	1412	1
1528074438.098777000	3.94393	1412	1
1528074438.098840000	3.94399	1412	1
1528074438.098862000	3.94401	1412	1
1528074438.098898000	3.94405	1412	1
1528074438.098933000	3.94408	1412	1
1528074438.098968000	3.94412	1412	1
1528074438.098990000	3.94414	1412	1
1528074438.099052000	3.9442	1412	1
1528074438.099087000	3.94424	1412	1
1528074438.099121000	3.94427	1412	1
1528074438.100862000	3.94601	1271	1
1528074438.117446000	3.9626	87	0
1528074438.124142000	3.96929	87	0
1528074438.266173000	4.11132	399	0
1528074438.271748000	4.1169	80	0
1528074438.276656000	4.12181	107	1
1528074440.031325000	5.87648	1316	1
1528074440.031390000	5.87654	1412	1
1528074440.031413000	5.87656	981	1
1528074440.031956000	5.87711	223	1
1528074440.032024000	5.87718	1412	1
1528074440.032061000	5.87721	1412	1
1528074440.032087000	5.87724	758	1
1528074440.037745000	5.8829	101	1
1528074440.048801000	5.89395	165	1
1528074440.051586000	5.89674	87	0
1528074440.057659000	5.90281	94	0
1528074440.060047000	5.9052	101	1
1528074440.061415000	5.90657	87	0
1528074440.067506000	5.91266	87	0
1528074440.231667000	6.07682	523	0
1528074440.233199000	6.07835	439	0
1528074440.262643000	6.1078	104	1
1528074440.265182000	6.11033	98	1
1528074440.268457000	6.11361	101	1
1528074440.273595000	6.11875	250	1
1528074440.274542000	6.11969	523	0
1528074440.277063000	6.12221	98	1
1528074440.286424000	6.13158	87	0
1528074440.293812000	6.13896	87	0
1528074440.322408000	6.16756	447	0
1528074440.325079000	6.17023	104	1
1528074440.325304000	6.17046	80	0
1528074440.328155000	6.17331	98	1
1528074440.516704000	6.36186	923	0
1528074440.518134000	6.36329	1412	0
1528074440.519573000	6.36472	1412	0
1528074440.521018000	6.36617	1412	0
1528074440.521566000	6.36672	104	1
1528074440.522479000	6.36763	180	0
1528074440.523945000	6.3691	1412	0
1528074440.524118000	6.36927	104	1
1528074440.525378000	6.37053	1355	0
1528074440.526815000	6.37197	1412	0
1528074440.528085000	6.37324	101	1
1528074440.528326000	6.37348	1412	0
1528074440.529781000	6.37493	1412	0
1528074440.531076000	6.37623	101	1
1528074440.531174000	6.37633	188	0
1528074440.532620000	6.37777	1231	0
1528074440.534060000	6.37921	1412	0
1528074440.534106000	6.37926	101	1
1528074440.535514000	6.38067	1412	0
1528074440.536940000	6.38209	1412	0
1528074440.537754000	6.38291	98	1
1528074440.538372000	6.38352	188	0
1528074440.539841000	6.38499	1412	0
1528074440.540110000	6.38526	107	1
1528074440.541258000	6.38641	724	0
1528074440.542700000	6.38785	1412	0
1528074440.544083000	6.38924	101	1
1528074440.544120000	6.38927	1412	0
1528074440.545569000	6.39072	1412	0
1528074440.546967000	6.39212	188	0
1528074440.547102000	6.39225	104	1
1528074440.548471000	6.39362	1412	0
1528074440.549899000	6.39505	1412	0
1528074440.551337000	6.39649	1412	0
1528074440.552268000	6.39742	104	1
1528074440.552729000	6.39788	180	0
1528074440.554205000	6.39936	1412	0
1528074440.555078000	6.40023	101	1
1528074440.555595000	6.40075	363	0
1528074440.557111000	6.40226	1412	0
1528074440.558083000	6.40323	101	1
1528074440.558526000	6.40368	1412	0
1528074440.559959000	6.40511	1412	0
1528074440.561355000	6.40651	188	0
1528074440.562814000	6.40797	1412	0
1528074440.563559000	6.40871	98	1
1528074440.564216000	6.40937	212	0
1528074440.565679000	6.41083	1412	0
1528074440.567080000	6.41223	110	1
1528074440.567159000	6.41231	1412	0
1528074440.568595000	6.41375	1412	0
1528074440.570000000	6.41515	188	0
1528074440.570082000	6.41523	101	1
1528074440.571453000	6.4166	1185	0
1528074440.572892000	6.41804	1412	0
1528074440.573154000	6.41831	104	1
1528074440.574318000	6.41947	1412	0
1528074440.575751000	6.4209	1412	0
1528074440.577202000	6.42235	188	0
1528074440.578626000	6.42378	84	0
1528074440.579096000	6.42425	121	1
1528074440.580079000	6.42523	998	0
1528074440.581525000	6.42668	1412	0
1528074440.582949000	6.4281	1249	0
1528074440.583090000	6.42824	104	1
1528074440.584387000	6.42954	1412	0
1528074440.585822000	6.43097	1412	0
1528074440.587275000	6.43243	657	0
1528074440.588062000	6.43321	104	1
1528074440.588728000	6.43388	1412	0
1528074440.590164000	6.43532	1412	0
1528074440.591062000	6.43621	101	1
1528074440.591565000	6.43672	334	0
1528074440.592984000	6.43814	92	0
1528074440.594068000	6.43922	101	1
1528074440.594417000	6.43957	166	0
1528074440.595871000	6.44102	913	0
1528074440.597058000	6.44221	101	1
1528074440.615763000	6.46091	87	0
1528074441.840518000	7.68567	294	1
1528074441.840591000	7.68574	144	1
1528074441.858628000	7.70378	87	0
1528074441.916012000	7.76116	1412	0
1528074441.917541000	7.76269	1412	0
1528074441.918980000	7.76413	1412	0
1528074441.919226000	7.76438	107	1
1528074441.920414000	7.76557	632	0
1528074441.921828000	7.76698	92	0
1528074441.922156000	7.76731	101	1
1528074441.923260000	7.76841	151	0
1528074441.925246000	7.7704	101	1
1528074442.998224000	8.84338	378	1
1528074442.998311000	8.84346	294	1
1528074443.000890000	8.84604	302	1
1528074443.000981000	8.84613	1412	1
1528074443.001020000	8.84617	1412	1
1528074443.001048000	8.8462	969	1
1528074443.015419000	8.86057	87	0
1528074443.023103000	8.86825	87	0
1528074443.123476000	8.96863	397	1
1528074443.141007000	8.98616	87	0
1528074443.159293000	9.00444	397	0
1528074443.162025000	9.00718	277	0
1528074443.162219000	9.00737	104	1
1528074443.163506000	9.00866	1400	0
1528074443.164919000	9.01007	513	0
1528074443.166216000	9.01137	101	1
1528074443.166330000	9.01148	80	0
1528074443.167843000	9.013	592	0
1528074443.169214000	9.01437	101	1
1528074443.169264000	9.01442	635	0
1528074443.170699000	9.01585	467	0
1528074443.172137000	9.01729	697	0
1528074443.172222000	9.01737	101	1
1528074443.173557000	9.01871	484	0
1528074443.175001000	9.02015	835	0
1528074443.175263000	9.02041	104	1
1528074443.176418000	9.02157	649	0
1528074443.177904000	9.02306	519	0
1528074443.179210000	9.02436	101	1
1528074443.179333000	9.02448	439	0
1528074443.180770000	9.02592	701	0
1528074443.182193000	9.02734	616	0
1528074443.182236000	9.02739	101	1
1528074443.183630000	9.02878	558	0
1528074443.185127000	9.03028	654	0
1528074443.185230000	9.03038	101	1
1528074443.186557000	9.03171	583	0
1528074443.188053000	9.0332	689	0
1528074443.188241000	9.03339	104	1
1528074443.191300000	9.03645	92	0
1528074443.192742000	9.03789	149	0
1528074443.194227000	9.03938	101	1
1528074443.355410000	9.20056	284	0
1528074443.356823000	9.20197	103	0
1528074443.358461000	9.20361	101	1
1528074443.359523000	9.20467	199	0
1528074443.362239000	9.20739	98	1
1528074444.575544000	10.4207	397	1
1528074444.575618000	10.4208	109	1
1528074444.579515000	10.4247	302	1
1528074444.581596000	10.4267	474	1
1528074444.581661000	10.4268	87	1
1528074444.598600000	10.4438	87	0
1528074444.610630000	10.4558	87	0
1528074444.696157000	10.5413	277	0
1528074444.697633000	10.5428	151	0
1528074444.699314000	10.5445	107	1
1528074444.699905000	10.5451	92	0
1528074444.701346000	10.5465	140	0
1528074444.702304000	10.5475	101	1
1528074444.852252000	10.6974	313	0
1528074444.853666000	10.6988	103	0
1528074444.855799000	10.701	101	1
1528074444.856299000	10.7015	92	0
1528074444.857962000	10.7031	208	0
1528074444.859551000	10.7047	101	1
1528074444.894772000	10.7399	247	0
1528074444.896191000	10.7413	141	0
1528074444.897334000	10.7425	101	1
1528074444.898995000	10.7441	92	0
1528074444.900464000	10.7456	214	0
1528074444.901567000	10.7467	98	1
1528074444.905322000	10.7505	98	1
1528074445.204645000	11.0498	484	1
1528074445.204735000	11.0499	94	1
1528074445.222923000	11.0681	87	0
1528074445.324286000	11.1694	268	0
1528074445.325710000	11.1709	365	0
1528074445.327367000	11.1725	104	1
1528074445.328253000	11.1734	202	0
1528074445.331387000	11.1765	98	1
1528074445.546229000	11.3914	390	1
1528074445.546302000	11.3915	258	1
1528074445.564580000	11.4097	87	0
1528074445.874039000	11.7192	303	1
1528074445.874180000	11.7193	1412	1
1528074445.874226000	11.7194	1412	1
1528074445.874255000	11.7194	1412	1
1528074445.874303000	11.7195	1412	1
1528074445.874324000	11.7195	1412	1
1528074445.874357000	11.7195	1412	1
1528074445.874407000	11.7196	1412	1
1528074445.874431000	11.7196	1412	1
1528074445.874468000	11.7196	1412	1
1528074445.874501000	11.7197	1412	1
1528074445.874539000	11.7197	1412	1
1528074445.874576000	11.7197	1412	1
1528074445.876473000	11.7216	1412	1
1528074445.876515000	11.7217	1412	1
1528074445.876577000	11.7217	1412	1
1528074445.876640000	11.7218	1412	1
1528074445.878443000	11.7236	1412	1
1528074445.878481000	11.7236	1412	1
1528074445.878543000	11.7237	1412	1
1528074445.878579000	11.7237	1412	1
1528074445.878651000	11.7238	1412	1
1528074445.880463000	11.7256	1412	1
1528074445.880522000	11.7257	1412	1
1528074445.880670000	11.7258	1412	1
1528074445.880706000	11.7259	1412	1
1528074445.882397000	11.7275	1412	1
1528074445.882443000	11.7276	1412	1
1528074445.882497000	11.7276	1412	1
1528074445.882535000	11.7277	1412	1
1528074445.882586000	11.7277	1412	1
1528074445.884366000	11.7295	1412	1
1528074445.893427000	11.7386	87	0
1528074445.893796000	11.7389	1412	1
1528074445.893830000	11.739	1412	1
1528074445.893867000	11.739	762	1
1528074445.896239000	11.7414	87	0
1528074445.900442000	11.7456	87	0
1528074445.904403000	11.7496	87	0
1528074445.911811000	11.757	100	0
1528074445.914389000	11.7595	107	1
1528074446.042999000	11.8882	398	0
1528074446.045483000	11.8906	98	1
1528074446.051252000	11.8964	80	0
1528074446.054461000	11.8996	98	1
1528074446.362256000	12.2074	243	0
1528074446.363713000	12.2089	146	0
1528074446.365458000	12.2106	92	0
1528074446.365492000	12.2106	101	1
1528074446.366912000	12.2121	263	0
1528074446.368412000	12.2136	101	1
1528074446.423729000	12.2689	359	1
1528074446.424646000	12.2698	294	1
1528074446.441916000	12.2871	87	0
1528074446.462362000	12.3075	375	1
1528074446.480511000	12.3257	87	0
1528074446.495045000	12.3402	417	1
1528074446.495118000	12.3403	265	1
1528074446.513028000	12.3582	87	0
1528074446.538978000	12.3841	297	0
1528074446.540393000	12.3855	279	0
1528074446.541414000	12.3866	104	1
1528074446.543772000	12.3889	92	0
1528074446.545211000	12.3904	129	0
1528074446.546412000	12.3916	101	1
1528074446.663288000	12.5084	268	0
1528074446.664699000	12.5099	118	0
1528074446.666470000	12.5116	101	1
1528074446.668691000	12.5138	92	0
1528074446.670116000	12.5153	149	0
1528074446.671419000	12.5166	101	1
1528074446.741287000	12.5864	616	0
1528074446.742743000	12.5879	800	0
1528074446.744436000	12.5896	101	1
1528074446.745169000	12.5903	92	0
1528074446.746606000	12.5918	136	0
1528074446.747415000	12.5926	101	1
1528074446.766201000	12.6114	291	0
1528074446.767682000	12.6128	146	0
1528074446.769416000	12.6146	101	1
1528074446.770630000	12.6158	92	0
1528074446.772071000	12.6172	155	0
1528074446.773427000	12.6186	101	1
1528074446.942520000	12.7877	491	1
1528074446.942609000	12.7878	217	1
1528074446.959797000	12.8049	87	0
1528074446.964327000	12.8095	87	0
1528074447.080477000	12.9256	235	0
1528074447.081882000	12.927	146	0
1528074447.083447000	12.9286	107	1
1528074447.084462000	12.9296	92	0
1528074447.085890000	12.931	139	0
1528074447.087449000	12.9326	101	1
1528074447.485969000	13.3311	1280	1
1528074447.486062000	13.3312	307	1
1528074447.505829000	13.351	87	0
1528074447.612647000	13.4578	278	0
1528074447.614083000	13.4592	146	0
1528074447.615538000	13.4607	104	1
1528074447.616546000	13.4617	92	0
1528074447.618117000	13.4633	232	0
1528074447.619609000	13.4648	101	1
1528074448.417164000	14.2623	453	1
1528074448.417250000	14.2624	252	1
1528074448.436871000	14.282	87	0
1528074448.572653000	14.4178	328	0
1528074448.574106000	14.4193	146	0
1528074448.575532000	14.4207	92	0
1528074448.575620000	14.4208	104	1
1528074448.577047000	14.4222	276	0
1528074448.578600000	14.4238	101	1
1528074448.717108000	14.5623	468	1
1528074448.717195000	14.5623	255	1
1528074448.735872000	14.581	87	0
1528074448.740537000	14.5857	87	0
1528074448.835987000	14.6811	239	0
1528074448.837479000	14.6826	146	0
1528074448.838623000	14.6838	107	1
1528074448.839516000	14.6847	92	0
1528074448.840946000	14.6861	110	0
1528074448.842606000	14.6878	101	1
1528074449.080963000	14.9261	391	1
1528074449.081053000	14.9262	253	1
1528074449.100284000	14.9454	87	0
1528074449.217888000	15.063	267	0
1528074449.219261000	15.0644	146	0
1528074449.220639000	15.0658	104	1
1528074449.222540000	15.0677	92	0
1528074449.223979000	15.0691	155	0
1528074449.225586000	15.0707	101	1
1528074449.493028000	15.3382	387	1
1528074449.493091000	15.3382	252	1
1528074449.512596000	15.3577	87	0
1528074449.750168000	15.5953	258	0
1528074449.751617000	15.5968	146	0
1528074449.752673000	15.5978	104	1
1528074449.753967000	15.5991	92	0
1528074449.755407000	15.6006	126	0
1528074449.756594000	15.6017	101	1
1528074449.942888000	15.788	388	1
1528074449.942948000	15.7881	253	1
1528074449.964007000	15.8092	87	0
1528074450.071387000	15.9165	236	0
1528074450.072787000	15.9179	148	0
1528074450.074642000	15.9198	104	1
1528074450.075704000	15.9209	92	0
1528074450.077201000	15.9224	323	0
1528074450.078629000	15.9238	101	1
1528074450.275816000	16.121	388	1
1528074450.275871000	16.121	255	1
1528074450.293670000	16.1388	87	0
1528074450.403085000	16.2482	231	0
1528074450.404596000	16.2497	148	0
1528074450.405789000	16.2509	104	1
1528074450.406675000	16.2518	92	0
1528074450.408175000	16.2533	315	0
1528074450.409790000	16.2549	101	1
1528074450.528274000	16.3734	385	1
1528074450.528369000	16.3735	255	1
1528074450.546171000	16.3913	87	0
1528074450.664502000	16.5097	256	0
1528074450.665870000	16.511	148	0
1528074450.667725000	16.5129	104	1
1528074450.668385000	16.5135	92	0
1528074450.669829000	16.515	273	0
1528074450.670641000	16.5158	101	1
1528074450.919264000	16.7644	390	1
1528074450.919353000	16.7645	256	1
1528074450.937611000	16.7828	87	0
1528074451.057259000	16.9024	277	0
1528074451.058716000	16.9039	148	0
1528074451.059744000	16.9049	104	1
1528074451.061127000	16.9063	92	0
1528074451.062570000	16.9077	273	0
1528074451.063677000	16.9088	101	1
1528074451.198716000	17.0439	392	1
1528074451.198774000	17.0439	254	1
1528074451.218259000	17.0634	87	0
1528074451.428233000	17.2734	241	1
1528074451.441328000	17.2865	256	0
1528074451.442739000	17.2879	148	0
1528074451.444735000	17.2899	104	1
1528074451.446051000	17.2912	92	0
1528074451.447550000	17.2927	303	0
1528074451.448709000	17.2939	101	1
1528074451.451033000	17.2962	87	0
1528074451.661232000	17.5064	463	1
1528074451.661322000	17.5065	255	1
1528074451.681370000	17.5265	87	0
1528074451.789257000	17.6344	500	0
1528074451.790682000	17.6358	1412	0
1528074451.791746000	17.6369	107	1
1528074451.792110000	17.6373	996	0
1528074451.793654000	17.6388	92	0
1528074451.794712000	17.6399	101	1
1528074451.795080000	17.6402	202	0
1528074451.797715000	17.6429	98	1
1528074451.803375000	17.6485	281	0
1528074451.804792000	17.6499	148	0
1528074451.805710000	17.6509	101	1
1528074451.807472000	17.6526	92	0
1528074451.808914000	17.6541	269	0
1528074451.810428000	17.6556	101	1
1528074451.963847000	17.809	1225	1
1528074451.983199000	17.8284	87	0
1528074452.084756000	17.9299	233	0
1528074452.086223000	17.9314	1412	0
1528074452.087711000	17.9329	1000	0
1528074452.087746000	17.9329	104	1
1528074452.089247000	17.9344	92	0
1528074452.090683000	17.9358	161	0
1528074452.090740000	17.9359	101	1
1528074452.093721000	17.9389	98	1
1528074452.119915000	17.9651	453	1
1528074452.119992000	17.9651	257	1
1528074452.139366000	17.9845	87	0
1528074452.268837000	18.114	235	0
1528074452.270269000	18.1154	148	0
1528074452.271730000	18.1169	104	1
1528074452.273969000	18.1191	92	0
1528074452.275408000	18.1206	232	0
1528074452.276722000	18.1219	101	1
1528074452.427953000	18.2731	467	1
1528074452.428045000	18.2732	255	1
1528074452.447984000	18.2931	87	0
1528074452.566641000	18.4118	278	0
1528074452.568123000	18.4133	148	0
1528074452.569833000	18.415	104	1
1528074452.570576000	18.4157	92	0
1528074452.572012000	18.4172	120	0
1528074452.572754000	18.4179	101	1
1528074452.814187000	18.6593	386	1
1528074452.814262000	18.6594	254	1
1528074452.835834000	18.681	87	0
1528074453.052376000	18.8975	302	0
1528074453.053799000	18.899	148	0
1528074453.054859000	18.9	104	1
1528074453.057137000	18.9023	92	0
1528074453.058583000	18.9037	308	0
1528074453.059781000	18.9049	101	1
1528074453.227395000	19.0725	389	1
1528074453.227481000	19.0726	259	1
1528074453.247257000	19.0924	87	0
1528074453.255174000	19.1003	87	0
1528074453.472653000	19.3178	237	0
1528074453.474090000	19.3192	148	0
1528074453.475880000	19.321	107	1
1528074453.476763000	19.3219	92	0
1528074453.478204000	19.3234	314	0
1528074453.479846000	19.325	101	1
1528074453.744630000	19.5898	387	1
1528074453.744716000	19.5899	256	1
1528074453.764170000	19.6093	87	0
1528074453.864408000	19.7096	290	0
1528074453.865837000	19.711	148	0
1528074453.866905000	19.7121	104	1
1528074453.874571000	19.7197	92	0
1528074453.875946000	19.7211	229	0
1528074453.876827000	19.722	101	1
1528074454.278853000	20.124	388	1
1528074454.278934000	20.1241	256	1
1528074454.297618000	20.1428	87	0
1528074454.303636000	20.1488	87	0
1528074454.402314000	20.2475	233	0
1528074454.403744000	20.2489	148	0
1528074454.404934000	20.2501	107	1
1528074454.406171000	20.2513	92	0
1528074454.407724000	20.2529	223	0
1528074454.408864000	20.254	101	1
1528074454.499293000	20.3444	387	1
1528074454.499381000	20.3445	254	1
1528074454.517696000	20.3628	87	0
1528074454.639624000	20.4848	258	0
1528074454.641053000	20.4862	148	0
1528074454.642952000	20.4881	104	1
1528074454.643902000	20.4891	92	0
1528074454.645337000	20.4905	126	0
1528074454.646883000	20.492	101	1
1528074454.803078000	20.6482	387	1
1528074454.803167000	20.6483	255	1
1528074454.823139000	20.6683	87	0
1528074454.925040000	20.7702	235	0
1528074454.926526000	20.7717	148	0
1528074454.927965000	20.7731	104	1
1528074454.928626000	20.7738	92	0
1528074454.930060000	20.7752	119	0
1528074454.930886000	20.776	101	1
1528074455.177557000	21.0227	387	1
1528074455.177615000	21.0228	257	1
1528074455.204421000	21.0496	87	0
1528074455.423144000	21.2683	235	0
1528074455.424579000	21.2697	148	0
1528074455.425994000	21.2711	104	1
1528074455.427503000	21.2727	92	0
1528074455.428946000	21.2741	296	0
1528074455.429917000	21.2751	101	1
1528074455.502515000	21.3477	391	1
1528074455.502575000	21.3477	309	1
1528074455.521790000	21.3669	87	0
1528074455.643203000	21.4884	301	0
1528074455.644634000	21.4898	148	0
1528074455.645945000	21.4911	104	1
1528074455.649246000	21.4944	92	0
1528074455.650684000	21.4958	249	0
1528074455.651937000	21.4971	101	1
1528074455.802491000	21.6476	465	1
1528074455.802589000	21.6477	309	1
1528074455.821505000	21.6667	87	0
1528074455.945468000	21.7906	258	0
1528074455.946887000	21.792	148	0
1528074455.948022000	21.7932	104	1
1528074455.949158000	21.7943	92	0
1528074455.951515000	21.7967	264	0
1528074455.952023000	21.7972	101	1
1528074456.304089000	22.1492	1381	1
1528074456.304150000	22.1493	369	1
1528074456.325137000	22.1703	87	0
1528074456.424315000	22.2695	235	0
1528074456.425747000	22.2709	148	0
1528074456.427050000	22.2722	104	1
1528074456.428948000	22.2741	92	0
1528074456.430391000	22.2755	323	0
1528074456.431986000	22.2771	101	1
1528074456.556872000	22.402	450	1
1528074456.556932000	22.4021	309	1
1528074456.578261000	22.4234	87	0
1528074456.688996000	22.5341	309	0
1528074456.690422000	22.5356	148	0
1528074456.692083000	22.5372	104	1
1528074456.694587000	22.5397	92	0
1528074456.696016000	22.5412	160	0
1528074456.696991000	22.5421	101	1
1528074457.777637000	23.6228	467	1
1528074457.777718000	23.6229	254	1
1528074457.797399000	23.6426	87	0
1528074457.902333000	23.7475	305	0
1528074457.903744000	23.7489	148	0
1528074457.905142000	23.7503	104	1
1528074457.911050000	23.7562	92	0
1528074457.912493000	23.7576	302	0
1528074457.914110000	23.7593	101	1
1528074458.050327000	23.8955	392	1
1528074458.050405000	23.8956	255	1
1528074458.072958000	23.9181	87	0
1528074458.173271000	24.0184	235	0
1528074458.174699000	24.0199	148	0
1528074458.176080000	24.0212	104	1
1528074458.180657000	24.0258	92	0
1528074458.183140000	24.0283	98	1
1528074458.183452000	24.0286	190	0
1528074458.186148000	24.0313	98	1
1528074458.470273000	24.3154	391	1
1528074458.470338000	24.3155	256	1
1528074458.506175000	24.3513	391	1
1528074458.506601000	24.3518	87	0
1528074458.524426000	24.3696	87	0
1528074458.622614000	24.4678	258	0
1528074458.624041000	24.4692	148	0
1528074458.625180000	24.4703	107	1
1528074458.629148000	24.4743	92	0
1528074458.632106000	24.4773	238	0
1528074458.632153000	24.4773	98	1
1528074458.635173000	24.4803	98	1
1528074458.717567000	24.5627	369	1
1528074458.717650000	24.5628	1412	1
1528074458.717676000	24.5628	1412	1
1528074458.717706000	24.5629	1412	1
1528074458.717765000	24.5629	240	1
1528074458.737165000	24.5823	87	0
1528074458.961640000	24.8068	323	1
1528074458.961707000	24.8069	249	1
1528074458.962558000	24.8077	388	0
1528074458.965173000	24.8103	101	1
1528074458.970829000	24.816	80	0
1528074458.973144000	24.8183	98	1
1528074458.981161000	24.8263	87	0
1528074459.120680000	24.9658	331	0
1528074459.122158000	24.9673	148	0
1528074459.123190000	24.9683	104	1
1528074459.124677000	24.9698	92	0
1528074459.126121000	24.9713	181	0
1528074459.127129000	24.9723	101	1
1528074459.215411000	25.0606	387	1
1528074459.215509000	25.0607	309	1
1528074459.234163000	25.0793	87	0
1528074459.349724000	25.1949	265	0
1528074459.351144000	25.1963	148	0
1528074459.352190000	25.1973	104	1
1528074459.352930000	25.1981	92	0
1528074459.355097000	25.2002	211	0
1528074459.355190000	25.2003	98	1
1528074459.358203000	25.2034	98	1
1528074459.516460000	25.3616	387	1
1528074459.516551000	25.3617	309	1
1528074459.534942000	25.3801	87	0
1528074459.789890000	25.635	256	0
1528074459.791264000	25.6364	148	0
1528074459.793192000	25.6383	104	1
1528074459.795160000	25.6403	92	0
1528074459.796630000	25.6418	98	0
1528074459.798187000	25.6433	101	1
1528074460.791957000	26.6371	387	1
1528074460.792022000	26.6372	254	1
1528074460.811143000	26.6563	87	0
1528074460.955996000	26.8011	255	0
1528074460.958060000	26.8032	148	0
1528074460.958425000	26.8036	104	1
1528074460.959443000	26.8046	92	0
1528074460.960880000	26.806	273	0
1528074460.962442000	26.8076	101	1
1528074461.025748000	26.8709	386	1
1528074461.025822000	26.871	254	1
1528074461.044279000	26.8894	87	0
1528074461.169059000	27.0142	233	0
1528074461.170484000	27.0156	148	0
1528074461.171516000	27.0167	104	1
1528074461.172158000	27.0173	92	0
1528074461.173606000	27.0188	169	0
1528074461.174438000	27.0196	101	1
1528074461.239507000	27.0847	387	1
1528074461.239558000	27.0847	254	1
1528074461.258145000	27.1033	87	0
1528074461.378019000	27.2232	233	0
1528074461.379458000	27.2246	148	0
1528074461.380526000	27.2257	104	1
1528074461.381742000	27.2269	92	0
1528074461.383160000	27.2283	135	0
1528074461.384458000	27.2296	101	1
1528074461.467571000	27.3127	463	1
1528074461.467672000	27.3128	254	1
1528074461.488153000	27.3333	87	0
1528074461.588373000	27.4335	298	0
1528074461.589810000	27.435	148	0
1528074461.591541000	27.4367	104	1
1528074461.593045000	27.4382	92	0
1528074461.594483000	27.4396	256	0
1528074461.595464000	27.4406	101	1
1528074461.699035000	27.5442	1378	1
1528074461.699126000	27.5443	255	1
1528074461.728241000	27.5734	87	0
1528074461.819549000	27.6647	256	0
1528074461.821119000	27.6663	148	0
1528074461.822550000	27.6677	104	1
1528074461.823937000	27.6691	92	0
1528074461.825384000	27.6705	294	0
1528074461.826480000	27.6716	101	1
1528074462.060880000	27.906	450	1
1528074462.060942000	27.9061	254	1
1528074462.078675000	27.9238	87	0
1528074462.178223000	28.0234	258	0
1528074462.179704000	28.0249	148	0
1528074462.181601000	28.0268	104	1
1528074462.182166000	28.0273	92	0
1528074462.183595000	28.0287	95	0
1528074462.184508000	28.0297	101	1
1528074462.331951000	28.1771	463	1
1528074462.332011000	28.1772	255	1
1528074462.361810000	28.207	87	0
1528074462.513140000	28.3583	264	0
1528074462.514556000	28.3597	148	0
1528074462.516540000	28.3617	104	1
1528074462.531097000	28.3762	92	0
1528074462.533600000	28.3788	98	1
1528074462.556698000	28.4018	310	0
1528074462.559593000	28.4047	98	1
1528074462.712719000	28.5579	391	1
1528074462.712816000	28.558	219	1
1528074462.731995000	28.5771	87	0
1528074462.956711000	28.8019	304	0
1528074462.958687000	28.8038	148	0
1528074462.959618000	28.8048	104	1
1528074462.963070000	28.8082	92	0
1528074462.965610000	28.8108	98	1
1528074462.999523000	28.8447	216	0
1528074463.002559000	28.8477	98	1
1528074463.238862000	29.084	390	1
1528074463.238927000	29.0841	369	1
1528074463.259077000	29.1042	87	0
1528074463.280047000	29.1252	87	0
1528074463.379553000	29.2247	235	0
1528074463.380979000	29.2261	148	0
1528074463.382649000	29.2278	107	1
1528074463.383252000	29.2284	92	0
1528074463.384726000	29.2299	197	0
1528074463.385569000	29.2307	101	1
1528074468.057552000	33.9027	370	1
1528074468.057649000	33.9028	1412	1
1528074468.057688000	33.9028	1412	1
1528074468.057720000	33.9029	1412	1
1528074468.057752000	33.9029	240	1
1528074468.078486000	33.9236	87	0
1528074468.259036000	34.1042	324	1
1528074468.259130000	34.1043	254	1
1528074468.278093000	34.1232	87	0
1528074468.295893000	34.141	396	0
1528074468.298924000	34.1441	104	1
1528074468.302182000	34.1473	80	0
1528074468.304916000	34.1501	98	1
1528074468.519860000	34.365	243	0
1528074468.521238000	34.3664	148	0
1528074468.522880000	34.368	101	1
1528074468.523528000	34.3687	92	0
1528074468.524908000	34.3701	228	0
1528074468.525863000	34.371	101	1
1528074468.578870000	34.424	387	1
1528074468.578961000	34.4241	254	1
1528074468.616946000	34.4621	387	1
1528074468.617740000	34.4629	87	0
1528074468.636051000	34.4812	87	0
1528074468.838503000	34.6837	354	0
1528074468.839924000	34.6851	148	0
1528074468.840958000	34.6861	107	1
1528074468.842926000	34.6881	92	0
1528074468.844399000	34.6896	120	0
1528074468.845943000	34.6911	101	1
1528074469.043145000	34.8883	390	1
1528074469.043205000	34.8884	257	1
1528074469.064049000	34.9092	87	0
1528074469.208779000	35.0539	267	0
1528074469.210165000	35.0553	148	0
1528074469.211975000	35.0571	104	1
1528074469.212868000	35.058	92	0
1528074469.214272000	35.0594	333	0
1528074469.216053000	35.0612	101	1
1528074469.368341000	35.2135	388	1
1528074469.368431000	35.2136	254	1
1528074469.386508000	35.2317	87	0
1528074469.632055000	35.4772	255	0
1528074469.633538000	35.4787	148	0
1528074469.635004000	35.4802	104	1
1528074469.635788000	35.4809	92	0
1528074469.638982000	35.4841	98	1
1528074469.639743000	35.4849	192	0
1528074469.642989000	35.4881	98	1
1528074469.822298000	35.6674	390	1
1528074469.822357000	35.6675	255	1
1528074469.840119000	35.6853	87	0
1528074469.944494000	35.7896	232	0
1528074469.945971000	35.7911	148	0
1528074469.946950000	35.7921	104	1
1528074469.947475000	35.7926	92	0
1528074469.948984000	35.7941	285	0
1528074469.949953000	35.7951	101	1
1528074470.280614000	36.1258	466	1
1528074470.280705000	36.1259	549	1
1528074470.298354000	36.1435	87	0
1528074470.513975000	36.3591	233	0
1528074470.515407000	36.3606	148	0
1528074470.517053000	36.3622	104	1
1528074470.517706000	36.3629	92	0
1528074470.519144000	36.3643	128	0
1528074470.519973000	36.3651	101	1
1528074470.698469000	36.5436	1381	1
1528074470.698528000	36.5437	249	1
1528074470.717966000	36.5631	87	0
1528074470.825650000	36.6708	256	0
1528074470.827071000	36.6722	148	0
1528074470.828550000	36.6737	92	0
1528074470.829073000	36.6742	107	1
1528074470.830017000	36.6752	300	0
1528074470.833088000	36.6782	98	1
1528074475.572887000	41.418	450	1
1528074475.572953000	41.4181	257	1
1528074475.592201000	41.4374	87	0
1528074475.723689000	41.5688	298	0
1528074475.725048000	41.5702	148	0
1528074475.726272000	41.5714	104	1
1528074475.728498000	41.5736	92	0
1528074475.729941000	41.5751	283	0
1528074475.731255000	41.5764	101	1
1528074475.792593000	41.6377	467	1
1528074475.792690000	41.6378	256	1
1528074475.812579000	41.6577	87	0
1528074475.933051000	41.7782	281	0
1528074475.934551000	41.7797	148	0
1528074475.936343000	41.7815	104	1
1528074475.936751000	41.7819	92	0
1528074475.938190000	41.7833	310	0
1528074475.939249000	41.7844	101	1
1528074478.984894000	44.83	390	1
1528074478.984986000	44.8301	258	1
1528074479.003448000	44.8486	87	0
1528074479.124469000	44.9696	286	0
1528074479.125962000	44.9711	148	0
1528074479.127522000	44.9727	104	1
1528074479.127617000	44.9728	92	0
1528074479.129112000	44.9743	286	0
1528074479.130450000	44.9756	101	1
1528074479.206130000	45.0513	391	1
1528074479.206217000	45.0514	292	1
1528074479.225165000	45.0703	87	0
1528074479.330164000	45.1753	282	0
1528074479.331599000	45.1768	148	0
1528074479.333540000	45.1787	104	1
1528074479.334266000	45.1794	92	0
1528074479.335746000	45.1809	246	0
1528074479.337537000	45.1827	101	1
1528074479.481578000	45.3267	388	1
1528074479.481635000	45.3268	254	1
1528074479.498662000	45.3438	87	0
1528074479.597050000	45.4422	258	0
1528074479.598477000	45.4436	148	0
1528074479.599547000	45.4447	104	1
1528074479.600242000	45.4454	92	0
1528074479.601715000	45.4469	174	0
1528074479.602464000	45.4476	101	1
1528074480.093815000	45.939	388	1
1528074480.093880000	45.939	256	1
1528074480.113759000	45.9589	87	0
1528074480.133556000	45.9787	87	0
1528074480.238736000	46.0839	235	0
1528074480.240163000	46.0853	148	0
1528074480.241586000	46.0867	107	1
1528074480.243394000	46.0885	92	0
1528074480.244830000	46.09	145	0
1528074480.246581000	46.0917	101	1
1528074480.373606000	46.2188	388	1
1528074480.373681000	46.2188	255	1
1528074480.392655000	46.2378	87	0
1528074480.519968000	46.3651	231	0
1528074480.521394000	46.3665	148	0
1528074480.522605000	46.3678	104	1
1528074480.523374000	46.3685	92	0
1528074480.524810000	46.37	173	0
1528074480.526599000	46.3718	101	1
1528074480.583981000	46.4291	385	1
1528074480.584056000	46.4292	256	1
1528074480.602424000	46.4476	87	0
1528074480.705155000	46.5503	256	0
1528074480.706563000	46.5517	148	0
1528074480.707548000	46.5527	104	1
1528074480.709202000	46.5544	92	0
1528074480.710615000	46.5558	128	0
1528074480.711525000	46.5567	101	1
1528074480.903168000	46.7483	387	1
1528074480.903234000	46.7484	255	1
1528074480.921337000	46.7665	87	0
1528074481.058492000	46.9036	303	0
1528074481.059884000	46.905	148	0
1528074481.061640000	46.9068	104	1
1528074481.062160000	46.9073	92	0
1528074481.064613000	46.9098	98	1
1528074481.102859000	46.948	130	0
1528074481.105636000	46.9508	98	1
1528074481.323535000	47.1687	390	1
1528074481.323774000	47.1689	259	1
1528074481.342562000	47.1877	87	0
1528074481.441993000	47.2871	259	0
1528074481.443418000	47.2886	148	0
1528074481.444655000	47.2898	104	1
1528074481.445785000	47.2909	92	0
1528074481.447245000	47.2924	255	0
1528074481.448646000	47.2938	101	1
1528074481.601895000	47.447	463	1
1528074481.602008000	47.4472	258	1
1528074481.623970000	47.4691	87	0
1528074481.720195000	47.5653	290	0
1528074481.721625000	47.5668	148	0
1528074481.722611000	47.5678	104	1
1528074481.724487000	47.5696	92	0
1528074481.725917000	47.5711	190	0
1528074481.727616000	47.5728	101	1
1528074481.932221000	47.7774	1360	1
1528074481.932314000	47.7775	1412	1
1528074481.932351000	47.7775	1412	1
1528074481.932385000	47.7775	1412	1
1528074481.932417000	47.7776	239	1
1528074481.962208000	47.8074	387	1
1528074481.962282000	47.8074	254	1
1528074481.963556000	47.8087	87	0
1528074481.983792000	47.8289	87	0
1528074482.185630000	48.0308	390	0
1528074482.188637000	48.0338	104	1
1528074482.192540000	48.0377	80	0
1528074482.195629000	48.0408	98	1
1528074482.209511000	48.0547	235	0
1528074482.210907000	48.0561	148	0
1528074482.212640000	48.0578	101	1
1528074482.213498000	48.0587	92	0
1528074482.214918000	48.0601	134	0
1528074482.216634000	48.0618	101	1
1528074482.393154000	48.2383	391	1
1528074482.393250000	48.2384	549	1
1528074482.414537000	48.2597	87	0
1528074482.419428000	48.2646	87	0
1528074482.512180000	48.3573	235	0
1528074482.513646000	48.3588	148	0
1528074482.514722000	48.3599	107	1
1528074482.517973000	48.3631	92	0
1528074482.519417000	48.3646	305	0
1528074482.520648000	48.3658	101	1
1528074482.611771000	48.4569	467	1
1528074482.611867000	48.457	309	1
1528074482.630376000	48.4755	87	0
1528074482.845690000	48.6908	300	0
1528074482.847172000	48.6923	148	0
1528074482.848750000	48.6939	104	1
1528074482.849355000	48.6945	92	0
1528074482.850740000	48.6959	219	0
1528074482.851658000	48.6968	101	1
1528074483.071083000	48.9162	391	1
1528074483.071167000	48.9163	257	1
1528074483.088828000	48.934	87	0
1528074483.209155000	49.0543	281	0
1528074483.210571000	49.0557	148	0
1528074483.211702000	49.0569	104	1
1528074483.213445000	49.0586	92	0
1528074483.214867000	49.06	249	0
1528074483.215679000	49.0608	101	1
1528074483.551337000	49.3965	390	1
1528074483.551403000	49.3966	258	1
1528074483.582908000	49.4281	87	0
1528074483.684997000	49.5301	284	0
1528074483.686425000	49.5316	148	0
1528074483.687786000	49.5329	104	1
1528074483.689408000	49.5346	92	0
1528074483.690784000	49.5359	195	0
1528074483.691710000	49.5369	101	1
1528074483.734924000	49.5801	92	0
1528074483.737921000	49.5831	98	1
1528074483.800931000	49.6461	390	1
1528074483.801028000	49.6462	255	1
1528074483.820588000	49.6657	87	0
1528074483.918169000	49.7633	281	0
1528074483.919623000	49.7648	148	0
1528074483.920796000	49.7659	104	1
1528074483.923771000	49.7689	92	0
1528074483.925168000	49.7703	134	0
1528074483.926797000	49.7719	101	1
1528074484.061046000	49.9062	388	1
1528074484.061104000	49.9063	255	1
1528074484.080548000	49.9257	87	0
1528074484.197226000	50.0424	233	0
1528074484.198650000	50.0438	148	0
1528074484.199817000	50.045	104	1
1528074484.200782000	50.0459	92	0
1528074484.202173000	50.0473	321	0
1528074484.203800000	50.049	101	1
1528074484.482021000	50.3272	391	1
1528074484.482090000	50.3272	260	1
1528074484.500684000	50.3458	87	0
1528074484.627098000	50.4722	255	0
1528074484.628512000	50.4737	148	0
1528074484.629839000	50.475	104	1
1528074484.631336000	50.4765	92	0
1528074484.632771000	50.4779	255	0
1528074484.633786000	50.4789	101	1
1528074484.925503000	50.7707	386	1
1528074484.925594000	50.7707	260	1
1528074484.944081000	50.7892	87	0
1528074485.044090000	50.8892	235	0
1528074485.045503000	50.8907	148	0
1528074485.046867000	50.892	104	1
1528074485.047916000	50.8931	92	0
1528074485.049401000	50.8946	309	0
1528074485.050857000	50.896	101	1
1528074485.378382000	51.2235	468	1
1528074485.378443000	51.2236	261	1
1528074485.402878000	51.248	87	0
1528074485.529430000	51.3746	256	0
1528074485.530870000	51.376	148	0
1528074485.531872000	51.377	104	1
1528074485.532855000	51.378	92	0
1528074485.534288000	51.3794	86	0
1528074485.535816000	51.381	101	1
1528074485.700933000	51.5461	399	1
1528074485.701000000	51.5462	258	1
1528074485.718533000	51.5637	87	0
1528074485.944408000	51.7896	305	0
1528074485.945825000	51.791	148	0
1528074485.946921000	51.7921	104	1
1528074485.948711000	51.7939	92	0
1528074485.951133000	51.7963	115	0
1528074485.951842000	51.797	101	1
1528074486.119505000	51.9647	1367	1
1528074486.119564000	51.9647	260	1
1528074486.139038000	51.9842	87	0
1528074486.239138000	52.0843	261	0
1528074486.240561000	52.0857	148	0
1528074486.241933000	52.0871	104	1
1528074486.245337000	52.0905	92	0
1528074486.246846000	52.092	261	0
1528074486.247885000	52.093	101	1
1528074486.588245000	52.4334	451	1
1528074486.588336000	52.4335	261	1
1528074486.622825000	52.468	87	0
1528074486.747242000	52.5924	290	0
1528074486.748651000	52.5938	148	0
1528074486.749959000	52.5951	104	1
1528074486.750161000	52.5953	92	0
1528074486.751597000	52.5967	210	0
1528074486.752885000	52.598	101	1
1528074486.862383000	52.7075	391	1
1528074486.862510000	52.7077	259	1
1528074486.881169000	52.7263	87	0
1528074486.994464000	52.8396	236	0
1528074486.995893000	52.841	148	0
1528074486.996968000	52.8421	104	1
1528074486.998678000	52.8438	92	0
1528074487.000109000	52.8453	86	0
1528074487.000898000	52.846	101	1
1528074487.147290000	52.9924	468	1
1528074487.147386000	52.9925	256	1
1528074487.179669000	53.0248	87	0
1528074487.183899000	53.0291	87	0
1528074487.305227000	53.1504	232	0
1528074487.306703000	53.1519	148	0
1528074487.307997000	53.1531	107	1
1528074487.309369000	53.1545	92	0
1528074487.310807000	53.156	168	0
1528074487.311904000	53.1571	101	1
1528074487.557850000	53.403	386	1
1528074487.557948000	53.4031	259	1
1528074487.578380000	53.4235	87	0
1528074487.695357000	53.5405	256	0
1528074487.696852000	53.542	158	0
1528074487.698011000	53.5432	104	1
1528074487.698255000	53.5434	314	0
1528074487.701008000	53.5462	98	1
1528074488.037514000	53.8827	387	1
1528074488.037578000	53.8827	260	1
1528074488.055836000	53.901	87	0
1528074488.195140000	54.0403	232	0
1528074488.196573000	54.0417	148	0
1528074488.197988000	54.0431	104	1
1528074488.199337000	54.0445	92	0
1528074488.200775000	54.0459	302	0
1528074488.201972000	54.0471	101	1
1528074488.316263000	54.1614	386	1
1528074488.316330000	54.1615	256	1
1528074488.334249000	54.1794	87	0
1528074488.432305000	54.2775	273	0
1528074488.433759000	54.2789	148	0
1528074488.435001000	54.2802	104	1
1528074488.449817000	54.295	92	0
1528074488.451258000	54.2964	277	0
1528074488.452998000	54.2981	101	1
1528074488.486128000	54.3313	92	0
1528074488.488991000	54.3341	98	1
1528074488.529473000	54.3746	82	0
1528074488.532063000	54.3772	98	1
1528074488.769788000	54.6149	388	1
1528074488.769872000	54.615	260	1
1528074488.788403000	54.6336	87	0
1528074488.889353000	54.7345	302	0
1528074488.890775000	54.7359	148	0
1528074488.892084000	54.7372	104	1
1528074488.893050000	54.7382	92	0
1528074488.894510000	54.7397	115	0
1528074488.896068000	54.7412	101	1
1528074489.182587000	55.0277	391	1
1528074489.182664000	55.0278	260	1
1528074489.202094000	55.0472	87	0
1528074489.319044000	55.1642	263	0
1528074489.320466000	55.1656	148	0
1528074489.322110000	55.1673	104	1
1528074489.322214000	55.1674	92	0
1528074489.323706000	55.1689	330	0
1528074489.325111000	55.1703	101	1
1528074489.559317000	55.4045	387	1
1528074489.559403000	55.4046	256	1
1528074489.579075000	55.4242	87	0
1528074489.583264000	55.4284	87	0
1528074489.691063000	55.5362	302	0
1528074489.692492000	55.5376	148	0
1528074489.694143000	55.5393	107	1
1528074489.695582000	55.5407	92	0
1528074489.697096000	55.5422	157	0
1528074489.698050000	55.5432	101	1
1528074489.988505000	55.8337	387	1
1528074489.988565000	55.8337	260	1
1528074490.008774000	55.8539	87	0
1528074490.111430000	55.9566	233	0
1528074490.112853000	55.958	148	0
1528074490.114155000	55.9593	104	1
1528074490.115988000	55.9611	92	0
1528074490.117548000	55.9627	270	0
1528074490.119144000	55.9643	101	1
1528074490.277570000	56.1227	467	1
1528074490.277659000	56.1228	251	1
1528074490.296494000	56.1416	87	0
1528074490.508148000	56.3533	233	0
1528074490.509572000	56.3547	148	0
1528074490.511178000	56.3563	104	1
1528074490.512046000	56.3572	92	0
1528074490.513489000	56.3586	217	0
1528074490.515173000	56.3603	101	1
1528074490.688385000	56.5335	1382	1
1528074490.688478000	56.5336	561	1
1528074490.707382000	56.5525	87	0
1528074490.824511000	56.6697	256	0
1528074490.825938000	56.6711	148	0
1528074490.827197000	56.6723	104	1
1528074490.833459000	56.6786	92	0
1528074490.834906000	56.6801	109	0
1528074490.836124000	56.6813	101	1
1528074490.908522000	56.7537	450	1
1528074490.908584000	56.7537	251	1
1528074490.927172000	56.7723	87	0
1528074491.069402000	56.9146	232	0
1528074491.070832000	56.916	148	0
1528074491.072191000	56.9173	104	1
1528074491.073178000	56.9183	92	0
1528074491.074681000	56.9198	160	0
1528074491.076183000	56.9213	101	1
1528074491.438666000	57.2838	388	1
1528074491.438741000	57.2839	258	1
1528074491.457805000	57.303	87	0
1528074491.588867000	57.434	326	0
1528074491.590255000	57.4354	148	0
1528074491.592194000	57.4373	104	1
1528074491.592530000	57.4377	92	0
1528074491.593970000	57.4391	197	0
1528074491.595163000	57.4403	101	1
1528074491.648551000	57.4937	466	1
1528074491.648627000	57.4938	259	1
1528074491.668359000	57.5135	87	0
1528074491.674436000	57.5196	87	0
1528074491.796121000	57.6413	258	0
1528074491.797615000	57.6428	148	0
1528074491.799197000	57.6443	107	1
1528074491.800162000	57.6453	92	0
1528074491.801639000	57.6468	334	0
1528074491.803189000	57.6483	101	1
1528074491.979593000	57.8247	388	1
1528074491.979653000	57.8248	257	1
1528074491.998162000	57.8433	87	0
1528074492.097652000	57.9428	264	0
1528074492.099050000	57.9442	148	0
1528074492.100208000	57.9454	104	1
1528074492.102282000	57.9474	92	0
1528074492.103590000	57.9487	382	1
1528074492.103647000	57.9488	1412	1
1528074492.103686000	57.9488	1412	1
1528074492.103740000	57.9489	1412	1
1528074492.103763000	57.9489	1357	1
1528074492.103841000	57.949	208	0
1528074492.106187000	57.9513	98	1
1528074492.127090000	57.9722	87	0
1528074492.216951000	58.0621	389	0
1528074492.220219000	58.0654	101	1
1528074492.223061000	58.0682	80	0
1528074492.226211000	58.0714	98	1
1528074492.429280000	58.2744	386	1
1528074492.429344000	58.2745	561	1
1528074492.449028000	58.2942	87	0
1528074492.551893000	58.397	258	0
1528074492.553278000	58.3984	148	0
1528074492.554737000	58.3999	92	0
1528074492.555238000	58.4004	107	1
1528074492.556166000	58.4013	145	0
1528074492.559225000	58.4044	98	1
1528074496.853050000	62.6982	391	1
1528074496.853124000	62.6983	260	1
1528074496.872078000	62.7172	87	0
1528074496.965683000	62.8108	297	0
1528074496.967177000	62.8123	148	0
1528074496.968936000	62.8141	104	1
1528074496.970709000	62.8159	92	0
1528074496.972146000	62.8173	249	0
1528074496.973875000	62.819	101	1
1528074497.062388000	62.9075	386	1
1528074497.062449000	62.9076	259	1
1528074497.082337000	62.9275	87	0
1528074497.197420000	63.0426	279	0
1528074497.198772000	63.0439	148	0
1528074497.199951000	63.0451	104	1
1528074497.202697000	63.0478	92	0
1528074497.204140000	63.0493	278	0
1528074497.205937000	63.0511	101	1
1528074497.292255000	63.1374	391	1
1528074497.292315000	63.1375	263	1
1528074497.310684000	63.1558	87	0
1528074497.340811000	63.186	378	1
1528074497.340913000	63.1861	1412	1
1528074497.340952000	63.1861	1412	1
1528074497.341005000	63.1862	1412	1
1528074497.341024000	63.1862	544	1
1528074497.359090000	63.2042	87	0
1528074497.372362000	63.2175	87	0
1528074497.454573000	63.2997	235	0
1528074497.456052000	63.3012	148	0
1528074497.456911000	63.3021	110	1
1528074497.457563000	63.3027	92	0
1528074497.458993000	63.3041	311	0
1528074497.459885000	63.305	101	1
1528074497.466916000	63.3121	376	0
1528074497.469891000	63.315	98	1
1528074497.474425000	63.3196	80	0
1528074497.476907000	63.3221	98	1
1528074497.710255000	63.5554	392	1
1528074497.710313000	63.5555	251	1
1528074497.729181000	63.5743	87	0
1528074497.828990000	63.6741	329	0
1528074497.830469000	63.6756	148	0
1528074497.831987000	63.6771	104	1
1528074497.833381000	63.6785	92	0
1528074497.834817000	63.68	286	0
1528074497.835907000	63.6811	101	1
1528074498.079428000	63.9246	1376	1
1528074498.079491000	63.9246	258	1
1528074498.115992000	63.9611	1376	1
1528074498.125007000	63.9702	87	0
1528074498.146256000	63.9914	87	0
1528074498.213829000	64.059	233	0
1528074498.215201000	64.0604	148	0
1528074498.216954000	64.0621	107	1
1528074498.217192000	64.0623	92	0
1528074498.218619000	64.0638	223	0
1528074498.219919000	64.0651	101	1
1528074498.508285000	64.3534	450	1
1528074498.508382000	64.3535	260	1
1528074498.528936000	64.3741	87	0
1528074498.643880000	64.489	259	0
1528074498.645255000	64.4904	148	0
1528074498.647032000	64.4922	104	1
1528074498.647252000	64.4924	92	0
1528074498.648724000	64.4939	146	0
1528074498.649958000	64.4951	101	1
1528074498.941445000	64.7866	392	1
1528074498.941535000	64.7867	258	1
1528074498.968855000	64.814	87	0
1528074499.134829000	64.98	302	0
1528074499.136193000	64.9813	148	0
1528074499.138064000	64.9832	104	1
1528074499.138241000	64.9834	92	0
1528074499.139950000	64.9851	246	0
1528074499.140982000	64.9861	101	1
1528074499.242153000	65.0873	466	1
1528074499.242240000	65.0874	256	1
1528074499.260469000	65.1056	87	0
1528074499.265885000	65.111	87	0
1528074499.367401000	65.2126	235	0
1528074499.368829000	65.214	148	0
1528074499.370076000	65.2152	107	1
1528074499.372460000	65.2176	92	0
1528074499.373904000	65.2191	318	0
1528074499.374998000	65.2201	101	1
1528074499.446114000	65.2913	388	1
1528074499.446197000	65.2913	251	1
1528074499.465406000	65.3106	87	0
1528074499.480177000	65.3253	87	0
1528074499.568182000	65.4133	284	0
1528074499.569645000	65.4148	148	0
1528074499.571091000	65.4162	107	1
1528074499.572859000	65.418	92	0
1528074499.574243000	65.4194	215	0
1528074499.576042000	65.4212	101	1
1528074499.667401000	65.5126	392	1
1528074499.667476000	65.5126	375	1
1528074499.685530000	65.5307	87	0
1528074499.779910000	65.6251	264	0
1528074499.781276000	65.6264	148	0
1528074499.783095000	65.6282	104	1
1528074499.783688000	65.6288	92	0
1528074499.785062000	65.6302	160	0
1528074499.786016000	65.6312	101	1
1528074499.889362000	65.7345	390	1
1528074499.889458000	65.7346	252	1
1528074499.907722000	65.7529	87	0
1528074500.025555000	65.8707	233	0
1528074500.027043000	65.8722	148	0
1528074500.028102000	65.8733	104	1
1528074500.029590000	65.8747	92	0
1528074500.031028000	65.8762	253	0
1528074500.032037000	65.8772	101	1
1528074500.253550000	66.0987	390	1
1528074500.253645000	66.0988	259	1
1528074500.272543000	66.1177	87	0
1528074500.342915000	66.1881	302	1
1528074500.343078000	66.1882	1412	1
1528074500.343106000	66.1883	1412	1
1528074500.343147000	66.1883	1412	1
1528074500.343197000	66.1883	1114	1
1528074500.362644000	66.2078	87	0
1528074500.386788000	66.2319	233	0
1528074500.388169000	66.2333	148	0
1528074500.390153000	66.2353	107	1
1528074500.391102000	66.2363	92	0
1528074500.392557000	66.2377	97	0
1528074500.394116000	66.2393	101	1
1528074500.535690000	66.3808	391	1
1528074500.535751000	66.3809	261	1
1528074500.554939000	66.4001	87	0
1528074500.562036000	66.4072	87	0
1528074500.563485000	66.4086	441	0
1528074500.566126000	66.4113	104	1
1528074500.567044000	66.4122	80	0
1528074500.570125000	66.4153	98	1
1528074500.651101000	66.4963	289	0
1528074500.652516000	66.4977	148	0
1528074500.654153000	66.4993	101	1
1528074500.654847000	66.5	92	0
1528074500.656245000	66.5014	198	0
1528074500.657065000	66.5022	101	1
1528074500.817572000	66.6627	467	1
1528074500.817633000	66.6628	260	1
1528074500.835932000	66.6811	87	0
1528074500.935142000	66.7803	233	0
1528074500.936727000	66.7819	148	0
1528074500.938174000	66.7833	104	1
1528074500.938984000	66.7841	92	0
1528074500.940424000	66.7856	202	0
1528074500.942155000	66.7873	101	1
1528074501.236548000	67.0817	389	1
1528074501.236639000	67.0818	257	1
1528074501.254648000	67.0998	87	0
1528074501.367154000	67.2123	235	0
1528074501.368643000	67.2138	148	0
1528074501.370182000	67.2153	104	1
1528074501.380555000	67.2257	92	0
1528074501.381996000	67.2271	153	0
1528074501.383114000	67.2283	101	1
1528074501.881684000	67.7268	1379	1
1528074501.881760000	67.7269	258	1
1528074501.901450000	67.7466	87	0
1528074501.999700000	67.8449	255	0
1528074502.001135000	67.8463	148	0
1528074502.002163000	67.8473	104	1
1528074502.004597000	67.8497	92	0
1528074502.006058000	67.8512	133	0
1528074502.007164000	67.8523	101	1
1528074502.117571000	67.9627	449	1
1528074502.117648000	67.9628	259	1
1528074502.138508000	67.9837	87	0
1528074502.236102000	68.0813	307	0
1528074502.237592000	68.0827	148	0
1528074502.239196000	68.0843	104	1
1528074502.240490000	68.0856	92	0
1528074502.241924000	68.0871	101	0
1528074502.243162000	68.0883	101	1
1528074502.459685000	68.3048	386	1
1528074502.459749000	68.3049	260	1
1528074502.478181000	68.3233	87	0
1528074502.574501000	68.4197	258	0
1528074502.575981000	68.4211	148	0
1528074502.577202000	68.4224	104	1
1528074502.578614000	68.4238	92	0
1528074502.580070000	68.4252	258	0
1528074502.581234000	68.4264	101	1
1528074502.687307000	68.5325	464	1
1528074502.687374000	68.5325	260	1
1528074502.705935000	68.5511	87	0
1528074502.813607000	68.6588	233	0
1528074502.815106000	68.6603	148	0
1528074502.816213000	68.6614	104	1
1528074502.817612000	68.6628	92	0
1528074502.819052000	68.6642	257	0
1528074502.820194000	68.6653	101	1
1528074502.914473000	68.7596	390	1
1528074502.914557000	68.7597	258	1
1528074502.932326000	68.7775	87	0
1528074503.037613000	68.8828	303	0
1528074503.039030000	68.8842	148	0
1528074503.040243000	68.8854	104	1
1528074503.040839000	68.886	92	0
1528074503.042225000	68.8874	229	0
1528074503.043207000	68.8884	101	1
1528074503.343159000	69.1883	370	1
1528074503.343262000	69.1884	1412	1
1528074503.343298000	69.1884	1412	1
1528074503.343339000	69.1885	1412	1
1528074503.343390000	69.1885	1412	1
1528074503.343412000	69.1886	1412	1
1528074503.343436000	69.1886	1412	1
1528074503.343484000	69.1886	1412	1
1528074503.343518000	69.1887	1412	1
1528074503.343555000	69.1887	1412	1
1528074503.343589000	69.1887	1412	1
1528074503.343624000	69.1888	1412	1
1528074503.343659000	69.1888	1412	1
1528074503.345246000	69.1904	1412	1
1528074503.345309000	69.1905	1412	1
1528074503.345362000	69.1905	162	1
1528074503.363180000	69.2083	87	0
1528074503.367138000	69.2123	87	0
1528074503.394953000	69.2401	341	1
1528074503.395041000	69.2402	263	1
1528074503.414237000	69.2594	87	0
1528074503.420231000	69.2654	87	0
1528074503.475529000	69.3207	377	0
1528074503.478237000	69.3234	104	1
1528074503.482047000	69.3272	80	0
1528074503.485259000	69.3304	98	1
1528074503.516182000	69.3613	297	0
1528074503.517677000	69.3628	148	0
1528074503.519281000	69.3644	101	1
1528074503.520437000	69.3656	92	0
1528074503.521878000	69.367	261	0
1528074503.523235000	69.3684	101	1
1528074503.683668000	69.5288	386	1
1528074503.683758000	69.5289	261	1
1528074503.702466000	69.5476	87	0
1528074503.804269000	69.6494	258	0
1528074503.805656000	69.6508	148	0
1528074503.807252000	69.6524	104	1
1528074503.808652000	69.6538	92	0
1528074503.810095000	69.6552	243	0
1528074503.811270000	69.6564	101	1
1528074504.017692000	69.8628	388	1
1528074504.017783000	69.8629	258	1
1528074504.037565000	69.8827	87	0
1528074504.145371000	69.9905	233	0
1528074504.146909000	69.9921	148	0
1528074504.148347000	69.9935	104	1
1528074504.149464000	69.9946	92	0
1528074504.150908000	69.9961	312	0
1528074504.152354000	69.9975	101	1
1528074504.285270000	70.1304	386	1
1528074504.285354000	70.1305	260	1
1528074504.306847000	70.152	87	0
1528074504.311591000	70.1567	87	0
1528074504.417170000	70.2623	235	0
1528074504.418727000	70.2639	148	0
1528074504.420351000	70.2655	107	1
1528074504.421900000	70.2671	92	0
1528074504.423329000	70.2685	315	0
1528074504.424282000	70.2694	101	1
1528074505.200998000	71.0461	388	1
1528074505.201096000	71.0462	258	1
1528074505.219391000	71.0645	87	0
1528074505.319172000	71.1643	298	0
1528074505.320606000	71.1658	148	0
1528074505.322412000	71.1676	104	1
1528074505.323763000	71.1689	92	0
1528074505.325164000	71.1703	170	0
1528074505.326339000	71.1715	101	1
1528074505.419729000	71.2649	466	1
1528074505.419788000	71.2649	260	1
1528074505.443767000	71.2889	87	0
1528074505.670228000	71.5154	304	0
1528074505.671643000	71.5168	148	0
1528074505.673468000	71.5186	104	1
1528074505.675190000	71.5203	92	0
1528074505.676739000	71.5219	100	0
1528074505.678470000	71.5236	101	1
1528074505.876595000	71.7217	392	1
1528074505.876660000	71.7218	262	1
1528074505.896249000	71.7414	87	0
1528074505.994408000	71.8396	233	0
1528074505.995841000	71.841	148	0
1528074505.997459000	71.8426	104	1
1528074505.998248000	71.8434	92	0
1528074505.999726000	71.8449	234	0
1528074506.001442000	71.8466	101	1
1528074506.164880000	72.01	1381	1
1528074506.164976000	72.0101	259	1
1528074506.184947000	72.0301	87	0
1528074506.317703000	72.1629	233	0
1528074506.319121000	72.1643	148	0
1528074506.320467000	72.1656	104	1
1528074506.320794000	72.1659	92	0
1528074506.322181000	72.1673	308	0
1528074506.323395000	72.1685	101	1
1528074506.446705000	72.2919	449	1
1528074506.446797000	72.2919	258	1
1528074506.465918000	72.3111	87	0
1528074506.581207000	72.4264	258	0
1528074506.582678000	72.4278	148	0
1528074506.584485000	72.4296	104	1
1528074506.584846000	72.43	92	0
1528074506.586247000	72.4314	276	0
1528074506.587411000	72.4326	101	1
1528074506.912867000	72.758	468	1
1528074506.912930000	72.7581	264	1
1528074506.931966000	72.7771	87	0
1528074507.036033000	72.8812	307	0
1528074507.037480000	72.8826	148	0
1528074507.039511000	72.8847	104	1
1528074507.039698000	72.8848	92	0
1528074507.041139000	72.8863	314	0
1528074507.042437000	72.8876	101	1
1528074507.168625000	73.0138	390	1
1528074507.168696000	73.0138	258	1
1528074507.186169000	73.0313	100	0
1528074507.189086000	73.0342	87	0
1528074507.189430000	73.0346	101	1
1528074507.295978000	73.1411	235	0
1528074507.297462000	73.1426	148	0
1528074507.298535000	73.1437	101	1
1528074507.301123000	73.1463	92	0
1528074507.303502000	73.1487	98	1
1528074507.339767000	73.1849	102	0
1528074507.342534000	73.1877	98	1
1528074507.396759000	73.2419	388	1
1528074507.396843000	73.242	258	1
1528074507.415403000	73.2606	87	0
1528074507.635439000	73.4806	255	0
1528074507.636921000	73.4821	148	0
1528074507.638545000	73.4837	104	1
1528074507.639611000	73.4848	92	0
1528074507.641113000	73.4863	249	0
1528074507.642537000	73.4877	101	1
1528074507.844811000	73.69	385	1
1528074507.844901000	73.6901	262	1
1528074507.866788000	73.7119	87	0
1528074507.982554000	73.8277	303	0
1528074507.984001000	73.8292	148	0
1528074507.985560000	73.8307	104	1
1528074507.988930000	73.8341	92	0
1528074507.990375000	73.8355	237	0
1528074507.991494000	73.8366	101	1
1528074508.277062000	74.1222	391	1
1528074508.277125000	74.1223	265	1
1528074508.296512000	74.1417	87	0
1528074508.398877000	74.244	236	0
1528074508.400276000	74.2454	148	0
1528074508.401511000	74.2467	104	1
1528074508.402408000	74.2476	92	0
1528074508.403857000	74.249	317	0
1528074508.405531000	74.2507	101	1
1528074508.599766000	74.4449	389	1
1528074508.599863000	74.445	258	1
1528074508.618717000	74.4639	87	0
1528074508.724188000	74.5693	260	0
1528074508.725639000	74.5708	148	0
1528074508.726633000	74.5718	104	1
1528074508.728171000	74.5733	92	0
1528074508.729611000	74.5748	237	0
1528074508.730563000	74.5757	101	1
1528074508.832824000	74.678	387	1
1528074508.832916000	74.6781	258	1
1528074508.851100000	74.6963	87	0
1528074509.061368000	74.9065	289	0
1528074509.062799000	74.908	148	0
1528074509.064628000	74.9098	104	1
1528074509.065163000	74.9103	92	0
1528074509.066704000	74.9119	198	0
1528074509.067548000	74.9127	101	1
1528074509.247044000	75.0922	388	1
1528074509.247119000	75.0923	262	1
1528074509.266791000	75.1119	87	0
1528074509.391429000	75.2366	235	0
1528074509.392961000	75.2381	148	0
1528074509.394645000	75.2398	104	1
1528074509.394868000	75.24	92	0
1528074509.396413000	75.2416	203	0
1528074509.397577000	75.2427	101	1
1528074509.703441000	75.5486	463	1
1528074509.703528000	75.5487	262	1
1528074509.722639000	75.5678	87	0
1528074509.844438000	75.6896	256	0
1528074509.845917000	75.6911	148	0
1528074509.847406000	75.6926	92	0
1528074509.847638000	75.6928	107	1
1528074509.848863000	75.694	193	0
1528074509.851594000	75.6967	98	1
1528074509.997985000	75.8431	386	1
1528074509.998074000	75.8432	259	1
1528074510.016434000	75.8616	87	0
1528074510.140001000	75.9852	236	0
1528074510.141551000	75.9867	148	0
1528074510.142693000	75.9878	104	1
1528074510.143146000	75.9883	92	0
1528074510.144586000	75.9897	132	0
1528074510.145611000	75.9908	101	1
1528074510.523134000	76.3683	1383	1
1528074510.523224000	76.3684	263	1
1528074510.542177000	76.3873	87	0
1528074510.641808000	76.487	297	0
1528074510.643178000	76.4883	148	0
1528074510.644649000	76.4898	92	0
1528074510.644722000	76.4899	104	1
1528074510.646110000	76.4913	284	0
1528074510.647640000	76.4928	101	1
1528074510.831236000	76.6764	449	1
1528074510.831310000	76.6765	258	1
1528074510.853167000	76.6983	87	0
1528074511.053428000	76.8986	278	0
1528074511.054846000	76.9	148	0
1528074511.056216000	76.9014	92	0
1528074511.056745000	76.9019	107	1
1528074511.057706000	76.9029	157	0
1528074511.060731000	76.9059	98	1
1528074511.290363000	77.1355	466	1
1528074511.290450000	77.1356	261	1
1528074511.309434000	77.1546	87	0
1528074511.407909000	77.2531	233	0
1528074511.409315000	77.2545	148	0
1528074511.410770000	77.2559	104	1
1528074511.412549000	77.2577	92	0
1528074511.413989000	77.2591	138	0
1528074511.415685000	77.2608	101	1
1528074511.701995000	77.5471	391	1
1528074511.702089000	77.5472	260	1
1528074511.723128000	77.5683	87	0
1528074511.727806000	77.573	87	0
1528074511.859639000	77.7048	258	0
1528074511.861057000	77.7062	148	0
1528074511.862789000	77.7079	107	1
1528074511.863732000	77.7089	92	0
1528074511.865098000	77.7102	292	0
1528074511.866787000	77.7119	101	1
1528074511.967919000	77.8131	390	1
1528074511.968016000	77.8132	258	1
1528074511.985881000	77.831	87	0
1528074512.201796000	78.0469	235	0
1528074512.203220000	78.0484	148	0
1528074512.204806000	78.05	104	1
1528074512.206633000	78.0518	92	0
1528074512.208079000	78.0532	143	0
1528074512.209744000	78.0549	101	1
1528074512.415267000	78.2604	388	1
1528074512.415326000	78.2605	260	1
1528074512.433344000	78.2785	87	0
1528074512.539903000	78.3851	332	0
1528074512.541388000	78.3865	148	0
1528074512.542832000	78.388	104	1
1528074512.543673000	78.3888	92	0
1528074512.545105000	78.3903	143	0
1528074512.546817000	78.392	101	1
1528074512.881397000	78.7265	387	1
1528074512.881471000	78.7266	261	1
1528074512.904338000	78.7495	87	0
1528074512.924498000	78.7696	87	0
1528074513.017978000	78.8631	233	0
1528074513.019585000	78.8647	148	0
1528074513.020780000	78.8659	107	1
1528074513.023791000	78.8689	92	0
1528074513.025344000	78.8705	222	0
1528074513.026781000	78.8719	101	1
1528074513.293582000	79.1387	389	1
1528074513.293675000	79.1388	259	1
1528074513.312041000	79.1572	87	0
1528074513.420694000	79.2658	235	0
1528074513.422108000	79.2673	148	0
1528074513.423828000	79.269	104	1
1528074513.425004000	79.2702	92	0
1528074513.426514000	79.2717	138	0
1528074513.427813000	79.273	101	1
1528074513.723295000	79.5684	391	1
1528074513.723376000	79.5685	262	1
1528074513.742491000	79.5876	87	0
1528074513.840721000	79.6859	326	0
1528074513.842138000	79.6873	148	0
1528074513.843753000	79.6889	92	0
1528074513.843855000	79.689	104	1
1528074513.845219000	79.6904	168	0
1528074513.846910000	79.6921	101	1
1528074513.955540000	79.8007	386	1
1528074513.955627000	79.8008	259	1
1528074513.976122000	79.8213	87	0
1528074514.070832000	79.916	233	0
1528074514.072195000	79.9173	148	0
1528074514.073920000	79.9191	104	1
1528074514.075367000	79.9205	92	0
1528074514.076880000	79.922	253	0
1528074514.077837000	79.923	101	1
1528074514.242209000	80.0874	463	1
1528074514.242302000	80.0875	258	1
1528074514.262080000	80.1072	87	0
1528074514.370485000	80.2156	237	0
1528074514.371902000	80.2171	148	0
1528074514.372930000	80.2181	104	1
1528074514.375297000	80.2204	92	0
1528074514.376804000	80.222	328	0
1528074514.377848000	80.223	101	1
1528074514.679459000	80.5246	387	1
1528074514.679547000	80.5247	260	1
1528074514.698156000	80.5433	87	0
1528074514.817687000	80.6628	312	0
1528074514.819169000	80.6643	148	0
1528074514.820957000	80.6661	104	1
1528074514.821666000	80.6668	92	0
1528074514.823105000	80.6683	230	0
1528074514.824946000	80.6701	101	1
1528074515.146473000	80.9916	1379	1
1528074515.146546000	80.9917	262	1
1528074515.166392000	81.0115	87	0
1528074515.264087000	81.1092	233	0
1528074515.265558000	81.1107	148	0
1528074515.266992000	81.1121	104	1
1528074515.268707000	81.1139	92	0
1528074515.270146000	81.1153	184	0
1528074515.270903000	81.1161	101	1
1528074515.370116000	81.2153	450	1
1528074515.370182000	81.2153	260	1
1528074515.391959000	81.2371	87	0
1528074515.502984000	81.3481	232	0
1528074515.504475000	81.3496	148	0
1528074515.505907000	81.3511	92	0
1528074515.505977000	81.3511	104	1
1528074515.507414000	81.3526	254	0
1528074515.508985000	81.3541	101	1
1528074515.628155000	81.4733	462	1
1528074515.628223000	81.4734	258	1
1528074515.656756000	81.5019	87	0
1528074515.778518000	81.6237	256	0
1528074515.779954000	81.6251	148	0
1528074515.781012000	81.6262	104	1
1528074515.782836000	81.628	92	0
1528074515.784328000	81.6295	127	0
1528074515.786000000	81.6312	101	1
1528074516.068294000	81.9134	387	1
1528074516.068386000	81.9135	262	1
1528074516.087381000	81.9325	87	0
1528074516.214031000	82.0592	278	0
1528074516.215508000	82.0607	148	0
1528074516.217036000	82.0622	104	1
1528074516.217105000	82.0623	92	0
1528074516.218628000	82.0638	328	0
1528074516.219964000	82.0651	101	1
1528074516.372227000	82.2174	393	1
1528074516.372324000	82.2175	260	1
1528074516.391181000	82.2363	87	0
1528074516.489767000	82.3349	279	0
1528074516.491168000	82.3363	148	0
1528074516.493046000	82.3382	104	1
1528074516.494024000	82.3392	92	0
1528074516.495517000	82.3407	139	0
1528074516.497067000	82.3422	101	1
1528074516.557136000	82.4023	369	1
1528074516.557236000	82.4024	1412	1
1528074516.557276000	82.4024	1412	1
1528074516.557305000	82.4025	1412	1
1528074516.557343000	82.4025	1412	1
1528074516.557390000	82.4025	325	1
1528074516.579040000	82.4242	87	0
1528074516.584256000	82.4294	87	0
1528074516.590210000	82.4354	340	1
1528074516.590287000	82.4354	258	1
1528074516.608532000	82.4537	87	0
1528074516.679529000	82.5247	415	0
1528074516.682067000	82.5272	101	1
1528074516.684648000	82.5298	80	0
1528074516.687050000	82.5322	98	1
1528074516.711032000	82.5562	243	0
1528074516.712491000	82.5576	148	0
1528074516.714051000	82.5592	101	1
1528074516.714876000	82.56	92	0
1528074516.716320000	82.5615	270	0
1528074516.718053000	82.5632	101	1
1528074516.799334000	82.6445	387	1
1528074516.799421000	82.6446	260	1
1528074516.818040000	82.6632	87	0
1528074516.934372000	82.7795	309	0
1528074516.935789000	82.7809	148	0
1528074516.937080000	82.7822	104	1
1528074516.938053000	82.7832	92	0
1528074516.939562000	82.7847	134	0
1528074516.941167000	82.7863	101	1
1528074517.027823000	82.873	388	1
1528074517.027905000	82.8731	258	1
1528074517.048182000	82.8933	87	0
1528074517.153386000	82.9985	235	0
1528074517.154807000	83	148	0
1528074517.156094000	83.0012	104	1
1528074517.156363000	83.0015	92	0
1528074517.157856000	83.003	270	0
1528074517.159049000	83.0042	101	1
1528074517.437489000	83.2826	391	1
1528074517.437580000	83.2827	262	1
1528074517.458560000	83.3037	87	0
1528074517.563162000	83.4083	258	0
1528074517.564584000	83.4097	148	0
1528074517.566118000	83.4113	104	1
1528074517.570886000	83.416	92	0
1528074517.572352000	83.4175	230	0
1528074517.574060000	83.4192	101	1
1528074517.878766000	83.7239	388	1
1528074517.878857000	83.724	260	1
1528074517.898415000	83.7436	87	0
1528074517.905934000	83.7511	87	0
1528074518.012697000	83.8578	303	0
1528074518.014108000	83.8593	148	0
1528074518.016085000	83.8612	107	1
1528074518.020370000	83.8655	92	0
1528074518.021814000	83.867	174	0
1528074518.023088000	83.8682	101	1
1528074518.207287000	84.0524	463	1
1528074518.207357000	84.0525	258	1
1528074518.230964000	84.0761	87	0
1528074518.373079000	84.2182	233	0
1528074518.374489000	84.2196	148	0
1528074518.376162000	84.2213	104	1
1528074518.377332000	84.2225	92	0
1528074518.378838000	84.224	171	0
1528074518.380165000	84.2253	101	1
1528074518.646656000	84.4918	391	1
1528074518.646753000	84.4919	264	1
1528074518.665616000	84.5108	87	0
1528074518.670088000	84.5152	87	0
1528074518.786890000	84.632	263	0
1528074518.788319000	84.6335	148	0
1528074518.789948000	84.6351	92	0
1528074518.790122000	84.6353	110	1
1528074518.791411000	84.6366	161	0
1528074518.794112000	84.6393	98	1
1528074519.091608000	84.9368	1380	1
1528074519.091661000	84.9368	260	1
1528074519.115169000	84.9603	87	0
1528074519.214271000	85.0594	287	0
1528074519.215839000	85.061	148	0
1528074519.217198000	85.0623	104	1
1528074519.220911000	85.0661	92	0
1528074519.222353000	85.0675	241	0
1528074519.223129000	85.0683	101	1
1528074519.367322000	85.2125	450	1
1528074519.367417000	85.2126	260	1
1528074519.387927000	85.2331	87	0
1528074519.391040000	85.2362	87	0
1528074519.485091000	85.3302	232	0
1528074519.486528000	85.3317	148	0
1528074519.488190000	85.3333	107	1
1528074519.489893000	85.335	92	0
1528074519.491383000	85.3365	98	0
1528074519.492150000	85.3373	101	1
1528074520.095722000	85.9409	462	1
1528074520.095809000	85.941	260	1
1528074520.116279000	85.9614	87	0
1528074520.124731000	85.9699	87	0
1528074520.222668000	86.0678	258	0
1528074520.224107000	86.0693	148	0
1528074520.225209000	86.0704	107	1
1528074520.228123000	86.0733	92	0
1528074520.229567000	86.0747	283	0
1528074520.231189000	86.0763	101	1
1528074521.012602000	86.8578	388	1
1528074521.012662000	86.8578	260	1
1528074521.031434000	86.8766	87	0
1528074521.151149000	86.9963	258	0
1528074521.152565000	86.9977	148	0
1528074521.154281000	86.9994	104	1
1528074521.156309000	87.0015	92	0
1528074521.157868000	87.003	330	0
1528074521.159271000	87.0044	101	1
1528074521.230455000	87.0756	387	1
1528074521.230532000	87.0757	258	1
1528074521.252176000	87.0973	87	0
1528074521.352185000	87.1973	275	0
1528074521.353667000	87.1988	148	0
1528074521.355277000	87.2004	104	1
1528074521.355968000	87.2011	92	0
1528074521.357522000	87.2027	187	0
1528074521.358249000	87.2034	101	1
1528074521.508789000	87.3539	387	1
1528074521.508856000	87.354	258	1
1528074521.533442000	87.3786	87	0
1528074521.534864000	87.38	87	0
1528074521.649188000	87.4943	301	0
1528074521.650596000	87.4957	148	0
1528074521.652353000	87.4975	107	1
1528074521.653732000	87.4989	92	0
1528074521.655165000	87.5003	97	0
1528074521.656271000	87.5014	101	1
1528074521.937623000	87.7828	389	1
1528074521.937713000	87.7829	257	1
1528074521.955966000	87.8011	87	0
1528074522.100185000	87.9453	235	0
1528074522.101670000	87.9468	148	0
1528074522.103370000	87.9485	104	1
1528074522.104619000	87.9498	92	0
1528074522.106060000	87.9512	261	0
1528074522.107297000	87.9524	101	1
1528074522.321679000	88.1668	387	1
1528074522.321771000	88.1669	257	1
1528074522.342671000	88.1878	87	0
1528074522.467574000	88.3127	235	0
1528074522.469013000	88.3142	148	0
1528074522.470391000	88.3155	104	1
1528074522.470668000	88.3158	92	0
1528074522.472109000	88.3173	266	0
1528074522.473381000	88.3185	101	1
1528074523.004703000	88.8499	391	1
1528074523.004764000	88.8499	258	1
1528074523.024385000	88.8695	87	0
1528074523.120989000	88.9661	255	0
1528074523.122435000	88.9676	148	0
1528074523.124411000	88.9696	92	0
1528074523.124500000	88.9697	104	1
1528074523.125933000	88.9711	310	0
1528074523.127422000	88.9726	101	1
1528074523.227558000	89.0727	386	1
1528074523.227642000	89.0728	257	1
1528074523.246663000	89.0918	87	0
1528074523.343814000	89.189	307	0
1528074523.345192000	89.1903	148	0
1528074523.346454000	89.1916	104	1
1528074523.346800000	89.192	92	0
1528074523.348195000	89.1933	264	0
1528074523.349377000	89.1945	101	1
1528074523.495785000	89.3409	466	1
1528074523.495846000	89.341	377	1
1528074523.515940000	89.3611	87	0
1528074523.617372000	89.4625	256	0
1528074523.618865000	89.464	148	0
1528074523.620458000	89.4656	104	1
1528074523.620805000	89.466	92	0
1528074523.622187000	89.4673	130	0
1528074523.623380000	89.4685	101	1
1528074523.918580000	89.7637	391	1
1528074523.918674000	89.7638	253	1
1528074523.937824000	89.783	87	0
1528074524.092524000	89.9377	231	0
1528074524.093997000	89.9391	148	0
1528074524.095487000	89.9406	104	1
1528074524.095896000	89.941	92	0
1528074524.097422000	89.9426	205	0
1528074524.098421000	89.9436	101	1
1528074524.332954000	90.1781	1380	1
1528074524.333030000	90.1782	221	1
1528074524.351752000	90.1969	87	0
1528074524.475132000	90.3203	307	0
1528074524.476561000	90.3217	148	0
1528074524.478507000	90.3237	104	1
1528074524.478691000	90.3238	92	0
1528074524.480056000	90.3252	199	0
1528074524.481500000	90.3267	101	1
1528074524.845681000	90.6908	452	1
1528074524.845778000	90.6909	253	1
1528074524.873501000	90.7187	87	0
1528074525.003792000	90.8489	258	0
1528074525.005211000	90.8504	148	0
1528074525.006482000	90.8516	104	1
1528074525.008827000	90.854	92	0
1528074525.010278000	90.8554	256	0
1528074525.011469000	90.8566	101	1
1528074529.112207000	94.9574	464	1
1528074529.112305000	94.9575	258	1
1528074529.131956000	94.9771	87	0
1528074529.227834000	95.073	262	0
1528074529.229270000	95.0744	148	0
1528074529.230757000	95.0759	104	1
1528074529.232175000	95.0773	92	0
1528074529.233674000	95.0788	316	0
1528074529.234678000	95.0798	101	1
1528074529.490711000	95.3359	391	1
1528074529.490797000	95.3359	260	1
1528074529.508802000	95.354	87	0
1528074529.609379000	95.4545	308	0
1528074529.610747000	95.4559	148	0
1528074529.611771000	95.4569	104	1
1528074529.614040000	95.4592	92	0
1528074529.615548000	95.4607	247	0
1528074529.616706000	95.4619	101	1
1528074529.974852000	95.82	385	1
1528074529.974948000	95.8201	257	1
1528074529.992198000	95.8373	87	0
1528074530.091682000	95.9368	233	0
1528074530.093099000	95.9383	148	0
1528074530.094663000	95.9398	92	0
1528074530.094846000	95.94	107	1
1528074530.096102000	95.9413	158	0
1528074530.098749000	95.9439	98	1
1528074530.163214000	96.0084	369	1
1528074530.163298000	96.0084	1412	1
1528074530.163323000	96.0085	1412	1
1528074530.163373000	96.0085	1412	1
1528074530.163399000	96.0086	550	1
1528074530.181302000	96.0265	87	0
1528074530.185329000	96.0305	87	0
1528074530.203928000	96.0491	337	1
1528074530.203988000	96.0491	221	1
1528074530.222461000	96.0676	87	0
1528074530.276414000	96.1216	431	0
1528074530.278810000	96.124	101	1
1528074530.282167000	96.1273	80	0
1528074530.284817000	96.13	98	1
1528074530.342484000	96.1876	292	0
1528074530.343943000	96.1891	148	0
1528074530.345818000	96.191	101	1
1528074530.346189000	96.1913	92	0
1528074530.347747000	96.1929	239	0
1528074530.348745000	96.1939	101	1
1528074530.520127000	96.3653	392	1
1528074530.520217000	96.3654	315	1
1528074530.539627000	96.3848	87	0
1528074530.638972000	96.4841	256	0
1528074530.640407000	96.4856	148	0
1528074530.641835000	96.487	104	1
1528074530.643181000	96.4883	92	0
1528074530.644678000	96.4898	239	0
1528074530.645764000	96.4909	101	1
1528074531.737637000	97.5828	390	1
1528074531.737702000	97.5829	259	1
1528074531.755066000	97.6002	87	0
1528074531.864748000	97.7099	256	0
1528074531.866173000	97.7113	148	0
1528074531.867899000	97.7131	104	1
1528074531.876792000	97.7219	92	0
1528074531.878220000	97.7234	269	0
1528074531.879988000	97.7251	101	1
1528074531.894784000	97.7399	256	0
1528074531.897895000	97.743	98	1
1528074533.320803000	99.166	390	1
1528074533.320899000	99.1661	257	1
1528074533.354528000	99.1997	390	1
1528074533.357044000	99.2022	87	0
1528074533.359663000	99.2048	87	0
1528074533.385176000	99.2303	87	0
1528074533.467313000	99.3125	259	0
1528074533.468790000	99.3139	148	0
1528074533.470381000	99.3155	110	1
1528074533.471177000	99.3163	92	0
1528074533.472673000	99.3178	271	0
1528074533.474396000	99.3195	101	1
1528074533.550319000	99.3955	464	1
1528074533.550397000	99.3955	257	1
1528074533.572924000	99.4181	87	0
1528074533.673704000	99.5189	333	0
1528074533.675120000	99.5203	148	0
1528074533.676394000	99.5215	104	1
1528074533.676742000	99.5219	92	0
1528074533.678168000	99.5233	169	0
1528074533.679318000	99.5245	101	1
1528074533.858676000	99.7038	388	1
1528074533.858736000	99.7039	257	1
1528074533.893270000	99.7384	87	0
1528074533.894710000	99.7399	87	0
1528074533.998129000	99.8433	233	0
1528074533.999555000	99.8447	148	0
1528074534.001416000	99.8466	107	1
1528074534.001634000	99.8468	92	0
1528074534.003070000	99.8482	209	0
1528074534.004338000	99.8495	101	1
1528074534.094776000	99.9399	386	1
1528074534.094837000	99.94	257	1
1528074534.113442000	99.9586	87	0
1528074534.218641000	100.064	233	0
1528074534.220077000	100.065	148	0
1528074534.221422000	100.067	104	1
1528074534.222862000	100.068	92	0
1528074534.224259000	100.069	115	0
1528074534.225363000	100.071	101	1
1528074534.323812000	100.169	1378	1
1528074534.323870000	100.169	257	1
1528074534.357192000	100.202	87	0
1528074534.360517000	100.206	87	0
1528074534.447524000	100.293	305	0
1528074534.448949000	100.294	148	0
1528074534.450392000	100.296	107	1
1528074534.452534000	100.298	92	0
1528074534.454026000	100.299	102	0
1528074534.455443000	100.301	101	1
1528074534.610558000	100.456	450	1
1528074534.610651000	100.456	259	1
1528074534.632759000	100.478	87	0
1528074534.637651000	100.483	87	0
1528074534.736436000	100.582	258	0
1528074534.737920000	100.583	148	0
1528074534.739458000	100.585	107	1
1528074534.740418000	100.586	92	0
1528074534.741867000	100.587	133	0
1528074534.743443000	100.589	101	1
1528074535.028667000	100.874	466	1
1528074535.028759000	100.874	258	1
1528074535.048051000	100.893	87	0
1528074535.162025000	101.007	239	0
1528074535.163435000	101.009	148	0
1528074535.164421000	101.01	104	1
1528074535.167234000	101.012	92	0
1528074535.168675000	101.014	114	0
1528074535.169398000	101.015	101	1
1528074536.463976000	102.309	391	1
1528074536.464064000	102.309	260	1
1528074536.482053000	102.327	87	0
1528074536.585534000	102.431	313	0
1528074536.587030000	102.432	148	0
1528074536.588551000	102.434	104	1
1528074536.590325000	102.435	92	0
1528074536.591762000	102.437	153	0
1528074536.593489000	102.439	101	1
1528074536.979727000	102.825	389	1
1528074536.979800000	102.825	257	1
1528074537.000739000	102.846	87	0
1528074537.103560000	102.949	235	0
1528074537.104925000	102.95	148	0
1528074537.106522000	102.952	104	1
1528074537.107612000	102.953	92	0
1528074537.109060000	102.954	231	0
1528074537.110637000	102.956	101	1
1528074537.278073000	103.123	388	1
1528074537.278133000	103.123	260	1
1528074537.320640000	103.166	388	1
1528074537.353498000	103.199	87	0
1528074537.372176000	103.217	87	0
1528074537.428903000	103.274	232	0
1528074537.430336000	103.275	148	0
1528074537.431592000	103.277	107	1
1528074537.433498000	103.279	92	0
1528074537.434853000	103.28	108	0
1528074537.436509000	103.282	101	1
1528074537.644873000	103.49	385	1
1528074537.644963000	103.49	257	1
1528074537.664075000	103.509	87	0
1528074537.763500000	103.609	297	0
1528074537.764926000	103.61	148	0
1528074537.766618000	103.612	104	1
1528074537.768107000	103.613	92	0
1528074537.769538000	103.615	133	0
1528074537.770544000	103.616	101	1
1528074537.861936000	103.707	385	1
1528074537.862027000	103.707	258	1
1528074537.882993000	103.728	87	0
1528074537.892586000	103.738	87	0
1528074537.993164000	103.838	279	0
1528074537.994602000	103.84	148	0
1528074537.995634000	103.841	107	1
1528074537.997830000	103.843	92	0
1528074537.999220000	103.844	292	0
1528074538.000621000	103.846	101	1
1528074538.308872000	104.154	387	1
1528074538.308966000	104.154	257	1
1528074538.354354000	104.2	87	0
1528074538.358757000	104.204	87	0
1528074538.426082000	104.271	235	0
1528074538.427567000	104.273	148	0
1528074538.428656000	104.274	107	1
1528074538.431906000	104.277	92	0
1528074538.433269000	104.278	211	0
1528074538.434596000	104.28	101	1
1528074538.757059000	104.602	388	1
1528074538.757123000	104.602	258	1
1528074538.775445000	104.621	87	0
1528074538.892034000	104.737	256	0
1528074538.893470000	104.739	148	0
1528074538.894684000	104.74	104	1
1528074538.894919000	104.74	92	0
1528074538.896285000	104.741	288	0
1528074538.897600000	104.743	101	1
1528074539.145054000	104.99	462	1
1528074539.145115000	104.99	258	1
1528074539.165169000	105.01	87	0
1528074539.169617000	105.015	87	0
1528074539.266154000	105.111	232	0
1528074539.267673000	105.113	148	0
1528074539.268707000	105.114	107	1
1528074539.270141000	105.115	92	0
1528074539.271593000	105.117	225	0
1528074539.272628000	105.118	101	1
1528074539.598905000	105.444	389	1
1528074539.598994000	105.444	257	1
1528074539.618046000	105.463	87	0
1528074539.622348000	105.467	87	0
1528074539.726488000	105.572	256	0
1528074539.728040000	105.573	148	0
1528074539.729745000	105.575	107	1
1528074539.731854000	105.577	92	0
1528074539.733360000	105.579	231	0
1528074539.734663000	105.58	101	1
1528074539.897676000	105.743	390	1
1528074539.897759000	105.743	259	1
1528074539.916803000	105.762	87	0
1528074540.040183000	105.885	309	0
1528074540.041682000	105.887	148	0
1528074540.042681000	105.888	104	1
1528074540.045512000	105.891	92	0
1528074540.047026000	105.892	324	0
1528074540.048721000	105.894	101	1
1528074543.042333000	108.887	1361	1
1528074543.042425000	108.888	1412	1
1528074543.042451000	108.888	1412	1
1528074543.042503000	108.888	1412	1
1528074543.042526000	108.888	1049	1
1528074543.042703000	108.888	383	1
1528074543.042742000	108.888	258	1
1528074543.069909000	108.915	87	0
1528074543.072082000	108.917	87	0
1528074543.172107000	109.017	414	0
1528074543.174874000	109.02	104	1
1528074543.177046000	109.022	80	0
1528074543.179871000	109.025	98	1
1528074543.180411000	109.026	303	0
1528074543.181846000	109.027	148	0
1528074543.182868000	109.028	101	1
1528074543.184227000	109.029	92	0
1528074543.185729000	109.031	288	0
1528074543.186859000	109.032	101	1
1528074543.360394000	109.206	467	1
1528074543.360489000	109.206	749	1
1528074543.381276000	109.226	87	0
1528074543.492350000	109.338	233	0
1528074543.494902000	109.34	148	0
1528074543.494947000	109.34	101	1
1528074543.497823000	109.343	92	0
1528074543.497891000	109.343	98	1
1528074543.499234000	109.344	88	0
1528074543.500934000	109.346	101	1
1528074544.633607000	110.479	387	1
1528074544.633673000	110.479	257	1
1528074544.652485000	110.498	87	0
1528074544.773526000	110.619	262	0
1528074544.774954000	110.62	148	0
1528074544.776184000	110.621	104	1
1528074544.776457000	110.622	92	0
1528074544.777950000	110.623	150	0
1528074544.779180000	110.624	101	1
1528074544.855425000	110.701	391	1
1528074544.855520000	110.701	258	1
1528074544.873642000	110.719	87	0
1528074544.980399000	110.826	289	0
1528074544.981812000	110.827	148	0
1528074544.983174000	110.828	92	0
1528074544.983216000	110.828	104	1
1528074544.984688000	110.83	88	0
1528074544.986186000	110.831	101	1
1528074545.114658000	110.96	390	1
1528074545.114731000	110.96	315	1
1528074545.132692000	110.978	87	0
1528074545.255555000	111.101	235	0
1528074545.257099000	111.102	148	0
1528074545.258207000	111.103	104	1
1528074545.258994000	111.104	92	0
1528074545.260431000	111.106	131	0
1528074545.262187000	111.107	101	1
1528074545.449720000	111.295	387	1
1528074545.449780000	111.295	315	1
1528074545.468188000	111.313	87	0
1528074545.567041000	111.412	258	0
1528074545.568477000	111.414	148	0
1528074545.569905000	111.415	92	0
1528074545.570143000	111.415	107	1
1528074545.571342000	111.416	206	0
1528074545.574158000	111.419	98	1
1528074545.789649000	111.635	387	1
1528074545.789714000	111.635	315	1
1528074545.808118000	111.653	87	0
1528074545.817445000	111.663	87	0
1528074545.933824000	111.779	275	0
1528074545.935229000	111.78	148	0
1528074545.936907000	111.782	92	0
1528074545.937261000	111.782	110	1
1528074545.938336000	111.783	295	0
1528074545.941234000	111.786	98	1
1528074545.965533000	111.811	275	0
1528074545.968189000	111.813	98	1
1528074546.125333000	111.97	391	1
1528074546.125428000	111.971	253	1
1528074546.142906000	111.988	87	0
1528074546.247562000	112.093	279	0
1528074546.248998000	112.094	148	0
1528074546.250207000	112.095	104	1
1528074546.252370000	112.098	92	0
1528074546.253815000	112.099	198	0
1528074546.255202000	112.1	101	1
1528074547.362277000	113.207	445	1
1528074547.362339000	113.207	1412	1
1528074547.362378000	113.208	1412	1
1528074547.362456000	113.208	1412	1
1528074547.362476000	113.208	249	1
1528074547.379747000	113.225	100	0
1528074547.382525000	113.228	98	1
1528074547.384488000	113.23	87	0
1528074547.476283000	113.321	397	0
1528074547.479520000	113.325	101	1
1528074547.482492000	113.328	80	0
1528074547.485521000	113.331	98	1
1528074547.558550000	113.404	390	1
1528074547.558644000	113.404	257	1
1528074547.577280000	113.422	87	0
1528074547.682112000	113.527	255	0
1528074547.683513000	113.529	148	0
1528074547.684545000	113.53	104	1
1528074547.687021000	113.532	92	0
1528074547.688460000	113.534	112	0
1528074547.689464000	113.535	101	1
1528074547.804583000	113.65	386	1
1528074547.804648000	113.65	257	1
1528074547.824359000	113.67	87	0
1528074547.835123000	113.68	87	0
1528074547.947471000	113.793	309	0
1528074547.949904000	113.795	148	0
1528074547.950557000	113.796	107	1
1528074547.952176000	113.797	92	0
1528074547.953618000	113.799	172	0
1528074547.954477000	113.8	101	1
1528074548.091950000	113.937	1382	1
1528074548.092010000	113.937	259	1
1528074548.111854000	113.957	87	0
1528074548.218177000	114.063	235	0
1528074548.219543000	114.065	148	0
1528074548.221572000	114.067	104	1
1528074548.222622000	114.068	92	0
1528074548.224128000	114.069	340	0
1528074548.225564000	114.071	101	1
1528074548.372819000	114.218	451	1
1528074548.372883000	114.218	257	1
1528074548.391961000	114.237	87	0
1528074548.498273000	114.343	236	0
1528074548.499727000	114.345	148	0
1528074548.501567000	114.347	92	0
1528074548.501653000	114.347	104	1
1528074548.503088000	114.348	86	0
1528074548.504576000	114.35	101	1
1528074548.660680000	114.506	465	1
1528074548.660777000	114.506	257	1
1528074548.678770000	114.524	87	0
1528074548.775945000	114.621	256	0
1528074548.777427000	114.623	148	0
1528074548.778615000	114.624	104	1
1528074548.780554000	114.626	92	0
1528074548.781982000	114.627	95	0
1528074548.783595000	114.629	101	1
1528074549.158902000	115.004	387	1
1528074549.158989000	115.004	258	1
1528074549.178224000	115.023	87	0
1528074549.183750000	115.029	87	0
1528074549.280579000	115.126	303	0
1528074549.282002000	115.127	148	0
1528074549.283651000	115.129	107	1
1528074549.283888000	115.129	92	0
1528074549.285325000	115.13	192	0
1528074549.286558000	115.132	101	1
1528074549.628036000	115.473	391	1
1528074549.628129000	115.473	260	1
1528074549.656890000	115.502	87	0
1528074549.756383000	115.602	256	0
1528074549.757919000	115.603	148	0
1528074549.759454000	115.605	92	0
1528074549.759680000	115.605	107	1
1528074549.760893000	115.606	256	0
1528074549.763670000	115.609	98	1
1528074550.025925000	115.871	387	1
