1527857849.189639000	0	294	1
1527857849.228053000	0.038414	87	0
1527857849.794904000	0.605265	303	0
1527857849.795024000	0.605385	1412	0
1527857849.795429000	0.60579	1412	0
1527857849.795638000	0.605999	1412	0
1527857849.795758000	0.606119	180	0
1527857849.795975000	0.606336	1412	0
1527857849.796290000	0.606651	1412	0
1527857849.796604000	0.606965	1412	0
1527857849.796751000	0.607112	833	0
1527857849.797502000	0.607863	1412	0
1527857849.797803000	0.608164	1412	0
1527857849.797860000	0.608221	128	1
1527857849.797964000	0.608325	693	0
1527857849.800252000	0.610613	101	1
1527857849.813712000	0.624073	1412	0
1527857849.813862000	0.624223	1412	0
1527857849.814022000	0.624383	1412	0
1527857849.814148000	0.624509	188	0
1527857849.814334000	0.624695	1202	0
1527857849.816267000	0.626628	110	1
1527857849.856606000	0.666967	1412	0
1527857849.856752000	0.667113	1412	0
1527857849.857028000	0.667389	1412	0
1527857849.857158000	0.667519	188	0
1527857849.857341000	0.667702	1238	0
1527857849.858456000	0.668817	1412	0
1527857849.858584000	0.668945	255	0
1527857849.859261000	0.669622	116	1
1527857849.862293000	0.672654	1412	0
1527857849.862452000	0.672813	802	0
1527857849.864942000	0.675303	1412	0
1527857849.865078000	0.675439	1006	0
1527857849.865644000	0.676005	101	1
1527857849.868279000	0.67864	101	1
1527857849.870074000	0.680435	1412	0
1527857849.870330000	0.680691	1412	0
1527857849.870637000	0.680998	1412	0
1527857849.870779000	0.68114	188	0
1527857849.871014000	0.681375	1412	0
1527857849.871170000	0.681531	167	0
1527857849.875609000	0.68597	1412	0
1527857849.875864000	0.686225	1412	0
1527857849.876165000	0.686526	1412	0
1527857849.876296000	0.686657	198	0
1527857849.876517000	0.686878	1412	0
1527857849.876644000	0.687005	154	0
1527857849.878229000	0.68859	113	1
1527857849.880683000	0.691044	1412	0
1527857849.880930000	0.691291	1412	0
1527857849.881272000	0.691633	1412	0
1527857849.881402000	0.691763	188	0
1527857849.881580000	0.691941	792	0
1527857849.883217000	0.693578	1412	0
1527857849.883444000	0.693805	1412	0
1527857849.883771000	0.694132	1412	0
1527857849.883900000	0.694261	198	0
1527857849.884076000	0.694437	675	0
1527857849.884882000	0.695243	125	0
1527857849.886729000	0.69709	125	1
1527857849.892064000	0.702425	116	1
1527857850.334136000	1.1445	366	1
1527857850.334234000	1.14459	1412	1
1527857850.334273000	1.14463	916	1
1527857850.335712000	1.14607	217	1
1527857850.351028000	1.16139	87	0
1527857850.478520000	1.28888	447	0
1527857850.481137000	1.2915	355	0
1527857850.482778000	1.29314	80	0
1527857850.511759000	1.32212	447	0
1527857850.522886000	1.33325	1412	0
1527857850.523147000	1.33351	1412	0
1527857850.523392000	1.33375	1412	0
1527857850.523505000	1.33387	186	0
1527857850.523760000	1.33412	1412	0
1527857850.524121000	1.33448	1412	0
1527857850.524273000	1.33463	1075	0
1527857850.524413000	1.33477	235	0
1527857850.552884000	1.36325	355	0
1527857850.753216000	1.56358	80	0
1527857850.753320000	1.56368	447	0
1527857851.153894000	1.96425	1412	0
1527857851.154046000	1.96441	1412	0
1527857851.285460000	2.09582	128	1
1527857851.291025000	2.10139	116	1
1527857851.552015000	2.36238	222	1
1527857851.569530000	2.37989	87	0
1527857851.687487000	2.49785	430	0
1527857851.687659000	2.49802	1412	0
1527857851.687815000	2.49818	997	0
1527857851.689931000	2.50029	92	0
1527857851.690364000	2.50072	110	1
1527857851.729372000	2.53973	148	0
1527857851.732385000	2.54275	98	1
1527857851.767967000	2.57833	214	1
1527857851.783769000	2.59413	87	0
1527857852.187843000	2.9982	235	1
1527857852.204251000	3.01461	87	0
1527857852.295187000	3.10555	403	0
1527857852.295355000	3.10572	1114	0
1527857852.298178000	3.10854	92	0
1527857852.298386000	3.10875	292	0
1527857852.298470000	3.10883	110	1
1527857852.301414000	3.11177	98	1
1527857852.314056000	3.12442	231	0
1527857852.314328000	3.12469	1412	0
1527857852.314509000	3.12487	999	0
1527857852.315752000	3.12611	92	0
1527857852.315911000	3.12627	109	0
1527857852.316593000	3.12695	101	1
1527857852.319404000	3.12976	104	1
1527857852.449770000	3.26013	845	1
1527857852.449858000	3.26022	144	1
1527857852.458948000	3.26931	352	1
1527857852.459033000	3.26939	190	1
1527857852.466254000	3.27661	87	0
1527857852.474939000	3.2853	87	0
1527857852.524857000	3.33522	1412	0
1527857852.525007000	3.33537	1412	0
1527857852.525180000	3.33554	1412	0
1527857852.525307000	3.33567	592	0
1527857852.525466000	3.33583	92	0
1527857852.525615000	3.33598	85	0
1527857852.532441000	3.3428	119	1
1527857852.662709000	3.47307	640	0
1527857852.662839000	3.4732	92	0
1527857852.663003000	3.47336	292	0
1527857852.665445000	3.47581	104	1
1527857852.814643000	3.625	283	1
1527857852.833553000	3.64391	87	0
1527857853.162408000	3.97277	412	0
1527857853.162588000	3.97295	322	0
1527857853.162709000	3.97307	195	0
1527857853.164796000	3.97516	124	1
1527857853.180672000	3.99103	284	1
1527857853.181436000	3.9918	87	0
1527857853.196650000	4.00701	87	0
1527857853.281098000	4.09146	286	0
1527857853.281250000	4.09161	473	0
1527857853.281406000	4.09177	277	0
1527857853.283467000	4.09383	110	1
1527857853.356355000	4.16672	230	1
1527857853.368694000	4.17905	1412	1
1527857853.368768000	4.17913	1412	1
1527857853.368801000	4.17916	281	1
1527857853.368863000	4.17922	844	1
1527857853.372581000	4.18294	87	0
1527857853.388047000	4.19841	87	0
1527857853.397629000	4.20799	87	0
1527857853.419638000	4.23	465	0
1527857853.419762000	4.23012	118	0
1527857853.422471000	4.23283	110	1
1527857853.713487000	4.52385	345	0
1527857853.713607000	4.52397	1412	0
1527857853.713799000	4.52416	997	0
1527857853.716706000	4.52707	104	1
1527857853.730318000	4.54068	102	0
1527857853.730465000	4.54083	207	0
1527857853.734386000	4.54475	101	1
1527857853.991328000	4.80169	748	1
1527857853.991415000	4.80178	1412	1
1527857853.991439000	4.8018	1412	1
1527857853.991463000	4.80182	965	1
1527857854.008136000	4.8185	87	0
1527857854.374129000	5.18449	397	0
1527857854.376032000	5.18639	80	0
1527857854.388176000	5.19854	104	1
1527857855.092335000	5.9027	354	1
1527857855.092419000	5.90278	1412	1
1527857855.092443000	5.9028	989	1
1527857855.100059000	5.91042	224	1
1527857855.100172000	5.91053	1412	1
1527857855.100219000	5.91058	1412	1
1527857855.100244000	5.9106	1412	1
1527857855.100286000	5.91065	1412	1
1527857855.100340000	5.9107	1412	1
1527857855.100363000	5.91072	1412	1
1527857855.100401000	5.91076	1412	1
1527857855.100451000	5.91081	1412	1
1527857855.100474000	5.91084	1412	1
1527857855.100509000	5.91087	1412	1
1527857855.100542000	5.9109	1412	1
1527857855.100576000	5.91094	1412	1
1527857855.100596000	5.91096	536	1
1527857855.112975000	5.92334	251	1
1527857855.141622000	5.95198	87	0
1527857855.150693000	5.96105	87	0
1527857855.154787000	5.96515	87	0
1527857855.168086000	5.97845	87	0
1527857855.171589000	5.98195	124	1
1527857855.184597000	5.99496	94	0
1527857855.187713000	5.99807	87	0
1527857855.191543000	6.0019	98	1
1527857855.415616000	6.22598	397	0
1527857855.418724000	6.22908	80	0
1527857855.418790000	6.22915	101	1
1527857855.421794000	6.23215	98	1
1527857856.144964000	6.95532	545	0
1527857856.145105000	6.95547	304	0
1527857856.145262000	6.95562	237	0
1527857856.146942000	6.9573	121	1
1527857856.150088000	6.96045	252	1
1527857856.163231000	6.97359	87	0
1527857856.167579000	6.97794	87	0
1527857856.799824000	7.61018	868	0
1527857856.799985000	7.61035	1412	0
1527857856.800292000	7.61065	1412	0
1527857856.800652000	7.61101	1412	0
1527857856.800788000	7.61115	180	0
1527857856.800981000	7.61134	1412	0
1527857856.801482000	7.61184	1354	0
1527857856.802823000	7.61318	1412	0
1527857856.802841000	7.6132	122	1
1527857856.803089000	7.61345	1412	0
1527857856.803504000	7.61386	1412	0
1527857856.803636000	7.614	188	0
1527857856.803827000	7.61419	1224	0
1527857856.805834000	7.61619	110	1
1527857856.818707000	7.62907	1412	0
1527857856.818858000	7.62922	1412	0
1527857856.819018000	7.62938	1412	0
1527857856.819147000	7.62951	188	0
1527857856.819300000	7.62966	84	0
1527857856.829857000	7.64022	110	1
1527857856.861728000	7.67209	1412	0
1527857856.861845000	7.67221	747	0
1527857856.862035000	7.6724	1412	0
1527857856.862498000	7.67286	1412	0
1527857856.862663000	7.67302	1412	0
1527857856.862795000	7.67316	180	0
1527857856.862985000	7.67335	1412	0
1527857856.863557000	7.67392	1412	0
1527857856.863721000	7.67408	1412	0
1527857856.863855000	7.67422	180	0
1527857856.864045000	7.67441	1412	0
1527857856.864178000	7.67454	330	0
1527857856.866374000	7.67673	1412	0
1527857856.866532000	7.67689	1412	0
1527857856.866679000	7.67704	125	1
1527857856.866853000	7.67721	1412	0
1527857856.867263000	7.67762	188	0
1527857856.867614000	7.67797	1412	0
1527857856.867745000	7.67811	180	0
1527857856.868876000	7.67924	119	1
1527857856.872132000	7.68249	1412	0
1527857856.872499000	7.68286	1412	0
1527857856.872691000	7.68305	1412	0
1527857856.872823000	7.68318	188	0
1527857856.873010000	7.68337	1199	0
1527857856.874835000	7.6852	110	1
1527857856.877522000	7.68788	1412	0
1527857856.877793000	7.68815	1412	0
1527857856.878093000	7.68845	1412	0
1527857856.878225000	7.68859	188	0
1527857856.878405000	7.68877	963	0
1527857856.879499000	7.68986	1412	0
1527857856.879841000	7.6902	1308	0
1527857856.879987000	7.69035	750	0
1527857856.881683000	7.69204	87	0
1527857856.882083000	7.69244	1412	0
1527857856.882662000	7.69302	1329	0
1527857856.882762000	7.69312	128	1
1527857856.884800000	7.69516	1412	0
1527857856.885074000	7.69543	1412	0
1527857856.885207000	7.69557	345	0
1527857856.885357000	7.69572	92	0
1527857856.885518000	7.69588	185	0
1527857856.889510000	7.69987	110	1
1527857858.217522000	9.02788	307	1
1527857858.217596000	9.02796	144	1
1527857858.232918000	9.04328	87	0
1527857858.295481000	9.10584	1412	0
1527857858.295655000	9.10602	1412	0
1527857858.295952000	9.10631	1412	0
1527857858.296092000	9.10645	617	0
1527857858.296234000	9.10659	92	0
1527857858.296393000	9.10675	106	0
1527857858.297904000	9.10826	116	1
1527857859.278603000	10.089	378	1
1527857859.278677000	10.089	294	1
1527857859.282850000	10.0932	302	1
1527857859.282928000	10.0933	1412	1
1527857859.282954000	10.0933	1412	1
1527857859.282975000	10.0933	989	1
1527857859.294859000	10.1052	87	0
1527857859.300934000	10.1113	87	0
1527857859.348025000	10.1584	398	1
1527857859.364535000	10.1749	87	0
1527857859.468316000	10.2787	397	0
1527857859.468459000	10.2788	103	0
1527857859.471377000	10.2817	104	1
1527857859.472827000	10.2832	202	0
1527857859.475367000	10.2857	98	1
1527857859.769240000	10.5796	1412	1
1527857859.769283000	10.5796	1412	1
1527857859.769320000	10.5797	260	1
1527857859.769391000	10.5798	842	1
1527857859.786637000	10.597	87	0
1527857859.791161000	10.6015	377	0
1527857859.793364000	10.6037	101	1
1527857859.797280000	10.6076	80	0
1527857859.813349000	10.6237	613	0
1527857859.819396000	10.6298	101	1
1527857859.822841000	10.6332	280	0
1527857859.823137000	10.6335	1400	0
1527857859.824377000	10.6347	513	0
1527857859.825357000	10.6357	104	1
1527857859.826635000	10.637	592	0
1527857859.828116000	10.6385	635	0
1527857859.829378000	10.6397	101	1
1527857859.830439000	10.6408	467	0
1527857859.832132000	10.6425	697	0
1527857859.833356000	10.6437	494	0
1527857859.833388000	10.6437	101	1
1527857859.834726000	10.6451	835	0
1527857859.836034000	10.6464	649	0
1527857859.836356000	10.6467	104	1
1527857859.837387000	10.6477	519	0
1527857859.838738000	10.6491	439	0
1527857859.840138000	10.6505	701	0
1527857859.840354000	10.6507	104	1
1527857859.841928000	10.6523	616	0
1527857859.844091000	10.6545	568	0
1527857859.844355000	10.6547	101	1
1527857859.845080000	10.6554	654	0
1527857859.845984000	10.6563	583	0
1527857859.846628000	10.657	689	0
1527857859.847356000	10.6577	104	1
1527857859.853232000	10.6636	102	0
1527857859.855355000	10.6657	98	1
1527857859.884114000	10.6945	191	0
1527857859.886373000	10.6967	98	1
1527857860.378257000	11.1886	992	1
1527857860.378330000	11.1887	109	1
1527857860.386167000	11.1965	302	1
1527857860.388722000	11.1991	477	1
1527857860.388795000	11.1992	87	1
1527857860.395304000	11.2057	87	0
1527857860.401362000	11.2117	87	0
1527857860.404286000	11.2146	87	0
1527857860.640453000	11.4508	280	0
1527857860.640589000	11.4509	103	0
1527857860.643656000	11.454	110	1
1527857860.644628000	11.455	92	0
1527857860.644797000	11.4552	242	0
1527857860.647571000	11.4579	101	1
1527857860.762638000	11.573	392	1
1527857860.762732000	11.5731	253	1
1527857860.778586000	11.5889	87	0
1527857860.894542000	11.7049	265	0
1527857860.894689000	11.705	151	0
1527857860.897593000	11.708	104	1
1527857860.898590000	11.709	92	0
1527857860.899023000	11.7094	211	0
1527857860.901512000	11.7119	101	1
1527857860.914440000	11.7248	235	0
1527857860.914588000	11.7249	140	0
1527857860.917456000	11.7278	101	1
1527857860.918045000	11.7284	102	0
1527857860.918723000	11.7291	112	0
1527857860.920481000	11.7308	101	1
1527857861.413991000	12.2244	485	1
1527857861.414078000	12.2244	94	1
1527857861.443625000	12.254	485	1
1527857861.469020000	12.2794	87	0
1527857861.499575000	12.3099	87	0
1527857861.778721000	12.5891	258	0
1527857861.778863000	12.5892	146	0
1527857861.781550000	12.5919	107	1
1527857861.782785000	12.5931	92	0
1527857861.782952000	12.5933	225	0
1527857861.785518000	12.5959	101	1
1527857861.989471000	12.7998	290	0
1527857861.989894000	12.8003	435	0
1527857861.992276000	12.8026	276	0
1527857861.992737000	12.8031	104	1
1527857862.119684000	12.93	359	1
1527857862.120818000	12.9312	294	1
1527857862.136506000	12.9469	87	0
1527857862.157007000	12.9674	376	1
1527857862.173587000	12.9839	87	0
1527857862.227121000	13.0375	341	1
1527857862.227195000	13.0376	488	1
1527857862.239413000	13.0498	303	1
1527857862.239643000	13.05	1412	1
1527857862.239668000	13.05	1412	1
1527857862.239710000	13.0501	1412	1
1527857862.239743000	13.0501	1412	1
1527857862.239779000	13.0501	1412	1
1527857862.239815000	13.0502	1412	1
1527857862.239850000	13.0502	1412	1
1527857862.239884000	13.0502	1412	1
1527857862.239921000	13.0503	1412	1
1527857862.239955000	13.0503	1412	1
1527857862.239990000	13.0504	1412	1
1527857862.240033000	13.0504	1412	1
1527857862.240065000	13.0504	1412	1
1527857862.241531000	13.0519	1412	1
1527857862.241585000	13.0519	1412	1
1527857862.241621000	13.052	1412	1
1527857862.241674000	13.052	1412	1
1527857862.241709000	13.0521	1412	1
1527857862.241757000	13.0521	1412	1
1527857862.241789000	13.0522	1412	1
1527857862.241829000	13.0522	1412	1
1527857862.241863000	13.0522	1412	1
1527857862.241898000	13.0523	1412	1
1527857862.241920000	13.0523	1412	1
1527857862.241966000	13.0523	1412	1
1527857862.242801000	13.0532	87	0
1527857862.242982000	13.0533	1412	1
1527857862.243008000	13.0534	1412	1
1527857862.243049000	13.0534	1412	1
1527857862.243082000	13.0534	1412	1
1527857862.243117000	13.0535	1412	1
1527857862.243153000	13.0535	1412	1
1527857862.244828000	13.0552	1412	1
1527857862.244882000	13.0552	1412	1
1527857862.244918000	13.0553	749	1
1527857862.245508000	13.0559	281	0
1527857862.245668000	13.056	118	0
1527857862.248641000	13.059	104	1
1527857862.249321000	13.0597	92	0
1527857862.249450000	13.0598	170	0
1527857862.252531000	13.0629	101	1
1527857862.255829000	13.0662	87	0
1527857862.259262000	13.0696	87	0
1527857862.261289000	13.0716	100	0
1527857862.261697000	13.0721	87	0
1527857862.263605000	13.074	107	1
1527857862.356218000	13.1666	587	0
1527857862.356374000	13.1667	799	0
1527857862.357821000	13.1682	92	0
1527857862.359730000	13.1701	106	1
1527857862.373509000	13.1839	259	0
1527857862.376546000	13.1869	100	1
1527857862.446911000	13.2573	344	0
1527857862.447052000	13.2574	146	0
1527857862.449542000	13.2599	103	1
1527857862.451572000	13.2619	92	0
1527857862.451946000	13.2623	106	0
1527857862.454575000	13.2649	103	1
1527857862.640770000	13.4511	243	0
1527857862.641001000	13.4514	279	0
1527857862.643643000	13.454	103	1
1527857862.645194000	13.4556	92	0
1527857862.645283000	13.4556	276	0
1527857862.647548000	13.4579	103	1
1527857862.843575000	13.6539	385	0
1527857862.847582000	13.6579	100	1
1527857862.849534000	13.6599	80	0
1527857862.852605000	13.663	100	1
1527857863.048262000	13.8586	393	1
1527857863.048338000	13.8587	258	1
1527857863.064519000	13.8749	87	0
1527857863.195815000	14.0062	305	0
1527857863.195943000	14.0063	146	0
1527857863.198668000	14.009	106	1
1527857863.199812000	14.0102	92	0
1527857863.199969000	14.0103	281	0
1527857863.202651000	14.013	103	1
1527857863.384825000	14.1952	394	1
1527857863.384913000	14.1953	256	1
1527857863.401429000	14.2118	87	0
1527857863.914619000	14.725	257	0
1527857863.914729000	14.7251	146	0
1527857863.917623000	14.728	106	1
1527857863.918547000	14.7289	92	0
1527857863.918951000	14.7293	168	0
1527857863.921687000	14.732	103	1
1527857863.996908000	14.8073	390	1
1527857863.996983000	14.8073	258	1
1527857864.013446000	14.8238	87	0
1527857864.521695000	15.3321	288	0
1527857864.521847000	15.3322	146	0
1527857864.524708000	15.3351	106	1
1527857864.526360000	15.3367	92	0
1527857864.526453000	15.3368	148	0
1527857864.528693000	15.3391	103	1
1527857864.668047000	15.4784	511	1
1527857864.668138000	15.4785	258	1
1527857864.684319000	15.4947	87	0
1527857865.215189000	16.0255	256	0
1527857865.215389000	16.0257	146	0
1527857865.217702000	16.0281	106	1
1527857865.219969000	16.0303	92	0
1527857865.220119000	16.0305	262	0
1527857865.222694000	16.0331	103	1
1527857865.361902000	16.1723	868	1
1527857865.361991000	16.1724	254	1
1527857865.378051000	16.1884	87	0
1527857865.574332000	16.3847	235	0
1527857865.574444000	16.3848	146	0
1527857865.577743000	16.3881	106	1
1527857865.578281000	16.3886	92	0
1527857865.578666000	16.389	222	0
1527857865.580753000	16.3911	103	1
1527857865.832913000	16.6433	986	1
1527857865.832990000	16.6434	260	1
1527857865.849653000	16.66	87	0
1527857865.979442000	16.7898	278	0
1527857865.979551000	16.7899	146	0
1527857865.982765000	16.7931	106	1
1527857865.983707000	16.7941	92	0
1527857865.983862000	16.7942	332	0
1527857865.986750000	16.7971	103	1
1527857866.306431000	17.1168	394	1
1527857866.306495000	17.1169	255	1
1527857866.322717000	17.1331	87	0
1527857866.530322000	17.3407	281	0
1527857866.530529000	17.3409	148	0
1527857866.532789000	17.3431	106	1
1527857866.534792000	17.3452	92	0
1527857866.534964000	17.3453	311	0
1527857866.537830000	17.3482	103	1
1527857866.632347000	17.4427	393	1
1527857866.632438000	17.4428	257	1
1527857866.648334000	17.4587	87	0
1527857867.163344000	17.9737	259	0
1527857867.163452000	17.9738	148	0
1527857867.165818000	17.9762	106	1
1527857867.167410000	17.9778	92	0
1527857867.167503000	17.9779	183	0
1527857867.169874000	17.9802	103	1
1527857867.305361000	18.1157	393	1
1527857867.305435000	18.1158	259	1
1527857867.321079000	18.1314	87	0
1527857867.835972000	18.6463	236	0
1527857867.836172000	18.6465	148	0
1527857867.838862000	18.6492	106	1
1527857867.840875000	18.6512	92	0
1527857867.841377000	18.6517	216	0
1527857867.843844000	18.6542	103	1
1527857867.915104000	18.7255	390	1
1527857867.915193000	18.7256	257	1
1527857867.931419000	18.7418	87	0
1527857867.986422000	18.7968	457	1
1527857867.986513000	18.7969	911	1
1527857868.003044000	18.8134	87	0
1527857868.339681000	19.15	252	0
1527857868.341477000	19.1518	80	0
1527857868.342957000	19.1533	109	1
1527857868.610892000	19.4213	361	0
1527857868.611001000	19.4214	148	0
1527857868.611126000	19.4215	92	0
1527857868.611310000	19.4217	258	0
1527857868.611469000	19.4218	361	0
1527857868.613992000	19.4244	112	1
1527857868.655327000	19.4657	390	1
1527857868.655388000	19.4657	257	1
1527857868.671118000	19.4815	87	0
1527857869.190921000	20.0013	258	0
1527857869.191040000	20.0014	148	0
1527857869.194005000	20.0044	106	1
1527857869.194893000	20.0053	92	0
1527857869.194994000	20.0054	251	0
1527857869.197995000	20.0084	103	1
1527857869.358165000	20.1685	389	1
1527857869.358255000	20.1686	259	1
1527857869.374226000	20.1846	87	0
1527857869.880374000	20.6907	235	0
1527857869.880522000	20.6909	148	0
1527857869.882955000	20.6933	106	1
1527857869.884000000	20.6944	92	0
1527857869.884395000	20.6948	182	0
1527857869.887028000	20.6974	103	1
1527857869.986469000	20.7968	392	1
1527857869.986531000	20.7969	258	1
1527857870.002953000	20.8133	87	0
1527857870.507372000	21.3177	258	0
1527857870.507503000	21.3179	148	0
1527857870.510014000	21.3204	106	1
1527857870.511024000	21.3214	92	0
1527857870.511432000	21.3218	216	0
1527857870.513996000	21.3244	103	1
1527857870.639676000	21.45	511	1
1527857870.639753000	21.4501	257	1
1527857870.656351000	21.4667	87	0
1527857871.164021000	21.9744	302	0
1527857871.164135000	21.9745	148	0
1527857871.167051000	21.9774	106	1
1527857871.167629000	21.978	92	0
1527857871.167774000	21.9781	85	0
1527857871.170114000	21.9805	103	1
1527857871.259334000	22.0697	873	1
1527857871.259404000	22.0698	261	1
1527857871.276250000	22.0866	87	0
1527857871.785595000	22.596	254	0
1527857871.785719000	22.5961	148	0
1527857871.788077000	22.5984	106	1
1527857871.788734000	22.5991	92	0
1527857871.789177000	22.5995	305	0
1527857871.791140000	22.6015	103	1
1527857871.817678000	22.628	985	1
1527857871.817739000	22.6281	260	1
1527857871.834390000	22.6448	87	0
1527857872.346143000	23.1565	287	0
1527857872.346265000	23.1566	148	0
1527857872.349181000	23.1595	106	1
1527857872.349743000	23.1601	92	0
1527857872.349900000	23.1603	272	0
1527857872.352171000	23.1625	103	1
1527857873.101915000	23.9123	388	1
1527857873.102013000	23.9124	257	1
1527857873.118374000	23.9287	87	0
1527857873.649177000	24.4595	259	0
1527857873.649318000	24.4597	148	0
1527857873.652162000	24.4625	106	1
1527857873.653339000	24.4637	92	0
1527857873.653688000	24.464	167	0
1527857873.656202000	24.4666	103	1
1527857873.731574000	24.5419	391	1
1527857873.731635000	24.542	261	1
1527857873.747668000	24.558	87	0
1527857873.903225000	24.7136	232	0
1527857873.903351000	24.7137	148	0
1527857873.906233000	24.7166	106	1
1527857873.907718000	24.7181	92	0
1527857873.907875000	24.7182	334	0
1527857873.910252000	24.7206	103	1
1527857873.999410000	24.8098	388	1
1527857873.999487000	24.8098	261	1
1527857874.016061000	24.8264	87	0
1527857874.020983000	24.8313	87	0
1527857874.548878000	25.3592	298	0
1527857874.548996000	25.3594	148	0
1527857874.551769000	25.3621	92	0
1527857874.551992000	25.3624	92	0
1527857874.552410000	25.3628	115	1
1527857874.610950000	25.4213	392	1
1527857874.611017000	25.4214	257	1
1527857874.640308000	25.4507	392	1
1527857874.662687000	25.473	87	0
1527857874.674042000	25.4844	87	0
1527857875.144380000	25.9547	281	0
1527857875.144510000	25.9549	148	0
1527857875.144794000	25.9552	92	0
1527857875.145194000	25.9556	93	0
1527857875.147274000	25.9576	115	1
1527857875.219408000	26.0298	389	1
1527857875.219473000	26.0298	260	1
1527857875.238933000	26.0493	87	0
1527857875.907125000	26.7175	236	0
1527857875.907255000	26.7176	148	0
1527857875.910291000	26.7207	92	0
1527857875.910348000	26.7207	106	1
1527857875.910849000	26.7212	306	0
1527857875.913311000	26.7237	103	1
1527857876.070622000	26.881	394	1
1527857876.070683000	26.881	264	1
1527857876.086368000	26.8967	87	0
1527857876.220225000	27.0306	258	0
1527857876.220345000	27.0307	148	0
1527857876.223395000	27.0338	106	1
1527857876.225045000	27.0354	92	0
1527857876.225477000	27.0358	196	0
1527857876.227405000	27.0378	103	1
1527857877.484994000	28.2954	390	1
1527857877.485062000	28.2954	260	1
1527857877.501478000	28.3118	87	0
1527857878.011022000	28.8214	258	0
1527857878.011147000	28.8215	148	0
1527857878.014121000	28.8245	92	0
1527857878.014283000	28.8246	109	1
1527857878.014746000	28.8251	134	0
1527857878.017226000	28.8276	100	1
1527857878.195493000	29.0059	389	1
1527857878.195566000	29.0059	260	1
1527857878.211882000	29.0222	87	0
1527857878.727685000	29.538	383	0
1527857878.727901000	29.5383	148	0
1527857878.730288000	29.5406	106	1
1527857878.731467000	29.5418	92	0
1527857878.732024000	29.5424	322	0
1527857878.734334000	29.5447	103	1
1527857878.825493000	29.6359	389	1
1527857878.825591000	29.636	260	1
1527857878.842920000	29.6533	87	0
1527857878.966034000	29.7764	233	0
1527857878.966145000	29.7765	148	0
1527857878.969362000	29.7797	106	1
1527857878.969403000	29.7798	92	0
1527857878.970304000	29.7807	130	0
1527857878.972275000	29.7826	103	1
1527857879.120632000	29.931	510	1
1527857879.120719000	29.9311	260	1
1527857879.137662000	29.948	87	0
1527857879.455750000	30.2661	255	0
1527857879.455860000	30.2662	148	0
1527857879.458320000	30.2687	106	1
1527857879.460238000	30.2706	92	0
1527857879.460395000	30.2708	186	0
1527857879.463309000	30.2737	103	1
1527857879.558511000	30.3689	388	1
1527857879.558581000	30.3689	257	1
1527857879.589648000	30.4	87	0
1527857879.733084000	30.5434	235	0
1527857879.733206000	30.5436	148	0
1527857879.736278000	30.5466	92	0
1527857879.736376000	30.5467	106	1
1527857879.736379000	30.5467	207	0
1527857879.739392000	30.5498	103	1
1527857879.840560000	30.6509	873	1
1527857879.840650000	30.651	258	1
1527857879.857359000	30.6677	87	0
1527857880.018247000	30.8286	281	0
1527857880.018361000	30.8287	148	0
1527857880.021412000	30.8318	106	1
1527857880.021660000	30.832	92	0
1527857880.022703000	30.8331	174	0
1527857880.024420000	30.8348	103	1
1527857880.350729000	31.1611	983	1
1527857880.350793000	31.1612	258	1
1527857880.369319000	31.1797	87	0
1527857880.689131000	31.4995	281	0
1527857880.689255000	31.4996	148	0
1527857880.692441000	31.5028	92	0
1527857880.692531000	31.5029	106	1
1527857880.693070000	31.5034	253	0
1527857880.695443000	31.5058	103	1
1527857880.944111000	31.7545	393	1
1527857880.944178000	31.7545	259	1
1527857880.960666000	31.771	87	0
1527857881.118394000	31.9288	267	0
1527857881.118537000	31.9289	148	0
1527857881.121452000	31.9318	106	1
1527857881.123121000	31.9335	92	0
1527857881.123471000	31.9338	154	0
1527857881.125416000	31.9358	103	1
1527857881.313944000	32.1243	389	1
1527857881.314006000	32.1244	257	1
1527857881.329558000	32.1399	87	0
1527857881.656705000	32.4671	256	0
1527857881.656853000	32.4672	148	0
1527857881.659434000	32.4698	106	1
1527857881.661558000	32.4719	92	0
1527857881.661723000	32.4721	176	0
1527857881.664424000	32.4748	103	1
1527857881.683262000	32.4936	392	1
1527857881.683344000	32.4937	260	1
1527857881.699884000	32.5102	87	0
1527857882.148711000	32.9591	233	0
1527857882.148858000	32.9592	148	0
1527857882.151536000	32.9619	106	1
1527857882.154976000	32.9653	92	0
1527857882.156555000	32.9669	233	0
1527857882.157468000	32.9678	103	1
1527857882.179988000	32.9903	233	0
1527857882.182536000	32.9929	100	1
1527857882.358733000	33.1691	388	1
1527857882.358799000	33.1692	260	1
1527857882.374413000	33.1848	87	0
1527857882.698935000	33.5093	297	0
1527857882.699145000	33.5095	148	0
1527857882.701571000	33.5119	106	1
1527857882.701584000	33.5119	92	0
1527857882.702714000	33.5131	205	0
1527857882.704555000	33.5149	103	1
1527857883.426416000	34.2368	392	1
1527857883.426481000	34.2368	257	1
1527857883.442556000	34.2529	87	0
1527857883.622504000	34.4329	279	0
1527857883.622657000	34.433	148	0
1527857883.624946000	34.4353	106	1
1527857883.625711000	34.4361	92	0
1527857883.626128000	34.4365	293	0
1527857883.627958000	34.4383	103	1
1527857883.894377000	34.7047	389	1
1527857883.894432000	34.7048	257	1
1527857883.911627000	34.722	87	0
1527857884.228169000	35.0385	258	0
1527857884.228333000	35.0387	148	0
1527857884.230989000	35.0413	106	1
1527857884.231894000	35.0423	92	0
1527857884.232079000	35.0424	138	0
1527857884.235039000	35.0454	103	1
1527857884.344271000	35.1546	389	1
1527857884.344338000	35.1547	257	1
1527857884.360460000	35.1708	87	0
1527857884.675356000	35.4857	233	0
1527857884.675471000	35.4858	148	0
1527857884.678084000	35.4884	106	1
1527857884.679031000	35.4894	92	0
1527857884.679425000	35.4898	108	0
1527857884.682086000	35.4924	103	1
1527857884.794526000	35.6049	393	1
1527857884.794588000	35.6049	261	1
1527857884.819256000	35.6296	87	0
1527857884.962399000	35.7728	233	0
1527857884.962547000	35.7729	148	0
1527857884.965014000	35.7754	106	1
1527857884.966311000	35.7767	92	0
1527857884.966481000	35.7768	302	0
1527857884.969049000	35.7794	103	1
1527857885.263790000	36.0742	511	1
1527857885.263882000	36.0742	261	1
1527857885.280671000	36.091	87	0
1527857885.607688000	36.418	383	0
1527857885.607800000	36.4182	148	0
1527857885.611133000	36.4215	106	1
1527857885.611677000	36.422	92	0
1527857885.612495000	36.4229	318	0
1527857885.614118000	36.4245	103	1
1527857885.645415000	36.4558	390	1
1527857885.645474000	36.4558	259	1
1527857885.661429000	36.4718	87	0
1527857885.785497000	36.5959	233	0
1527857885.785603000	36.596	148	0
1527857885.788101000	36.5985	92	0
1527857885.788195000	36.5986	106	1
1527857885.789262000	36.5996	208	0
1527857885.791123000	36.6015	103	1
1527857885.896460000	36.7068	872	1
1527857885.896549000	36.7069	258	1
1527857885.913332000	36.7237	87	0
1527857886.037117000	36.8475	233	0
1527857886.037232000	36.8476	148	0
1527857886.040165000	36.8505	106	1
1527857886.040704000	36.8511	92	0
1527857886.041111000	36.8515	199	0
1527857886.043139000	36.8535	103	1
1527857886.271528000	37.0819	986	1
1527857886.271588000	37.0819	263	1
1527857886.288127000	37.0985	87	0
1527857886.615589000	37.4259	255	0
1527857886.615714000	37.4261	148	0
1527857886.618189000	37.4286	106	1
1527857886.619605000	37.43	92	0
1527857886.619763000	37.4301	189	0
1527857886.622191000	37.4326	103	1
1527857886.656661000	37.467	388	1
1527857886.656756000	37.4671	260	1
1527857886.672695000	37.4831	87	0
1527857886.808165000	37.6185	282	0
1527857886.808307000	37.6187	148	0
1527857886.811197000	37.6216	106	1
1527857886.819752000	37.6301	92	0
1527857886.820457000	37.6308	292	0
1527857886.822116000	37.6325	103	1
1527857886.857695000	37.6681	92	0
1527857886.860151000	37.6705	100	1
1527857889.881271000	40.6916	390	1
1527857889.881359000	40.6917	257	1
1527857889.898395000	40.7088	87	0
1527857890.058365000	40.8687	280	0
1527857890.058481000	40.8688	148	0
1527857890.061316000	40.8717	106	1
1527857890.063041000	40.8734	92	0
1527857890.063194000	40.8736	125	0
1527857890.065381000	40.8757	103	1
1527857890.207730000	41.0181	393	1
1527857890.207822000	41.0182	260	1
1527857890.223481000	41.0338	87	0
1527857890.738786000	41.5491	290	0
1527857890.738930000	41.5493	148	0
1527857890.739248000	41.5496	92	0
1527857890.739412000	41.5498	168	0
1527857890.741340000	41.5517	112	1
1527857890.841716000	41.6521	393	1
1527857890.841776000	41.6521	268	1
1527857890.857628000	41.668	87	0
1527857891.008241000	41.8186	233	0
1527857891.008406000	41.8188	148	0
1527857891.011354000	41.8217	106	1
1527857891.011928000	41.8223	92	0
1527857891.012129000	41.8225	259	0
1527857891.014356000	41.8247	103	1
1527857891.123783000	41.9341	389	1
1527857891.123874000	41.9342	261	1
1527857891.139693000	41.9501	87	0
1527857891.648586000	42.4589	258	0
1527857891.648699000	42.4591	148	0
1527857891.651409000	42.4618	106	1
1527857891.653182000	42.4635	92	0
1527857891.653273000	42.4636	173	0
1527857891.656475000	42.4668	103	1
1527857891.760817000	42.5712	393	1
1527857891.760908000	42.5713	266	1
1527857891.777574000	42.5879	87	0
1527857892.286708000	43.0971	298	0
1527857892.286859000	43.0972	148	0
1527857892.289457000	43.0998	106	1
1527857892.290360000	43.1007	92	0
1527857892.290534000	43.1009	337	0
1527857892.293434000	43.1038	103	1
1527857892.461694000	43.2721	393	1
1527857892.461790000	43.2722	265	1
1527857892.478580000	43.2889	87	0
1527857893.006298000	43.8167	258	0
1527857893.006402000	43.8168	148	0
1527857893.009553000	43.8199	106	1
1527857893.010445000	43.8208	92	0
1527857893.010548000	43.8209	272	0
1527857893.013546000	43.8239	103	1
1527857893.281639000	44.092	493	1
1527857893.281736000	44.0921	1412	1
1527857893.281775000	44.0921	1412	1
1527857893.281810000	44.0922	1412	1
1527857893.281855000	44.0922	1387	1
1527857893.297740000	44.1081	87	0
1527857893.406829000	44.2172	414	0
1527857893.408574000	44.2189	103	1
1527857893.412332000	44.2227	80	0
1527857893.424169000	44.2345	100	1
1527857895.081657000	45.892	388	1
1527857895.081744000	45.8921	265	1
1527857895.099187000	45.9095	87	0
1527857895.610042000	46.4204	259	0
1527857895.610166000	46.4205	148	0
1527857895.612650000	46.423	106	1
1527857895.613187000	46.4235	92	0
1527857895.613360000	46.4237	246	0
1527857895.615613000	46.426	103	1
1527857895.624805000	46.4352	875	1
1527857895.624885000	46.4352	267	1
1527857895.642947000	46.4533	87	0
1527857895.771569000	46.5819	360	0
1527857895.771676000	46.582	148	0
1527857895.774598000	46.585	106	1
1527857895.775067000	46.5854	92	0
1527857895.775450000	46.5858	89	0
1527857895.777611000	46.588	103	1
1527857895.900773000	46.7111	988	1
1527857895.900859000	46.7112	263	1
1527857895.917624000	46.728	87	0
1527857896.048471000	46.8588	235	0
1527857896.051627000	46.862	103	1
1527857896.062323000	46.8727	148	0
1527857896.062470000	46.8728	92	0
1527857896.062635000	46.873	251	0
1527857896.064622000	46.875	106	1
1527857896.384536000	47.1949	393	1
1527857896.384611000	47.195	272	1
1527857896.401238000	47.2116	87	0
1527857896.909960000	47.7203	256	0
1527857896.910107000	47.7205	148	0
1527857896.912708000	47.7231	106	1
1527857896.914018000	47.7244	92	0
1527857896.914455000	47.7248	335	0
1527857896.916670000	47.727	103	1
1527857897.024518000	47.8349	392	1
1527857897.024604000	47.835	269	1
1527857897.040527000	47.8509	87	0
1527857897.175758000	47.9861	256	0
1527857897.175887000	47.9862	148	0
1527857897.178737000	47.9891	106	1
1527857897.179860000	47.9902	92	0
1527857897.180317000	47.9907	231	0
1527857897.182692000	47.9931	103	1
1527857897.288164000	48.0985	392	1
1527857897.288238000	48.0986	264	1
1527857897.303987000	48.1143	87	0
1527857897.435111000	48.2455	279	0
1527857897.435293000	48.2457	148	0
1527857897.437692000	48.2481	106	1
1527857897.438523000	48.2489	92	0
1527857897.439057000	48.2494	219	0
1527857897.440691000	48.2511	103	1
1527857897.542903000	48.3533	389	1
1527857897.542976000	48.3533	265	1
1527857897.558458000	48.3688	87	0
1527857897.692700000	48.5031	255	0
1527857897.692821000	48.5032	148	0
1527857897.695777000	48.5061	106	1
1527857897.696292000	48.5067	92	0
1527857897.696460000	48.5068	172	0
1527857897.698743000	48.5091	103	1
1527857897.757958000	48.5683	391	1
1527857897.758037000	48.5684	260	1
1527857897.774611000	48.585	87	0
1527857897.905748000	48.7161	265	0
1527857897.905891000	48.7163	148	0
1527857897.908731000	48.7191	106	1
1527857897.909748000	48.7201	92	0
1527857897.909913000	48.7203	145	0
1527857897.912845000	48.7232	103	1
1527857897.990204000	48.8006	388	1
1527857897.990292000	48.8007	263	1
1527857898.006147000	48.8165	87	0
1527857898.137690000	48.9481	256	0
1527857898.137805000	48.9482	148	0
1527857898.140757000	48.9511	106	1
1527857898.141291000	48.9517	92	0
1527857898.141669000	48.952	142	0
1527857898.143753000	48.9541	103	1
1527857898.209435000	49.0198	393	1
1527857898.209499000	49.0199	262	1
1527857898.226066000	49.0364	87	0
1527857898.368720000	49.1791	235	0
1527857898.368862000	49.1792	148	0
1527857898.371884000	49.1822	106	1
1527857898.373101000	49.1835	92	0
1527857898.373279000	49.1836	281	0
1527857898.375789000	49.1861	103	1
1527857898.574335000	49.3847	511	1
1527857898.574418000	49.3848	263	1
1527857898.590443000	49.4008	87	0
1527857898.721536000	49.5319	235	0
1527857898.721744000	49.5321	148	0
1527857898.724842000	49.5352	106	1
1527857898.725304000	49.5357	92	0
1527857898.725481000	49.5358	86	0
1527857898.727814000	49.5382	103	1
1527857899.008568000	49.8189	390	1
1527857899.008630000	49.819	262	1
1527857899.024267000	49.8346	87	0
1527857899.157702000	49.9681	300	0
1527857899.157817000	49.9682	148	0
1527857899.160935000	49.9713	106	1
1527857899.162232000	49.9726	92	0
1527857899.162321000	49.9727	132	0
1527857899.164876000	49.9752	103	1
1527857899.319092000	50.1295	390	1
1527857899.319190000	50.1296	260	1
1527857899.335250000	50.1456	87	0
1527857899.465634000	50.276	258	0
1527857899.465867000	50.2762	148	0
1527857899.468875000	50.2792	106	1
1527857899.469660000	50.28	92	0
1527857899.470121000	50.2805	282	0
1527857899.472830000	50.2832	103	1
1527857899.553097000	50.3635	869	1
1527857899.553178000	50.3635	262	1
1527857899.571358000	50.3817	87	0
1527857899.803572000	50.6139	235	0
1527857899.803709000	50.6141	148	0
1527857899.806845000	50.6172	106	1
1527857899.807375000	50.6177	92	0
1527857899.807531000	50.6179	218	0
1527857899.809827000	50.6202	103	1
1527857900.180460000	50.9908	987	1
1527857900.180537000	50.9909	276	1
1527857900.194903000	51.0053	100	0
1527857900.196946000	51.0073	87	0
1527857900.197850000	51.0082	103	1
1527857900.332529000	51.1429	256	0
1527857900.332645000	51.143	148	0
1527857900.335955000	51.1463	103	1
1527857900.336443000	51.1468	92	0
1527857900.336611000	51.147	250	0
1527857900.338855000	51.1492	103	1
1527857900.405060000	51.2154	389	1
1527857900.405131000	51.2155	260	1
1527857900.421873000	51.2322	87	0
1527857900.551526000	51.3619	235	0
1527857900.551623000	51.362	148	0
1527857900.553954000	51.3643	106	1
1527857900.555407000	51.3658	92	0
1527857900.555522000	51.3659	171	0
1527857900.557943000	51.3683	103	1
1527857904.386761000	55.1971	390	1
1527857904.386828000	55.1972	262	1
1527857904.403761000	55.2141	87	0
1527857904.550155000	55.3605	380	0
1527857904.550296000	55.3607	148	0
1527857904.553118000	55.3635	106	1
1527857904.554001000	55.3644	92	0
1527857904.554081000	55.3644	154	0
1527857904.557175000	55.3675	103	1
1527857904.600169000	55.4105	391	1
1527857904.600261000	55.4106	257	1
1527857904.615594000	55.426	87	0
1527857904.760556000	55.5709	232	0
1527857904.760667000	55.571	148	0
1527857904.763206000	55.5736	106	1
1527857904.765022000	55.5754	92	0
1527857904.765308000	55.5757	88	0
1527857904.768184000	55.5785	103	1
1527857904.821366000	55.6317	387	1
1527857904.821894000	55.6323	262	1
1527857904.837674000	55.648	87	0
1527857904.972010000	55.7824	233	0
1527857904.972157000	55.7825	148	0
1527857904.974638000	55.785	92	0
1527857904.975213000	55.7856	109	1
1527857904.976075000	55.7864	331	0
1527857904.979137000	55.7895	100	1
1527857905.031504000	55.8419	392	1
1527857905.031580000	55.8419	264	1
1527857905.047664000	55.858	87	0
1527857905.558126000	56.3685	256	0
1527857905.558264000	56.3686	148	0
1527857905.561169000	56.3715	106	1
1527857905.561873000	56.3722	92	0
1527857905.562032000	56.3724	154	0
1527857905.564159000	56.3745	103	1
1527857905.647738000	56.4581	392	1
1527857905.647799000	56.4582	281	1
1527857905.664108000	56.4745	87	0
1527857906.174372000	56.9847	302	0
1527857906.174486000	56.9848	148	0
1527857906.177281000	56.9876	106	1
1527857906.178100000	56.9885	92	0
1527857906.178427000	56.9888	162	0
1527857906.181270000	56.9916	103	1
1527857906.280421000	57.0908	389	1
1527857906.280515000	57.0909	264	1
1527857906.297277000	57.1076	87	0
1527857906.432786000	57.2431	255	0
1527857906.432924000	57.2433	148	0
1527857906.435220000	57.2456	106	1
1527857906.437251000	57.2476	92	0
1527857906.437903000	57.2483	123	0
1527857906.440284000	57.2506	103	1
1527857910.539568000	61.3499	513	1
1527857910.539662000	61.35	258	1
1527857910.539841000	61.3502	303	1
1527857910.539887000	61.3502	1412	1
1527857910.539928000	61.3503	1412	1
1527857910.539962000	61.3503	1412	1
1527857910.539986000	61.3503	266	1
1527857910.555708000	61.3661	87	0
1527857910.660290000	61.4707	415	0
1527857910.663128000	61.4735	103	1
1527857910.666016000	61.4764	80	0
1527857910.669115000	61.4795	100	1
1527857910.685862000	61.4962	275	0
1527857910.686446000	61.4968	148	0
1527857910.689127000	61.4995	103	1
1527857910.689416000	61.4998	92	0
1527857910.689509000	61.4999	222	0
1527857910.692058000	61.5024	103	1
1527857910.736570000	61.5469	393	1
1527857910.736657000	61.547	284	1
1527857910.752926000	61.5633	87	0
1527857910.927691000	61.7381	235	0
1527857910.927847000	61.7382	148	0
1527857910.931148000	61.7415	106	1
1527857910.936330000	61.7467	92	0
1527857910.936432000	61.7468	167	0
1527857910.939133000	61.7495	103	1
1527857910.944927000	61.7553	235	0
1527857910.945085000	61.7554	148	0
1527857910.948143000	61.7585	103	1
1527857910.983220000	61.7936	870	1
1527857910.983283000	61.7936	258	1
1527857910.999911000	61.8103	87	0
1527857911.138260000	61.9486	300	0
1527857911.138376000	61.9487	148	0
1527857911.141083000	61.9514	106	1
1527857911.142353000	61.9527	92	0
1527857911.142766000	61.9531	261	0
1527857911.145147000	61.9555	103	1
1527857911.290003000	62.1004	986	1
1527857911.290138000	62.1005	259	1
1527857911.306133000	62.1165	87	0
1527857911.446115000	62.2565	258	0
1527857911.446207000	62.2566	148	0
1527857911.449164000	62.2595	106	1
1527857911.449830000	62.2602	92	0
1527857911.450673000	62.261	309	0
1527857911.452175000	62.2625	103	1
1527857911.663533000	62.4739	389	1
1527857911.663629000	62.474	259	1
1527857911.679851000	62.4902	87	0
1527857912.189713000	63.0001	258	0
1527857912.189857000	63.0002	148	0
1527857912.192131000	63.0025	106	1
1527857912.194154000	63.0045	92	0
1527857912.194460000	63.0048	150	0
1527857912.197160000	63.0075	103	1
1527857912.385636000	63.196	394	1
1527857912.385720000	63.1961	266	1
1527857912.403112000	63.2135	87	0
1527857912.913112000	63.7235	233	0
1527857912.913225000	63.7236	148	0
1527857912.915868000	63.7262	92	0
1527857912.916012000	63.7264	117	0
1527857912.916171000	63.7265	112	1
1527857912.974649000	63.785	393	1
1527857912.974741000	63.7851	261	1
1527857912.990570000	63.8009	87	0
1527857913.136166000	63.9465	381	0
1527857913.136283000	63.9466	148	0
1527857913.139193000	63.9496	106	1
1527857913.140198000	63.9506	92	0
1527857913.140629000	63.951	306	0
1527857913.143256000	63.9536	103	1
1527857913.185280000	63.9956	388	1
1527857913.185372000	63.9957	259	1
1527857913.201901000	64.0123	87	0
1527857913.404677000	64.215	233	0
1527857913.404800000	64.2152	148	0
1527857913.407205000	64.2176	106	1
1527857913.409715000	64.2201	92	0
1527857913.409865000	64.2202	100	0
1527857913.412282000	64.2226	103	1
1527857913.435332000	64.2457	391	1
1527857913.435388000	64.2457	260	1
1527857913.452356000	64.2627	87	0
1527857913.973796000	64.7842	235	0
1527857913.973920000	64.7843	148	0
1527857913.976245000	64.7866	106	1
1527857913.977754000	64.7881	92	0
1527857913.977906000	64.7883	210	0
1527857913.980308000	64.7907	103	1
1527857914.124508000	64.9349	393	1
1527857914.124573000	64.9349	264	1
1527857914.140208000	64.9506	87	0
1527857914.279622000	65.09	256	0
1527857914.279728000	65.0901	148	0
1527857914.282333000	65.0927	106	1
1527857914.283537000	65.0939	92	0
1527857914.283706000	65.0941	127	0
1527857914.286339000	65.0967	103	1
1527857914.578083000	65.3884	392	1
1527857914.578156000	65.3885	262	1
1527857914.594197000	65.4046	87	0
1527857914.790067000	65.6004	235	0
1527857914.790201000	65.6006	148	0
1527857914.793295000	65.6037	106	1
1527857914.794670000	65.605	92	0
1527857914.795416000	65.6058	220	0
1527857914.797377000	65.6077	103	1
1527857914.902590000	65.713	511	1
1527857914.902657000	65.713	260	1
1527857914.919002000	65.7294	87	0
1527857915.460114000	66.2705	324	0
1527857915.460229000	66.2706	148	0
1527857915.463403000	66.2738	106	1
1527857915.464063000	66.2744	92	0
1527857915.464154000	66.2745	178	0
1527857915.466386000	66.2767	103	1
1527857915.522507000	66.3329	392	1
1527857915.522572000	66.3329	258	1
1527857915.538960000	66.3493	87	0
1527857915.674934000	66.4853	233	0
1527857915.675058000	66.4854	148	0
1527857915.677418000	66.4878	106	1
1527857915.679637000	66.49	92	0
1527857915.680108000	66.4905	326	0
1527857915.682399000	66.4928	103	1
1527857915.833844000	66.6442	872	1
1527857915.833936000	66.6443	257	1
1527857915.861493000	66.6719	872	1
1527857915.873720000	66.6841	87	0
1527857915.915700000	66.7261	87	0
1527857915.979436000	66.7898	232	0
1527857915.979562000	66.7899	148	0
1527857915.982439000	66.7928	109	1
1527857915.984097000	66.7945	92	0
1527857915.984275000	66.7946	168	0
1527857915.987510000	66.7979	103	1
1527857916.253608000	67.064	986	1
1527857916.253686000	67.064	263	1
1527857916.271885000	67.0822	87	0
1527857916.781015000	67.5914	256	0
1527857916.781142000	67.5915	148	0
1527857916.784476000	67.5948	106	1
1527857916.785434000	67.5958	92	0
1527857916.785917000	67.5963	123	0
1527857916.788471000	67.5988	103	1
1527857916.883827000	67.6942	388	1
1527857916.883887000	67.6942	260	1
1527857916.899576000	67.7099	87	0
1527857917.035633000	67.846	268	0
1527857917.035747000	67.8461	148	0
1527857917.038428000	67.8488	106	1
1527857917.040077000	67.8504	92	0
1527857917.040447000	67.8508	153	0
1527857917.042480000	67.8528	103	1
1527857917.148572000	67.9589	393	1
1527857917.148637000	67.959	259	1
1527857917.166086000	67.9764	87	0
1527857917.678504000	68.4889	258	0
1527857917.678619000	68.489	148	0
1527857917.681447000	68.4918	106	1
1527857917.683375000	68.4937	92	0
1527857917.683542000	68.4939	92	0
1527857917.686463000	68.4968	103	1
1527857917.869009000	68.6794	389	1
1527857917.869074000	68.6794	264	1
1527857917.886244000	68.6966	87	0
1527857918.084198000	68.8946	278	0
1527857918.084310000	68.8947	148	0
1527857918.087551000	68.8979	106	1
1527857918.088177000	68.8985	92	0
1527857918.088513000	68.8989	105	0
1527857918.090542000	68.9009	103	1
1527857918.351215000	69.1616	390	1
1527857918.351289000	69.1616	257	1
1527857918.367374000	69.1777	87	0
1527857918.879949000	69.6903	281	0
1527857918.880046000	69.6904	148	0
1527857918.882528000	69.6929	106	1
1527857918.884141000	69.6945	92	0
1527857918.884536000	69.6949	169	0
1527857918.886588000	69.6969	103	1
1527857918.972732000	69.7831	392	1
1527857918.972816000	69.7832	260	1
1527857918.989226000	69.7996	87	0
1527857919.512566000	70.3229	258	0
1527857919.512675000	70.323	148	0
1527857919.515636000	70.326	106	1
1527857919.517554000	70.3279	92	0
1527857919.517994000	70.3284	323	0
1527857919.520638000	70.331	103	1
1527857919.769980000	70.5803	389	1
1527857919.770071000	70.5804	258	1
1527857919.786231000	70.5966	87	0
1527857920.299307000	71.1097	381	0
1527857920.299423000	71.1098	148	0
1527857920.302682000	71.113	106	1
1527857920.303336000	71.1137	92	0
1527857920.303717000	71.1141	337	0
1527857920.305667000	71.116	103	1
1527857920.471863000	71.2822	392	1
1527857920.471924000	71.2823	265	1
1527857920.487652000	71.298	87	0
1527857920.685666000	71.496	235	0
1527857920.685816000	71.4962	148	0
1527857920.688568000	71.4989	92	0
1527857920.688780000	71.4991	109	1
1527857920.689034000	71.4994	245	0
1527857920.691689000	71.502	100	1
1527857921.091957000	71.9023	389	1
1527857921.092032000	71.9024	260	1
1527857921.108986000	71.9193	87	0
1527857921.656985000	72.4673	256	0
1527857921.657106000	72.4675	148	0
1527857921.659718000	72.4701	106	1
1527857921.662982000	72.4733	92	0
1527857921.663075000	72.4734	239	0
1527857921.665702000	72.4761	103	1
1527857921.681668000	72.492	256	0
1527857921.684714000	72.4951	100	1
1527857921.712211000	72.5226	510	1
1527857921.712287000	72.5226	260	1
1527857921.728432000	72.5388	87	0
1527857922.216695000	73.0271	304	1
1527857922.216800000	73.0272	1412	1
1527857922.216837000	73.0272	1412	1
1527857922.216871000	73.0272	1412	1
1527857922.216907000	73.0273	1412	1
1527857922.216949000	73.0273	1412	1
1527857922.216982000	73.0273	1412	1
1527857922.217018000	73.0274	1412	1
1527857922.217058000	73.0274	1412	1
1527857922.217090000	73.0275	1412	1
1527857922.217125000	73.0275	1412	1
1527857922.217161000	73.0275	1412	1
1527857922.217195000	73.0276	1412	1
1527857922.217231000	73.0276	1412	1
1527857922.217255000	73.0276	162	1
1527857922.232446000	73.0428	87	0
1527857922.235628000	73.046	87	0
1527857922.238374000	73.0487	256	0
1527857922.238452000	73.0488	148	0
1527857922.240765000	73.0511	112	1
1527857922.241972000	73.0523	92	0
1527857922.242303000	73.0527	227	0
1527857922.244741000	73.0551	103	1
1527857922.321788000	73.1321	389	1
1527857922.321853000	73.1322	265	1
1527857922.338361000	73.1487	87	0
1527857922.406898000	73.2173	391	0
1527857922.409738000	73.2201	103	1
1527857922.413389000	73.2237	80	0
1527857922.415733000	73.2261	100	1
1527857922.852006000	73.6624	313	0
1527857922.852113000	73.6625	148	0
1527857922.854788000	73.6651	103	1
1527857922.855561000	73.6659	92	0
1527857922.855989000	73.6663	207	0
1527857922.857759000	73.6681	103	1
1527857923.076332000	73.8867	870	1
1527857923.076397000	73.8868	259	1
1527857923.102432000	73.9128	87	0
1527857923.647841000	74.4582	258	0
1527857923.647963000	74.4583	148	0
1527857923.650873000	74.4612	106	1
1527857923.802175000	74.6125	92	0
1527857923.802385000	74.6127	222	0
1527857923.804906000	74.6153	103	1
1527857923.863584000	74.6739	987	1
1527857923.863660000	74.674	264	1
1527857923.880083000	74.6904	87	0
1527857924.081841000	74.8922	233	0
1527857924.081959000	74.8923	148	0
1527857924.084894000	74.8953	106	1
1527857924.086490000	74.8969	92	0
1527857924.086855000	74.8972	212	0
1527857924.088882000	74.8992	103	1
1527857924.323087000	75.1334	389	1
1527857924.323183000	75.1335	259	1
1527857924.339089000	75.1494	87	0
1527857924.851543000	75.6619	288	0
1527857924.851699000	75.6621	148	0
1527857924.854965000	75.6653	106	1
1527857924.855048000	75.6654	92	0
1527857924.855591000	75.666	299	0
1527857924.857925000	75.6683	103	1
1527857929.025339000	79.8357	392	1
1527857929.025405000	79.8358	259	1
1527857929.041293000	79.8517	87	0
1527857929.552658000	80.363	258	0
1527857929.552774000	80.3631	148	0
1527857929.555714000	80.3661	106	1
1527857929.556704000	80.3671	92	0
1527857929.557163000	80.3675	120	0
1527857929.559723000	80.3701	103	1
1527857929.674490000	80.4849	392	1
1527857929.674567000	80.4849	269	1
1527857929.690459000	80.5008	87	0
1527857929.825762000	80.6361	275	0
1527857929.825906000	80.6363	148	0
1527857929.828730000	80.6391	106	1
1527857929.832392000	80.6428	92	0
1527857929.832483000	80.6428	234	0
1527857929.834733000	80.6451	103	1
1527857930.145028000	80.9554	388	1
1527857930.145113000	80.9555	260	1
1527857930.161364000	80.9717	87	0
1527857930.682159000	81.4925	281	0
1527857930.682272000	81.4926	148	0
1527857930.684780000	81.4951	106	1
1527857930.686413000	81.4968	92	0
1527857930.686501000	81.4969	217	0
1527857930.688797000	81.4992	103	1
1527857930.854224000	81.6646	389	1
1527857930.854301000	81.6647	264	1
1527857930.870306000	81.6807	87	0
1527857931.448197000	82.2586	258	0
1527857931.448331000	82.2587	148	0
1527857931.450834000	82.2612	106	1
1527857931.451297000	82.2617	92	0
1527857931.451618000	82.262	253	0
1527857931.453838000	82.2642	103	1
1527857931.495087000	82.3054	393	1
1527857931.495169000	82.3055	267	1
1527857931.511095000	82.3215	87	0
1527857932.021287000	82.8316	357	0
1527857932.021412000	82.8318	148	0
1527857932.023863000	82.8342	106	1
1527857932.025003000	82.8354	92	0
1527857932.025272000	82.8356	92	0
1527857932.027917000	82.8383	103	1
1527857932.124279000	82.9346	388	1
1527857932.124371000	82.9347	264	1
1527857932.140437000	82.9508	87	0
1527857932.270705000	83.0811	256	0
1527857932.270928000	83.0813	148	0
1527857932.273876000	83.0842	106	1
1527857932.274676000	83.085	92	0
1527857932.275184000	83.0855	160	0
1527857932.277928000	83.0883	103	1
1527857932.368975000	83.1793	388	1
1527857932.369069000	83.1794	259	1
1527857932.385473000	83.1958	87	0
1527857932.519092000	83.3295	235	0
1527857932.519208000	83.3296	148	0
1527857932.521887000	83.3322	106	1
1527857932.523119000	83.3335	92	0
1527857932.523207000	83.3336	185	0
1527857932.525864000	83.3362	103	1
1527857932.624291000	83.4347	512	1
1527857932.624385000	83.4347	264	1
1527857932.640213000	83.4506	87	0
1527857933.169965000	83.9803	256	0
1527857933.170081000	83.9804	148	0
1527857933.172936000	83.9833	106	1
1527857933.174447000	83.9848	92	0
1527857933.174837000	83.9852	165	0
1527857933.176991000	83.9874	103	1
1527857933.244066000	84.0544	388	1
1527857933.244141000	84.0545	264	1
1527857933.260211000	84.0706	87	0
1527857933.395241000	84.2056	233	0
1527857933.395442000	84.2058	148	0
1527857933.397940000	84.2083	106	1
1527857933.399955000	84.2103	92	0
1527857933.400332000	84.2107	150	0
1527857933.402995000	84.2134	103	1
1527857933.553566000	84.3639	872	1
1527857933.553631000	84.364	260	1
1527857933.569893000	84.3803	87	0
1527857933.710842000	84.5212	235	0
1527857933.710937000	84.5213	148	0
1527857933.714017000	84.5244	106	1
1527857933.715326000	84.5257	92	0
1527857933.715427000	84.5258	129	0
1527857933.718008000	84.5284	103	1
1527857933.985340000	84.7957	988	1
1527857933.985400000	84.7958	263	1
1527857934.014069000	84.8244	988	1
1527857934.032424000	84.8428	87	0
1527857934.068008000	84.8784	87	0
1527857934.543784000	85.3541	326	0
1527857934.544763000	85.3551	148	0
1527857934.547001000	85.3574	109	1
1527857934.548151000	85.3585	92	0
1527857934.548320000	85.3587	118	0
1527857934.551035000	85.3614	103	1
1527857934.570624000	85.381	326	0
1527857934.573076000	85.3834	100	1
1527857934.605806000	85.4162	393	1
1527857934.605872000	85.4162	264	1
1527857934.621989000	85.4323	87	0
1527857935.161297000	85.9717	258	0
1527857935.161423000	85.9718	148	0
1527857935.164146000	85.9745	106	1
1527857935.165522000	85.9759	92	0
1527857935.165633000	85.976	274	0
1527857935.168096000	85.9785	103	1
1527857935.365756000	86.1761	393	1
1527857935.365824000	86.1762	265	1
1527857935.407184000	86.2175	393	1
1527857935.410314000	86.2207	87	0
1527857935.424542000	86.2349	87	0
1527857935.893648000	86.704	235	0
1527857935.893766000	86.7041	148	0
1527857935.896076000	86.7064	109	1
1527857935.897264000	86.7076	92	0
1527857935.897679000	86.708	147	0
1527857935.900120000	86.7105	103	1
1527857935.978540000	86.7889	389	1
1527857935.978634000	86.789	267	1
1527857936.023147000	86.8335	389	1
1527857936.023870000	86.8342	87	0
1527857936.039351000	86.8497	87	0
1527857936.217658000	87.028	288	0
1527857936.217764000	87.0281	148	0
1527857936.218147000	87.0285	92	0
1527857936.218332000	87.0287	244	0
1527857936.221177000	87.0315	115	1
1527857936.387348000	87.1977	389	1
1527857936.387415000	87.1978	264	1
1527857936.432467000	87.2428	87	0
1527857936.539007000	87.3494	235	0
1527857936.539097000	87.3495	148	0
1527857936.542177000	87.3525	106	1
1527857936.542674000	87.353	92	0
1527857936.542841000	87.3532	210	0
1527857936.545180000	87.3555	103	1
1527857936.797546000	87.6079	389	1
1527857936.797608000	87.608	263	1
1527857936.817919000	87.6283	87	0
1527857936.942968000	87.7533	277	0
1527857936.943094000	87.7535	148	0
1527857936.945224000	87.7556	92	0
1527857936.945679000	87.756	205	0
1527857936.946203000	87.7566	112	1
1527857937.017211000	87.8276	390	1
1527857937.017277000	87.8276	260	1
1527857937.034061000	87.8444	87	0
1527857937.171950000	87.9823	282	0
1527857937.172099000	87.9825	148	0
1527857937.175263000	87.9856	106	1
1527857937.176443000	87.9868	92	0
1527857937.176840000	87.9872	130	0
1527857937.179214000	87.9896	103	1
1527857937.358521000	88.1689	394	1
1527857937.358612000	88.169	262	1
1527857937.374556000	88.1849	87	0
1527857937.507806000	88.3182	233	0
1527857937.507934000	88.3183	148	0
1527857937.511236000	88.3216	106	1
1527857937.513047000	88.3234	92	0
1527857937.513177000	88.3235	282	0
1527857937.516240000	88.3266	103	1
1527857937.807520000	88.6179	388	1
1527857937.807581000	88.6179	260	1
1527857937.825214000	88.6356	87	0
1527857937.964873000	88.7752	235	0
1527857937.964995000	88.7754	148	0
1527857937.968186000	88.7785	92	0
1527857937.968261000	88.7786	106	1
1527857937.968282000	88.7786	229	0
1527857937.971253000	88.7816	103	1
1527857938.507615000	89.318	515	1
1527857938.507677000	89.318	261	1
1527857938.524070000	89.3344	87	0
1527857938.654660000	89.465	383	0
1527857938.654779000	89.4651	148	0
1527857938.657242000	89.4676	106	1
1527857938.657917000	89.4683	92	0
1527857938.658322000	89.4687	291	0
1527857938.660719000	89.4711	103	1
1527857938.727728000	89.5381	390	1
1527857938.727811000	89.5382	261	1
1527857938.744674000	89.555	87	0
1527857938.885513000	89.6959	235	0
1527857938.885616000	89.696	148	0
1527857938.888309000	89.6987	106	1
1527857938.889600000	89.7	92	0
1527857938.889952000	89.7003	256	0
1527857938.892245000	89.7026	103	1
1527857939.503127000	90.3135	869	1
1527857939.503216000	90.3136	264	1
1527857939.520456000	90.3308	87	0
1527857939.654571000	90.4649	259	0
1527857939.654694000	90.4651	148	0
1527857939.657282000	90.4676	106	1
1527857939.658731000	90.4691	92	0
1527857939.659216000	90.4696	280	0
1527857939.661360000	90.4717	103	1
1527857939.717773000	90.5281	988	1
1527857939.717867000	90.5282	263	1
1527857939.735278000	90.5456	87	0
1527857939.869348000	90.6797	233	0
1527857939.869464000	90.6798	148	0
1527857939.872307000	90.6827	106	1
1527857939.873849000	90.6842	92	0
1527857939.874247000	90.6846	113	0
1527857939.876358000	90.6867	103	1
1527857939.987514000	90.7979	391	1
1527857939.987600000	90.798	260	1
1527857940.003689000	90.814	87	0
1527857940.143148000	90.9535	259	0
1527857940.143249000	90.9536	148	0
1527857940.146322000	90.9567	106	1
1527857940.147347000	90.9577	92	0
1527857940.147432000	90.9578	94	0
1527857940.150374000	90.9607	103	1
1527857940.507217000	91.3176	395	1
1527857940.507308000	91.3177	266	1
1527857940.522846000	91.3332	87	0
1527857940.666190000	91.4766	235	0
1527857940.666329000	91.4767	148	0
1527857940.669423000	91.4798	106	1
1527857940.670363000	91.4807	92	0
1527857940.670659000	91.481	89	0
1527857940.673345000	91.4837	103	1
1527857940.808005000	91.6184	389	1
1527857940.808061000	91.6184	261	1
1527857940.824176000	91.6345	87	0
1527857940.959401000	91.7698	303	0
1527857940.959559000	91.7699	148	0
1527857940.962458000	91.7728	106	1
1527857940.963393000	91.7738	92	0
1527857940.963561000	91.7739	324	0
1527857940.966437000	91.7768	103	1
1527857941.147802000	91.9582	390	1
1527857941.147894000	91.9583	260	1
1527857941.164803000	91.9752	87	0
1527857941.301132000	92.1115	258	0
1527857941.301277000	92.1116	148	0
1527857941.303622000	92.114	92	0
1527857941.303788000	92.1141	204	0
1527857941.304408000	92.1148	112	1
1527857941.559272000	92.3696	390	1
1527857941.559353000	92.3697	263	1
1527857941.575233000	92.3856	87	0
1527857941.712402000	92.5228	232	0
1527857941.712507000	92.5229	148	0
1527857941.715477000	92.5258	106	1
1527857941.716670000	92.527	92	0
1527857941.716790000	92.5272	110	0
1527857941.719468000	92.5298	103	1
1527857942.048270000	92.8586	388	1
1527857942.048361000	92.8587	263	1
1527857942.064243000	92.8746	87	0
1527857942.223409000	93.0338	291	0
1527857942.223499000	93.0339	148	0
1527857942.226534000	93.0369	106	1
1527857942.227058000	93.0374	92	0
1527857942.227154000	93.0375	104	0
1527857942.229502000	93.0399	103	1
1527857942.546147000	93.3565	394	1
1527857942.546242000	93.3566	262	1
1527857942.562007000	93.3724	87	0
1527857942.701882000	93.5122	233	0
1527857942.701995000	93.5124	148	0
1527857942.704463000	93.5148	106	1
1527857942.705696000	93.5161	92	0
1527857942.706109000	93.5165	131	0
1527857942.708522000	93.5189	103	1
1527857942.859822000	93.6702	388	1
1527857942.859902000	93.6703	262	1
1527857942.876873000	93.6872	87	0
1527857943.006293000	93.8167	277	0
1527857943.006388000	93.8167	148	0
1527857943.009546000	93.8199	106	1
1527857943.010711000	93.8211	92	0
1527857943.010862000	93.8212	277	0
1527857943.013546000	93.8239	103	1
1527857943.399911000	94.2103	516	1
1527857943.399981000	94.2103	264	1
1527857943.416392000	94.2268	87	0
1527857943.551591000	94.362	278	0
1527857943.551755000	94.3621	148	0
1527857943.554041000	94.3644	92	0
1527857943.554144000	94.3645	331	0
1527857943.554570000	94.3649	112	1
1527857943.659681000	94.47	391	1
1527857943.659777000	94.4701	259	1
1527857943.676156000	94.4865	87	0
1527857943.819747000	94.6301	232	0
1527857943.819888000	94.6302	148	0
1527857943.822523000	94.6329	106	1
1527857943.824224000	94.6346	92	0
1527857943.824561000	94.6349	147	0
1527857943.826521000	94.6369	103	1
1527857946.927141000	97.7375	871	1
1527857946.927229000	97.7376	261	1
1527857946.943685000	97.754	87	0
1527857947.075695000	97.8861	258	0
1527857947.075803000	97.8862	148	0
1527857947.078740000	97.8891	106	1
1527857947.079591000	97.89	92	0
1527857947.079686000	97.89	123	0
1527857947.082714000	97.8931	103	1
1527857947.225375000	98.0357	987	1
1527857947.225439000	98.0358	276	1
1527857947.242315000	98.0527	87	0
1527857947.375093000	98.1855	383	0
1527857947.375207000	98.1856	148	0
1527857947.377749000	98.1881	106	1
1527857947.379293000	98.1897	92	0
1527857947.379655000	98.19	89	0
1527857947.381742000	98.1921	103	1
1527857947.662644000	98.473	390	1
1527857947.662736000	98.4731	259	1
1527857947.678590000	98.489	87	0
1527857947.811510000	98.6219	233	0
1527857947.811621000	98.622	148	0
1527857947.814426000	98.6248	106	1
1527857947.814643000	98.625	92	0
1527857947.814800000	98.6252	257	0
1527857947.817410000	98.6278	103	1
1527857948.038707000	98.8491	389	1
1527857948.038799000	98.8492	261	1
1527857948.054454000	98.8648	87	0
1527857948.186309000	98.9967	256	0
1527857948.186403000	98.9968	148	0
1527857948.189377000	98.9997	106	1
1527857948.189970000	99.0003	92	0
1527857948.190075000	99.0004	338	0
1527857948.192442000	99.0028	103	1
1527857948.488924000	99.2993	388	1
1527857948.488985000	99.2993	262	1
1527857948.505040000	99.3154	87	0
1527857948.648019000	99.4584	233	0
1527857948.648140000	99.4585	148	0
1527857948.651192000	99.4616	92	0
1527857948.651456000	99.4618	109	1
1527857948.651676000	99.462	269	0
1527857948.654457000	99.4648	100	1
1527857948.798948000	99.6093	393	1
1527857948.799009000	99.6094	263	1
1527857948.818559000	99.6289	87	0
1527857948.949248000	99.7596	233	0
1527857948.949384000	99.7597	148	0
1527857948.952419000	99.7628	106	1
1527857948.953358000	99.7637	92	0
1527857948.953512000	99.7639	125	0
1527857948.956414000	99.7668	103	1
1527857949.309274000	100.12	389	1
1527857949.309350000	100.12	263	1
1527857949.325488000	100.136	87	0
1527857949.459748000	100.27	324	0
1527857949.459875000	100.27	148	0
1527857949.462476000	100.273	106	1
1527857949.463737000	100.274	92	0
1527857949.464186000	100.275	306	0
1527857949.466506000	100.277	103	1
1527857949.608533000	100.419	388	1
1527857949.608628000	100.419	259	1
1527857949.625479000	100.436	87	0
1527857950.136227000	100.947	256	0
1527857950.136327000	100.947	148	0
1527857950.139558000	100.95	106	1
1527857950.141056000	100.951	92	0
1527857950.141150000	100.952	141	0
1527857950.143543000	100.954	103	1
1527857950.283874000	101.094	392	1
1527857950.283934000	101.094	265	1
1527857950.299563000	101.11	87	0
1527857950.432945000	101.243	233	0
1527857950.433040000	101.243	148	0
1527857950.435483000	101.246	106	1
1527857950.437278000	101.248	92	0
1527857950.437366000	101.248	93	0
1527857950.440559000	101.251	103	1
1527857950.749760000	101.56	389	1
1527857950.749852000	101.56	259	1
1527857950.765737000	101.576	87	0
1527857950.900738000	101.711	267	0
1527857950.900888000	101.711	148	0
1527857950.903598000	101.714	106	1
1527857950.904435000	101.715	92	0
1527857950.904537000	101.715	174	0
1527857950.907587000	101.718	103	1
1527857954.236010000	105.046	493	1
1527857954.236110000	105.046	1412	1
1527857954.236148000	105.047	1412	1
1527857954.236182000	105.047	1412	1
1527857954.236216000	105.047	793	1
1527857954.252045000	105.062	87	0
1527857954.436117000	105.246	325	1
1527857954.436185000	105.247	259	1
1527857954.451747000	105.262	87	0
1527857954.599709000	105.41	259	0
1527857954.599839000	105.41	148	0
1527857954.602982000	105.413	109	1
1527857954.603559000	105.414	92	0
1527857954.603934000	105.414	160	0
1527857954.605979000	105.416	103	1
1527857954.735389000	105.546	444	0
1527857954.738000000	105.548	100	1
1527857954.740948000	105.551	80	0
1527857954.744008000	105.554	100	1
1527857954.834291000	105.645	393	1
1527857954.834354000	105.645	260	1
1527857954.850442000	105.661	87	0
1527857954.991591000	105.802	258	0
1527857954.991697000	105.802	148	0
1527857954.995011000	105.805	106	1
1527857954.995971000	105.806	92	0
1527857954.996677000	105.807	219	0
1527857954.999019000	105.809	103	1
1527857955.674976000	106.485	874	1
1527857955.675035000	106.485	264	1
1527857955.691416000	106.502	87	0
1527857955.826696000	106.637	256	0
1527857955.826846000	106.637	148	0
1527857955.829991000	106.64	106	1
1527857955.831022000	106.641	92	0
1527857955.831484000	106.642	103	0
1527857955.834050000	106.644	103	1
1527857955.933381000	106.744	982	1
1527857955.933446000	106.744	260	1
1527857955.949261000	106.76	87	0
1527857956.460991000	107.271	383	0
1527857956.461151000	107.272	148	0
1527857956.464030000	107.274	106	1
1527857956.464981000	107.275	92	0
1527857956.465352000	107.276	285	0
1527857956.468028000	107.278	103	1
1527857956.604502000	107.415	393	1
1527857956.604593000	107.415	268	1
1527857956.620611000	107.431	87	0
1527857956.752077000	107.562	236	0
1527857956.752209000	107.563	148	0
1527857956.755103000	107.565	106	1
1527857956.756227000	107.567	92	0
1527857956.756617000	107.567	137	0
1527857956.759122000	107.569	103	1
1527857957.072309000	107.883	391	1
1527857957.072371000	107.883	259	1
1527857957.089154000	107.9	87	0
1527857957.224108000	108.034	256	0
1527857957.224213000	108.035	148	0
1527857957.227141000	108.038	106	1
1527857957.227674000	108.038	92	0
1527857957.227831000	108.038	281	0
1527857957.230119000	108.04	103	1
1527857959.208601000	110.019	393	1
1527857959.208685000	110.019	266	1
1527857959.225003000	110.035	87	0
1527857959.468225000	110.279	258	0
1527857959.468368000	110.279	148	0
1527857959.470987000	110.281	106	1
1527857959.472258000	110.283	92	0
1527857959.472419000	110.283	317	0
1527857959.474990000	110.285	103	1
1527857959.626367000	110.437	389	1
1527857959.626429000	110.437	268	1
1527857959.642725000	110.453	87	0
1527857960.155417000	110.966	258	0
1527857960.155535000	110.966	148	0
1527857960.158030000	110.968	106	1
1527857960.160047000	110.97	92	0
1527857960.160206000	110.971	335	0
1527857960.163084000	110.973	103	1
1527857960.245720000	111.056	394	1
1527857960.245816000	111.056	273	1
1527857960.262277000	111.073	87	0
1527857960.395692000	111.206	301	0
1527857960.395831000	111.206	148	0
1527857960.399034000	111.209	106	1
1527857960.400663000	111.211	92	0
1527857960.400838000	111.211	178	0
1527857960.403026000	111.213	103	1
1527857960.469265000	111.28	388	1
1527857960.469342000	111.28	268	1
1527857960.484943000	111.295	87	0
1527857960.619090000	111.429	235	0
1527857960.619223000	111.43	148	0
1527857960.622121000	111.432	106	1
1527857960.626866000	111.437	92	0
1527857960.627016000	111.437	94	0
1527857960.630115000	111.44	103	1
1527857960.717615000	111.528	390	1
1527857960.717705000	111.528	264	1
1527857960.734060000	111.544	87	0
1527857960.869140000	111.68	235	0
1527857960.869265000	111.68	148	0
1527857960.872060000	111.682	106	1
1527857960.873206000	111.684	92	0
1527857960.873596000	111.684	167	0
1527857960.876117000	111.686	103	1
1527857960.938324000	111.749	390	1
1527857960.938415000	111.749	259	1
1527857960.954465000	111.765	87	0
1527857961.091841000	111.902	267	0
1527857961.091958000	111.902	148	0
1527857961.095152000	111.906	106	1
1527857961.096101000	111.906	92	0
1527857961.096601000	111.907	274	0
1527857961.099129000	111.909	103	1
1527857961.250369000	112.061	516	1
1527857961.250454000	112.061	263	1
1527857961.266037000	112.076	87	0
1527857961.460958000	112.271	256	0
1527857961.461082000	112.271	148	0
1527857961.464088000	112.274	106	1
1527857961.466089000	112.276	92	0
1527857961.466237000	112.277	243	0
1527857961.469111000	112.279	103	1
1527857961.668458000	112.479	391	1
1527857961.668555000	112.479	269	1
1527857961.684683000	112.495	87	0
1527857961.886368000	112.697	236	0
1527857961.886519000	112.697	148	0
1527857961.889117000	112.699	106	1
1527857961.889757000	112.7	92	0
1527857961.889910000	112.7	105	0
1527857961.892202000	112.703	103	1
1527857962.142754000	112.953	874	1
1527857962.142844000	112.953	267	1
1527857962.160680000	112.971	87	0
1527857962.667342000	113.478	298	0
1527857962.667486000	113.478	148	0
1527857962.670157000	113.481	106	1
1527857962.671051000	113.481	92	0
1527857962.671680000	113.482	315	0
1527857962.674233000	113.485	103	1
1527857962.798643000	113.609	985	1
1527857962.798704000	113.609	270	1
1527857962.826260000	113.637	985	1
1527857962.827204000	113.638	87	0
1527857962.842200000	113.653	87	0
1527857962.965201000	113.776	258	0
1527857962.965428000	113.776	158	0
1527857962.965591000	113.776	133	0
1527857962.968256000	113.779	112	1
1527857963.260894000	114.071	389	1
1527857963.260982000	114.071	263	1
1527857963.276956000	114.087	87	0
1527857963.656355000	114.467	259	0
1527857963.656478000	114.467	148	0
1527857963.659224000	114.47	106	1
1527857963.660545000	114.471	92	0
1527857963.660972000	114.471	94	0
1527857963.663223000	114.474	103	1
1527857963.673619000	114.484	394	1
1527857963.673713000	114.484	268	1
1527857963.689971000	114.5	87	0
1527857964.200727000	115.011	381	0
1527857964.200866000	115.011	148	0
1527857964.203235000	115.014	106	1
1527857964.205252000	115.016	92	0
1527857964.205679000	115.016	175	0
1527857964.208317000	115.019	103	1
1527857964.217184000	115.028	392	1
1527857964.217308000	115.028	261	1
1527857964.233413000	115.044	87	0
1527857964.365184000	115.176	233	0
1527857964.365346000	115.176	148	0
1527857964.368271000	115.179	106	1
1527857964.369128000	115.179	92	0
1527857964.369590000	115.18	237	0
1527857964.372343000	115.183	103	1
1527857964.433051000	115.243	393	1
1527857964.433137000	115.243	264	1
1527857964.449338000	115.26	87	0
1527857964.585858000	115.396	235	0
1527857964.585978000	115.396	148	0
1527857964.588344000	115.399	106	1
1527857964.589671000	115.4	92	0
1527857964.589821000	115.4	265	0
1527857964.592363000	115.403	103	1
1527857964.644556000	115.455	392	1
1527857964.644653000	115.455	260	1
1527857964.660987000	115.471	87	0
1527857964.796440000	115.607	233	0
1527857964.796569000	115.607	148	0
1527857964.799266000	115.61	106	1
1527857964.800172000	115.611	92	0
1527857964.800343000	115.611	230	0
1527857964.803316000	115.614	103	1
1527857964.888259000	115.699	388	1
1527857964.888344000	115.699	267	1
1527857964.904293000	115.715	87	0
1527857965.043894000	115.854	233	0
1527857965.044520000	115.855	148	0
1527857965.046304000	115.857	106	1
1527857965.048355000	115.859	92	0
1527857965.049437000	115.86	315	0
1527857965.051322000	115.862	103	1
1527857965.116653000	115.927	389	1
1527857965.116744000	115.927	263	1
1527857965.132089000	115.942	87	0
1527857965.264685000	116.075	258	0
1527857965.264798000	116.075	148	0
1527857965.267406000	116.078	106	1
1527857965.268342000	116.079	92	0
1527857965.268487000	116.079	159	0
1527857965.271372000	116.082	103	1
1527857965.350647000	116.161	516	1
