1528162323.314308000	0	295	1
1528162323.343640000	0.0293322	87	0
1528162323.735813000	0.421505	301	0
1528162323.737411000	0.423103	1412	0
1528162323.739119000	0.424811	1412	0
1528162323.739760000	0.425452	107	1
1528162323.740728000	0.42642	1412	0
1528162323.742309000	0.428001	180	0
1528162323.743892000	0.429584	1412	0
1528162323.744737000	0.430429	104	1
1528162323.745463000	0.431155	1412	0
1528162323.747106000	0.432798	1412	0
1528162323.748721000	0.434413	188	0
1528162323.748786000	0.434478	101	1
1528162323.750339000	0.436031	1412	0
1528162323.751897000	0.437589	1412	0
1528162323.752738000	0.43843	104	1
1528162323.753519000	0.439211	1311	0
1528162323.755113000	0.440805	1412	0
1528162323.756706000	0.442398	1412	0
1528162323.757761000	0.443453	104	1
1528162323.758293000	0.443985	1412	0
1528162323.759964000	0.445656	1298	0
1528162323.761736000	0.447428	101	1
1528162323.764533000	0.450225	1412	0
1528162323.766128000	0.45182	1412	0
1528162323.767725000	0.453417	1412	0
1528162323.768739000	0.454431	104	1
1528162323.769511000	0.455203	1412	0
1528162323.771108000	0.4568	1412	0
1528162323.772701000	0.458393	1412	0
1528162323.772714000	0.458406	101	1
1528162323.774292000	0.459984	1412	0
1528162323.775827000	0.461519	1412	0
1528162323.776737000	0.462429	104	1
1528162323.777435000	0.463127	1412	0
1528162323.779111000	0.464803	1412	0
1528162323.780700000	0.466392	1412	0
1528162323.780719000	0.466411	101	1
1528162323.782291000	0.467983	1412	0
1528162323.783834000	0.469526	1412	0
1528162323.784736000	0.470428	104	1
1528162323.785426000	0.471118	1412	0
1528162323.787000000	0.472692	1412	0
1528162323.788645000	0.474337	1412	0
1528162323.788742000	0.474434	101	1
1528162323.790238000	0.47593	1412	0
1528162323.791823000	0.477515	1412	0
1528162323.793414000	0.479106	1412	0
1528162323.794998000	0.48069	1412	0
1528162323.796595000	0.482287	1412	0
1528162323.798178000	0.48387	1412	0
1528162323.798799000	0.484491	104	1
1528162323.799817000	0.485509	1412	0
1528162323.801405000	0.487097	1309	0
1528162323.810752000	0.496444	113	1
1528162324.270408000	0.9561	1366	1
1528162324.270488000	0.95618	1412	1
1528162324.270510000	0.956202	826	1
1528162324.274178000	0.95987	217	1
1528162324.290181000	0.975873	87	0
1528162324.293791000	0.979483	87	0
1528162324.382773000	1.06846	257	0
1528162324.384398000	1.07009	1412	0
1528162324.385997000	1.07169	1412	0
1528162324.387603000	1.0733	1412	0
1528162324.389234000	1.07493	186	0
1528162324.390868000	1.07656	1412	0
1528162324.392470000	1.07816	1412	0
1528162324.394070000	1.07976	1065	0
1528162324.396561000	1.08225	92	0
1528162324.398534000	1.08423	290	0
1528162324.496718000	1.18241	257	0
1528162324.598534000	1.28423	373	0
1528162324.603029000	1.28872	80	0
1528162324.700713000	1.3864	1412	0
1528162324.901406000	1.5871	1412	0
1528162324.903052000	1.58874	1412	0
1528162325.285797000	1.97149	131	1
1528162325.289879000	1.97557	113	1
1528162325.696535000	2.38223	216	1
1528162325.715082000	2.40077	87	0
1528162326.020358000	2.70605	423	0
1528162326.022029000	2.70772	1114	0
1528162326.023593000	2.70929	92	0
1528162326.024145000	2.70984	107	1
1528162326.025183000	2.71088	141	0
1528162326.028852000	2.71454	98	1
1528162326.254164000	2.93986	242	1
1528162326.254241000	2.93993	144	1
1528162326.265584000	2.95128	155	1
1528162326.265657000	2.95135	190	1
1528162326.273244000	2.95894	87	0
1528162326.284113000	2.96981	87	0
1528162326.290661000	2.97635	87	0
1528162326.327523000	3.01322	1412	0
1528162326.329236000	3.01493	1412	0
1528162326.330847000	3.01654	1412	0
1528162326.330978000	3.01667	110	1
1528162326.332406000	3.0181	656	0
1528162326.333979000	3.01967	92	0
1528162326.334875000	3.02057	104	1
1528162326.335566000	3.02126	311	0
1528162326.338945000	3.02464	98	1
1528162326.378383000	3.06407	646	0
1528162326.379943000	3.06563	92	0
1528162326.381543000	3.06723	186	0
1528162326.383946000	3.06964	104	1
1528162327.115771000	3.80146	231	1
1528162327.132500000	3.81819	1412	1
1528162327.132564000	3.81826	1412	1
1528162327.132596000	3.81829	295	1
1528162327.132642000	3.81833	844	1
1528162327.134731000	3.82042	87	0
1528162327.152699000	3.83839	87	0
1528162327.175739000	3.86143	485	0
1528162327.177339000	3.86303	329	0
1528162327.179982000	3.86567	107	1
1528162327.213196000	3.89889	236	0
1528162327.214798000	3.90049	1412	0
1528162327.216374000	3.90207	995	0
1528162327.216913000	3.90261	104	1
1528162327.217961000	3.90365	92	0
1528162327.219614000	3.90531	161	0
1528162327.221972000	3.90766	101	1
1528162327.913859000	4.59955	772	1
1528162327.914011000	4.5997	1412	1
1528162327.914049000	4.59974	1412	1
1528162327.914079000	4.59977	1412	1
1528162327.914116000	4.59981	1412	1
1528162327.914143000	4.59984	1412	1
1528162327.914182000	4.59987	1412	1
1528162327.914217000	4.59991	1412	1
1528162327.914253000	4.59995	1412	1
1528162327.914276000	4.59997	1412	1
1528162327.914322000	4.60001	1412	1
1528162327.914359000	4.60005	1412	1
1528162327.914393000	4.60009	1412	1
1528162327.914422000	4.60011	1194	1
1528162327.932385000	4.61808	87	0
1528162327.933965000	4.61966	100	0
1528162327.937303000	4.623	87	0
1528162327.937969000	4.62366	104	1
1528162328.251123000	4.93682	395	0
1528162328.253832000	4.93952	80	0
1528162328.259517000	4.94521	101	1
1528162329.421207000	6.1069	331	1
1528162329.421307000	6.107	1412	1
1528162329.421345000	6.10704	916	1
1528162329.425502000	6.11119	223	1
1528162329.425592000	6.11128	1412	1
1528162329.425616000	6.11131	1412	1
1528162329.425637000	6.11133	677	1
1528162329.439112000	6.1248	101	1
1528162329.441247000	6.12694	87	0
1528162329.444883000	6.13058	251	1
1528162329.445882000	6.13157	87	0
1528162329.455838000	6.14153	94	0
1528162329.457773000	6.14347	87	0
1528162329.459609000	6.1453	107	1
1528162329.464439000	6.15013	87	0
1528162329.617281000	6.30297	397	0
1528162329.621443000	6.30714	80	0
1528162329.621650000	6.30734	104	1
1528162329.632449000	6.31814	530	0
1528162329.634032000	6.31972	304	0
1528162329.635177000	6.32087	118	1
1528162329.635611000	6.3213	108	0
1528162329.637839000	6.32353	266	1
1528162329.654213000	6.33991	87	0
1528162330.023098000	6.70879	1012	0
1528162330.024696000	6.71039	1412	0
1528162330.026278000	6.71197	1412	0
1528162330.027711000	6.7134	104	1
1528162330.027865000	6.71356	1412	0
1528162330.029537000	6.71523	180	0
1528162330.031160000	6.71685	1412	0
1528162330.031637000	6.71733	107	1
1528162330.032745000	6.71844	1353	0
1528162330.034358000	6.72005	1412	0
1528162330.035927000	6.72162	1412	0
1528162330.036620000	6.72231	104	1
1528162330.037511000	6.7232	1412	0
1528162330.039128000	6.72482	188	0
1528162330.040738000	6.72643	1215	0
1528162330.041624000	6.72732	104	1
1528162330.042328000	6.72802	1412	0
1528162330.043922000	6.72961	1412	0
1528162330.045511000	6.7312	1412	0
1528162330.045712000	6.7314	98	1
1528162330.047096000	6.73279	1412	0
1528162330.048728000	6.73442	837	0
1528162330.050333000	6.73603	1412	0
1528162330.051659000	6.73735	107	1
1528162330.051924000	6.73762	1412	0
1528162330.053525000	6.73922	1412	0
1528162330.055105000	6.7408	894	0
1528162330.055644000	6.74134	107	1
1528162330.056703000	6.7424	1412	0
1528162330.058341000	6.74403	1412	0
1528162330.059928000	6.74562	1412	0
1528162330.060624000	6.74632	104	1
1528162330.061511000	6.7472	1086	0
1528162330.063114000	6.74881	1412	0
1528162330.064701000	6.75039	1412	0
1528162330.066291000	6.75198	1412	0
1528162330.066831000	6.75252	98	1
1528162330.067885000	6.75358	1412	0
1528162330.069500000	6.75519	295	0
1528162330.070629000	6.75632	110	1
1528162330.071113000	6.75681	1412	0
1528162330.072715000	6.75841	1412	0
1528162330.074298000	6.75999	1412	0
1528162330.074620000	6.76031	104	1
1528162330.075882000	6.76157	1304	0
1528162330.077477000	6.76317	1412	0
1528162330.079109000	6.7648	1412	0
1528162330.079676000	6.76537	104	1
1528162330.080699000	6.76639	1412	0
1528162330.082283000	6.76798	1079	0
1528162330.083880000	6.76957	1412	0
1528162330.084647000	6.77034	104	1
1528162330.085470000	6.77116	1277	0
1528162330.087070000	6.77276	1412	0
1528162330.088710000	6.7744	1412	0
1528162330.089756000	6.77545	104	1
1528162330.090295000	6.77599	1412	0
1528162330.091886000	6.77758	1412	0
1528162330.093467000	6.77916	1061	0
1528162330.094115000	6.77981	104	1
1528162331.397354000	8.08305	311	1
1528162331.397438000	8.08313	144	1
1528162331.418528000	8.10422	87	0
1528162331.480843000	8.16654	1412	0
1528162331.482423000	8.16812	1412	0
1528162331.484011000	8.1697	1412	0
1528162331.484701000	8.17039	107	1
1528162331.485574000	8.17127	597	0
1528162331.487148000	8.17284	92	0
1528162331.488683000	8.17438	101	1
1528162331.488857000	8.17455	248	0
1528162331.492681000	8.17837	98	1
1528162332.443607000	9.1293	381	1
1528162332.443687000	9.12938	294	1
1528162332.446377000	9.13207	305	1
1528162332.446464000	9.13216	1412	1
1528162332.446490000	9.13218	1412	1
1528162332.446529000	9.13222	889	1
1528162332.462437000	9.14813	87	0
1528162332.469112000	9.1548	87	0
1528162332.493284000	9.17898	401	1
1528162332.530898000	9.21659	87	0
1528162332.567607000	9.2533	404	0
1528162332.571878000	9.25757	101	1
1528162332.574320000	9.26001	80	0
1528162332.577776000	9.26347	98	1
1528162332.588639000	9.27433	280	0
1528162332.590246000	9.27594	1400	0
1528162332.591876000	9.27757	513	0
1528162332.592769000	9.27846	104	1
1528162332.593485000	9.27918	592	0
1528162332.595081000	9.28077	635	0
1528162332.596668000	9.28236	467	0
1528162332.596843000	9.28254	104	1
1528162332.598316000	9.28401	707	0
1528162332.599896000	9.28559	484	0
1528162332.601491000	9.28718	835	0
1528162332.601878000	9.28757	104	1
1528162332.603078000	9.28877	649	0
1528162332.604673000	9.29036	519	0
1528162332.606261000	9.29195	439	0
1528162332.606766000	9.29246	104	1
1528162332.607854000	9.29355	701	0
1528162332.609493000	9.29519	616	0
1528162332.611079000	9.29677	558	0
1528162332.611751000	9.29744	104	1
1528162332.612670000	9.29836	654	0
1528162332.614253000	9.29995	583	0
1528162332.615844000	9.30154	689	0
1528162332.616766000	9.30246	104	1
1528162332.619170000	9.30486	277	0
1528162332.620754000	9.30645	103	0
1528162332.622337000	9.30803	92	0
1528162332.622760000	9.30845	104	1
1528162332.623960000	9.30965	286	0
1528162332.625542000	9.31123	107	0
1528162332.627764000	9.31346	101	1
1528162332.808505000	9.4942	1412	1
1528162332.808557000	9.49425	1412	1
1528162332.808578000	9.49427	295	1
1528162332.808639000	9.49433	843	1
1528162332.829827000	9.51552	87	0
1528162332.850462000	9.53615	486	0
1528162332.852033000	9.53772	115	0
1528162332.854832000	9.54052	104	1
1528162333.410084000	10.0958	1003	1
1528162333.410165000	10.0959	94	1
1528162333.432710000	10.1184	87	0
1528162333.696285000	10.382	259	0
1528162333.697866000	10.3836	365	0
1528162333.699512000	10.3852	97	0
1528162333.700003000	10.3857	107	1
1528162334.479481000	11.1652	476	1
1528162334.479567000	11.1653	109	1
1528162334.481752000	11.1674	478	1
1528162334.481790000	11.1675	87	1
1528162334.482019000	11.1677	305	1
1528162334.498582000	11.1843	87	0
1528162334.505575000	11.1913	87	0
1528162334.602043000	11.2877	362	0
1528162334.603618000	11.2893	151	0
1528162334.605919000	11.2916	107	1
1528162334.606249000	11.2919	92	0
1528162334.607853000	11.2935	269	0
1528162334.609904000	11.2956	101	1
1528162334.625554000	11.3112	256	0
1528162334.627132000	11.3128	103	0
1528162334.628778000	11.3145	102	0
1528162334.630365000	11.3161	219	0
1528162334.636939000	11.3226	107	1
1528162334.780529000	11.4662	258	0
1528162334.782102000	11.4678	140	0
1528162334.785641000	11.4713	92	0
1528162334.787236000	11.4729	321	0
1528162334.818910000	11.5046	107	1
1528162334.834371000	11.5201	258	0
1528162334.838001000	11.5237	98	1
1528162334.964051000	11.6497	395	1
1528162334.964144000	11.6498	262	1
1528162334.982634000	11.6683	87	0
1528162335.382398000	12.0681	306	1
1528162335.382513000	12.0682	1412	1
1528162335.382537000	12.0682	1412	1
1528162335.382576000	12.0683	1412	1
1528162335.382604000	12.0683	1412	1
1528162335.382641000	12.0683	1412	1
1528162335.382670000	12.0684	1412	1
1528162335.382707000	12.0684	1412	1
1528162335.382760000	12.0685	1412	1
1528162335.382782000	12.0685	1412	1
1528162335.382804000	12.0685	1412	1
1528162335.382850000	12.0685	1412	1
1528162335.382890000	12.0686	1412	1
1528162335.382929000	12.0686	1412	1
1528162335.382981000	12.0687	1412	1
1528162335.383004000	12.0687	1412	1
1528162335.383038000	12.0687	1412	1
1528162335.384934000	12.0706	1412	1
1528162335.384964000	12.0707	1412	1
1528162335.384986000	12.0707	1412	1
1528162335.385027000	12.0707	1412	1
1528162335.385064000	12.0708	1412	1
1528162335.385097000	12.0708	1412	1
1528162335.385132000	12.0708	1412	1
1528162335.386923000	12.0726	1412	1
1528162335.386945000	12.0726	1412	1
1528162335.386968000	12.0727	1412	1
1528162335.387008000	12.0727	1412	1
1528162335.387053000	12.0727	1412	1
1528162335.387074000	12.0728	1412	1
1528162335.387096000	12.0728	1412	1
1528162335.388936000	12.0746	1412	1
1528162335.388975000	12.0747	1412	1
1528162335.389004000	12.0747	1412	1
1528162335.389039000	12.0747	643	1
1528162335.400895000	12.0866	87	0
1528162335.405306000	12.091	87	0
1528162335.406892000	12.0926	87	0
1528162335.409813000	12.0955	87	0
1528162335.685251000	12.3709	278	0
1528162335.686835000	12.3725	146	0
1528162335.689043000	12.3747	116	1
1528162335.690290000	12.376	92	0
1528162335.691837000	12.3775	196	0
1528162335.693950000	12.3796	101	1
1528162335.717521000	12.4032	408	0
1528162335.720984000	12.4067	98	1
1528162335.723842000	12.4095	80	0
1528162335.727969000	12.4137	98	1
1528162335.736427000	12.4221	364	1
1528162335.738487000	12.4242	298	1
1528162335.755432000	12.4411	87	0
1528162335.762880000	12.4486	326	1
1528162335.762974000	12.4487	302	1
1528162335.781820000	12.4675	87	0
1528162335.784649000	12.4703	394	1
1528162335.803415000	12.4891	87	0
1528162335.866102000	12.5518	281	0
1528162335.867733000	12.5534	118	0
1528162335.869386000	12.5551	240	0
1528162335.870124000	12.5558	107	1
1528162335.870999000	12.5567	279	0
1528162335.872582000	12.5583	92	0
1528162335.874173000	12.5599	302	0
1528162335.874950000	12.5606	104	1
1528162335.875749000	12.5614	92	0
1528162335.877343000	12.563	232	0
1528162335.878961000	12.5647	101	1
1528162336.002034000	12.6877	565	0
1528162336.003621000	12.6893	804	0
1528162336.005876000	12.6916	92	0
1528162336.006047000	12.6917	104	1
1528162336.007489000	12.6932	252	0
1528162336.010993000	12.6967	98	1
1528162336.053112000	12.7388	289	0
1528162336.054721000	12.7404	146	0
1528162336.057020000	12.7427	101	1
1528162336.057219000	12.7429	92	0
1528162336.058888000	12.7446	334	0
1528162336.060994000	12.7467	101	1
1528162339.503265000	16.189	393	1
1528162339.503331000	16.189	255	1
1528162339.524350000	16.21	87	0
1528162339.536206000	16.2219	87	0
1528162339.656354000	16.342	255	0
1528162339.657945000	16.3436	146	0
1528162339.659973000	16.3457	107	1
1528162339.660547000	16.3462	92	0
1528162339.662162000	16.3479	149	0
1528162339.664066000	16.3498	101	1
1528162339.719914000	16.4056	392	1
1528162339.720006000	16.4057	257	1
1528162339.758093000	16.4438	392	1
1528162339.764812000	16.4505	87	0
1528162339.776781000	16.4625	87	0
1528162339.875857000	16.5615	279	0
1528162339.877432000	16.5631	146	0
1528162339.879867000	16.5656	92	0
1528162339.880071000	16.5658	110	1
1528162339.881488000	16.5672	316	0
1528162339.884959000	16.5707	98	1
1528162339.983785000	16.6695	394	1
1528162339.983844000	16.6695	256	1
1528162340.003288000	16.689	87	0
1528162340.115181000	16.8009	339	0
1528162340.116751000	16.8024	146	0
1528162340.119008000	16.8047	104	1
1528162340.125751000	16.8114	92	0
1528162340.127326000	16.813	140	0
1528162340.129013000	16.8147	101	1
1528162340.232478000	16.9182	1001	1
1528162340.232569000	16.9183	259	1
1528162340.251611000	16.9373	87	0
1528162340.403181000	17.0889	259	0
1528162340.404784000	17.0905	146	0
1528162340.406533000	17.0922	92	0
1528162340.407098000	17.0928	107	1
1528162340.408187000	17.0939	155	0
1528162340.412086000	17.0978	98	1
1528162340.679051000	17.3647	911	1
1528162340.679128000	17.3648	260	1
1528162340.697745000	17.3834	87	0
1528162340.969762000	17.6555	258	0
1528162340.971390000	17.6571	146	0
1528162340.973790000	17.6595	92	0
1528162340.974036000	17.6597	107	1
1528162340.975421000	17.6611	158	0
1528162340.979052000	17.6647	98	1
1528162341.121689000	17.8074	472	1
1528162341.121786000	17.8075	264	1
1528162341.146586000	17.8323	87	0
1528162341.279662000	17.9654	275	0
1528162341.281226000	17.9669	146	0
1528162341.283710000	17.9694	92	0
1528162341.285063000	17.9708	107	1
1528162341.285319000	17.971	195	0
1528162341.289184000	17.9749	98	1
1528162341.570240000	18.2559	390	1
1528162341.570325000	18.256	260	1
1528162341.589094000	18.2748	87	0
1528162341.858108000	18.5438	255	0
1528162341.859744000	18.5454	148	0
1528162341.861676000	18.5474	92	0
1528162341.862158000	18.5479	107	1
1528162341.863273000	18.549	285	0
1528162341.867091000	18.5528	98	1
1528162342.039768000	18.7255	388	1
1528162342.039843000	18.7255	257	1
1528162342.057810000	18.7435	87	0
1528162342.331458000	19.0172	233	0
1528162342.332962000	19.0187	148	0
1528162342.334540000	19.0202	92	0
1528162342.335110000	19.0208	107	1
1528162342.375377000	19.0611	314	0
1528162342.379136000	19.0648	98	1
1528162342.459550000	19.1452	390	1
1528162342.459643000	19.1453	264	1
1528162342.484375000	19.1701	100	0
1528162342.488235000	19.1739	98	1
1528162342.491830000	19.1775	87	0
1528162342.599774000	19.2855	231	0
1528162342.601366000	19.2871	148	0
1528162342.603168000	19.2889	104	1
1528162342.605715000	19.2914	92	0
1528162342.607388000	19.2931	114	0
1528162342.609235000	19.2949	101	1
1528162342.639433000	19.3251	92	0
1528162342.643165000	19.3289	98	1
1528162342.689179000	19.3749	388	1
1528162342.689269000	19.375	256	1
1528162342.713601000	19.3993	87	0
1528162342.995211000	19.6809	305	0
1528162342.996781000	19.6825	148	0
1528162342.999136000	19.6848	92	0
1528162342.999190000	19.6849	104	1
1528162343.000751000	19.6864	167	0
1528162343.003208000	19.6889	101	1
1528162343.101743000	19.7874	390	1
1528162343.101836000	19.7875	260	1
1528162343.122276000	19.808	87	0
1528162343.385427000	20.0711	232	0
1528162343.387013000	20.0727	148	0
1528162343.389197000	20.0749	104	1
1528162343.389459000	20.0752	92	0
1528162343.391050000	20.0767	268	0
1528162343.393178000	20.0789	101	1
1528162343.533998000	20.2197	393	1
1528162343.534089000	20.2198	428	1
1528162343.552992000	20.2387	87	0
1528162343.813764000	20.4995	258	0
1528162343.815274000	20.501	148	0
1528162343.816885000	20.5026	92	0
1528162343.817278000	20.503	107	1
1528162343.818612000	20.5043	232	0
1528162343.822264000	20.508	98	1
1528162344.062539000	20.7482	394	1
1528162344.062633000	20.7483	248	1
1528162344.081374000	20.7671	87	0
1528162344.202828000	20.8885	235	0
1528162344.204400000	20.8901	148	0
1528162344.206233000	20.8919	104	1
1528162344.206584000	20.8923	92	0
1528162344.208173000	20.8939	91	0
1528162344.210232000	20.8959	101	1
1528162346.105093000	22.7908	373	1
1528162346.105184000	22.7909	1412	1
1528162346.105211000	22.7909	1412	1
1528162346.105253000	22.7909	1412	1
1528162346.105295000	22.791	160	1
1528162346.122855000	22.8085	87	0
1528162346.227209000	22.9129	413	0
1528162346.231584000	22.9173	101	1
1528162346.234188000	22.9199	80	0
1528162346.237592000	22.9233	98	1
1528162346.307411000	22.9931	394	1
1528162346.307473000	22.9932	253	1
1528162346.326803000	23.0125	87	0
1528162346.605650000	23.2913	278	0
1528162346.607225000	23.2929	148	0
1528162346.609559000	23.2953	104	1
1528162346.609702000	23.2954	92	0
1528162346.611290000	23.297	315	0
1528162346.613531000	23.2992	101	1
1528162346.772192000	23.4579	1002	1
1528162346.772258000	23.458	256	1
1528162346.791337000	23.477	87	0
1528162347.075350000	23.761	279	0
1528162347.076901000	23.7626	148	0
1528162347.078576000	23.7643	92	0
1528162347.079655000	23.7653	107	1
1528162347.080171000	23.7659	199	0
1528162347.083645000	23.7693	98	1
1528162347.880688000	24.5664	905	1
1528162347.880746000	24.5664	253	1
1528162347.899484000	24.5852	87	0
1528162348.160823000	24.8465	389	0
1528162348.162454000	24.8481	148	0
1528162348.164169000	24.8499	92	0
1528162348.165092000	24.8508	107	1
1528162348.165853000	24.8515	172	0
1528162348.170106000	24.8558	98	1
1528162348.336286000	25.022	473	1
1528162348.336373000	25.0221	254	1
1528162348.356740000	25.0424	87	0
1528162348.681246000	25.3669	233	0
1528162348.682811000	25.3685	148	0
1528162348.685118000	25.3708	104	1
1528162348.690725000	25.3764	92	0
1528162348.692384000	25.3781	275	0
1528162348.694124000	25.3798	101	1
1528162349.456497000	26.1422	389	1
1528162349.456562000	26.1423	253	1
1528162349.475630000	26.1613	87	0
1528162349.737937000	26.4236	300	0
1528162349.739628000	26.4253	148	0
1528162349.741313000	26.427	92	0
1528162349.741774000	26.4275	107	1
1528162349.742898000	26.4286	164	0
1528162349.746789000	26.4325	98	1
1528162349.903847000	26.5895	390	1
1528162349.903917000	26.5896	254	1
1528162349.923436000	26.6091	87	0
1528162350.037105000	26.7228	233	0
1528162350.038754000	26.7244	148	0
1528162350.040778000	26.7265	104	1
1528162350.042172000	26.7279	92	0
1528162350.043771000	26.7295	137	0
1528162350.045715000	26.7314	101	1
1528162350.331177000	27.0169	390	1
1528162350.331238000	27.0169	254	1
1528162350.351308000	27.037	87	0
1528162350.463800000	27.1495	233	0
1528162350.465406000	27.1511	148	0
1528162350.467783000	27.1535	92	0
1528162350.467869000	27.1536	104	1
1528162350.469503000	27.1552	175	0
1528162350.471811000	27.1575	101	1
1528162350.767075000	27.4528	390	1
1528162350.767163000	27.4529	256	1
1528162350.785592000	27.4713	87	0
1528162350.892880000	27.5786	256	0
1528162350.894509000	27.5802	148	0
1528162350.896838000	27.5825	104	1
1528162350.898814000	27.5845	92	0
1528162350.900378000	27.5861	331	0
1528162350.902847000	27.5885	101	1
1528162351.203141000	27.8888	390	1
1528162351.203205000	27.8889	254	1
1528162351.223369000	27.9091	87	0
1528162351.343766000	28.0295	282	0
1528162351.345343000	28.031	148	0
1528162351.347786000	28.0335	92	0
1528162351.347835000	28.0335	104	1
1528162351.349498000	28.0352	183	0
1528162351.351851000	28.0375	101	1
1528162351.620043000	28.3057	392	1
1528162351.620099000	28.3058	257	1
1528162351.640363000	28.3261	87	0
1528162351.901989000	28.5877	258	0
1528162351.903620000	28.5893	148	0
1528162351.905846000	28.5915	104	1
1528162351.907022000	28.5927	92	0
1528162351.908682000	28.5944	160	0
1528162351.910816000	28.5965	101	1
1528162352.026085000	28.7118	390	1
1528162352.026148000	28.7118	253	1
1528162352.054822000	28.7405	87	0
1528162352.337873000	29.0236	233	0
1528162352.339611000	29.0253	148	0
1528162352.341916000	29.0276	104	1
1528162352.343819000	29.0295	92	0
1528162352.345575000	29.0313	334	0
1528162352.347883000	29.0336	101	1
1528162352.473285000	29.159	389	1
1528162352.473345000	29.159	257	1
1528162352.493486000	29.1792	87	0
1528162352.610212000	29.2959	232	0
1528162352.611804000	29.2975	148	0
1528162352.613876000	29.2996	104	1
1528162352.615538000	29.3012	92	0
1528162352.617137000	29.3028	169	0
1528162352.618868000	29.3046	101	1
1528162352.894693000	29.5804	389	1
1528162352.894778000	29.5805	254	1
1528162352.913382000	29.5991	87	0
1528162353.183318000	29.869	256	0
1528162353.184839000	29.8705	148	0
1528162353.186935000	29.8726	104	1
1528162353.187828000	29.8735	92	0
1528162353.189532000	29.8752	192	0
1528162353.191933000	29.8776	101	1
1528162353.237380000	29.9231	390	1
1528162353.237478000	29.9232	254	1
1528162353.258747000	29.9444	87	0
1528162353.369426000	30.0551	235	0
1528162353.371005000	30.0567	148	0
1528162353.372917000	30.0586	104	1
1528162353.373642000	30.0593	92	0
1528162353.375350000	30.061	202	0
1528162353.376923000	30.0626	101	1
1528162353.568393000	30.2541	1002	1
1528162353.568469000	30.2542	308	1
1528162353.588914000	30.2746	87	0
1528162353.717750000	30.4034	302	0
1528162353.719391000	30.4051	148	0
1528162353.721788000	30.4075	92	0
1528162353.722041000	30.4077	107	1
1528162353.723405000	30.4091	201	0
1528162353.726987000	30.4127	98	1
1528162353.830182000	30.5159	906	1
1528162353.830247000	30.5159	308	1
1528162353.867039000	30.5527	906	1
1528162353.882475000	30.5682	87	0
1528162353.887384000	30.5731	87	0
1528162354.035825000	30.7215	255	0
1528162354.037412000	30.7231	148	0
1528162354.039278000	30.725	92	0
1528162354.040025000	30.7257	110	1
1528162354.040985000	30.7267	313	0
1528162354.045021000	30.7307	98	1
1528162354.300353000	30.986	470	1
1528162354.300498000	30.9862	428	1
1528162354.319180000	31.0049	87	0
1528162354.431199000	31.1169	233	0
1528162354.432833000	31.1185	148	0
1528162354.435046000	31.1207	104	1
1528162354.436613000	31.1223	92	0
1528162354.438111000	31.1238	99	0
1528162354.439998000	31.1257	101	1
1528162354.625122000	31.3108	392	1
1528162354.625217000	31.3109	248	1
1528162354.651502000	31.3372	87	0
1528162354.654848000	31.3405	87	0
1528162354.927050000	31.6127	386	0
1528162354.928685000	31.6144	148	0
1528162354.930576000	31.6163	92	0
1528162354.931074000	31.6168	110	1
1528162354.932198000	31.6179	187	0
1528162354.936072000	31.6218	98	1
1528162355.386576000	32.0723	394	1
1528162355.386690000	32.0724	256	1
1528162355.405912000	32.0916	87	0
1528162355.530217000	32.2159	235	0
1528162355.531797000	32.2175	148	0
1528162355.533713000	32.2194	92	0
1528162355.534048000	32.2197	107	1
1528162355.535306000	32.221	226	0
1528162355.539055000	32.2247	98	1
1528162355.754503000	32.4402	395	1
1528162355.754593000	32.4403	254	1
1528162355.774049000	32.4597	87	0
1528162355.892115000	32.5778	298	0
1528162355.893713000	32.5794	148	0
1528162355.895630000	32.5813	92	0
1528162355.896152000	32.5818	107	1
1528162355.897290000	32.583	325	0
1528162355.901103000	32.5868	98	1
1528162356.079444000	32.7651	390	1
1528162356.079582000	32.7653	254	1
1528162356.099104000	32.7848	87	0
1528162356.244451000	32.9301	233	0
1528162356.246030000	32.9317	148	0
1528162356.248152000	32.9338	104	1
1528162356.248687000	32.9344	92	0
1528162356.250284000	32.936	251	0
1528162356.252160000	32.9379	101	1
1528162356.604985000	33.2907	390	1
1528162356.605079000	33.2908	256	1
1528162356.625196000	33.3109	87	0
1528162356.758598000	33.4443	258	0
1528162356.760146000	33.4458	148	0
1528162356.762196000	33.4479	104	1
1528162356.762658000	33.4484	92	0
1528162356.764257000	33.4499	238	0
1528162356.766164000	33.4519	101	1
1528162356.890549000	33.5762	391	1
1528162356.890638000	33.5763	256	1
1528162356.909581000	33.5953	87	0
1528162357.034738000	33.7204	232	0
1528162357.036312000	33.722	148	0
1528162357.038137000	33.7238	104	1
1528162357.038690000	33.7244	92	0
1528162357.040277000	33.726	259	0
1528162357.042128000	33.7278	101	1
1528162357.236552000	33.9222	393	1
1528162357.236638000	33.9223	253	1
1528162357.255600000	33.9413	87	0
1528162357.367301000	34.053	282	0
1528162357.368904000	34.0546	148	0
1528162357.371201000	34.0569	104	1
1528162357.371778000	34.0575	92	0
1528162357.373370000	34.0591	267	0
1528162357.375315000	34.061	101	1
1528162357.649418000	34.3351	389	1
1528162357.649490000	34.3352	253	1
1528162357.681194000	34.3669	87	0
1528162357.843385000	34.5291	256	0
1528162357.844971000	34.5307	148	0
1528162357.847236000	34.5329	104	1
1528162357.847963000	34.5337	92	0
1528162357.849662000	34.5354	178	0
1528162357.852241000	34.5379	101	1
1528162358.513163000	35.1989	390	1
1528162358.513258000	35.199	256	1
1528162358.532269000	35.218	87	0
1528162358.538324000	35.224	87	0
1528162358.809327000	35.495	258	0
1528162358.810870000	35.4966	148	0
1528162358.813055000	35.4987	92	0
1528162358.813682000	35.4994	110	1
1528162358.814656000	35.5003	125	0
1528162358.818685000	35.5044	98	1
1528162358.911807000	35.5975	999	1
1528162358.911892000	35.5976	253	1
1528162358.930489000	35.6162	87	0
1528162359.197405000	35.8831	233	0
1528162359.199047000	35.8847	148	0
1528162359.201595000	35.8873	92	0
1528162359.201718000	35.8874	104	1
1528162359.203210000	35.8889	123	0
1528162359.205724000	35.8914	101	1
1528162359.380103000	36.0658	910	1
1528162359.380192000	36.0659	255	1
1528162359.399499000	36.0852	87	0
1528162359.408484000	36.0942	87	0
1528162359.507737000	36.1934	231	0
1528162359.509445000	36.1951	148	0
1528162359.511750000	36.1974	107	1
1528162359.512044000	36.1977	92	0
1528162359.513643000	36.1993	151	0
1528162359.515733000	36.2014	101	1
1528162359.735098000	36.4208	468	1
1528162359.735155000	36.4208	257	1
1528162359.758515000	36.4442	87	0
1528162359.762710000	36.4484	87	0
1528162359.864107000	36.5498	255	0
1528162359.865695000	36.5514	148	0
1528162359.867739000	36.5534	107	1
1528162359.868358000	36.554	92	0
1528162359.869912000	36.5556	126	0
1528162359.871744000	36.5574	101	1
1528162360.090076000	36.7758	389	1
1528162360.090166000	36.7759	254	1
1528162360.109202000	36.7949	87	0
1528162360.229629000	36.9153	281	0
1528162360.231280000	36.917	148	0
1528162360.233554000	36.9192	92	0
1528162360.233785000	36.9195	107	1
1528162360.235225000	36.9209	153	0
1528162360.238759000	36.9245	98	1
1528162360.528672000	37.2144	394	1
1528162360.528781000	37.2145	256	1
1528162360.558554000	37.2442	87	0
1528162360.649688000	37.3354	256	0
1528162360.651270000	37.337	148	0
1528162360.653291000	37.339	92	0
1528162360.653801000	37.3395	107	1
1528162360.654848000	37.3405	124	0
1528162360.658722000	37.3444	98	1
1528162360.853968000	37.5397	394	1
1528162360.854025000	37.5397	254	1
1528162360.872665000	37.5584	87	0
1528162360.882311000	37.568	87	0
1528162360.983277000	37.669	256	0
1528162360.984793000	37.6705	148	0
1528162360.986837000	37.6725	107	1
1528162360.987082000	37.6728	92	0
1528162360.988782000	37.6745	183	0
1528162360.990840000	37.6765	101	1
1528162361.308288000	37.994	393	1
1528162361.308364000	37.9941	258	1
1528162361.329359000	38.0151	87	0
1528162361.452433000	38.1381	363	0
1528162361.453934000	38.1396	148	0
1528162361.455516000	38.1412	92	0
1528162361.456766000	38.1425	107	1
1528162361.457127000	38.1428	137	0
1528162361.460768000	38.1465	98	1
1528162361.666169000	38.3519	389	1
1528162361.666229000	38.3519	255	1
1528162361.685133000	38.3708	87	0
1528162361.800815000	38.4865	258	0
1528162361.802428000	38.4881	148	0
1528162361.804840000	38.4905	104	1
1528162361.804934000	38.4906	92	0
1528162361.806644000	38.4923	320	0
1528162361.808789000	38.4945	101	1
1528162362.049343000	38.735	391	1
1528162362.049409000	38.7351	255	1
1528162362.069121000	38.7548	87	0
1528162362.194494000	38.8802	275	0
1528162362.196076000	38.8818	148	0
1528162362.198838000	38.8845	104	1
1528162362.199375000	38.8851	92	0
1528162362.200973000	38.8867	226	0
1528162362.202814000	38.8885	101	1
1528162362.433086000	39.1188	390	1
1528162362.433170000	39.1189	257	1
1528162362.450822000	39.1365	87	0
1528162362.566596000	39.2523	233	0
1528162362.568241000	39.2539	148	0
1528162362.570850000	39.2565	104	1
1528162362.571081000	39.2568	92	0
1528162362.572752000	39.2584	300	0
1528162362.574840000	39.2605	101	1
1528162362.871082000	39.5568	390	1
1528162362.871145000	39.5568	254	1
1528162362.889346000	39.575	87	0
1528162363.164163000	39.8499	258	0
1528162363.165746000	39.8514	148	0
1528162363.167414000	39.8531	92	0
1528162363.167889000	39.8536	107	1
1528162363.169079000	39.8548	111	0
1528162363.172909000	39.8586	98	1
1528162363.326254000	40.0119	391	1
1528162363.326336000	40.012	258	1
1528162363.346598000	40.0323	87	0
1528162363.618021000	40.3037	233	0
1528162363.619663000	40.3054	148	0
1528162363.621937000	40.3076	104	1
1528162363.623197000	40.3089	92	0
1528162363.624792000	40.3105	298	0
1528162363.626935000	40.3126	101	1
1528162363.718234000	40.4039	998	1
1528162363.718323000	40.404	255	1
1528162363.738180000	40.4239	87	0
1528162364.020130000	40.7058	308	0
1528162364.021769000	40.7075	148	0
1528162364.023341000	40.709	92	0
1528162364.023996000	40.7097	107	1
1528162364.024964000	40.7107	129	0
1528162364.029070000	40.7148	98	1
1528162364.269385000	40.9551	908	1
1528162364.269475000	40.9552	256	1
1528162364.289646000	40.9753	87	0
1528162364.301265000	40.987	87	0
1528162364.526827000	41.2125	235	0
1528162364.528528000	41.2142	148	0
1528162364.530760000	41.2165	92	0
1528162364.531008000	41.2167	110	1
1528162364.532373000	41.2181	165	0
1528162364.536034000	41.2217	98	1
1528162365.381270000	42.067	470	1
1528162365.381401000	42.0671	257	1
1528162365.400176000	42.0859	87	0
1528162365.535338000	42.221	258	0
1528162365.536889000	42.2226	148	0
1528162365.538565000	42.2243	92	0
1528162365.539076000	42.2248	107	1
1528162365.540181000	42.2259	145	0
1528162365.544064000	42.2298	98	1
1528162365.767467000	42.4532	395	1
1528162365.767528000	42.4532	255	1
1528162365.786567000	42.4723	87	0
1528162365.793041000	42.4787	87	0
1528162365.930557000	42.6162	258	0
1528162365.932073000	42.6178	148	0
1528162365.934088000	42.6198	107	1
1528162365.934370000	42.6201	92	0
1528162365.935967000	42.6217	155	0
1528162365.938105000	42.6238	101	1
1528162366.083153000	42.7688	394	1
1528162366.083239000	42.7689	256	1
1528162366.102771000	42.7885	87	0
1528162366.235066000	42.9208	233	0
1528162366.236664000	42.9224	148	0
1528162366.239026000	42.9247	104	1
1528162366.240368000	42.9261	92	0
1528162366.241961000	42.9277	168	0
1528162366.244101000	42.9298	101	1
1528162366.526819000	43.2125	389	1
1528162366.526877000	43.2126	256	1
1528162366.551040000	43.2367	87	0
1528162366.555000000	43.2407	87	0
1528162366.682103000	43.3678	232	0
1528162366.683702000	43.3694	148	0
1528162366.685672000	43.3714	92	0
1528162366.686133000	43.3718	110	1
1528162366.687218000	43.3729	299	0
1528162366.691142000	43.3768	98	1
1528162366.905617000	43.5913	389	1
1528162366.905781000	43.5915	255	1
1528162366.924077000	43.6098	87	0
1528162367.049123000	43.7348	302	0
1528162367.050710000	43.7364	148	0
1528162367.052290000	43.738	92	0
1528162367.053153000	43.7388	107	1
1528162367.053850000	43.7395	174	0
1528162367.057159000	43.7429	98	1
1528162367.343555000	44.0292	394	1
1528162367.343614000	44.0293	254	1
1528162367.362892000	44.0486	87	0
1528162367.521810000	44.2075	256	0
1528162367.523451000	44.2091	148	0
1528162367.526180000	44.2119	104	1
1528162367.526559000	44.2123	92	0
1528162367.528141000	44.2138	98	0
1528162367.530183000	44.2159	101	1
1528162367.805927000	44.4916	389	1
1528162367.806016000	44.4917	255	1
1528162367.826975000	44.5127	87	0
1528162367.834772000	44.5205	87	0
1528162367.975330000	44.661	256	0
1528162367.976859000	44.6626	148	0
1528162367.979208000	44.6649	107	1
1528162367.980060000	44.6658	92	0
1528162367.981656000	44.6673	319	0
1528162367.984209000	44.6699	101	1
1528162368.021341000	44.707	389	1
1528162368.021405000	44.7071	254	1
1528162368.040426000	44.7261	87	0
1528162368.309060000	44.9948	363	0
1528162368.310695000	44.9964	148	0
1528162368.312807000	44.9985	92	0
1528162368.313220000	44.9989	107	1
1528162368.316013000	45.0017	168	0
1528162368.320229000	45.0059	98	1
1528162368.473201000	45.1589	393	1
1528162368.473260000	45.159	258	1
1528162368.492384000	45.1781	87	0
1528162368.613349000	45.299	235	0
1528162368.614932000	45.3006	148	0
1528162368.617158000	45.3029	104	1
1528162368.617243000	45.3029	92	0
1528162368.618900000	45.3046	114	0
1528162368.622155000	45.3078	101	1
1528162368.887685000	45.5734	390	1
1528162368.887755000	45.5734	254	1
1528162368.914454000	45.6001	87	0
1528162369.065627000	45.7513	301	0
1528162369.067194000	45.7529	148	0
1528162369.069261000	45.755	104	1
1528162369.069541000	45.7552	92	0
1528162369.071147000	45.7568	287	0
1528162369.073338000	45.759	101	1
1528162369.142172000	45.8279	1001	1
1528162369.142264000	45.828	257	1
1528162369.161518000	45.8472	87	0
1528162369.179689000	45.8654	87	0
1528162369.277594000	45.9633	231	0
1528162369.279415000	45.9651	148	0
1528162369.281207000	45.9669	107	1
1528162369.281431000	45.9671	92	0
1528162369.283070000	45.9688	317	0
1528162369.285282000	45.971	101	1
1528162369.526754000	46.2124	904	1
1528162369.526817000	46.2125	255	1
1528162369.547190000	46.2329	87	0
1528162369.653721000	46.3394	235	0
1528162369.655266000	46.341	148	0
1528162369.656965000	46.3427	92	0
1528162369.657226000	46.3429	107	1
1528162369.658760000	46.3445	109	0
1528162369.662300000	46.348	98	1
1528162369.912964000	46.5987	468	1
1528162369.913059000	46.5988	255	1
1528162369.932120000	46.6178	87	0
1528162370.197499000	46.8832	256	0
1528162370.199137000	46.8848	148	0
1528162370.201323000	46.887	104	1
1528162370.202498000	46.8882	92	0
1528162370.204101000	46.8898	329	0
1528162370.206259000	46.892	101	1
1528162370.319396000	47.0051	390	1
1528162370.319463000	47.0052	254	1
1528162370.337464000	47.0232	87	0
1528162370.451607000	47.1373	282	0
1528162370.453195000	47.1389	148	0
1528162370.455336000	47.141	104	1
1528162370.456804000	47.1425	92	0
1528162370.458404000	47.1441	188	0
1528162370.460341000	47.146	101	1
1528162370.581505000	47.2672	390	1
1528162370.581570000	47.2673	256	1
1528162370.600376000	47.2861	87	0
1528162370.610223000	47.2959	87	0
1528162370.721986000	47.4077	256	0
1528162370.723563000	47.4093	148	0
1528162370.726314000	47.412	92	0
1528162370.726363000	47.4121	107	1
1528162370.730348000	47.416	98	1
1528162370.732269000	47.418	159	0
1528162370.736365000	47.4221	98	1
1528162370.994753000	47.6804	393	1
1528162370.994845000	47.6805	256	1
1528162371.014671000	47.7004	87	0
1528162371.152233000	47.8379	233	0
1528162371.153809000	47.8395	148	0
1528162371.155801000	47.8415	92	0
1528162371.156379000	47.8421	107	1
1528162371.157355000	47.843	139	0
1528162371.161386000	47.8471	98	1
1528162371.464730000	48.1504	394	1
1528162371.464790000	48.1505	255	1
1528162371.484284000	48.17	87	0
1528162371.747335000	48.433	258	0
1528162371.748966000	48.4347	148	0
1528162371.751385000	48.4371	92	0
1528162371.751484000	48.4372	104	1
1528162371.753012000	48.4387	245	0
1528162371.755442000	48.4411	101	1
1528162371.909498000	48.5952	394	1
1528162371.909561000	48.5953	257	1
1528162371.929034000	48.6147	87	0
1528162372.192139000	48.8778	235	0
1528162372.193714000	48.8794	148	0
1528162372.196431000	48.8821	104	1
1528162372.197315000	48.883	92	0
1528162372.198967000	48.8847	148	0
1528162372.201448000	48.8871	101	1
1528162372.365967000	49.0517	390	1
1528162372.366057000	49.0517	258	1
1528162372.386332000	49.072	87	0
1528162372.508260000	49.194	233	0
1528162372.509908000	49.1956	148	0
1528162372.512279000	49.198	92	0
1528162372.512408000	49.1981	104	1
1528162372.513890000	49.1996	245	0
1528162372.516410000	49.2021	101	1
1528162372.705292000	49.391	390	1
1528162372.705388000	49.3911	255	1
1528162372.726141000	49.4118	87	0
1528162372.843100000	49.5288	302	0
1528162372.844694000	49.5304	148	0
1528162372.847492000	49.5332	104	1
1528162372.848419000	49.5341	92	0
1528162372.850018000	49.5357	317	0
1528162372.852484000	49.5382	101	1
1528162373.080870000	49.7666	389	1
1528162373.080930000	49.7666	255	1
1528162373.100727000	49.7864	87	0
1528162373.372091000	50.0578	256	0
1528162373.373667000	50.0594	148	0
1528162373.375432000	50.0611	104	1
1528162373.376424000	50.0621	92	0
1528162373.378069000	50.0638	143	0
1528162373.380441000	50.0661	101	1
1528162373.386438000	50.0721	390	1
1528162373.386514000	50.0722	257	1
1528162373.405822000	50.0915	87	0
1528162373.510489000	50.1962	235	0
1528162373.512112000	50.1978	148	0
1528162373.514449000	50.2001	104	1
1528162373.515144000	50.2008	92	0
1528162373.516741000	50.2024	320	0
1528162373.518503000	50.2042	101	1
1528162373.722825000	50.4085	1003	1
1528162373.722898000	50.4086	254	1
1528162373.742758000	50.4285	87	0
1528162373.746484000	50.4322	87	0
1528162374.019038000	50.7047	386	0
1528162374.020590000	50.7063	148	0
1528162374.022493000	50.7082	107	1
1528162374.023863000	50.7096	92	0
1528162374.025556000	50.7112	126	0
1528162374.027481000	50.7132	101	1
1528162374.135916000	50.8216	906	1
1528162374.135980000	50.8217	255	1
1528162374.154679000	50.8404	87	0
1528162374.276405000	50.9621	233	0
1528162374.280499000	50.9662	101	1
1528162374.284310000	50.97	158	0
1528162374.288475000	50.9742	98	1
1528162374.291752000	50.9774	187	0
1528162374.295567000	50.9813	98	1
1528162374.393837000	51.0795	467	1
1528162374.393929000	51.0796	256	1
1528162374.414534000	51.1002	87	0
1528162374.536265000	51.222	278	0
1528162374.537816000	51.2235	148	0
1528162374.540303000	51.226	92	0
1528162374.540567000	51.2263	107	1
1528162374.541893000	51.2276	326	0
1528162374.545513000	51.2312	98	1
1528162374.653485000	51.3392	391	1
1528162374.653548000	51.3392	255	1
1528162374.673323000	51.359	87	0
1528162374.802930000	51.4886	258	0
1528162374.804512000	51.4902	148	0
1528162374.806519000	51.4922	104	1
1528162374.807674000	51.4934	92	0
1528162374.809329000	51.495	176	0
1528162374.811525000	51.4972	101	1
1528162375.010808000	51.6965	390	1
1528162375.010872000	51.6966	254	1
1528162375.029806000	51.7155	87	0
1528162375.144757000	51.8304	235	0
1528162375.146347000	51.832	148	0
1528162375.148597000	51.8343	104	1
1528162375.149574000	51.8353	92	0
1528162375.151184000	51.8369	135	0
1528162375.153682000	51.8394	101	1
1528162375.454195000	52.1399	390	1
1528162375.454256000	52.1399	257	1
1528162375.474181000	52.1599	87	0
1528162375.610291000	52.296	235	0
1528162375.611867000	52.2976	148	0
1528162375.614569000	52.3003	104	1
1528162375.616670000	52.3024	92	0
1528162375.618332000	52.304	253	0
1528162375.620552000	52.3062	101	1
1528162375.732370000	52.4181	391	1
1528162375.732455000	52.4181	254	1
1528162375.751152000	52.4368	87	0
1528162375.875091000	52.5608	307	0
1528162375.876619000	52.5623	148	0
1528162375.878481000	52.5642	92	0
1528162375.878730000	52.5644	107	1
1528162375.880094000	52.5658	157	0
1528162375.883637000	52.5693	98	1
1528162375.963904000	52.6496	391	1
1528162375.963967000	52.6497	254	1
1528162375.985064000	52.6708	87	0
1528162376.261511000	52.9472	233	0
1528162376.263092000	52.9488	148	0
1528162376.265326000	52.951	92	0
1528162376.265591000	52.9513	107	1
1528162376.266906000	52.9526	251	0
1528162376.270664000	52.9564	98	1
1528162376.396870000	53.0826	393	1
1528162376.396956000	53.0826	312	1
1528162376.426326000	53.112	87	0
1528162376.432535000	53.1182	87	0
1528162376.532658000	53.2184	235	0
1528162376.534290000	53.22	148	0
1528162376.536663000	53.2224	107	1
1528162376.538054000	53.2237	92	0
1528162376.539770000	53.2255	220	0
1528162376.541611000	53.2273	101	1
1528162380.841806000	57.5275	372	1
1528162380.841888000	57.5276	1412	1
1528162380.841912000	57.5276	1412	1
1528162380.841934000	57.5276	1412	1
1528162380.841972000	57.5277	160	1
1528162380.861378000	57.5471	87	0
1528162380.966349000	57.652	411	0
1528162380.970139000	57.6558	101	1
1528162380.973463000	57.6592	80	0
1528162380.977095000	57.6628	98	1
1528162381.042441000	57.7281	393	1
1528162381.042501000	57.7282	255	1
1528162381.063110000	57.7488	87	0
1528162381.192496000	57.8782	233	0
1528162381.194065000	57.8798	148	0
1528162381.196148000	57.8818	104	1
1528162381.197115000	57.8828	92	0
1528162381.198769000	57.8845	113	0
1528162381.201152000	57.8868	101	1
1528162381.309385000	57.9951	392	1
1528162381.309475000	57.9952	257	1
1528162381.328627000	58.0143	87	0
1528162381.472751000	58.1584	279	0
1528162381.474620000	58.1603	158	0
1528162381.476145000	58.1618	275	0
1528162381.476184000	58.1619	104	1
1528162381.480143000	58.1658	98	1
1528162381.827446000	58.5131	1003	1
1528162381.827510000	58.5132	256	1
1528162381.846045000	58.5317	87	0
1528162381.957817000	58.6435	282	0
1528162381.959554000	58.6452	148	0
1528162381.961144000	58.6468	92	0
1528162381.962190000	58.6479	107	1
1528162381.962730000	58.6484	143	0
1528162381.966203000	58.6519	98	1
1528162382.237596000	58.9233	907	1
1528162382.237680000	58.9234	256	1
1528162382.257080000	58.9428	87	0
1528162382.386648000	59.0723	232	0
1528162382.388325000	59.074	148	0
1528162382.390163000	59.0759	104	1
1528162382.390653000	59.0763	92	0
1528162382.392255000	59.0779	163	0
1528162382.394288000	59.08	101	1
1528162382.588453000	59.2741	466	1
1528162382.588576000	59.2743	257	1
1528162382.607806000	59.2935	87	0
1528162382.714451000	59.4001	385	0
1528162382.716022000	59.4017	148	0
1528162382.717809000	59.4035	92	0
1528162382.718237000	59.4039	107	1
1528162382.719491000	59.4052	234	0
1528162382.723226000	59.4089	98	1
1528162382.891287000	59.577	393	1
1528162382.891351000	59.577	254	1
1528162382.910809000	59.5965	87	0
1528162383.017879000	59.7036	232	0
1528162383.019597000	59.7053	148	0
1528162383.022111000	59.7078	92	0
1528162383.022226000	59.7079	104	1
1528162383.023720000	59.7094	93	0
1528162383.026200000	59.7119	101	1
1528162383.197654000	59.8833	389	1
1528162383.197744000	59.8834	255	1
1528162383.216818000	59.9025	87	0
1528162383.338781000	60.0245	277	0
1528162383.340372000	60.0261	148	0
1528162383.342263000	60.028	104	1
1528162383.344747000	60.0304	92	0
1528162383.346469000	60.0322	205	0
1528162383.348252000	60.0339	101	1
1528162383.667298000	60.353	390	1
1528162383.667361000	60.3531	256	1
1528162383.687054000	60.3727	87	0
1528162383.691428000	60.3771	87	0
1528162383.856966000	60.5427	256	0
1528162383.858613000	60.5443	148	0
1528162383.860269000	60.546	92	0
1528162383.861324000	60.547	110	1
1528162383.861905000	60.5476	325	0
1528162383.865309000	60.551	98	1
1528162384.579297000	61.265	390	1
1528162384.579365000	61.2651	254	1
1528162384.604057000	61.2897	87	0
1528162384.914395000	61.6001	255	0
1528162384.915959000	61.6017	148	0
1528162384.917905000	61.6036	104	1
1528162384.918138000	61.6038	92	0
1528162384.919731000	61.6054	120	0
1528162384.921923000	61.6076	101	1
1528162385.046040000	61.7317	389	1
1528162385.046134000	61.7318	256	1
1528162385.065228000	61.7509	87	0
1528162385.219190000	61.9049	256	0
1528162385.220784000	61.9065	148	0
1528162385.222360000	61.9081	92	0
1528162385.222931000	61.9086	107	1
1528162385.223973000	61.9097	265	0
1528162385.227934000	61.9136	98	1
1528162385.517339000	62.203	390	1
1528162385.517426000	62.2031	256	1
1528162385.535456000	62.2211	87	0
1528162385.555331000	62.241	87	0
1528162385.863262000	62.549	281	0
1528162385.864814000	62.5505	148	0
1528162385.866853000	62.5525	92	0
1528162385.866980000	62.5527	107	1
1528162385.868575000	62.5543	130	0
1528162385.871015000	62.5567	101	1
1528162386.046384000	62.7321	389	1
1528162386.046475000	62.7322	256	1
1528162386.065199000	62.7509	87	0
1528162386.179794000	62.8655	235	0
1528162386.181385000	62.8671	148	0
1528162386.183958000	62.8697	104	1
1528162386.184075000	62.8698	92	0
1528162386.185670000	62.8714	307	0
1528162386.187984000	62.8737	101	1
1528162386.496396000	63.1821	395	1
1528162386.496484000	63.1822	436	1
1528162386.517568000	63.2033	87	0
1528162386.820390000	63.5061	258	0
1528162386.822037000	63.5077	148	0
1528162386.824089000	63.5098	104	1
1528162386.826021000	63.5117	92	0
1528162386.827623000	63.5133	276	0
1528162386.829996000	63.5157	101	1
1528162386.945239000	63.6309	395	1
1528162386.945322000	63.631	251	1
1528162386.963334000	63.649	87	0
1528162387.276262000	63.962	233	0
1528162387.277820000	63.9635	148	0
1528162387.280643000	63.9663	92	0
1528162387.281516000	63.9672	104	1
1528162387.282259000	63.968	123	0
1528162387.285042000	63.9707	101	1
1528162387.356519000	64.0422	1002	1
1528162387.356584000	64.0423	257	1
1528162387.375905000	64.0616	87	0
1528162387.806570000	64.4923	255	0
1528162387.808258000	64.494	148	0
1528162387.810077000	64.4958	104	1
1528162387.813475000	64.4992	92	0
1528162387.815114000	64.5008	243	0
1528162387.817048000	64.5027	101	1
1528162387.827486000	64.5132	909	1
1528162387.827555000	64.5132	260	1
1528162387.855575000	64.5413	87	0
1528162388.223643000	64.9093	279	0
1528162388.225227000	64.9109	148	0
1528162388.227159000	64.9129	104	1
1528162388.227472000	64.9132	92	0
1528162388.229113000	64.9148	264	0
1528162388.231141000	64.9168	101	1
1528162388.354316000	65.04	467	1
1528162388.354410000	65.0401	257	1
1528162388.372745000	65.0584	87	0
1528162388.527896000	65.2136	258	0
1528162388.529570000	65.2153	148	0
1528162388.531554000	65.2172	92	0
1528162388.532161000	65.2179	107	1
1528162388.533129000	65.2188	138	0
1528162388.537187000	65.2229	98	1
1528162388.849667000	65.5354	373	1
1528162388.849765000	65.5355	1412	1
1528162388.849806000	65.5355	1412	1
1528162388.849860000	65.5356	1412	1
1528162388.849884000	65.5356	1276	1
1528162388.870104000	65.5558	87	0
1528162389.199405000	65.8851	411	0
1528162389.203211000	65.8889	101	1
1528162389.205429000	65.8911	80	0
1528162389.209213000	65.8949	98	1
1528162389.295744000	65.9814	390	1
1528162389.295841000	65.9815	257	1
1528162389.314186000	65.9999	87	0
1528162389.440906000	66.1266	365	0
1528162389.442518000	66.1282	148	0
1528162389.444184000	66.1299	92	0
1528162389.445223000	66.1309	107	1
1528162389.445822000	66.1315	186	0
1528162389.449148000	66.1348	98	1
1528162389.595514000	66.2812	391	1
1528162389.595578000	66.2813	257	1
1528162389.615138000	66.3008	87	0
1528162390.062749000	66.7484	301	0
1528162390.064307000	66.75	148	0
1528162390.065910000	66.7516	92	0
1528162390.066188000	66.7519	107	1
1528162390.067530000	66.7532	171	0
1528162390.071209000	66.7569	98	1
1528162390.267621000	66.9533	395	1
1528162390.267682000	66.9534	261	1
1528162390.285833000	66.9715	87	0
1528162390.821747000	67.5074	254	0
1528162390.823373000	67.5091	148	0
1528162390.824915000	67.5106	92	0
1528162390.825293000	67.511	107	1
1528162390.826543000	67.5122	204	0
1528162390.830282000	67.516	98	1
1528162390.960775000	67.6465	391	1
1528162390.960870000	67.6466	259	1
1528162390.979787000	67.6655	87	0
1528162391.307485000	67.9932	233	0
1528162391.309135000	67.9948	148	0
1528162391.310712000	67.9964	92	0
1528162391.311381000	67.9971	107	1
1528162391.312290000	67.998	248	0
1528162391.316334000	68.002	98	1
1528162391.428369000	68.1141	393	1
1528162391.428455000	68.1141	258	1
1528162391.446556000	68.1322	87	0
1528162391.761832000	68.4475	281	0
1528162391.763452000	68.4491	148	0
1528162391.765197000	68.4509	92	0
1528162391.765487000	68.4512	107	1
1528162391.766813000	68.4525	193	0
1528162391.770341000	68.456	98	1
1528162391.956897000	68.6426	390	1
1528162391.956962000	68.6427	260	1
1528162391.975707000	68.6614	87	0
1528162392.082985000	68.7687	259	0
1528162392.084571000	68.7703	148	0
1528162392.086335000	68.772	92	0
1528162392.087359000	68.7731	107	1
1528162392.088011000	68.7737	288	0
1528162392.091357000	68.777	98	1
1528162392.373286000	69.059	372	1
1528162392.373379000	69.0591	1412	1
1528162392.373416000	69.0591	1412	1
1528162392.373442000	69.0591	1053	1
1528162392.393010000	69.0787	87	0
1528162392.402811000	69.0885	87	0
1528162392.466568000	69.1523	340	1
1528162392.466629000	69.1523	258	1
1528162392.484490000	69.1702	87	0
1528162392.492351000	69.178	374	0
1528162392.496411000	69.1821	101	1
1528162392.496986000	69.1827	80	0
1528162392.500378000	69.1861	98	1
1528162392.655381000	69.3411	246	0
1528162392.656983000	69.3427	148	0
1528162392.658964000	69.3447	92	0
1528162392.659416000	69.3451	104	1
1528162392.660584000	69.3463	241	0
1528162392.664414000	69.3501	98	1
1528162392.746753000	69.4324	1003	1
1528162392.746813000	69.4325	257	1
1528162392.765296000	69.451	87	0
1528162392.895587000	69.5813	256	0
1528162392.897176000	69.5829	148	0
1528162392.899346000	69.585	92	0
1528162392.899366000	69.5851	104	1
1528162392.900962000	69.5867	277	0
1528162392.903361000	69.5891	101	1
1528162393.107131000	69.7928	910	1
1528162393.107203000	69.7929	256	1
1528162393.136895000	69.8226	87	0
1528162393.257400000	69.9431	279	0
1528162393.259012000	69.9447	148	0
1528162393.261376000	69.9471	104	1
1528162393.262245000	69.9479	92	0
1528162393.263857000	69.9495	103	0
1528162393.266376000	69.9521	101	1
1528162393.318533000	70.0042	466	1
1528162393.318600000	70.0043	257	1
1528162393.338408000	70.0241	87	0
1528162393.714356000	70.4	279	0
1528162393.715876000	70.4016	148	0
1528162393.718461000	70.4042	104	1
1528162393.718726000	70.4044	92	0
1528162393.720327000	70.406	281	0
1528162393.722455000	70.4081	101	1
1528162393.816964000	70.5027	394	1
1528162393.817055000	70.5027	260	1
1528162393.834972000	70.5207	87	0
1528162393.951646000	70.6373	233	0
1528162393.953237000	70.6389	148	0
1528162393.955453000	70.6411	92	0
1528162393.955487000	70.6412	104	1
1528162393.957131000	70.6428	213	0
1528162393.959377000	70.6451	101	1
1528162394.206899000	70.8926	389	1
1528162394.206965000	70.8927	257	1
1528162394.225617000	70.9113	87	0
1528162394.358979000	71.0447	235	0
1528162394.360625000	71.0463	148	0
1528162394.362495000	71.0482	104	1
1528162394.363010000	71.0487	92	0
1528162394.364650000	71.0503	108	0
1528162394.366549000	71.0522	101	1
1528162394.536864000	71.2226	390	1
1528162394.536925000	71.2226	257	1
1528162394.555915000	71.2416	87	0
1528162394.660813000	71.3465	235	0
1528162394.662388000	71.3481	148	0
1528162394.664459000	71.3502	104	1
1528162394.665519000	71.3512	92	0
1528162394.667102000	71.3528	112	0
1528162394.669519000	71.3552	101	1
1528162394.996812000	71.6825	391	1
1528162394.996893000	71.6826	260	1
1528162395.017222000	71.7029	87	0
1528162395.313303000	71.999	386	0
1528162395.314888000	72.0006	148	0
1528162395.317491000	72.0032	104	1
1528162395.317593000	72.0033	92	0
1528162395.319260000	72.005	264	0
1528162395.321473000	72.0072	101	1
1528162395.375921000	72.0616	373	1
1528162395.376022000	72.0617	1412	1
1528162395.376059000	72.0618	1412	1
1528162395.376093000	72.0618	1412	1
1528162395.376129000	72.0618	1412	1
1528162395.376165000	72.0619	1412	1
1528162395.376199000	72.0619	1412	1
1528162395.376233000	72.0619	1412	1
1528162395.376255000	72.0619	1412	1
1528162395.376317000	72.062	1412	1
1528162395.376339000	72.062	1412	1
1528162395.376376000	72.0621	1412	1
1528162395.376404000	72.0621	1412	1
1528162395.376443000	72.0621	1412	1
1528162395.376493000	72.0622	663	1
1528162395.392699000	72.0784	100	0
1528162395.394525000	72.0802	87	0
1528162395.396545000	72.0822	101	1
1528162395.439605000	72.1253	323	1
1528162395.439688000	72.1254	260	1
1528162395.457814000	72.1435	87	0
1528162395.468911000	72.1546	87	0
1528162395.525359000	72.2111	415	0
1528162395.529581000	72.2153	104	1
1528162395.531808000	72.2175	80	0
1528162395.535573000	72.2213	98	1
1528162395.724286000	72.41	269	0
1528162395.725812000	72.4115	148	0
1528162395.728603000	72.4143	101	1
1528162395.730036000	72.4157	92	0
1528162395.731562000	72.4173	181	0
1528162395.733507000	72.4192	101	1
1528162396.017371000	72.7031	395	1
1528162396.017463000	72.7032	220	1
1528162396.035450000	72.7211	87	0
1528162396.143822000	72.8295	256	0
1528162396.145398000	72.8311	148	0
1528162396.147637000	72.8333	104	1
1528162396.147840000	72.8335	92	0
1528162396.149564000	72.8353	248	0
1528162396.151526000	72.8372	101	1
1528162396.318078000	73.0038	393	1
1528162396.318174000	73.0039	314	1
1528162396.336875000	73.0226	87	0
1528162396.446483000	73.1322	261	0
1528162396.448117000	73.1338	148	0
1528162396.450617000	73.1363	104	1
1528162396.451486000	73.1372	92	0
1528162396.453290000	73.139	142	0
1528162396.455581000	73.1413	101	1
1528162396.538302000	73.224	391	1
1528162396.538393000	73.2241	314	1
1528162396.560129000	73.2458	87	0
1528162396.675848000	73.3615	235	0
1528162396.677492000	73.3632	148	0
1528162396.679565000	73.3653	104	1
1528162396.681024000	73.3667	92	0
1528162396.682594000	73.3683	239	0
1528162396.684561000	73.3703	101	1
1528162396.757592000	73.4433	395	1
1528162396.757650000	73.4433	252	1
1528162396.780667000	73.4664	87	0
1528162396.783852000	73.4695	87	0
1528162396.894651000	73.5803	258	0
1528162396.896286000	73.582	148	0
1528162396.897809000	73.5835	92	0
1528162396.898641000	73.5843	110	1
1528162396.899541000	73.5852	86	0
1528162396.903638000	73.5893	98	1
1528162397.327116000	74.0128	1002	1
1528162397.327206000	74.0129	257	1
1528162397.345511000	74.0312	87	0
1528162397.482619000	74.1683	235	0
1528162397.484197000	74.1699	148	0
1528162397.486684000	74.1724	104	1
1528162397.487548000	74.1732	92	0
1528162397.489196000	74.1749	139	0
1528162397.491666000	74.1774	101	1
1528162397.656980000	74.3427	910	1
1528162397.657073000	74.3428	259	1
1528162397.676251000	74.3619	87	0
1528162397.792908000	74.4786	256	0
1528162397.794520000	74.4802	148	0
1528162397.796697000	74.4824	104	1
1528162397.796721000	74.4824	92	0
1528162397.798469000	74.4842	202	0
1528162397.800619000	74.4863	101	1
1528162397.928059000	74.6138	467	1
1528162397.928118000	74.6138	314	1
1528162397.946016000	74.6317	87	0
1528162398.067965000	74.7537	278	0
1528162398.069563000	74.7553	148	0
1528162398.072965000	74.7587	104	1
1528162398.073431000	74.7591	92	0
1528162398.075013000	74.7607	92	0
1528162398.077721000	74.7634	101	1
1528162398.348095000	75.0338	393	1
1528162398.348160000	75.0339	438	1
1528162398.367556000	75.0532	87	0
1528162398.479409000	75.1651	258	0
1528162398.480995000	75.1667	148	0
1528162398.483730000	75.1694	104	1
1528162398.483944000	75.1696	92	0
1528162398.485567000	75.1713	226	0
1528162398.487737000	75.1734	101	1
1528162401.438233000	78.1239	395	1
1528162401.438322000	78.124	376	1
1528162401.457064000	78.1428	87	0
1528162401.569340000	78.255	258	0
1528162401.570928000	78.2566	148	0
1528162401.572567000	78.2583	92	0
1528162401.572845000	78.2585	107	1
1528162401.574227000	78.2599	335	0
1528162401.577869000	78.2636	98	1
1528162401.768469000	78.4542	395	1
1528162401.768528000	78.4542	274	1
1528162401.789407000	78.4751	87	0
1528162401.911415000	78.5971	255	0
1528162401.912990000	78.5987	148	0
1528162401.914874000	78.6006	104	1
1528162401.916245000	78.6019	92	0
1528162401.917810000	78.6035	144	0
1528162401.919860000	78.6056	101	1
1528162402.087918000	78.7736	393	1
1528162402.087977000	78.7737	256	1
1528162402.106391000	78.7921	87	0
1528162402.227790000	78.9135	334	0
1528162402.229440000	78.9151	148	0
1528162402.231675000	78.9174	92	0
1528162402.231897000	78.9176	107	1
1528162402.233269000	78.919	123	0
1528162402.236885000	78.9226	98	1
1528162402.298147000	78.9838	389	1
1528162402.298213000	78.9839	259	1
1528162402.319542000	79.0052	87	0
1528162402.451482000	79.1372	261	0
1528162402.453042000	79.1387	148	0
1528162402.454925000	79.1406	104	1
1528162402.455525000	79.1412	92	0
1528162402.457438000	79.1431	324	0
1528162402.458904000	79.1446	101	1
1528162402.589466000	79.2752	389	1
1528162402.589561000	79.2753	257	1
1528162402.608907000	79.2946	87	0
1528162402.732207000	79.4179	255	0
1528162402.733812000	79.4195	148	0
1528162402.735436000	79.4211	92	0
1528162402.735939000	79.4216	107	1
1528162402.737058000	79.4227	215	0
1528162402.740957000	79.4266	98	1
1528162402.859200000	79.5449	389	1
1528162402.859297000	79.545	257	1
1528162402.878049000	79.5637	87	0
1528162402.986459000	79.6722	277	0
1528162402.988144000	79.6738	148	0
1528162402.989720000	79.6754	92	0
1528162402.989969000	79.6757	107	1
1528162402.991341000	79.677	240	0
1528162402.994957000	79.6806	98	1
1528162403.165786000	79.8515	391	1
1528162403.165859000	79.8516	259	1
1528162403.185293000	79.871	87	0
1528162403.309715000	79.9954	235	0
1528162403.311315000	79.997	148	0
1528162403.314004000	79.9997	92	0
1528162403.314021000	79.9997	104	1
1528162403.315629000	80.0013	161	0
1528162403.317954000	80.0036	101	1
1528162403.508393000	80.1941	390	1
1528162403.508484000	80.1942	257	1
1528162403.530446000	80.2161	87	0
1528162403.651415000	80.3371	258	0
1528162403.652933000	80.3386	148	0
1528162403.654641000	80.3403	92	0
1528162403.654956000	80.3406	107	1
1528162403.656247000	80.3419	196	0
1528162403.659957000	80.3456	98	1
1528162404.028743000	80.7144	1004	1
1528162404.028819000	80.7145	260	1
1528162404.048506000	80.7342	87	0
1528162404.153459000	80.8392	282	0
1528162404.155009000	80.8407	148	0
1528162404.157008000	80.8427	104	1
1528162404.157186000	80.8429	92	0
1528162404.158909000	80.8446	156	0
1528162404.161068000	80.8468	101	1
1528162404.348505000	81.0342	905	1
1528162404.348592000	81.0343	256	1
1528162404.367536000	81.0532	87	0
1528162404.491746000	81.1774	233	0
1528162404.493343000	81.179	148	0
1528162404.496070000	81.1818	104	1
1528162404.497045000	81.1827	92	0
1528162404.498784000	81.1845	337	0
1528162404.501088000	81.1868	101	1
1528162404.758521000	81.4442	470	1
1528162404.758615000	81.4443	258	1
1528162404.777023000	81.4627	87	0
1528162404.914658000	81.6004	256	0
1528162404.916239000	81.6019	148	0
1528162404.918098000	81.6038	104	1
1528162404.920005000	81.6057	92	0
1528162404.924097000	81.6098	98	1
1528162404.959329000	81.645	326	0
1528162404.963091000	81.6488	98	1
1528162405.961717000	82.6474	392	1
1528162405.961803000	82.6475	257	1
1528162405.983396000	82.6691	87	0
1528162406.110829000	82.7965	258	0
1528162406.112399000	82.7981	148	0
1528162406.115164000	82.8009	104	1
1528162406.115592000	82.8013	92	0
1528162406.117134000	82.8028	325	0
1528162406.119152000	82.8048	101	1
1528162406.222532000	82.9082	394	1
1528162406.222593000	82.9083	259	1
1528162406.241572000	82.9273	87	0
1528162406.351113000	83.0368	233	0
1528162406.352617000	83.0383	148	0
1528162406.355124000	83.0408	104	1
1528162406.356168000	83.0419	92	0
1528162406.357765000	83.0435	320	0
1528162406.360101000	83.0458	101	1
1528162406.552534000	83.2382	390	1
1528162406.552625000	83.2383	259	1
1528162406.573995000	83.2597	87	0
1528162406.683811000	83.3695	278	0
1528162406.685326000	83.371	148	0
1528162406.688225000	83.3739	104	1
1528162406.688990000	83.3747	92	0
1528162406.690600000	83.3763	131	0
1528162406.693133000	83.3788	101	1
1528162407.074888000	83.7606	389	1
1528162407.074951000	83.7606	260	1
1528162407.096340000	83.782	87	0
1528162407.196972000	83.8827	279	0
1528162407.198621000	83.8843	148	0
1528162407.201227000	83.8869	104	1
1528162407.201417000	83.8871	92	0
1528162407.203012000	83.8887	129	0
1528162407.205240000	83.8909	101	1
1528162407.443937000	84.1296	390	1
1528162407.443991000	84.1297	259	1
1528162407.462894000	84.1486	87	0
1528162407.589510000	84.2752	233	0
1528162407.591100000	84.2768	148	0
1528162407.593008000	84.2787	92	0
1528162407.593205000	84.2789	107	1
1528162407.594647000	84.2803	226	0
1528162407.598166000	84.2839	98	1
1528162407.748612000	84.4343	390	1
1528162407.748758000	84.4345	257	1
1528162407.769168000	84.4549	87	0
1528162407.878235000	84.5639	256	0
1528162407.879814000	84.5655	148	0
1528162407.882260000	84.568	104	1
1528162407.882296000	84.568	92	0
1528162407.883981000	84.5697	295	0
1528162407.886199000	84.5719	101	1
1528162408.091733000	84.7774	390	1
1528162408.091815000	84.7775	259	1
1528162408.112800000	84.7985	87	0
1528162408.241211000	84.9269	335	0
1528162408.242782000	84.9285	148	0
1528162408.244291000	84.93	92	0
1528162408.245313000	84.931	107	1
1528162408.245970000	84.9317	91	0
1528162408.249296000	84.935	98	1
1528162408.402496000	85.0882	394	1
1528162408.402571000	85.0883	256	1
1528162408.421753000	85.1074	87	0
1528162408.427223000	85.1129	87	0
1528162408.545272000	85.231	261	0
1528162408.546857000	85.2325	148	0
1528162408.549295000	85.235	107	1
1528162408.549321000	85.235	92	0
1528162408.551246000	85.2369	136	0
1528162408.553318000	85.239	101	1
1528162409.371926000	86.0576	390	1
1528162409.372022000	86.0577	259	1
1528162409.400442000	86.0861	87	0
1528162409.517658000	86.2034	256	0
1528162409.519291000	86.205	148	0
1528162409.520889000	86.2066	92	0
1528162409.521364000	86.2071	107	1
1528162409.522546000	86.2082	122	0
1528162409.526306000	86.212	98	1
1528162409.703837000	86.3895	999	1
1528162409.703898000	86.3896	257	1
1528162409.722812000	86.4085	87	0
1528162409.868817000	86.5545	300	0
1528162409.870321000	86.556	148	0
1528162409.872326000	86.558	104	1
1528162409.872683000	86.5584	92	0
1528162409.874294000	86.56	202	0
1528162409.876330000	86.562	101	1
1528162410.063529000	86.7492	907	1
1528162410.063614000	86.7493	256	1
1528162410.093660000	86.7794	87	0
1528162410.194829000	86.8805	258	0
1528162410.196403000	86.8821	148	0
1528162410.198397000	86.8841	104	1
1528162410.198758000	86.8844	92	0
1528162410.200352000	86.886	279	0
1528162410.202397000	86.8881	101	1
1528162410.478575000	87.1643	471	1
1528162410.478641000	87.1643	260	1
1528162410.499359000	87.1851	87	0
1528162410.627374000	87.3131	233	0
1528162410.629013000	87.3147	148	0
1528162410.631504000	87.3172	104	1
1528162410.632375000	87.3181	92	0
1528162410.633974000	87.3197	242	0
1528162410.636419000	87.3221	101	1
1528162410.981718000	87.6674	392	1
1528162410.981795000	87.6675	258	1
1528162411.002496000	87.6882	87	0
1528162411.126545000	87.8122	282	0
1528162411.128116000	87.8138	148	0
1528162411.129812000	87.8155	92	0
1528162411.130451000	87.8161	107	1
1528162411.131418000	87.8171	115	0
1528162411.135449000	87.8211	98	1
1528162411.304715000	87.9904	393	1
1528162411.304794000	87.9905	257	1
1528162411.326582000	88.0123	87	0
1528162411.443495000	88.1292	241	1
1528162411.463555000	88.1492	87	0
1528162411.470716000	88.1564	232	0
1528162411.474451000	88.1601	104	1
1528162411.478632000	88.1643	158	0
1528162411.482464000	88.1682	98	1
1528162411.484708000	88.1704	112	0
1528162411.488411000	88.1741	98	1
1528162411.610321000	88.296	439	0
1528162411.611934000	88.2976	1412	0
1528162411.613518000	88.2992	997	0
1528162411.614418000	88.3001	104	1
1528162411.615119000	88.3008	92	0
1528162411.618430000	88.3041	98	1
1528162411.652733000	88.3384	186	0
1528162411.656440000	88.3421	98	1
1528162411.684988000	88.3707	390	1
1528162411.685056000	88.3707	256	1
1528162411.704176000	88.3899	87	0
1528162411.777320000	88.463	167	1
1528162411.795376000	88.4811	87	0
1528162411.812741000	88.4984	304	0
1528162411.814323000	88.5	148	0
1528162411.815905000	88.5016	92	0
1528162411.816418000	88.5021	110	1
1528162411.817517000	88.5032	203	0
1528162411.821459000	88.5072	98	1
1528162411.897653000	88.5833	266	0
1528162411.899326000	88.585	1412	0
1528162411.900911000	88.5866	1000	0
1528162411.901464000	88.5872	104	1
1528162411.902496000	88.5882	92	0
1528162411.904092000	88.5898	294	0
1528162411.906422000	88.5921	101	1
1528162412.919371000	89.6051	391	1
1528162412.919467000	89.6052	257	1
1528162412.938726000	89.6244	87	0
1528162413.063798000	89.7495	256	0
1528162413.065417000	89.7511	148	0
1528162413.067176000	89.7529	92	0
1528162413.067753000	89.7534	107	1
1528162413.068790000	89.7545	333	0
1528162413.073085000	89.7588	98	1
1528162413.240154000	89.9258	390	1
1528162413.240245000	89.9259	257	1
1528162413.258578000	89.9443	87	0
1528162413.369703000	90.0554	235	0
1528162413.371272000	90.057	148	0
1528162413.373420000	90.0591	92	0
1528162413.373762000	90.0595	107	1
1528162413.375042000	90.0607	138	0
1528162413.378780000	90.0645	98	1
1528162413.570439000	90.2561	393	1
1528162413.570525000	90.2562	259	1
1528162413.589907000	90.2756	87	0
1528162413.717583000	90.4033	358	0
1528162413.719221000	90.4049	148	0
1528162413.720889000	90.4066	92	0
1528162413.721793000	90.4075	107	1
1528162413.722544000	90.4082	269	0
1528162413.726780000	90.4125	98	1
1528162413.893920000	90.5796	393	1
1528162413.893984000	90.5797	256	1
1528162413.924146000	90.6098	87	0
1528162414.032040000	90.7177	261	0
1528162414.033628000	90.7193	148	0
1528162414.035780000	90.7215	92	0
1528162414.035863000	90.7216	104	1
1528162414.037390000	90.7231	192	0
1528162414.039811000	90.7255	101	1
1528162414.360080000	91.0458	389	1
1528162414.360136000	91.0458	257	1
1528162414.379797000	91.0655	87	0
1528162414.385316000	91.071	87	0
1528162414.500089000	91.1858	233	0
1528162414.501682000	91.1874	148	0
1528162414.503648000	91.1893	92	0
1528162414.503868000	91.1896	110	1
1528162414.505241000	91.1909	146	0
1528162414.508848000	91.1945	98	1
1528162414.591024000	91.2767	999	1
1528162414.591085000	91.2768	259	1
1528162414.620758000	91.3065	87	0
1528162414.722737000	91.4084	298	0
1528162414.724292000	91.41	148	0
1528162414.726383000	91.4121	92	0
1528162414.726797000	91.4125	107	1
1528162414.728034000	91.4137	117	0
1528162414.731858000	91.4176	98	1
1528162414.925019000	91.6107	906	1
1528162414.925086000	91.6108	256	1
1528162414.944912000	91.6306	87	0
1528162415.057452000	91.7431	259	0
1528162415.059085000	91.7448	148	0
1528162415.061039000	91.7467	92	0
1528162415.061851000	91.7475	107	1
1528162415.062652000	91.7483	118	0
1528162415.066858000	91.7526	98	1
1528162415.230331000	91.916	468	1
1528162415.230424000	91.9161	257	1
1528162415.249441000	91.9351	87	0
1528162415.377222000	92.0629	233	0
1528162415.378816000	92.0645	148	0
1528162415.380857000	92.0665	104	1
1528162415.381963000	92.0677	92	0
1528162415.383503000	92.0692	90	0
1528162415.385830000	92.0715	101	1
1528162415.760195000	92.4459	394	1
1528162415.760287000	92.446	260	1
1528162415.779084000	92.4648	87	0
1528162415.978025000	92.6637	284	0
1528162415.979598000	92.6653	148	0
1528162415.981879000	92.6676	104	1
1528162415.982883000	92.6686	92	0
1528162415.984535000	92.6702	209	0
1528162415.986851000	92.6725	101	1
1528162416.000689000	92.6864	394	1
1528162416.000773000	92.6865	257	1
1528162416.020156000	92.7058	87	0
1528162416.029076000	92.7148	87	0
1528162416.131986000	92.8177	233	0
1528162416.133596000	92.8193	148	0
1528162416.135542000	92.8212	92	0
1528162416.135880000	92.8216	110	1
1528162416.137158000	92.8228	137	0
1528162416.140865000	92.8266	98	1
1528162416.290306000	92.976	389	1
1528162416.290368000	92.9761	257	1
1528162416.315311000	93.001	87	0
1528162416.411117000	93.0968	233	0
1528162416.412697000	93.0984	148	0
1528162416.414930000	93.1006	104	1
1528162416.415624000	93.1013	92	0
1528162416.417167000	93.1029	274	0
1528162416.418938000	93.1046	101	1
1528162416.792087000	93.4778	392	1
1528162416.792176000	93.4779	314	1
1528162416.810190000	93.4959	87	0
1528162416.926142000	93.6118	256	0
1528162416.927730000	93.6134	148	0
1528162416.929813000	93.6155	92	0
1528162416.930045000	93.6157	107	1
1528162416.931466000	93.6172	244	0
1528162416.934950000	93.6206	98	1
1528162417.031017000	93.7167	390	1
1528162417.031106000	93.7168	314	1
1528162417.049778000	93.7355	87	0
1528162417.168438000	93.8541	236	0
1528162417.170033000	93.8557	148	0
1528162417.171942000	93.8576	104	1
1528162417.172964000	93.8587	92	0
1528162417.174562000	93.8603	186	0
1528162417.176916000	93.8626	101	1
1528162417.250034000	93.9357	392	1
1528162417.250099000	93.9358	314	1
1528162417.268993000	93.9547	87	0
1528162417.385147000	94.0708	282	0
1528162417.386736000	94.0724	148	0
1528162417.388967000	94.0747	104	1
1528162417.388981000	94.0747	92	0
1528162417.390576000	94.0763	339	0
1528162417.392999000	94.0787	101	1
1528162417.470186000	94.1559	391	1
1528162417.470271000	94.156	314	1
1528162417.490897000	94.1766	87	0
1528162417.612650000	94.2983	258	0
1528162417.614230000	94.2999	148	0
1528162417.616982000	94.3027	92	0
1528162417.617041000	94.3027	104	1
1528162417.618695000	94.3044	176	0
1528162417.620928000	94.3066	101	1
1528162417.691128000	94.3768	395	1
1528162417.691225000	94.3769	252	1
1528162417.709649000	94.3953	87	0
1528162417.825847000	94.5115	255	0
1528162417.827484000	94.5132	148	0
1528162417.829813000	94.5155	92	0
1528162417.830062000	94.5158	107	1
1528162417.831436000	94.5171	103	0
1528162417.835046000	94.5207	98	1
1528162418.430738000	95.1164	392	1
1528162418.430798000	95.1165	259	1
1528162418.460543000	95.1462	87	0
1528162418.589285000	95.275	236	0
1528162418.590820000	95.2765	148	0
1528162418.592453000	95.2781	92	0
1528162418.593079000	95.2788	107	1
1528162418.594045000	95.2797	210	0
1528162418.598000000	95.2837	98	1
1528162419.870922000	96.5566	1000	1
1528162419.870999000	96.5567	257	1
1528162419.897987000	96.5837	100	0
1528162419.901894000	96.5876	87	0
1528162419.902132000	96.5878	101	1
1528162420.016004000	96.7017	361	0
1528162420.017586000	96.7033	148	0
1528162420.020146000	96.7058	101	1
1528162420.020570000	96.7063	92	0
1528162420.022116000	96.7078	211	0
1528162420.024157000	96.7098	101	1
1528162420.252415000	96.9381	907	1
1528162420.252510000	96.9382	259	1
1528162420.272448000	96.9581	87	0
1528162420.401336000	97.087	261	0
1528162420.402874000	97.0886	148	0
1528162420.404507000	97.0902	92	0
1528162420.405170000	97.0909	107	1
1528162420.406125000	97.0918	296	0
1528162420.410160000	97.0959	98	1
1528162420.654138000	97.3398	448	1
1528162420.654234000	97.3399	1412	1
1528162420.654271000	97.34	1412	1
1528162420.654305000	97.34	1412	1
1528162420.654337000	97.34	471	1
1528162420.674287000	97.36	87	0
1528162420.734588000	97.4203	327	1
1528162420.734648000	97.4203	220	1
1528162420.768180000	97.4539	87	0
1528162420.770293000	97.456	87	0
1528162420.780814000	97.4665	454	0
1528162420.784406000	97.4701	80	0
1528162420.785186000	97.4709	110	1
1528162420.885880000	97.5716	256	0
1528162420.887456000	97.5731	148	0
1528162420.890146000	97.5758	101	1
1528162420.898943000	97.5846	92	0
1528162420.900548000	97.5862	296	0
1528162420.902140000	97.5878	101	1
1528162420.925811000	97.6115	92	0
1528162420.929125000	97.6148	98	1
1528162420.962245000	97.6479	390	1
1528162420.962306000	97.648	314	1
1528162420.988730000	97.6744	87	0
1528162421.104392000	97.7901	233	0
1528162421.105970000	97.7917	148	0
1528162421.107940000	97.7936	92	0
1528162421.108158000	97.7939	107	1
1528162421.109559000	97.7953	316	0
1528162421.113166000	97.7989	98	1
1528162421.181150000	97.8668	390	1
1528162421.181212000	97.8669	314	1
1528162421.199743000	97.8854	87	0
1528162421.463749000	98.1494	258	0
1528162421.465329000	98.151	148	0
1528162421.466856000	98.1525	92	0
1528162421.467235000	98.1529	107	1
1528162421.468519000	98.1542	195	0
1528162421.472245000	98.1579	98	1
1528162421.603599000	98.2893	393	1
1528162421.603660000	98.2894	438	1
1528162421.622441000	98.3081	87	0
1528162421.730835000	98.4165	258	0
1528162421.732482000	98.4182	148	0
1528162421.734226000	98.4199	104	1
1528162421.736052000	98.4217	92	0
1528162421.737646000	98.4233	157	0
1528162421.740178000	98.4259	101	1
1528162421.841333000	98.527	391	1
1528162421.841433000	98.5271	252	1
1528162421.860264000	98.546	87	0
1528162421.970637000	98.6563	233	0
1528162421.972223000	98.6579	148	0
1528162421.974256000	98.6599	104	1
1528162421.975337000	98.661	92	0
1528162421.976993000	98.6627	280	0
1528162421.979273000	98.665	101	1
1528162422.552583000	99.2383	394	1
1528162422.552657000	99.2383	256	1
1528162422.571710000	99.2574	87	0
1528162422.695833000	99.3815	233	0
1528162422.697413000	99.3831	148	0
1528162422.699298000	99.385	92	0
1528162422.699393000	99.3851	104	1
1528162422.701037000	99.3867	254	0
1528162422.703242000	99.3889	101	1
1528162422.764613000	99.4503	389	1
1528162422.764674000	99.4504	259	1
1528162422.784274000	99.47	87	0
1528162422.932952000	99.6186	256	0
1528162422.934539000	99.6202	148	0
1528162422.936249000	99.6219	104	1
1528162422.940347000	99.626	92	0
1528162422.941946000	99.6276	338	0
1528162422.944262000	99.63	101	1
1528162423.145786000	99.8315	392	1
1528162423.145855000	99.8315	257	1
1528162423.163820000	99.8495	87	0
1528162423.293273000	99.979	281	0
1528162423.294819000	99.9805	148	0
1528162423.297335000	99.983	104	1
1528162423.298260000	99.984	92	0
1528162423.299816000	99.9855	228	0
1528162423.302330000	99.988	101	1
1528162423.520979000	100.207	391	1
1528162423.521044000	100.207	259	1
1528162423.542964000	100.229	87	0
1528162423.658809000	100.345	256	0
1528162423.660328000	100.346	148	0
1528162423.662361000	100.348	104	1
1528162423.663812000	100.35	92	0
1528162423.665451000	100.351	213	0
1528162423.667348000	100.353	101	1
1528162423.991668000	100.677	390	1
1528162423.991728000	100.677	257	1
1528162424.010724000	100.696	87	0
1528162424.125221000	100.811	256	0
1528162424.126808000	100.812	148	0
1528162424.129386000	100.815	92	0
1528162424.129466000	100.815	104	1
1528162424.131001000	100.817	231	0
1528162424.133375000	100.819	101	1
1528162424.322005000	101.008	1001	1
1528162424.322095000	101.008	259	1
1528162424.341104000	101.027	87	0
1528162424.452725000	101.138	233	0
1528162424.454305000	101.14	148	0
1528162424.455857000	101.142	92	0
1528162424.456338000	101.142	107	1
1528162424.457613000	101.143	253	0
1528162424.461393000	101.147	98	1
1528162424.812568000	101.498	910	1
1528162424.812628000	101.498	260	1
1528162424.833398000	101.519	87	0
1528162424.957028000	101.643	358	0
1528162424.958699000	101.644	148	0
1528162424.961442000	101.647	104	1
1528162424.962419000	101.648	92	0
1528162424.964069000	101.65	307	0
1528162424.966442000	101.652	101	1
1528162425.116506000	101.802	467	1
1528162425.116599000	101.802	256	1
1528162425.134397000	101.82	87	0
1528162425.242042000	101.928	263	0
1528162425.243632000	101.929	148	0
1528162425.246436000	101.932	104	1
1528162425.247383000	101.933	92	0
1528162425.249031000	101.935	147	0
1528162425.251448000	101.937	101	1
1528162425.613955000	102.3	393	1
1528162425.614050000	102.3	258	1
1528162425.632632000	102.318	87	0
1528162425.759118000	102.445	258	0
1528162425.760702000	102.446	148	0
1528162425.763494000	102.449	104	1
1528162425.763509000	102.449	92	0
1528162425.765182000	102.451	141	0
1528162425.767480000	102.453	101	1
1528162425.983422000	102.669	390	1
1528162425.983498000	102.669	259	1
1528162426.002463000	102.688	87	0
1528162426.128859000	102.815	275	0
1528162426.130472000	102.816	148	0
1528162426.132502000	102.818	104	1
1528162426.132924000	102.819	92	0
1528162426.134493000	102.82	227	0
1528162426.136603000	102.822	101	1
1528162426.312356000	102.998	389	1
1528162426.312435000	102.998	257	1
1528162426.331206000	103.017	87	0
1528162426.615208000	103.301	256	0
1528162426.616819000	103.303	148	0
1528162426.619192000	103.305	92	0
1528162426.619453000	103.305	107	1
1528162426.620798000	103.306	206	0
1528162426.624538000	103.31	98	1
1528162426.661514000	103.347	389	1
1528162426.661578000	103.347	258	1
1528162426.695602000	103.381	389	1
1528162426.724252000	103.41	87	0
1528162426.835245000	103.521	256	0
1528162426.836818000	103.523	148	0
1528162426.839542000	103.525	104	1
1528162426.841904000	103.528	92	0
1528162426.843511000	103.529	98	0
1528162426.845456000	103.531	101	1
1528162426.872731000	103.558	393	1
1528162426.872786000	103.558	220	1
1528162426.890665000	103.576	87	0
1528162427.003433000	103.689	261	0
1528162427.004990000	103.691	148	0
1528162427.007497000	103.693	104	1
1528162427.007978000	103.694	92	0
1528162427.009626000	103.695	241	0
1528162427.011493000	103.697	101	1
1528162427.095918000	103.782	394	1
1528162427.095980000	103.782	314	1
1528162427.115640000	103.801	87	0
1528162427.230648000	103.916	236	0
1528162427.232240000	103.918	148	0
1528162427.234436000	103.92	92	0
1528162427.234524000	103.92	104	1
1528162427.236051000	103.922	126	0
1528162427.238499000	103.924	101	1
1528162428.052165000	104.738	395	1
1528162428.052258000	104.738	257	1
1528162428.071359000	104.757	87	0
1528162428.181497000	104.867	256	0
1528162428.183071000	104.869	148	0
1528162428.185626000	104.871	104	1
1528162428.186313000	104.872	92	0
1528162428.187909000	104.874	308	0
1528162428.189610000	104.875	101	1
1528162428.356466000	105.042	393	1
1528162428.356555000	105.042	256	1
1528162428.377083000	105.063	87	0
1528162428.532050000	105.218	235	0
1528162428.533608000	105.219	148	0
1528162428.535642000	105.221	104	1
1528162428.535813000	105.222	92	0
1528162428.537453000	105.223	93	0
1528162428.539582000	105.225	101	1
1528162428.762839000	105.449	390	1
1528162428.762925000	105.449	260	1
1528162428.782064000	105.468	87	0
1528162428.917704000	105.603	258	0
1528162428.919425000	105.605	148	0
1528162428.921682000	105.607	104	1
1528162428.923547000	105.609	92	0
1528162428.925144000	105.611	303	0
1528162428.927580000	105.613	101	1
1528162429.222050000	105.908	1004	1
1528162429.222106000	105.908	252	1
1528162429.242553000	105.928	87	0
1528162429.356260000	106.042	281	0
1528162429.357897000	106.044	148	0
1528162429.360686000	106.046	104	1
1528162429.361657000	106.047	92	0
1528162429.363288000	106.049	160	0
1528162429.365698000	106.051	101	1
1528162429.905503000	106.591	907	1
1528162429.905590000	106.591	257	1
1528162429.925671000	106.611	87	0
1528162430.048823000	106.735	279	0
1528162430.050412000	106.736	148	0
1528162430.051951000	106.738	92	0
1528162430.052724000	106.738	107	1
1528162430.053609000	106.739	336	0
1528162430.057727000	106.743	98	1
1528162430.277108000	106.963	467	1
1528162430.277175000	106.963	256	1
1528162430.295419000	106.981	87	0
1528162430.405728000	107.091	236	0
1528162430.407334000	107.093	148	0
1528162430.409781000	107.095	104	1
1528162430.411334000	107.097	92	0
1528162430.412897000	107.099	251	0
1528162430.414671000	107.1	101	1
1528162430.591860000	107.278	391	1
1528162430.591927000	107.278	257	1
1528162430.609710000	107.295	87	0
1528162430.716370000	107.402	256	0
1528162430.717962000	107.404	148	0
1528162430.719749000	107.405	104	1
1528162430.720355000	107.406	92	0
1528162430.721914000	107.408	311	0
1528162430.723686000	107.409	101	1
1528162430.831807000	107.517	390	1
1528162430.831902000	107.518	314	1
1528162430.850781000	107.536	87	0
1528162430.960381000	107.646	338	0
1528162430.961926000	107.648	148	0
1528162430.963772000	107.649	104	1
1528162430.965695000	107.651	92	0
1528162430.967287000	107.653	161	0
1528162430.969769000	107.655	101	1
1528162433.055818000	109.742	374	1
1528162433.055903000	109.742	1412	1
1528162433.055930000	109.742	1412	1
1528162433.055952000	109.742	1412	1
1528162433.056010000	109.742	470	1
1528162433.075542000	109.761	87	0
1528162433.191085000	109.877	412	0
1528162433.194699000	109.88	101	1
1528162433.199901000	109.886	80	0
1528162433.203714000	109.889	98	1
1528162433.257077000	109.943	393	1
1528162433.257172000	109.943	259	1
1528162433.275817000	109.962	87	0
1528162433.382030000	110.068	303	0
1528162433.383603000	110.069	148	0
1528162433.385678000	110.071	92	0
1528162433.385783000	110.071	104	1
1528162433.387327000	110.073	139	0
1528162433.389703000	110.075	101	1
1528162433.554239000	110.24	389	1
1528162433.554329000	110.24	257	1
1528162433.573018000	110.259	87	0
1528162433.706834000	110.393	256	0
1528162433.710669000	110.396	158	0
1528162433.710761000	110.396	101	1
1528162433.712681000	110.398	92	0
1528162433.714655000	110.4	101	1
1528162434.070234000	110.756	393	1
1528162434.070296000	110.756	260	1
1528162434.089626000	110.775	87	0
1528162434.218689000	110.904	282	0
1528162434.220267000	110.906	148	0
1528162434.222769000	110.908	104	1
1528162434.223509000	110.909	92	0
1528162434.225109000	110.911	304	0
1528162434.227774000	110.913	101	1
1528162434.334009000	111.02	393	1
1528162434.334085000	111.02	257	1
1528162434.351734000	111.037	87	0
1528162434.460575000	111.146	235	0
1528162434.462147000	111.148	148	0
1528162434.463900000	111.15	92	0
1528162434.464778000	111.15	107	1
1528162434.465551000	111.151	111	0
1528162434.469759000	111.155	98	1
1528162434.624037000	111.31	390	1
1528162434.624102000	111.31	257	1
1528162434.643426000	111.329	87	0
1528162434.751631000	111.437	259	0
1528162434.753210000	111.439	148	0
1528162434.755790000	111.441	104	1
1528162434.756170000	111.442	92	0
1528162434.757752000	111.443	170	0
1528162434.759710000	111.445	101	1
1528162434.894911000	111.581	392	1
1528162434.894975000	111.581	257	1
1528162434.913300000	111.599	87	0
1528162435.050182000	111.736	233	0
1528162435.051749000	111.737	148	0
1528162435.053455000	111.739	92	0
1528162435.053738000	111.739	107	1
1528162435.055036000	111.741	239	0
1528162435.058779000	111.744	98	1
1528162435.224327000	111.91	999	1
1528162435.224417000	111.91	259	1
1528162435.244013000	111.93	87	0
1528162435.364545000	112.05	235	0
1528162435.366135000	112.052	148	0
1528162435.368813000	112.055	104	1
1528162435.371440000	112.057	92	0
1528162435.373039000	112.059	194	0
1528162435.374886000	112.061	101	1
1528162435.513941000	112.2	906	1
1528162435.514032000	112.2	257	1
1528162435.532696000	112.218	87	0
1528162435.656328000	112.342	236	0
1528162435.658036000	112.344	148	0
1528162435.659834000	112.346	104	1
1528162435.660432000	112.346	92	0
1528162435.662026000	112.348	275	0
1528162435.663876000	112.35	101	1
1528162435.786233000	112.472	469	1
1528162435.786295000	112.472	259	1
1528162435.804818000	112.491	87	0
1528162435.941240000	112.627	302	0
1528162435.942772000	112.628	148	0
1528162435.944868000	112.631	104	1
1528162435.945274000	112.631	92	0
1528162435.946812000	112.633	200	0
1528162435.948854000	112.635	101	1
1528162436.134422000	112.82	389	1
1528162436.134513000	112.82	257	1
1528162436.152327000	112.838	87	0
1528162436.282523000	112.968	255	0
1528162436.284084000	112.97	148	0
1528162436.286841000	112.973	104	1
1528162436.287548000	112.973	92	0
1528162436.289200000	112.975	178	0
1528162436.290889000	112.977	101	1
1528162436.677143000	113.363	389	1
1528162436.677228000	113.363	260	1
1528162436.695939000	113.382	87	0
1528162436.828842000	113.515	255	0
1528162436.830445000	113.516	148	0
1528162436.832861000	113.519	104	1
1528162436.833100000	113.519	92	0
1528162436.834697000	113.52	158	0
1528162436.836873000	113.523	101	1
1528162436.954111000	113.64	389	1
1528162436.954204000	113.64	257	1
1528162436.973156000	113.659	87	0
1528162437.086820000	113.773	235	0
1528162437.088457000	113.774	148	0
1528162437.090887000	113.777	104	1
1528162437.092058000	113.778	92	0
1528162437.095239000	113.781	196	0
1528162437.095834000	113.782	101	1
1528162437.214292000	113.9	391	1
1528162437.214354000	113.9	257	1
1528162437.232668000	113.918	87	0
1528162437.366747000	114.052	335	0
1528162437.368433000	114.054	148	0
1528162437.370726000	114.056	92	0
1528162437.370964000	114.057	107	1
1528162437.372337000	114.058	97	0
1528162437.375982000	114.062	98	1
1528162437.506469000	114.192	394	1
1528162437.506531000	114.192	261	1
1528162437.525668000	114.211	87	0
1528162437.652364000	114.338	233	0
1528162437.653870000	114.34	148	0
1528162437.655908000	114.342	104	1
1528162437.657472000	114.343	92	0
1528162437.659189000	114.345	298	0
1528162437.661035000	114.347	101	1
1528162437.783303000	114.469	389	1
1528162437.783364000	114.469	257	1
1528162437.804342000	114.49	87	0
1528162437.938653000	114.624	256	0
1528162437.940302000	114.626	148	0
1528162437.942957000	114.629	104	1
1528162437.943034000	114.629	92	0
1528162437.944703000	114.63	102	0
1528162437.946949000	114.633	101	1
1528162438.294159000	114.98	394	1
1528162438.294233000	114.98	260	1
1528162438.312165000	114.998	87	0
1528162438.445871000	115.132	303	0
1528162438.447510000	115.133	148	0
1528162438.450007000	115.136	104	1
1528162438.451186000	115.137	92	0
1528162438.452822000	115.139	208	0
1528162438.455011000	115.141	101	1
1528162438.563971000	115.25	394	1
1528162438.564030000	115.25	256	1
1528162438.595982000	115.282	394	1
1528162438.601873000	115.288	87	0
1528162438.617915000	115.304	87	0
1528162438.689778000	115.375	256	0
1528162438.691363000	115.377	148	0
1528162438.693775000	115.379	92	0
1528162438.694010000	115.38	110	1
1528162438.695400000	115.381	328	0
1528162438.699029000	115.385	98	1
1528162439.674753000	116.36	393	1
1528162439.674852000	116.361	257	1
1528162439.693501000	116.379	87	0
1528162439.813466000	116.499	282	0
1528162439.815042000	116.501	148	0
1528162439.817283000	116.503	104	1
1528162439.818848000	116.505	92	0
1528162439.820500000	116.506	254	0
1528162439.822345000	116.508	101	1
1528162439.955569000	116.641	1002	1
1528162439.955663000	116.641	259	1
1528162439.975592000	116.661	87	0
1528162440.091617000	116.777	233	0
1528162440.093209000	116.779	148	0
1528162440.095355000	116.781	104	1
1528162440.095763000	116.781	92	0
1528162440.097313000	116.783	101	0
1528162440.099298000	116.785	101	1
