1528086182.484960000	0	295	1
1528086182.539825000	0.0548649	87	0
1528086182.873638000	0.388678	303	0
1528086182.875093000	0.390133	1412	0
1528086182.876609000	0.391649	1412	0
1528086182.877243000	0.392283	107	1
1528086182.877999000	0.393039	1412	0
1528086182.879409000	0.394449	180	0
1528086182.880876000	0.395916	1412	0
1528086182.882320000	0.39736	1412	0
1528086182.883755000	0.398795	1412	0
1528086182.885262000	0.400302	792	0
1528086182.886699000	0.401739	1412	0
1528086182.888151000	0.403191	104	1
1528086182.888167000	0.403207	1412	0
1528086182.889562000	0.404602	694	0
1528086182.891016000	0.406056	1412	0
1528086182.892456000	0.407496	1412	0
1528086182.893575000	0.408615	119	1
1528086182.894218000	0.409258	1412	0
1528086182.895627000	0.410667	188	0
1528086182.902723000	0.417763	101	1
1528086182.917630000	0.43267	1206	0
1528086182.919050000	0.43409	1412	0
1528086182.920516000	0.435556	1412	0
1528086182.921058000	0.436098	104	1
1528086182.921959000	0.436999	1412	0
1528086182.923402000	0.438442	1412	0
1528086182.924921000	0.439961	1412	0
1528086182.926039000	0.441079	104	1
1528086182.926598000	0.441638	1412	0
1528086182.928108000	0.443148	1412	0
1528086182.929567000	0.444607	1412	0
1528086182.930061000	0.445101	104	1
1528086182.930999000	0.446039	1412	0
1528086182.932450000	0.44749	1412	0
1528086182.933975000	0.449015	1412	0
1528086182.935071000	0.450111	104	1
1528086182.935422000	0.450462	1412	0
1528086182.937031000	0.452071	693	0
1528086182.938446000	0.453486	87	0
1528086182.939043000	0.454083	104	1
1528086182.939922000	0.454962	1412	0
1528086182.941360000	0.4564	1412	0
1528086182.942796000	0.457836	1412	0
1528086182.944047000	0.459087	104	1
1528086182.944332000	0.459372	1412	0
1528086182.945762000	0.460802	259	0
1528086182.947405000	0.462445	1412	0
1528086182.948101000	0.463141	104	1
1528086182.948836000	0.463876	1412	0
1528086182.950284000	0.465324	1412	0
1528086182.951703000	0.466743	900	0
1528086182.953073000	0.468113	104	1
1528086182.953318000	0.468358	1412	0
1528086182.954814000	0.469854	1412	0
1528086182.956260000	0.4713	1412	0
1528086182.957686000	0.472726	986	0
1528086182.963007000	0.478047	101	1
1528086182.967083000	0.482123	101	1
1528086183.329681000	0.844721	317	1
1528086183.329766000	0.844806	1412	1
1528086183.329792000	0.844832	906	1
1528086183.333153000	0.848193	217	1
1528086183.349406000	0.864446	87	0
1528086183.353445000	0.868485	87	0
1528086183.483914000	0.998954	257	0
1528086183.485384000	1.00042	1412	0
1528086183.486836000	1.00188	1412	0
1528086183.488092000	1.00313	110	1
1528086183.488279000	1.00332	1412	0
1528086183.489693000	1.00473	180	0
1528086183.491172000	1.00621	1412	0
1528086183.492081000	1.00712	104	1
1528086183.492596000	1.00764	1412	0
1528086183.494086000	1.00913	1071	0
1528086183.495609000	1.01065	92	0
1528086183.496100000	1.01114	104	1
1528086183.497051000	1.01209	250	0
1528086183.501190000	1.01623	98	1
1528086183.569969000	1.08501	217	1
1528086183.591437000	1.10648	87	0
1528086183.634755000	1.14979	373	0
1528086183.637553000	1.15259	80	0
1528086183.638396000	1.15344	104	1
1528086183.894146000	1.40919	403	0
1528086183.895591000	1.41063	1114	0
1528086183.896999000	1.41204	92	0
1528086183.898338000	1.41338	104	1
1528086183.898462000	1.4135	267	0
1528086183.902128000	1.41717	98	1
1528086184.358599000	1.87364	244	1
1528086184.358689000	1.87373	144	1
1528086184.378095000	1.89313	87	0
1528086184.384192000	1.89923	155	1
1528086184.384278000	1.89932	190	1
1528086184.402527000	1.91757	87	0
1528086184.408817000	1.92386	87	0
1528086184.431675000	1.94671	1412	0
1528086184.433166000	1.94821	1412	0
1528086184.434713000	1.94975	1412	0
1528086184.436143000	1.95118	666	0
1528086184.437556000	1.9526	92	0
1528086184.439006000	1.95405	233	0
1528086184.442180000	1.95722	119	1
1528086184.446186000	1.96123	98	1
1528086184.499810000	2.01485	716	0
1528086184.501219000	2.01626	92	0
1528086184.502655000	2.01769	109	0
1528086184.504132000	2.01917	104	1
1528086185.308890000	2.82393	231	1
1528086185.329649000	2.84469	1412	1
1528086185.329739000	2.84478	1412	1
1528086185.329777000	2.84482	385	1
1528086185.329849000	2.84489	844	1
1528086185.330164000	2.8452	87	0
1528086185.350892000	2.86593	87	0
1528086185.356893000	2.87193	87	0
1528086185.376124000	2.89116	506	0
1528086185.380187000	2.89523	107	1
1528086185.412889000	2.92793	278	0
1528086185.414390000	2.92943	1412	0
1528086185.415822000	2.93086	996	0
1528086185.416184000	2.93122	104	1
1528086185.417257000	2.9323	92	0
1528086185.418706000	2.93375	305	0
1528086185.422225000	2.93726	101	1
1528086186.331813000	3.84685	770	1
1528086186.331911000	3.84695	1412	1
1528086186.331938000	3.84698	1412	1
1528086186.331979000	3.84702	1412	1
1528086186.332033000	3.84707	1412	1
1528086186.332057000	3.8471	1412	1
1528086186.332094000	3.84713	1412	1
1528086186.332127000	3.84717	1412	1
1528086186.332165000	3.8472	1412	1
1528086186.332236000	3.84728	1412	1
1528086186.332261000	3.8473	1412	1
1528086186.332299000	3.84734	1412	1
1528086186.332332000	3.84737	1412	1
1528086186.332368000	3.84741	1271	1
1528086186.349245000	3.86428	87	0
1528086186.352557000	3.8676	87	0
1528086186.460553000	3.97559	398	0
1528086186.462770000	3.97781	104	1
1528086186.463946000	3.97899	80	0
1528086186.478167000	3.99321	98	1
1528086188.435744000	5.95078	333	1
1528086188.435861000	5.9509	1412	1
1528086188.436003000	5.95104	981	1
1528086188.436530000	5.95157	223	1
1528086188.436568000	5.95161	1412	1
1528086188.436632000	5.95167	1412	1
1528086188.436654000	5.95169	758	1
1528086188.449680000	5.96472	251	1
1528086188.451463000	5.9665	101	1
1528086188.456204000	5.97124	87	0
1528086188.481315000	5.99635	104	0
1528086188.484679000	5.99972	101	1
1528086188.587046000	6.10209	395	0
1528086188.590623000	6.10566	80	0
1528086188.590887000	6.10593	98	1
1528086188.594728000	6.10977	98	1
1528086188.663897000	6.17894	539	0
1528086188.665322000	6.18036	307	0
1528086188.665612000	6.18065	118	1
1528086188.666780000	6.18182	136	0
1528086188.667853000	6.18289	265	1
1528086188.692066000	6.20711	87	0
1528086189.177421000	6.69246	944	0
1528086189.178788000	6.69383	1412	0
1528086189.180230000	6.69527	1412	0
1528086189.181692000	6.69673	1412	0
1528086189.181777000	6.69682	107	1
1528086189.183111000	6.69815	180	0
1528086189.184645000	6.69968	1412	0
1528086189.185697000	6.70074	104	1
1528086189.186087000	6.70113	1352	0
1528086189.187535000	6.70257	1412	0
1528086189.188969000	6.70401	1412	0
1528086189.189878000	6.70492	104	1
1528086189.190473000	6.70551	1412	0
1528086189.191884000	6.70692	188	0
1528086189.193353000	6.70839	1222	0
1528086189.194135000	6.70917	101	1
1528086189.194843000	6.70988	1412	0
1528086189.196288000	6.71133	1412	0
1528086189.197730000	6.71277	1412	0
1528086189.198693000	6.71373	107	1
1528086189.199161000	6.7142	1412	0
1528086189.200586000	6.71563	832	0
1528086189.202748000	6.71779	1412	0
1528086189.203747000	6.71879	98	1
1528086189.204280000	6.71932	1412	0
1528086189.205721000	6.72076	1412	0
1528086189.207143000	6.72218	898	0
1528086189.208595000	6.72363	1412	0
1528086189.210035000	6.72508	1412	0
1528086189.211666000	6.72671	116	1
1528086189.214411000	6.72945	1412	0
1528086189.215846000	6.73089	1077	0
1528086189.217287000	6.73233	1412	0
1528086189.218380000	6.73342	98	1
1528086189.218724000	6.73376	1412	0
1528086189.220177000	6.73522	1412	0
1528086189.221609000	6.73665	1412	0
1528086189.223018000	6.73806	292	0
1528086189.223505000	6.73854	104	1
1528086189.224793000	6.73983	1412	0
1528086189.226236000	6.74128	1412	0
1528086189.227686000	6.74273	1412	0
1528086189.228746000	6.74379	113	1
1528086189.229088000	6.74413	188	0
1528086189.230686000	6.74573	94	0
1528086189.232156000	6.7472	1198	0
1528086189.233598000	6.74864	1412	0
1528086189.235078000	6.75012	1412	0
1528086189.235275000	6.75031	101	1
1528086189.236523000	6.75156	1412	0
1528086189.237953000	6.75299	1071	0
1528086189.239398000	6.75444	1412	0
1528086189.240699000	6.75574	113	1
1528086189.240835000	6.75587	1301	0
1528086189.242257000	6.7573	749	0
1528086189.243812000	6.75885	1412	0
1528086189.244720000	6.75976	104	1
1528086189.245366000	6.76041	1329	0
1528086189.246812000	6.76185	1412	0
1528086189.248259000	6.7633	1412	0
1528086189.248692000	6.76373	104	1
1528086189.249763000	6.7648	349	0
1528086189.251195000	6.76623	117	0
1528086189.253730000	6.76877	101	1
1528086190.549590000	8.06463	307	1
1528086190.549677000	8.06472	144	1
1528086190.579437000	8.09448	87	0
1528086190.584304000	8.09934	87	0
1528086190.633519000	8.14856	1412	0
1528086190.635005000	8.15004	1412	0
1528086190.636446000	8.15149	1412	0
1528086190.637786000	8.15283	110	1
1528086190.637890000	8.15293	589	0
1528086190.639320000	8.15436	258	0
1528086190.641758000	8.1568	101	1
1528086191.587205000	9.10224	380	1
1528086191.587292000	9.10233	294	1
1528086191.589203000	9.10424	303	1
1528086191.589283000	9.10432	1412	1
1528086191.589323000	9.10436	1412	1
1528086191.589376000	9.10442	969	1
1528086191.606016000	9.12106	87	0
1528086191.611163000	9.1262	87	0
1528086191.683912000	9.19895	398	1
1528086191.701767000	9.21681	87	0
1528086191.734431000	9.24947	347	0
1528086191.735892000	9.25093	1400	0
1528086191.737301000	9.25234	513	0
1528086191.738741000	9.25378	592	0
1528086191.738885000	9.25392	110	1
1528086191.740204000	9.25524	635	0
1528086191.741640000	9.25668	467	0
1528086191.743077000	9.25812	697	0
1528086191.743839000	9.25888	104	1
1528086191.744626000	9.25967	484	0
1528086191.746079000	9.26112	835	0
1528086191.747508000	9.26255	649	0
1528086191.748845000	9.26389	104	1
1528086191.748939000	9.26398	519	0
1528086191.750999000	9.26604	439	0
1528086191.752454000	9.26749	701	0
1528086191.752836000	9.26788	104	1
1528086191.753973000	9.26901	616	0
1528086191.755844000	9.27088	558	0
1528086191.757850000	9.27289	101	1
1528086191.758163000	9.2732	654	0
1528086191.759607000	9.27465	583	0
1528086191.761047000	9.27609	373	0
1528086191.761854000	9.27689	104	1
1528086191.762482000	9.27752	689	0
1528086191.763951000	9.27899	92	0
1528086191.765399000	9.28044	151	0
1528086191.766069000	9.28111	104	1
1528086191.766823000	9.28186	80	0
1528086191.770889000	9.28593	98	1
1528086191.905209000	9.42025	1412	1
1528086191.905284000	9.42032	1412	1
1528086191.905306000	9.42035	296	1
1528086191.905378000	9.42042	843	1
1528086191.925924000	9.44096	87	0
1528086191.932169000	9.44721	87	0
1528086191.960992000	9.47603	274	0
1528086191.962430000	9.47747	103	0
1528086191.964097000	9.47914	230	0
1528086191.964875000	9.47991	110	1
1528086191.971583000	9.48662	87	0
1528086191.988199000	9.50324	463	0
1528086191.989619000	9.50466	153	0
1528086191.991902000	9.50694	104	1
1528086193.494806000	11.0098	988	1
1528086193.494894000	11.0099	109	1
1528086193.503148000	11.0182	303	1
1528086193.510282000	11.0253	477	1
1528086193.510348000	11.0254	87	1
1528086193.518274000	11.0333	87	0
1528086193.525024000	11.0401	87	0
1528086193.529865000	11.0449	87	0
1528086193.613802000	11.1288	278	0
1528086193.615286000	11.1303	151	0
1528086193.618314000	11.1334	110	1
1528086193.618996000	11.134	92	0
1528086193.620447000	11.1355	225	0
1528086193.622964000	11.138	101	1
1528086193.677894000	11.1929	483	1
1528086193.677972000	11.193	94	1
1528086193.696833000	11.2119	87	0
1528086193.702592000	11.2176	87	0
1528086193.814082000	11.3291	342	1
1528086193.814144000	11.3292	253	1
1528086193.817780000	11.3328	268	0
1528086193.819209000	11.3342	367	0
1528086193.824517000	11.3396	291	0
1528086193.825952000	11.341	307	0
1528086193.827374000	11.3424	103	0
1528086193.828947000	11.344	92	0
1528086193.834513000	11.3496	87	0
1528086193.845585000	11.3606	101	1
1528086193.851416000	11.3665	87	0
1528086193.857170000	11.3722	110	1
1528086193.866873000	11.3819	274	0
1528086193.871113000	11.3862	101	1
1528086193.916057000	11.4311	266	0
1528086193.917480000	11.4325	140	0
1528086193.919582000	11.4346	91	0
1528086193.921023000	11.4361	277	0
1528086193.924077000	11.4391	107	1
1528086194.425480000	11.9405	257	0
1528086194.426872000	11.9419	145	0
1528086194.428568000	11.9436	91	0
1528086194.429025000	11.9441	104	1
1528086194.429982000	11.945	143	0
1528086194.434043000	11.9491	98	1
1528086194.503840000	12.0189	372	1
1528086194.503998000	12.019	1412	1
1528086194.504028000	12.0191	1412	1
1528086194.504074000	12.0191	1412	1
1528086194.504112000	12.0192	1412	1
1528086194.504146000	12.0192	1412	1
1528086194.504184000	12.0192	1412	1
1528086194.504225000	12.0193	1412	1
1528086194.504282000	12.0193	1412	1
1528086194.504318000	12.0194	1412	1
1528086194.504352000	12.0194	1412	1
1528086194.504389000	12.0194	1412	1
1528086194.504434000	12.0195	1412	1
1528086194.504460000	12.0195	1412	1
1528086194.506018000	12.0211	1412	1
1528086194.506069000	12.0211	1412	1
1528086194.506103000	12.0211	1412	1
1528086194.506142000	12.0212	1412	1
1528086194.506192000	12.0212	1412	1
1528086194.506218000	12.0213	1412	1
1528086194.506260000	12.0213	1412	1
1528086194.506294000	12.0213	1412	1
1528086194.508024000	12.0231	1412	1
1528086194.508092000	12.0231	1412	1
1528086194.508154000	12.0232	1412	1
1528086194.508203000	12.0232	1412	1
1528086194.508240000	12.0233	1412	1
1528086194.508270000	12.0233	1412	1
1528086194.508308000	12.0233	1412	1
1528086194.510026000	12.0251	1412	1
1528086194.510095000	12.0251	1412	1
1528086194.510137000	12.0252	1412	1
1528086194.510201000	12.0252	1412	1
1528086194.510225000	12.0253	1412	1
1528086194.510259000	12.0253	748	1
1528086194.523004000	12.038	85	0
1528086194.527023000	12.0421	87	0
1528086194.528515000	12.0436	87	0
1528086194.531634000	12.0467	87	0
1528086194.596546000	12.1116	383	1
1528086194.597471000	12.1125	295	1
1528086194.625508000	12.1405	376	1
1528086194.637425000	12.1525	87	0
1528086194.669763000	12.1848	87	0
1528086194.732278000	12.2473	260	0
1528086194.733723000	12.2488	118	0
1528086194.735276000	12.2503	235	0
1528086194.736563000	12.2516	107	1
1528086194.736720000	12.2518	279	0
1528086194.738156000	12.2532	92	0
1528086194.739593000	12.2546	92	0
1528086194.741032000	12.2561	212	0
1528086194.741530000	12.2566	107	1
1528086194.742464000	12.2575	217	0
1528086194.746054000	12.2611	101	1
1528086194.827970000	12.343	631	0
1528086194.829396000	12.3444	801	0
1528086194.830943000	12.346	92	0
1528086194.832025000	12.3471	104	1
1528086194.832382000	12.3474	136	0
1528086194.836071000	12.3511	98	1
1528086194.837181000	12.3522	392	1
1528086194.837227000	12.3523	454	1
1528086194.855848000	12.3709	87	0
1528086194.857773000	12.3728	376	0
1528086194.862169000	12.3772	101	1
1528086194.864228000	12.3793	80	0
1528086194.868143000	12.3832	98	1
1528086194.996722000	12.5118	291	0
1528086194.998146000	12.5132	146	0
1528086195.001006000	12.516	92	0
1528086195.001742000	12.5168	101	1
1528086195.002473000	12.5175	220	0
1528086195.005041000	12.5201	101	1
1528086195.094996000	12.61	393	1
1528086195.095080000	12.6101	260	1
1528086195.115636000	12.6307	87	0
1528086195.231114000	12.7462	233	0
1528086195.232601000	12.7476	146	0
1528086195.234597000	12.7496	92	0
1528086195.235038000	12.7501	107	1
1528086195.236067000	12.7511	236	0
1528086195.240036000	12.7551	98	1
1528086195.296948000	12.812	393	1
1528086195.297022000	12.8121	262	1
1528086195.315219000	12.8303	87	0
1528086195.450601000	12.9656	256	0
1528086195.452021000	12.9671	146	0
1528086195.454052000	12.9691	104	1
1528086195.454276000	12.9693	92	0
1528086195.455721000	12.9708	234	0
1528086195.458074000	12.9731	101	1
1528086195.557893000	13.0729	1002	1
1528086195.557980000	13.073	261	1
1528086195.575865000	13.0909	87	0
1528086195.849320000	13.3644	256	0
1528086195.850742000	13.3658	146	0
1528086195.852486000	13.3675	92	0
1528086195.853075000	13.3681	107	1
1528086195.854012000	13.3691	256	0
1528086195.858073000	13.3731	98	1
1528086195.974759000	13.4898	983	1
1528086195.974822000	13.4899	259	1
1528086195.992589000	13.5076	87	0
1528086196.266159000	13.7812	292	0
1528086196.267537000	13.7826	146	0
1528086196.268987000	13.784	92	0
1528086196.270113000	13.7852	107	1
1528086196.270436000	13.7855	241	0
1528086196.274515000	13.7896	98	1
1528086196.455418000	13.9705	390	1
1528086196.455485000	13.9705	259	1
1528086196.473521000	13.9886	87	0
1528086196.630053000	14.1451	307	0
1528086196.631538000	14.1466	146	0
1528086196.633225000	14.1483	92	0
1528086196.634212000	14.1493	107	1
1528086196.634732000	14.1498	312	0
1528086196.638198000	14.1532	98	1
1528086196.940897000	14.4559	392	1
1528086196.940974000	14.456	264	1
1528086196.959013000	14.4741	87	0
1528086197.220750000	14.7358	256	0
1528086197.222171000	14.7372	146	0
1528086197.223805000	14.7388	92	0
1528086197.224228000	14.7393	107	1
1528086197.225304000	14.7403	140	0
1528086197.229218000	14.7443	98	1
1528086197.367454000	14.8825	387	1
1528086197.367531000	14.8826	262	1
1528086197.397631000	14.9127	87	0
1528086197.547214000	15.0623	256	0
1528086197.548637000	15.0637	148	0
1528086197.550067000	15.0651	92	0
1528086197.551343000	15.0664	107	1
1528086197.551527000	15.0666	300	0
1528086197.555160000	15.0702	98	1
1528086197.832408000	15.3474	391	1
1528086197.832489000	15.3475	257	1
1528086197.850973000	15.366	87	0
1528086198.129048000	15.6441	255	0
1528086198.130523000	15.6456	148	0
1528086198.133184000	15.6482	92	0
1528086198.133274000	15.6483	104	1
1528086198.134625000	15.6497	119	0
1528086198.137230000	15.6523	101	1
1528086198.259835000	15.7749	387	1
1528086198.259900000	15.7749	261	1
1528086198.281468000	15.7965	87	0
1528086198.396963000	15.912	256	0
1528086198.398387000	15.9134	148	0
1528086198.400005000	15.915	92	0
1528086198.401302000	15.9163	107	1
1528086198.401453000	15.9165	301	0
1528086198.405318000	15.9204	98	1
1528086198.546596000	16.0616	391	1
1528086198.546686000	16.0617	310	1
1528086198.567216000	16.0823	87	0
1528086198.684327000	16.1994	235	0
1528086198.685830000	16.2009	148	0
1528086198.687258000	16.2023	92	0
1528086198.688303000	16.2033	107	1
1528086198.688723000	16.2038	331	0
1528086198.692323000	16.2074	98	1
1528086199.045464000	16.5605	389	1
1528086199.045518000	16.5606	310	1
1528086199.066820000	16.5819	87	0
1528086199.344587000	16.8596	254	0
1528086199.345982000	16.861	148	0
1528086199.348348000	16.8634	104	1
1528086199.348611000	16.8637	92	0
1528086199.350000000	16.865	134	0
1528086199.352344000	16.8674	101	1
1528086203.351925000	20.867	390	1
1528086203.352019000	20.8671	255	1
1528086203.370983000	20.886	87	0
1528086203.493457000	21.0085	326	0
1528086203.494950000	21.01	148	0
1528086203.496485000	21.0115	92	0
1528086203.497308000	21.0123	107	1
1528086203.497947000	21.013	174	0
1528086203.501299000	21.0163	98	1
1528086203.533946000	21.049	326	0
1528086203.537320000	21.0524	98	1
1528086203.598921000	21.114	389	1
1528086203.599007000	21.114	255	1
1528086203.616955000	21.132	87	0
1528086203.900602000	21.4156	233	0
1528086203.902024000	21.4171	148	0
1528086203.904337000	21.4194	104	1
1528086203.904695000	21.4197	92	0
1528086203.906143000	21.4212	115	0
1528086203.908371000	21.4234	101	1
1528086204.012128000	21.5272	392	1
1528086204.012187000	21.5272	260	1
1528086204.030508000	21.5455	87	0
1528086204.301962000	21.817	304	0
1528086204.303393000	21.8184	148	0
1528086204.305422000	21.8205	104	1
1528086204.306292000	21.8213	92	0
1528086204.307740000	21.8228	186	0
1528086204.310412000	21.8255	101	1
1528086204.450252000	21.9653	998	1
1528086204.450316000	21.9654	257	1
1528086204.470029000	21.9851	87	0
1528086204.578206000	22.0932	236	0
1528086204.579693000	22.0947	148	0
1528086204.581124000	22.0962	92	0
1528086204.582371000	22.0974	107	1
1528086204.582581000	22.0976	104	0
1528086204.586370000	22.1014	98	1
1528086204.634436000	22.1495	964	1
1528086204.634538000	22.1496	1412	1
1528086204.634576000	22.1496	1412	1
1528086204.634605000	22.1496	1412	1
1528086204.634639000	22.1497	542	1
1528086204.652352000	22.1674	100	0
1528086204.656465000	22.1715	98	1
1528086204.752429000	22.2675	390	0
1528086204.756448000	22.2715	98	1
1528086204.759658000	22.2747	80	0
1528086204.763435000	22.2785	98	1
1528086204.882586000	22.3976	388	1
1528086204.882650000	22.3977	257	1
1528086204.902027000	22.4171	87	0
1528086204.906408000	22.4214	87	0
1528086205.161812000	22.6769	256	0
1528086205.163237000	22.6783	148	0
1528086205.164918000	22.68	92	0
1528086205.165471000	22.6805	110	1
1528086205.166366000	22.6814	158	0
1528086205.170403000	22.6854	98	1
1528086205.295918000	22.811	392	1
1528086205.296011000	22.8111	256	1
1528086205.314705000	22.8297	87	0
1528086205.585135000	23.1002	288	0
1528086205.586634000	23.1017	148	0
1528086205.588463000	23.1035	92	0
1528086205.589517000	23.1046	107	1
1528086205.589957000	23.105	220	0
1528086205.593423000	23.1085	98	1
1528086205.776592000	23.2916	387	1
1528086205.776686000	23.2917	256	1
1528086205.809591000	23.3246	87	0
1528086206.085853000	23.6009	333	0
1528086206.087282000	23.6023	148	0
1528086206.088983000	23.604	92	0
1528086206.089523000	23.6046	107	1
1528086206.090482000	23.6055	265	0
1528086206.094510000	23.6095	98	1
1528086206.212565000	23.7276	389	1
1528086206.212618000	23.7277	256	1
1528086206.232983000	23.748	87	0
1528086206.503226000	24.0183	256	0
1528086206.504728000	24.0198	148	0
1528086206.506532000	24.0216	92	0
1528086206.507542000	24.0226	107	1
1528086206.509260000	24.0243	155	0
1528086206.512532000	24.0276	98	1
1528086206.702968000	24.218	391	1
1528086206.703060000	24.2181	258	1
1528086206.724233000	24.2393	87	0
1528086207.012248000	24.5273	256	0
1528086207.013675000	24.5287	148	0
1528086207.015162000	24.5302	92	0
1528086207.016539000	24.5316	321	0
1528086207.016590000	24.5316	107	1
1528086207.020578000	24.5356	98	1
1528086207.177619000	24.6927	388	1
1528086207.177682000	24.6927	256	1
1528086207.195984000	24.711	87	0
1528086207.479080000	24.9941	256	0
1528086207.480540000	24.9956	148	0
1528086207.482620000	24.9977	104	1
1528086207.482930000	24.998	92	0
1528086207.484516000	24.9996	162	0
1528086207.486640000	25.0017	101	1
1528086207.633735000	25.1488	370	1
1528086207.633828000	25.1489	1412	1
1528086207.633852000	25.1489	1412	1
1528086207.633875000	25.1489	1412	1
1528086207.633912000	25.149	1412	1
1528086207.633936000	25.149	316	1
1528086207.652985000	25.168	87	0
1528086207.666368000	25.1814	321	1
1528086207.666444000	25.1815	256	1
1528086207.689330000	25.2044	87	0
1528086207.775677000	25.2907	373	0
1528086207.779564000	25.2946	104	1
1528086207.781313000	25.2964	80	0
1528086207.784547000	25.2996	98	1
1528086207.948971000	25.464	245	0
1528086207.950402000	25.4654	148	0
1528086207.952472000	25.4675	92	0
1528086207.952592000	25.4676	101	1
1528086207.953966000	25.469	108	0
1528086207.956617000	25.4717	101	1
1528086208.107757000	25.6228	389	1
1528086208.107821000	25.6229	256	1
1528086208.127452000	25.6425	87	0
1528086208.132770000	25.6478	87	0
1528086208.262768000	25.7778	324	0
1528086208.264311000	25.7794	148	0
1528086208.265852000	25.7809	92	0
1528086208.266647000	25.7817	110	1
1528086208.267288000	25.7823	86	0
1528086208.270655000	25.7857	98	1
1528086208.378388000	25.8934	388	1
1528086208.378463000	25.8935	256	1
1528086208.395995000	25.911	87	0
1528086208.536156000	26.0512	235	0
1528086208.537634000	26.0527	148	0
1528086208.539291000	26.0543	92	0
1528086208.539584000	26.0546	107	1
1528086208.540677000	26.0557	121	0
1528086208.544706000	26.0597	98	1
1528086208.848825000	26.3639	392	1
1528086208.848905000	26.3639	257	1
1528086208.869142000	26.3842	87	0
1528086208.875182000	26.3902	87	0
1528086209.139490000	26.6545	277	0
1528086209.140930000	26.656	148	0
1528086209.142419000	26.6575	92	0
1528086209.143694000	26.6587	110	1
1528086209.143967000	26.659	308	0
1528086209.147654000	26.6627	98	1
1528086209.287912000	26.803	996	1
1528086209.287976000	26.803	257	1
1528086209.308062000	26.8231	87	0
1528086209.592578000	27.1076	256	0
1528086209.594059000	27.1091	148	0
1528086209.595645000	27.1107	92	0
1528086209.596685000	27.1117	107	1
1528086209.633530000	27.1486	148	0
1528086209.637660000	27.1527	98	1
1528086209.743847000	27.2589	981	1
1528086209.743917000	27.259	257	1
1528086209.762998000	27.278	87	0
1528086209.917982000	27.433	233	0
1528086209.919426000	27.4345	148	0
1528086209.921381000	27.4364	92	0
1528086209.921744000	27.4368	107	1
1528086209.922848000	27.4379	134	0
1528086209.926756000	27.4418	98	1
1528086210.004869000	27.5199	392	1
1528086210.004958000	27.52	255	1
1528086210.025238000	27.5403	87	0
1528086210.034997000	27.55	87	0
1528086210.156040000	27.6711	232	0
1528086210.157517000	27.6726	148	0
1528086210.159774000	27.6748	107	1
1528086210.160074000	27.6751	92	0
1528086210.161568000	27.6766	98	0
1528086210.163699000	27.6787	101	1
1528086210.462938000	27.978	391	1
1528086210.462999000	27.978	256	1
1528086210.497134000	28.0122	87	0
1528086210.772579000	28.2876	281	0
1528086210.774013000	28.2891	148	0
1528086210.775500000	28.2905	92	0
1528086210.776790000	28.2918	107	1
1528086210.776960000	28.292	149	0
1528086210.780729000	28.2958	98	1
1528086210.942107000	28.4571	388	1
1528086210.942167000	28.4572	256	1
1528086210.983807000	28.4988	388	1
1528086210.986658000	28.5017	87	0
1528086211.003557000	28.5186	87	0
1528086211.252902000	28.7679	291	0
1528086211.254440000	28.7695	148	0
1528086211.256017000	28.7711	92	0
1528086211.256819000	28.7719	110	1
1528086211.257510000	28.7725	102	0
1528086211.260804000	28.7758	98	1
1528086211.410930000	28.926	390	1
1528086211.410995000	28.926	257	1
1528086211.429467000	28.9445	87	0
1528086211.434730000	28.9498	87	0
1528086211.570801000	29.0858	331	0
1528086211.572234000	29.0873	148	0
1528086211.574342000	29.0894	92	0
1528086211.574854000	29.0899	110	1
1528086211.575805000	29.0908	243	0
1528086211.579763000	29.0948	98	1
1528086211.627814000	29.1429	388	1
1528086211.627858000	29.1429	256	1
1528086211.657703000	29.1727	87	0
1528086211.939848000	29.4549	233	0
1528086211.941322000	29.4564	148	0
1528086211.943576000	29.4586	92	0
1528086211.943801000	29.4588	107	1
1528086211.945133000	29.4602	94	0
1528086211.948870000	29.4639	98	1
1528086212.111173000	29.6262	388	1
1528086212.111264000	29.6263	257	1
1528086212.151221000	29.6663	87	0
1528086212.158192000	29.6732	87	0
1528086212.264451000	29.7795	278	0
1528086212.265844000	29.7809	148	0
1528086212.267886000	29.7829	107	1
1528086212.268582000	29.7836	92	0
1528086212.269982000	29.785	176	0
1528086212.271866000	29.7869	101	1
1528086212.324938000	29.84	390	1
1528086212.325002000	29.84	258	1
1528086212.349686000	29.8647	87	0
1528086212.460728000	29.9758	233	0
1528086212.462151000	29.9772	148	0
1528086212.464887000	29.9799	104	1
1528086212.464925000	29.98	92	0
1528086212.466479000	29.9815	307	0
1528086212.468821000	29.9839	101	1
1528086212.580925000	30.096	388	1
1528086212.581018000	30.0961	256	1
1528086212.619720000	30.1348	87	0
1528086212.908903000	30.4239	233	0
1528086212.910384000	30.4254	148	0
1528086212.911818000	30.4269	92	0
1528086212.912921000	30.428	107	1
1528086212.913277000	30.4283	145	0
1528086212.916844000	30.4319	98	1
1528086212.991048000	30.5061	387	1
1528086212.991141000	30.5062	257	1
1528086213.009311000	30.5244	87	0
1528086213.152308000	30.6673	236	0
1528086213.153737000	30.6688	148	0
1528086213.155216000	30.6703	92	0
1528086213.155927000	30.671	107	1
1528086213.156688000	30.6717	194	0
1528086213.160942000	30.676	98	1
1528086213.269272000	30.7843	390	1
1528086213.269357000	30.7844	256	1
1528086213.288617000	30.8037	87	0
1528086213.297221000	30.8123	87	0
1528086213.418873000	30.9339	256	0
1528086213.420297000	30.9353	148	0
1528086213.422419000	30.9375	92	0
1528086213.422951000	30.938	110	1
1528086213.423906000	30.9389	148	0
1528086213.427952000	30.943	98	1
1528086213.768608000	31.2836	1001	1
1528086213.768682000	31.2837	259	1
1528086213.786562000	31.3016	87	0
1528086214.050836000	31.5659	303	0
1528086214.052267000	31.5673	148	0
1528086214.053693000	31.5687	92	0
1528086214.054979000	31.57	107	1
1528086214.055215000	31.5703	285	0
1528086214.058994000	31.574	98	1
1528086214.076005000	31.591	981	1
1528086214.076081000	31.5911	256	1
1528086214.111438000	31.6265	87	0
1528086214.113064000	31.6281	87	0
1528086214.218247000	31.7333	235	0
1528086214.219679000	31.7347	148	0
1528086214.221954000	31.737	92	0
1528086214.222039000	31.7371	107	1
1528086214.223402000	31.7384	306	0
1528086214.225977000	31.741	101	1
1528086214.306439000	31.8215	389	1
1528086214.306508000	31.8215	259	1
1528086214.340389000	31.8554	87	0
1528086214.625563000	32.1406	304	0
1528086214.627035000	32.1421	148	0
1528086214.629004000	32.144	104	1
1528086214.629584000	32.1446	92	0
1528086214.630980000	32.146	195	0
1528086214.632947000	32.148	101	1
1528086214.854277000	32.3693	389	1
1528086214.854368000	32.3694	258	1
1528086214.875791000	32.3908	87	0
1528086214.988369000	32.5034	233	0
1528086214.989804000	32.5048	148	0
1528086214.992014000	32.5071	104	1
1528086214.992530000	32.5076	92	0
1528086214.993983000	32.509	92	0
1528086214.996092000	32.5111	101	1
1528086215.231239000	32.7463	392	1
1528086215.231329000	32.7464	256	1
1528086215.250851000	32.7659	87	0
1528086215.544563000	33.0596	259	0
1528086215.545986000	33.061	148	0
1528086215.548014000	33.0631	104	1
1528086215.548532000	33.0636	92	0
1528086215.549976000	33.065	271	0
1528086215.552029000	33.0671	101	1
1528086215.679322000	33.1944	394	1
1528086215.679418000	33.1945	260	1
1528086215.697885000	33.2129	87	0
1528086215.830905000	33.3459	233	0
1528086215.832340000	33.3474	148	0
1528086215.835023000	33.3501	104	1
1528086215.835317000	33.3504	92	0
1528086215.836762000	33.3518	167	0
1528086215.839101000	33.3541	101	1
1528086216.157201000	33.6722	387	1
1528086216.157268000	33.6723	256	1
1528086216.176943000	33.692	87	0
1528086216.188313000	33.7034	87	0
1528086216.318796000	33.8338	279	0
1528086216.320217000	33.8353	148	0
1528086216.323039000	33.8381	107	1
1528086216.324980000	33.84	92	0
1528086216.326531000	33.8416	258	0
1528086216.329063000	33.8441	101	1
1528086216.641872000	34.1569	388	1
1528086216.641945000	34.157	259	1
1528086216.660747000	34.1758	87	0
1528086216.782953000	34.298	267	0
1528086216.784444000	34.2995	148	0
1528086216.786404000	34.3014	92	0
1528086216.787100000	34.3021	107	1
1528086216.787878000	34.3029	334	0
1528086216.792092000	34.3071	98	1
1528086216.924366000	34.4394	388	1
1528086216.924454000	34.4395	256	1
1528086216.942926000	34.458	87	0
1528086217.205992000	34.721	331	0
1528086217.207450000	34.7225	148	0
1528086217.210323000	34.7254	104	1
1528086217.210869000	34.7259	92	0
1528086217.212321000	34.7274	298	0
1528086217.214107000	34.7291	101	1
1528086217.342441000	34.8575	391	1
1528086217.342533000	34.8576	258	1
1528086217.359925000	34.875	87	0
1528086217.474078000	34.9891	256	0
1528086217.475548000	34.9906	148	0
1528086217.477449000	34.9925	92	0
1528086217.478240000	34.9933	107	1
1528086217.478915000	34.994	330	0
1528086217.483163000	34.9982	98	1
1528086217.792575000	35.3076	387	1
1528086217.792665000	35.3077	256	1
1528086217.811292000	35.3263	87	0
1528086217.941287000	35.4563	256	0
1528086217.942720000	35.4578	148	0
1528086217.944893000	35.4599	92	0
1528086217.945149000	35.4602	107	1
1528086217.946315000	35.4614	174	0
1528086217.950186000	35.4652	98	1
1528086218.227477000	35.7425	388	1
1528086218.227536000	35.7426	260	1
1528086218.251321000	35.7664	87	0
1528086218.256528000	35.7716	87	0
1528086218.358179000	35.8732	256	0
1528086218.359614000	35.8747	148	0
1528086218.362221000	35.8773	107	1
1528086218.363373000	35.8784	92	0
1528086218.364887000	35.8799	228	0
1528086218.367219000	35.8823	101	1
1528086218.614631000	36.1297	1001	1
1528086218.614723000	36.1298	259	1
1528086218.656243000	36.1713	1001	1
1528086218.661203000	36.1762	87	0
1528086218.665002000	36.18	87	0
1528086218.692206000	36.2072	87	0
1528086218.935310000	36.4503	232	0
1528086218.936746000	36.4518	148	0
1528086218.939255000	36.4543	110	1
1528086218.939500000	36.4545	92	0
1528086218.940948000	36.456	199	0
1528086218.943304000	36.4583	101	1
1528086219.073351000	36.5884	980	1
1528086219.073413000	36.5885	256	1
1528086219.096084000	36.6111	87	0
1528086219.098881000	36.6139	87	0
1528086219.218656000	36.7337	232	0
1528086219.220030000	36.7351	148	0
1528086219.222274000	36.7373	107	1
1528086219.223004000	36.738	92	0
1528086219.224570000	36.7396	160	0
1528086219.226346000	36.7414	101	1
1528086219.302297000	36.8173	387	1
1528086219.302362000	36.8174	256	1
1528086219.320546000	36.8356	87	0
1528086219.437260000	36.9523	256	0
1528086219.438688000	36.9537	148	0
1528086219.441288000	36.9563	104	1
1528086219.442211000	36.9573	92	0
1528086219.443657000	36.9587	275	0
1528086219.446297000	36.9613	101	1
1528086219.724480000	37.2395	391	1
1528086219.724546000	37.2396	257	1
1528086219.744605000	37.2596	87	0
1528086219.922285000	37.4373	301	0
1528086219.923745000	37.4388	148	0
1528086219.926238000	37.4413	92	0
1528086219.926297000	37.4413	104	1
1528086219.927698000	37.4427	86	0
1528086219.930268000	37.4453	101	1
1528086220.219785000	37.7348	387	1
1528086220.219847000	37.7349	257	1
1528086220.241255000	37.7563	87	0
1528086220.246545000	37.7616	87	0
1528086220.369284000	37.8843	256	0
1528086220.370718000	37.8858	148	0
1528086220.372311000	37.8874	92	0
1528086220.373339000	37.8884	110	1
1528086220.373959000	37.889	97	0
1528086220.377266000	37.8923	98	1
1528086220.467827000	37.9829	388	1
1528086220.467913000	37.983	257	1
1528086220.485258000	38.0003	87	0
1528086220.618768000	38.1338	281	0
1528086220.620201000	38.1352	148	0
1528086220.621734000	38.1368	92	0
1528086220.622355000	38.1374	107	1
1528086220.623204000	38.1382	274	0
1528086220.627366000	38.1424	98	1
1528086220.914653000	38.4297	392	1
1528086220.914711000	38.4298	261	1
1528086220.932327000	38.4474	87	0
1528086221.094250000	38.6093	232	0
1528086221.095670000	38.6107	148	0
1528086221.097924000	38.613	92	0
1528086221.098382000	38.6134	107	1
1528086221.099352000	38.6144	172	0
1528086221.103325000	38.6184	98	1
1528086221.293800000	38.8088	391	1
1528086221.293856000	38.8089	256	1
1528086221.311257000	38.8263	87	0
1528086221.441895000	38.9569	258	0
1528086221.443327000	38.9584	148	0
1528086221.445352000	38.9604	104	1
1528086221.446395000	38.9614	92	0
1528086221.447828000	38.9629	246	0
1528086221.450340000	38.9654	101	1
1528086221.703637000	39.2187	389	1
1528086221.703734000	39.2188	257	1
1528086221.723061000	39.2381	87	0
1528086221.829273000	39.3443	233	0
1528086221.830702000	39.3457	148	0
1528086221.833436000	39.3485	104	1
1528086221.840158000	39.3552	92	0
1528086221.841607000	39.3566	279	0
1528086221.843371000	39.3584	101	1
1528086221.999715000	39.5148	391	1
1528086221.999806000	39.5148	258	1
1528086222.019402000	39.5344	87	0
1528086222.145173000	39.6602	258	0
1528086222.146617000	39.6617	148	0
1528086222.147991000	39.663	92	0
1528086222.149423000	39.6645	260	0
1528086222.149449000	39.6645	107	1
1528086222.153442000	39.6685	98	1
1528086222.440739000	39.9558	388	1
1528086222.440805000	39.9558	257	1
1528086222.465884000	39.9809	87	0
1528086222.478662000	39.9937	87	0
1528086222.626655000	40.1417	290	0
1528086222.628079000	40.1431	148	0
1528086222.630412000	40.1455	107	1
1528086222.630557000	40.1456	92	0
1528086222.632005000	40.147	327	0
1528086222.634423000	40.1495	101	1
1528086222.710313000	40.2254	389	1
1528086222.710410000	40.2255	256	1
1528086222.729515000	40.2446	87	0
1528086222.845611000	40.3607	333	0
1528086222.847035000	40.3621	148	0
1528086222.849445000	40.3645	104	1
1528086222.850039000	40.3651	92	0
1528086222.851474000	40.3665	340	0
1528086222.853408000	40.3684	101	1
1528086222.958679000	40.4737	998	1
1528086222.958743000	40.4738	256	1
1528086222.973686000	40.4887	100	0
1528086222.977440000	40.4925	98	1
1528086222.979256000	40.4943	87	0
1528086223.261781000	40.7768	258	0
1528086223.263205000	40.7782	148	0
1528086223.264901000	40.7799	92	0
1528086223.265512000	40.7806	107	1
1528086223.266355000	40.7814	165	0
1528086223.270517000	40.7856	98	1
1528086223.381721000	40.8968	984	1
1528086223.381813000	40.8969	259	1
1528086223.400801000	40.9158	87	0
1528086223.520071000	41.0351	256	0
1528086223.521490000	41.0365	148	0
1528086223.523520000	41.0386	104	1
1528086223.523934000	41.039	92	0
1528086223.525381000	41.0404	285	0
1528086223.527509000	41.0425	101	1
1528086223.693607000	41.2086	387	1
1528086223.693671000	41.2087	256	1
1528086223.713345000	41.2284	87	0
1528086223.822292000	41.3373	233	0
1528086223.823729000	41.3388	148	0
1528086223.826525000	41.3416	104	1
1528086223.826910000	41.3419	92	0
1528086223.828358000	41.3434	222	0
1528086223.830550000	41.3456	101	1
1528086223.953813000	41.4689	390	1
1528086223.953903000	41.4689	257	1
1528086223.972520000	41.4876	87	0
1528086224.085803000	41.6008	235	0
1528086224.087240000	41.6023	148	0
1528086224.089555000	41.6046	104	1
1528086224.090068000	41.6051	92	0
1528086224.091536000	41.6066	93	0
1528086224.093540000	41.6086	101	1
1528086224.440744000	41.9558	389	1
1528086224.440799000	41.9558	258	1
1528086224.460178000	41.9752	87	0
1528086224.735396000	42.2504	256	0
1528086224.736826000	42.2519	148	0
1528086224.738996000	42.254	92	0
1528086224.739588000	42.2546	107	1
1528086224.740512000	42.2556	189	0
1528086224.744578000	42.2596	98	1
1528086224.868581000	42.3836	387	1
1528086224.868669000	42.3837	256	1
1528086224.887858000	42.4029	87	0
1528086224.892871000	42.4079	87	0
1528086225.000000000	42.515	233	0
1528086225.001489000	42.5165	148	0
1528086225.003600000	42.5186	107	1
1528086225.004465000	42.5195	92	0
1528086225.005909000	42.5209	109	0
1528086225.008557000	42.5236	101	1
1528086225.890917000	43.406	388	1
1528086225.891011000	43.4061	256	1
1528086225.911800000	43.4268	87	0
1528086226.054552000	43.5696	323	0
1528086226.055981000	43.571	148	0
1528086226.057409000	43.5724	92	0
1528086226.058457000	43.5735	107	1
1528086226.058878000	43.5739	331	0
1528086226.062458000	43.5775	98	1
1528086226.150656000	43.6657	391	1
1528086226.150746000	43.6658	256	1
1528086226.170268000	43.6853	87	0
1528086226.294687000	43.8097	259	0
1528086226.296058000	43.8111	148	0
1528086226.298469000	43.8135	104	1
1528086226.298765000	43.8138	92	0
1528086226.300217000	43.8153	319	0
1528086226.302491000	43.8175	101	1
1528086226.399525000	43.9146	390	1
1528086226.399596000	43.9146	258	1
1528086226.435477000	43.9505	390	1
1528086226.440804000	43.9558	87	0
1528086226.453954000	43.969	87	0
1528086226.557435000	44.0725	279	0
1528086226.558865000	44.0739	148	0
1528086226.560798000	44.0758	92	0
1528086226.561485000	44.0765	110	1
1528086226.562315000	44.0774	297	0
1528086226.566415000	44.0815	98	1
1528086226.868708000	44.3837	387	1
1528086226.868772000	44.3838	257	1
1528086226.897610000	44.4126	87	0
1528086227.016313000	44.5314	235	0
1528086227.017668000	44.5327	148	0
1528086227.019305000	44.5343	92	0
1528086227.020508000	44.5355	107	1
1528086227.020745000	44.5358	287	0
1528086227.024425000	44.5395	98	1
1528086227.208650000	44.7237	389	1
1528086227.208715000	44.7238	256	1
1528086227.233020000	44.7481	87	0
1528086227.238165000	44.7532	87	0
1528086227.385953000	44.901	258	0
1528086227.387376000	44.9024	148	0
1528086227.389530000	44.9046	107	1
1528086227.389884000	44.9049	92	0
1528086227.391328000	44.9064	149	0
1528086227.393563000	44.9086	101	1
1528086227.695798000	45.2108	389	1
1528086227.695855000	45.2109	259	1
1528086227.713217000	45.2283	87	0
1528086227.838026000	45.3531	235	0
1528086227.839504000	45.3545	148	0
1528086227.841397000	45.3564	92	0
1528086227.841519000	45.3566	104	1
1528086227.842863000	45.3579	246	0
1528086227.845595000	45.3606	101	1
1528086227.963589000	45.4786	388	1
1528086227.963684000	45.4787	256	1
1528086227.984992000	45.5	87	0
1528086227.991763000	45.5068	87	0
1528086228.102838000	45.6179	259	0
1528086228.104331000	45.6194	148	0
1528086228.105975000	45.621	92	0
1528086228.106571000	45.6216	110	1
1528086228.107417000	45.6225	129	0
1528086228.111499000	45.6265	98	1
1528086228.263695000	45.7787	999	1
1528086228.263788000	45.7788	256	1
1528086228.285137000	45.8002	87	0
1528086228.473204000	45.9882	896	1
1528086228.473299000	45.9883	1412	1
1528086228.473338000	45.9884	1412	1
1528086228.473372000	45.9884	1412	1
1528086228.473406000	45.9884	823	1
1528086228.492691000	46.0077	87	0
1528086228.498879000	46.0139	87	0
1528086228.558805000	46.0738	288	0
1528086228.560235000	46.0753	148	0
1528086228.562373000	46.0774	92	0
1528086228.562607000	46.0776	113	1
1528086228.563894000	46.0789	154	0
1528086228.567576000	46.0826	98	1
1528086228.586768000	46.1018	471	0
1528086228.590527000	46.1056	98	1
1528086228.590911000	46.106	80	0
1528086228.594541000	46.1096	98	1
1528086228.721779000	46.2368	393	1
1528086228.721838000	46.2369	252	1
1528086228.739971000	46.255	87	0
1528086228.855228000	46.3703	286	0
1528086228.856594000	46.3716	148	0
1528086228.858038000	46.3731	92	0
1528086228.858605000	46.3736	107	1
1528086228.859558000	46.3746	249	0
1528086228.863681000	46.3787	98	1
1528086229.008893000	46.5239	388	1
1528086229.008954000	46.524	252	1
1528086229.027934000	46.543	87	0
1528086229.039827000	46.5549	87	0
1528086229.170323000	46.6854	233	0
1528086229.171759000	46.6868	148	0
1528086229.174620000	46.6897	107	1
1528086229.175813000	46.6909	92	0
1528086229.177258000	46.6923	253	0
1528086229.179632000	46.6947	101	1
1528086232.360094000	49.8751	391	1
1528086232.360190000	49.8752	257	1
1528086232.378288000	49.8933	87	0
1528086232.661888000	50.1769	256	0
1528086232.663315000	50.1784	148	0
1528086232.664807000	50.1798	92	0
1528086232.666207000	50.1812	107	1
1528086232.666388000	50.1814	198	0
1528086232.670150000	50.1852	98	1
1528086232.833921000	50.349	391	1
1528086232.834006000	50.349	258	1
1528086232.852169000	50.3672	87	0
1528086232.979931000	50.495	235	0
1528086232.981371000	50.4964	148	0
1528086232.984211000	50.4993	92	0
1528086232.984309000	50.4993	104	1
1528086232.985720000	50.5008	325	0
1528086232.988230000	50.5033	101	1
1528086233.683693000	51.1987	390	1
1528086233.683755000	51.1988	260	1
1528086233.703201000	51.2182	87	0
1528086233.843405000	51.3584	256	0
1528086233.844888000	51.3599	148	0
1528086233.847298000	51.3623	104	1
1528086233.848864000	51.3639	92	0
1528086233.850257000	51.3653	309	0
1528086233.852223000	51.3673	101	1
1528086233.945486000	51.4605	392	1
1528086233.945577000	51.4606	256	1
1528086233.964807000	51.4798	87	0
1528086234.090057000	51.6051	301	0
1528086234.091537000	51.6066	148	0
1528086234.094312000	51.6094	104	1
1528086234.094849000	51.6099	92	0
1528086234.096270000	51.6113	189	0
1528086234.098231000	51.6133	101	1
1528086234.231334000	51.7464	388	1
1528086234.231403000	51.7464	258	1
1528086234.249797000	51.7648	87	0
1528086234.255988000	51.771	87	0
1528086234.387089000	51.9021	256	0
1528086234.388563000	51.9036	148	0
1528086234.391315000	51.9064	107	1
1528086234.391987000	51.907	92	0
1528086234.393464000	51.9085	301	0
1528086234.395249000	51.9103	101	1
1528086234.691765000	52.2068	388	1
1528086234.691826000	52.2069	257	1
1528086234.710996000	52.226	87	0
1528086234.837675000	52.3527	281	0
1528086234.839070000	52.3541	148	0
1528086234.841343000	52.3564	104	1
1528086234.843075000	52.3581	92	0
1528086234.844621000	52.3597	192	0
1528086234.846429000	52.3615	101	1
1528086235.139453000	52.6545	389	1
1528086235.139543000	52.6546	256	1
1528086235.159442000	52.6745	87	0
1528086235.301003000	52.816	258	0
1528086235.302464000	52.8175	148	0
1528086235.305373000	52.8204	104	1
1528086235.306338000	52.8214	92	0
1528086235.307812000	52.8229	126	0
1528086235.310299000	52.8253	101	1
1528086235.414338000	52.9294	388	1
1528086235.414429000	52.9295	256	1
1528086235.434076000	52.9491	87	0
1528086235.563223000	53.0783	235	0
1528086235.564724000	53.0798	148	0
1528086235.567390000	53.0824	104	1
1528086235.567888000	53.0829	92	0
1528086235.569324000	53.0844	112	0
1528086235.571312000	53.0864	101	1
1528086235.631985000	53.147	389	1
1528086235.632046000	53.1471	257	1
1528086235.652049000	53.1671	87	0
1528086235.776969000	53.292	235	0
1528086235.778372000	53.2934	148	0
1528086235.781397000	53.2964	104	1
1528086235.782064000	53.2971	92	0
1528086235.783545000	53.2986	99	0
1528086235.785431000	53.3005	101	1
1528086236.139579000	53.6546	998	1
1528086236.139641000	53.6547	258	1
1528086236.157835000	53.6729	87	0
1528086236.330742000	53.8458	278	0
1528086236.332165000	53.8472	148	0
1528086236.334433000	53.8495	104	1
1528086236.334473000	53.8495	92	0
1528086236.335988000	53.851	282	0
1528086236.338443000	53.8535	101	1
1528086236.465606000	53.9806	980	1
1528086236.465697000	53.9807	256	1
1528086236.486743000	54.0018	87	0
1528086236.491492000	54.0065	87	0
1528086236.606413000	54.1215	265	0
1528086236.607871000	54.1229	148	0
1528086236.610430000	54.1255	107	1
1528086236.611068000	54.1261	92	0
1528086236.612555000	54.1276	303	0
1528086236.614440000	54.1295	101	1
1528086236.897393000	54.4124	388	1
1528086236.897478000	54.4125	260	1
1528086236.917224000	54.4323	87	0
1528086237.048391000	54.5634	303	0
1528086237.049763000	54.5648	148	0
1528086237.052474000	54.5675	104	1
1528086237.053441000	54.5685	92	0
1528086237.054987000	54.57	166	0
1528086237.057408000	54.5724	101	1
1528086237.307558000	54.8226	388	1
1528086237.307622000	54.8227	256	1
1528086237.325852000	54.8409	87	0
1528086237.444915000	54.96	258	0
1528086237.446342000	54.9614	148	0
1528086237.448495000	54.9635	104	1
1528086237.449644000	54.9647	92	0
1528086237.451147000	54.9662	266	0
1528086237.453450000	54.9685	101	1
1528086237.806704000	55.3217	391	1
1528086237.806791000	55.3218	257	1
1528086237.826993000	55.342	87	0
1528086237.831485000	55.3465	87	0
1528086238.103823000	55.6189	284	0
1528086238.105264000	55.6203	148	0
1528086238.107529000	55.6226	107	1
1528086238.109353000	55.6244	92	0
1528086238.110806000	55.6258	295	0
1528086238.113535000	55.6286	101	1
1528086238.121417000	55.6365	388	1
1528086238.121514000	55.6366	256	1
1528086238.140461000	55.6555	87	0
1528086238.266935000	55.782	256	0
1528086238.268425000	55.7835	148	0
1528086238.270544000	55.7856	104	1
1528086238.270775000	55.7858	92	0
1528086238.272212000	55.7873	129	0
1528086238.274553000	55.7896	101	1
1528086238.410984000	55.926	391	1
1528086238.411081000	55.9261	259	1
1528086238.428882000	55.9439	87	0
1528086238.439898000	55.9549	87	0
1528086238.712623000	56.2277	235	0
1528086238.714181000	56.2292	148	0
1528086238.716568000	56.2316	107	1
1528086238.717455000	56.2325	92	0
1528086238.718903000	56.2339	206	0
1528086238.721583000	56.2366	101	1
1528086238.845753000	56.3608	392	1
1528086238.845819000	56.3609	256	1
1528086238.864300000	56.3793	87	0
1528086238.980499000	56.4955	235	0
1528086238.981909000	56.4969	148	0
1528086238.984610000	56.4997	104	1
1528086238.985785000	56.5008	92	0
1528086238.987238000	56.5023	332	0
1528086238.989592000	56.5046	101	1
1528086239.284096000	56.7991	388	1
1528086239.284188000	56.7992	257	1
1528086239.304298000	56.8193	87	0
1528086239.434869000	56.9499	256	0
1528086239.436303000	56.9513	148	0
1528086239.438608000	56.9536	104	1
1528086239.439576000	56.9546	92	0
1528086239.440988000	56.956	226	0
1528086239.443620000	56.9587	101	1
1528086239.779825000	57.2949	388	1
1528086239.779918000	57.295	259	1
1528086239.801572000	57.3166	87	0
1528086239.805987000	57.321	87	0
1528086239.932465000	57.4475	300	0
1528086239.933993000	57.449	148	0
1528086239.936639000	57.4517	107	1
1528086239.937534000	57.4526	92	0
1528086239.938976000	57.454	175	0
1528086239.941648000	57.4567	101	1
1528086240.090651000	57.6057	387	1
1528086240.090726000	57.6058	256	1
1528086240.107866000	57.6229	87	0
1528086240.242167000	57.7572	232	0
1528086240.243603000	57.7586	148	0
1528086240.245671000	57.7607	104	1
1528086240.246514000	57.7616	92	0
1528086240.247962000	57.763	278	0
1528086240.250713000	57.7658	101	1
1528086240.495975000	58.011	391	1
1528086240.496038000	58.0111	260	1
1528086240.514829000	58.0299	87	0
1528086240.669051000	58.1841	302	0
1528086240.670529000	58.1856	148	0
1528086240.672680000	58.1877	104	1
1528086240.673225000	58.1883	92	0
1528086240.674657000	58.1897	153	0
1528086240.676608000	58.1916	101	1
1528086240.949057000	58.4641	998	1
1528086240.949127000	58.4642	259	1
1528086240.968972000	58.484	87	0
1528086240.973293000	58.4883	87	0
1528086241.092661000	58.6077	232	0
1528086241.094154000	58.6092	148	0
1528086241.096704000	58.6117	107	1
1528086241.096916000	58.612	92	0
1528086241.098369000	58.6134	288	0
1528086241.100697000	58.6157	101	1
1528086241.235047000	58.7501	980	1
1528086241.235123000	58.7502	259	1
1528086241.255529000	58.7706	87	0
1528086241.261364000	58.7764	87	0
1528086241.532671000	59.0477	259	0
1528086241.534154000	59.0492	148	0
1528086241.536453000	59.0515	92	0
1528086241.536710000	59.0517	110	1
1528086241.537985000	59.053	281	0
1528086241.541739000	59.0568	98	1
1528086241.775005000	59.29	393	1
1528086241.775065000	59.2901	261	1
1528086241.794012000	59.3091	87	0
1528086241.942168000	59.4572	235	0
1528086241.943592000	59.4586	148	0
1528086241.945718000	59.4608	104	1
1528086241.946336000	59.4614	92	0
1528086241.947719000	59.4628	312	0
1528086241.949692000	59.4647	101	1
1528086242.147947000	59.663	392	1
1528086242.148037000	59.6631	258	1
1528086242.178691000	59.6937	87	0
1528086242.294761000	59.8098	281	0
1528086242.296269000	59.8113	148	0
1528086242.298763000	59.8138	104	1
1528086242.299168000	59.8142	92	0
1528086242.300677000	59.8157	123	0
1528086242.302760000	59.8178	101	1
1528086242.605125000	60.1202	388	1
1528086242.605216000	60.1203	258	1
1528086242.626311000	60.1414	87	0
1528086242.779410000	60.2944	267	0
1528086242.780781000	60.2958	148	0
1528086242.782801000	60.2978	104	1
1528086242.783501000	60.2985	92	0
1528086242.784989000	60.3	314	0
1528086242.786789000	60.3018	101	1
1528086243.805874000	61.3209	388	1
1528086243.805939000	61.321	260	1
1528086243.835035000	61.3501	87	0
1528086243.966286000	61.4813	326	0
1528086243.967701000	61.4827	148	0
1528086243.969915000	61.485	92	0
1528086243.970452000	61.4855	107	1
1528086243.971376000	61.4864	175	0
1528086243.975467000	61.4905	98	1
1528086244.084545000	61.5996	387	1
1528086244.084608000	61.5996	258	1
1528086244.104485000	61.6195	87	0
1528086244.237591000	61.7526	233	0
1528086244.238994000	61.754	148	0
1528086244.240581000	61.7556	92	0
1528086244.241469000	61.7565	107	1
1528086244.242004000	61.757	177	0
1528086244.245478000	61.7605	98	1
1528086244.372449000	61.8875	388	1
1528086244.372516000	61.8876	258	1
1528086244.390066000	61.9051	87	0
1528086244.686716000	62.2018	307	0
1528086244.688086000	62.2031	148	0
1528086244.690376000	62.2054	92	0
1528086244.690487000	62.2055	104	1
1528086244.691842000	62.2069	231	0
1528086244.694568000	62.2096	101	1
1528086244.991935000	62.507	391	1
1528086244.992002000	62.507	262	1
1528086245.012244000	62.5273	87	0
1528086245.139672000	62.6547	233	0
1528086245.141044000	62.6561	148	0
1528086245.143521000	62.6586	104	1
1528086245.144778000	62.6598	92	0
1528086245.146226000	62.6613	298	0
1528086245.148513000	62.6636	101	1
1528086245.363846000	62.8789	391	1
1528086245.363906000	62.8789	259	1
1528086245.401764000	62.9168	87	0
1528086245.541182000	63.0562	256	0
1528086245.542579000	63.0576	148	0
1528086245.545424000	63.0605	92	0
1528086245.545545000	63.0606	104	1
1528086245.546888000	63.0619	131	0
1528086245.549537000	63.0646	101	1
1528086245.806910000	63.3219	388	1
1528086245.806987000	63.322	261	1
1528086245.825767000	63.3408	87	0
1528086245.834908000	63.3499	87	0
1528086245.969930000	63.485	233	0
1528086245.971359000	63.4864	148	0
1528086245.973447000	63.4885	92	0
1528086245.973563000	63.4886	107	1
1528086245.974975000	63.49	327	0
1528086245.977483000	63.4925	101	1
1528086246.188906000	63.7039	387	1
1528086246.189000000	63.704	258	1
1528086246.209236000	63.7243	87	0
1528086246.488344000	64.0034	324	0
1528086246.489773000	64.0048	148	0
1528086246.492532000	64.0076	104	1
1528086246.687514000	64.2026	92	0
1528086246.688946000	64.204	136	0
1528086246.691611000	64.2067	101	1
1528086246.724200000	64.2392	1001	1
1528086246.724265000	64.2393	316	1
1528086246.745552000	64.2606	87	0
1528086246.749987000	64.265	87	0
1528086246.876856000	64.3919	235	0
1528086246.878284000	64.3933	148	0
1528086246.880618000	64.3957	107	1
1528086246.880926000	64.396	92	0
1528086246.882363000	64.3974	90	0
1528086246.884571000	64.3996	101	1
1528086247.010845000	64.5259	981	1
1528086247.010936000	64.526	316	1
1528086247.029451000	64.5445	87	0
1528086247.165417000	64.6805	233	0
1528086247.166842000	64.6819	148	0
1528086247.168991000	64.684	92	0
1528086247.169632000	64.6847	107	1
1528086247.170487000	64.6855	201	0
1528086247.174619000	64.6897	98	1
1528086247.222807000	64.7378	387	1
1528086247.222897000	64.7379	316	1
1528086247.241609000	64.7566	87	0
1528086247.250213000	64.7653	87	0
1528086247.381775000	64.8968	302	0
1528086247.383275000	64.8983	148	0
1528086247.384986000	64.9	92	0
1528086247.385647000	64.9007	110	1
1528086247.386457000	64.9015	235	0
1528086247.390652000	64.9057	98	1
1528086247.635773000	65.1508	392	1
1528086247.635856000	65.1509	254	1
1528086247.655250000	65.1703	87	0
1528086247.663040000	65.1781	87	0
1528086247.786687000	65.3017	233	0
1528086247.788129000	65.3032	148	0
1528086247.790219000	65.3053	92	0
1528086247.790609000	65.3056	110	1
1528086247.791688000	65.3067	224	0
1528086247.795601000	65.3106	98	1
1528086248.070846000	65.5859	387	1
1528086248.070903000	65.5859	259	1
1528086248.095303000	65.6103	87	0
1528086248.108669000	65.6237	87	0
1528086248.218459000	65.7335	235	0
1528086248.219925000	65.735	148	0
1528086248.221460000	65.7365	92	0
1528086248.222696000	65.7377	110	1
1528086248.222901000	65.7379	203	0
1528086248.226677000	65.7417	98	1
1528086248.572841000	66.0879	388	1
1528086248.572908000	66.0879	262	1
1528086248.593915000	66.109	87	0
1528086248.727384000	66.2424	259	0
1528086248.728761000	66.2438	148	0
1528086248.730457000	66.2455	92	0
1528086248.731720000	66.2468	107	1
1528086248.731850000	66.2469	256	0
1528086248.735738000	66.2508	98	1
1528086248.800972000	66.316	393	1
1528086248.801031000	66.3161	261	1
1528086248.819385000	66.3344	87	0
1528086249.008913000	66.524	303	1
1528086249.008998000	66.524	1412	1
1528086249.009033000	66.5241	1412	1
1528086249.009073000	66.5241	1412	1
1528086249.009092000	66.5241	543	1
1528086249.028175000	66.5432	87	0
1528086249.100548000	66.6156	259	0
1528086249.101974000	66.617	148	0
1528086249.103401000	66.6184	92	0
1528086249.104745000	66.6198	110	1
1528086249.104934000	66.62	230	0
1528086249.108743000	66.6238	98	1
1528086249.120415000	66.6355	389	0
1528086249.124713000	66.6398	98	1
1528086249.126183000	66.6412	80	0
1528086249.129697000	66.6447	98	1
1528086249.312025000	66.8271	387	1
1528086249.312086000	66.8271	316	1
1528086249.348358000	66.8634	87	0
1528086249.642159000	67.1572	358	0
1528086249.643582000	67.1586	148	0
1528086249.645014000	67.1601	92	0
1528086249.645774000	67.1608	107	1
1528086249.646545000	67.1616	283	0
1528086249.650704000	67.1657	98	1
1528086250.037066000	67.5521	387	1
1528086250.037156000	67.5522	259	1
1528086250.056185000	67.5712	87	0
1528086250.207996000	67.723	286	0
1528086250.209465000	67.7245	148	0
1528086250.211018000	67.7261	92	0
1528086250.211811000	67.7269	107	1
1528086250.212513000	67.7276	238	0
1528086250.215734000	67.7308	98	1
1528086250.328075000	67.8431	392	1
1528086250.328169000	67.8432	259	1
1528086250.347370000	67.8624	87	0
1528086250.487113000	68.0022	255	0
1528086250.488537000	68.0036	148	0
1528086250.489967000	68.005	92	0
1528086250.490761000	68.0058	107	1
1528086250.491612000	68.0067	337	0
1528086250.495777000	68.0108	98	1
1528086250.680138000	68.1952	390	1
1528086250.680203000	68.1952	258	1
1528086250.698350000	68.2134	87	0
1528086250.828537000	68.3436	235	0
1528086250.829982000	68.345	148	0
1528086250.831808000	68.3468	92	0
1528086250.832847000	68.3479	107	1
1528086250.833263000	68.3483	264	0
1528086250.836760000	68.3518	98	1
1528086251.096120000	68.6112	392	1
1528086251.096210000	68.6112	260	1
1528086251.114856000	68.6299	87	0
1528086251.231086000	68.7461	233	0
1528086251.232822000	68.7479	148	0
1528086251.234868000	68.7499	104	1
1528086251.235444000	68.7505	92	0
1528086251.238909000	68.7539	98	1
1528086251.274225000	68.7893	311	0
1528086251.277862000	68.7929	98	1
1528086251.414250000	68.9293	1002	1
1528086251.414342000	68.9294	263	1
1528086251.433588000	68.9486	87	0
1528086251.700863000	69.2159	324	0
1528086251.702349000	69.2174	148	0
1528086251.704375000	69.2194	92	0
1528086251.704891000	69.2199	107	1
1528086251.705849000	69.2209	283	0
1528086251.709930000	69.225	98	1
1528086251.917366000	69.4324	981	1
1528086251.917454000	69.4325	260	1
1528086251.937495000	69.4525	87	0
1528086251.943271000	69.4583	87	0
1528086252.013218000	69.5283	321	1
1528086252.013324000	69.5284	1412	1
1528086252.013361000	69.5284	1412	1
1528086252.013390000	69.5284	1412	1
1528086252.013426000	69.5285	1412	1
1528086252.013461000	69.5285	1412	1
1528086252.013495000	69.5285	1412	1
1528086252.013518000	69.5286	1412	1
1528086252.013563000	69.5286	1412	1
1528086252.013597000	69.5286	1412	1
1528086252.013632000	69.5287	1412	1
1528086252.013667000	69.5287	1412	1
1528086252.013702000	69.5287	1412	1
1528086252.013739000	69.5288	1412	1
1528086252.013784000	69.5288	963	1
1528086252.033523000	69.5486	87	0
1528086252.036554000	69.5516	87	0
1528086252.040740000	69.5558	87	0
1528086252.052777000	69.5678	232	0
1528086252.054264000	69.5693	148	0
1528086252.056754000	69.5718	92	0
1528086252.056845000	69.5719	110	1
1528086252.058218000	69.5733	159	0
1528086252.060909000	69.5759	101	1
1528086252.158508000	69.6735	384	0
1528086252.162884000	69.6779	80	0
1528086252.162973000	69.678	98	1
1528086252.166916000	69.682	98	1
1528086252.203920000	69.719	388	1
1528086252.204014000	69.7191	259	1
1528086252.241447000	69.7565	87	0
1528086252.353232000	69.8683	304	0
1528086252.354725000	69.8698	148	0
1528086252.356525000	69.8716	92	0
1528086252.356921000	69.872	107	1
1528086252.357942000	69.873	340	0
1528086252.361922000	69.877	98	1
1528086252.456155000	69.9712	388	1
1528086252.456252000	69.9713	259	1
1528086252.475480000	69.9905	87	0
1528086252.592744000	70.1078	233	0
1528086252.594285000	70.1093	148	0
1528086252.595821000	70.1109	92	0
1528086252.596886000	70.1119	107	1
1528086252.597262000	70.1123	100	0
1528086252.600895000	70.1159	98	1
1528086252.918413000	70.4335	392	1
1528086252.918504000	70.4335	264	1
1528086252.957939000	70.473	87	0
1528086253.241004000	70.756	233	0
1528086253.242484000	70.7575	148	0
1528086253.244323000	70.7594	92	0
1528086253.244983000	70.76	107	1
1528086253.245776000	70.7608	284	0
1528086253.249976000	70.765	98	1
1528086253.260137000	70.7752	387	1
1528086253.260208000	70.7752	258	1
1528086253.289955000	70.805	87	0
1528086253.417342000	70.9324	282	0
1528086253.418763000	70.9338	148	0
1528086253.420328000	70.9354	92	0
1528086253.420934000	70.936	107	1
1528086253.421774000	70.9368	187	0
1528086253.425939000	70.941	98	1
1528086253.462857000	70.9779	389	1
1528086253.462942000	70.978	259	1
1528086253.481476000	70.9965	87	0
1528086253.782004000	71.297	233	0
1528086253.783429000	71.2985	148	0
1528086253.785830000	71.3009	92	0
1528086253.785982000	71.301	107	1
1528086253.787280000	71.3023	139	0
1528086253.790934000	71.306	98	1
1528086253.964447000	71.4795	392	1
1528086253.964541000	71.4796	262	1
1528086253.982524000	71.4976	87	0
1528086254.113282000	71.6283	235	0
1528086254.114770000	71.6298	148	0
1528086254.116209000	71.6312	92	0
1528086254.117015000	71.6321	107	1
1528086254.117669000	71.6327	112	0
1528086254.121007000	71.636	98	1
1528086254.443197000	71.9582	389	1
1528086254.443263000	71.9583	260	1
1528086254.463319000	71.9784	87	0
1528086254.578000000	72.093	360	0
1528086254.579474000	72.0945	148	0
1528086254.582026000	72.0971	104	1
1528086254.583085000	72.0981	92	0
1528086254.584603000	72.0996	233	0
1528086254.586984000	72.102	101	1
1528086254.862527000	72.3776	389	1
1528086254.862615000	72.3777	262	1
1528086254.880645000	72.3957	87	0
1528086254.888262000	72.4033	87	0
1528086254.996191000	72.5112	283	0
1528086254.997610000	72.5127	148	0
1528086254.999629000	72.5147	92	0
1528086255.000002000	72.515	110	1
1528086255.001081000	72.5161	88	0
1528086255.005016000	72.5201	98	1
1528086255.105771000	72.6208	390	1
1528086255.105842000	72.6209	259	1
1528086255.124269000	72.6393	87	0
1528086255.245011000	72.7601	233	0
1528086255.246434000	72.7615	148	0
1528086255.248302000	72.7633	92	0
1528086255.249033000	72.7641	107	1
1528086255.249837000	72.7649	224	0
1528086255.254055000	72.7691	98	1
1528086255.400619000	72.9157	392	1
1528086255.400680000	72.9157	261	1
1528086255.433154000	72.9482	87	0
1528086255.558062000	73.0731	258	0
1528086255.559491000	73.0745	148	0
1528086255.560944000	73.076	92	0
1528086255.562032000	73.0771	107	1
1528086255.562387000	73.0774	194	0
1528086255.566034000	73.0811	98	1
1528086255.733374000	73.2484	999	1
1528086255.733463000	73.2485	259	1
1528086255.752859000	73.2679	87	0
1528086255.761244000	73.2763	87	0
1528086255.880307000	73.3953	235	0
1528086255.881736000	73.3968	148	0
1528086255.883168000	73.3982	92	0
1528086255.884082000	73.3991	110	1
1528086255.884629000	73.3997	98	0
1528086255.888095000	73.4031	98	1
1528086256.094476000	73.6095	982	1
1528086256.094539000	73.6096	259	1
1528086256.114812000	73.6299	87	0
1528086256.121873000	73.6369	87	0
1528086256.255354000	73.7704	324	0
1528086256.256786000	73.7718	148	0
1528086256.258350000	73.7734	92	0
1528086256.259128000	73.7742	110	1
1528086256.259724000	73.7748	203	0
1528086256.263126000	73.7782	98	1
1528086256.611520000	74.1266	388	1
1528086256.611580000	74.1266	262	1
1528086256.631991000	74.147	87	0
1528086256.639657000	74.1547	87	0
1528086256.775008000	74.29	235	0
1528086256.776451000	74.2915	148	0
1528086256.778951000	74.294	92	0
1528086256.779185000	74.2942	110	1
1528086256.780423000	74.2955	281	0
1528086256.784144000	74.2992	98	1
1528086256.907434000	74.4225	392	1
1528086256.907523000	74.4226	258	1
1528086256.929316000	74.4444	87	0
1528086257.195955000	74.711	235	0
1528086257.197388000	74.7124	148	0
1528086257.199852000	74.7149	92	0
1528086257.200128000	74.7152	107	1
1528086257.201316000	74.7164	166	0
1528086257.205253000	74.7203	98	1
1528086257.311225000	74.8263	389	1
1528086257.311289000	74.8263	262	1
1528086257.334562000	74.8496	87	0
1528086257.339683000	74.8547	87	0
1528086257.462452000	74.9775	258	0
1528086257.463915000	74.979	148	0
1528086257.466173000	74.9812	107	1
1528086257.467876000	74.9829	92	0
1528086257.469322000	74.9844	138	0
1528086257.471251000	74.9863	101	1
1528086257.567476000	75.0825	389	1
1528086257.567540000	75.0826	259	1
1528086257.610242000	75.1253	389	1
1528086257.610356000	75.1254	87	0
1528086257.632545000	75.1476	87	0
1528086257.730735000	75.2458	279	0
1528086257.732159000	75.2472	148	0
1528086257.733538000	75.2486	92	0
1528086257.734238000	75.2493	110	1
1528086257.735174000	75.2502	290	0
1528086257.739247000	75.2543	98	1
1528086257.893435000	75.4085	392	1
1528086257.893524000	75.4086	260	1
1528086257.912350000	75.4274	87	0
1528086258.070225000	75.5853	236	0
1528086258.071645000	75.5867	148	0
1528086258.074273000	75.5893	104	1
1528086258.075139000	75.5902	92	0
1528086258.076575000	75.5916	160	0
1528086258.079257000	75.5943	101	1
1528086258.296555000	75.8116	389	1
1528086258.296648000	75.8117	259	1
1528086258.315430000	75.8305	87	0
1528086258.442404000	75.9574	259	0
1528086258.443904000	75.9589	148	0
1528086258.445439000	75.9605	92	0
1528086258.446272000	75.9613	107	1
1528086258.446880000	75.9619	201	0
1528086258.450294000	75.9653	98	1
1528086259.117692000	76.6327	389	1
1528086259.117754000	76.6328	261	1
1528086259.135299000	76.6503	87	0
1528086259.243322000	76.7584	259	0
1528086259.244930000	76.76	148	0
1528086259.247265000	76.7623	104	1
1528086259.247675000	76.7627	92	0
1528086259.249148000	76.7642	246	0
1528086259.251285000	76.7663	101	1
1528086259.380926000	76.896	390	1
1528086259.381012000	76.8961	259	1
1528086259.400763000	76.9158	87	0
1528086259.534183000	77.0492	255	0
1528086259.536313000	77.0514	148	0
1528086259.537877000	77.0529	92	0
1528086259.538338000	77.0534	107	1
1528086259.539310000	77.0543	280	0
1528086259.543257000	77.0583	98	1
1528086259.751540000	77.2666	386	1
1528086259.751606000	77.2666	261	1
1528086259.769039000	77.2841	87	0
1528086259.779986000	77.295	87	0
1528086259.897218000	77.4123	233	0
1528086259.898586000	77.4136	148	0
1528086259.900936000	77.416	92	0
1528086259.901299000	77.4163	110	1
1528086259.902387000	77.4174	258	0
1528086259.906406000	77.4214	98	1
1528086260.094087000	77.6091	391	1
1528086260.094147000	77.6092	259	1
1528086260.113712000	77.6288	87	0
1528086260.236613000	77.7517	333	0
1528086260.237991000	77.753	148	0
1528086260.240382000	77.7554	104	1
1528086260.242350000	77.7574	92	0
1528086260.243991000	77.759	203	0
1528086260.246284000	77.7613	101	1
1528086260.395709000	77.9107	386	1
1528086260.395774000	77.9108	259	1
1528086260.415663000	77.9307	87	0
1528086260.422040000	77.9371	87	0
1528086260.556544000	78.0716	306	0
1528086260.557975000	78.073	148	0
1528086260.559506000	78.0745	92	0
1528086260.560399000	78.0754	110	1
1528086260.560936000	78.076	96	0
1528086260.564347000	78.0794	98	1
1528086261.806031000	79.3211	1001	1
1528086261.806096000	79.3211	261	1
1528086261.825624000	79.3407	87	0
1528086261.830548000	79.3456	87	0
1528086261.955770000	79.4708	258	0
1528086261.957329000	79.4724	148	0
1528086261.959675000	79.4747	107	1
1528086261.960011000	79.4751	92	0
1528086261.961509000	79.4765	300	0
1528086261.963591000	79.4786	101	1
1528086262.107048000	79.6221	985	1
1528086262.107112000	79.6222	316	1
1528086262.126967000	79.642	87	0
1528086262.242095000	79.7571	235	0
1528086262.243574000	79.7586	148	0
1528086262.245679000	79.7607	104	1
1528086262.247610000	79.7627	92	0
1528086262.248997000	79.764	153	0
1528086262.251702000	79.7667	101	1
1528086262.549060000	80.0641	392	1
1528086262.549121000	80.0642	440	1
1528086262.567252000	80.0823	87	0
1528086262.702559000	80.2176	256	0
1528086262.703991000	80.219	148	0
1528086262.706380000	80.2214	92	0
1528086262.706654000	80.2217	107	1
1528086262.707849000	80.2229	230	0
1528086262.711661000	80.2267	98	1
1528086262.834863000	80.3499	387	1
1528086262.834933000	80.35	316	1
1528086262.853429000	80.3685	87	0
1528086262.997709000	80.5127	304	0
1528086262.999147000	80.5142	148	0
1528086263.001686000	80.5167	92	0
1528086263.001766000	80.5168	104	1
1528086263.003155000	80.5182	291	0
1528086263.005693000	80.5207	101	1
1528086263.078140000	80.5932	393	1
1528086263.078228000	80.5933	254	1
1528086263.098273000	80.6133	87	0
1528086263.218079000	80.7331	235	0
1528086263.219551000	80.7346	148	0
1528086263.221741000	80.7368	104	1
1528086263.221809000	80.7368	92	0
1528086263.223396000	80.7384	191	0
1528086263.225733000	80.7408	101	1
1528086264.263737000	81.7788	370	1
1528086264.263822000	81.7789	1412	1
1528086264.263847000	81.7789	1412	1
1528086264.263869000	81.7789	1412	1
1528086264.263933000	81.779	1366	1
1528086264.284155000	81.7992	87	0
1528086264.376889000	81.8919	415	0
1528086264.380399000	81.8954	101	1
1528086264.383515000	81.8986	80	0
1528086264.387344000	81.9024	98	1
1528086264.466765000	81.9818	389	1
1528086264.466853000	81.9819	259	1
1528086264.487167000	82.0022	87	0
1528086264.624353000	82.1394	278	0
1528086264.625781000	82.1408	148	0
1528086264.627990000	82.143	92	0
1528086264.628415000	82.1435	107	1
1528086264.629445000	82.1445	278	0
1528086264.633421000	82.1485	98	1
1528086264.753712000	82.2688	387	1
1528086264.753771000	82.2688	259	1
1528086264.776771000	82.2918	87	0
1528086264.897267000	82.4123	233	0
1528086264.898617000	82.4137	148	0
1528086264.901431000	82.4165	104	1
1528086264.901627000	82.4167	92	0
1528086264.903019000	82.4181	206	0
1528086264.905354000	82.4204	101	1
1528086265.024785000	82.5398	388	1
1528086265.024843000	82.5399	261	1
1528086265.061443000	82.5765	388	1
1528086265.071989000	82.587	87	0
1528086265.079215000	82.5943	87	0
1528086265.201226000	82.7163	232	0
1528086265.202671000	82.7177	148	0
1528086265.205438000	82.7205	92	0
1528086265.205496000	82.7205	107	1
1528086265.206950000	82.722	154	0
1528086265.209453000	82.7245	101	1
1528086265.458931000	82.974	386	1
1528086265.458997000	82.974	259	1
1528086265.479572000	82.9946	87	0
1528086265.603741000	83.1188	281	0
1528086265.605171000	83.1202	148	0
1528086265.607472000	83.1225	104	1
1528086265.607902000	83.1229	92	0
1528086265.609350000	83.1244	253	0
1528086265.611459000	83.1265	101	1
1528086265.856380000	83.3714	388	1
1528086265.856464000	83.3715	261	1
1528086265.874989000	83.39	87	0
1528086265.991481000	83.5065	232	0
1528086265.992980000	83.508	148	0
1528086265.994461000	83.5095	92	0
1528086265.995495000	83.5105	107	1
1528086265.998512000	83.5136	284	0
1528086266.002510000	83.5175	98	1
1528086266.182770000	83.6978	390	1
1528086266.182862000	83.6979	259	1
1528086266.201870000	83.7169	87	0
1528086266.331941000	83.847	256	0
1528086266.333428000	83.8485	148	0
1528086266.335098000	83.8501	92	0
1528086266.335510000	83.8505	107	1
1528086266.336544000	83.8516	216	0
1528086266.340497000	83.8555	98	1
1528086266.557895000	84.0729	1002	1
1528086266.557959000	84.073	222	1
1528086266.576937000	84.092	87	0
1528086266.585082000	84.1001	87	0
1528086266.697690000	84.2127	337	0
1528086266.699115000	84.2142	148	0
1528086266.701475000	84.2165	107	1
1528086266.701657000	84.2167	92	0
1528086266.703105000	84.2181	207	0
1528086266.705477000	84.2205	101	1
1528086266.791836000	84.3069	985	1
1528086266.791927000	84.307	316	1
1528086266.816415000	84.3315	87	0
1528086266.934384000	84.4494	286	0
1528086266.935825000	84.4509	148	0
1528086266.937383000	84.4524	92	0
1528086266.938548000	84.4536	107	1
1528086266.938825000	84.4539	210	0
1528086266.942561000	84.4576	98	1
1528086267.022521000	84.5376	388	1
1528086267.022592000	84.5376	254	1
1528086267.053246000	84.5683	87	0
1528086267.161777000	84.6768	236	0
1528086267.163210000	84.6782	148	0
1528086267.165126000	84.6802	92	0
1528086267.165485000	84.6805	107	1
1528086267.166585000	84.6816	152	0
1528086267.170482000	84.6855	98	1
1528086269.460426000	86.9755	392	1
1528086269.460492000	86.9755	258	1
1528086269.479506000	86.9945	87	0
1528086269.600888000	87.1159	258	0
1528086269.602379000	87.1174	148	0
1528086269.604575000	87.1196	92	0
1528086269.604841000	87.1199	107	1
1528086269.605989000	87.121	167	0
1528086269.609887000	87.1249	98	1
1528086269.684486000	87.1995	393	1
1528086269.684548000	87.1996	261	1
1528086269.704787000	87.2198	87	0
1528086269.836760000	87.3518	233	0
1528086269.838200000	87.3532	148	0
1528086269.840908000	87.3559	104	1
1528086269.841810000	87.3568	92	0
1528086269.843252000	87.3583	130	0
1528086269.845836000	87.3609	101	1
1528086270.085760000	87.6008	388	1
1528086270.085846000	87.6009	259	1
1528086270.107191000	87.6222	87	0
1528086270.111073000	87.6261	87	0
1528086270.217039000	87.7321	300	0
1528086270.218458000	87.7335	148	0
1528086270.220880000	87.7359	107	1
1528086270.221929000	87.737	92	0
1528086270.223369000	87.7384	134	0
1528086270.226112000	87.7412	101	1
1528086270.421078000	87.9361	387	1
1528086270.421167000	87.9362	258	1
1528086270.439013000	87.9541	87	0
1528086270.512632000	88.0277	303	1
1528086270.512736000	88.0278	1412	1
1528086270.512775000	88.0278	1412	1
1528086270.512804000	88.0278	1412	1
1528086270.512827000	88.0279	551	1
1528086270.532554000	88.0476	87	0
1528086270.537705000	88.0527	87	0
1528086270.544720000	88.0598	256	0
1528086270.546165000	88.0612	148	0
1528086270.548955000	88.064	110	1
1528086270.549284000	88.0643	92	0
1528086270.550732000	88.0658	221	0
1528086270.552963000	88.068	101	1
1528086270.627783000	88.1428	399	0
1528086270.631960000	88.147	98	1
1528086270.634426000	88.1495	80	0
1528086270.637951000	88.153	98	1
1528086270.834219000	88.3493	391	1
1528086270.834282000	88.3493	262	1
1528086270.862893000	88.3779	87	0
1528086270.883360000	88.3984	87	0
1528086270.997926000	88.513	279	0
1528086270.999358000	88.5144	148	0
1528086271.000781000	88.5158	92	0
1528086271.001981000	88.517	110	1
1528086271.002243000	88.5173	122	0
1528086271.005990000	88.521	98	1
1528086271.124551000	88.6396	388	1
1528086271.124631000	88.6397	259	1
1528086271.143329000	88.6584	87	0
1528086271.272060000	88.7871	256	0
1528086271.273488000	88.7885	148	0
1528086271.275490000	88.7905	92	0
1528086271.275999000	88.791	107	1
1528086271.276954000	88.792	210	0
1528086271.280991000	88.796	98	1
1528086271.514430000	89.0295	391	1
1528086271.514518000	89.0296	260	1
1528086271.533211000	89.0483	87	0
1528086271.539394000	89.0544	87	0
1528086271.661104000	89.1761	233	0
1528086271.662579000	89.1776	148	0
1528086271.664495000	89.1795	92	0
1528086271.664935000	89.18	110	1
1528086271.666067000	89.1811	224	0
1528086271.669988000	89.185	98	1
1528086271.737085000	89.2521	391	1
1528086271.737175000	89.2522	259	1
1528086271.757435000	89.2725	87	0
1528086271.879009000	89.394	256	0
1528086271.880445000	89.3955	148	0
1528086271.883034000	89.3981	104	1
1528086271.884001000	89.399	92	0
1528086271.885508000	89.4005	148	0
1528086271.888013000	89.4031	101	1
1528086272.016224000	89.5313	998	1
1528086272.016312000	89.5314	258	1
1528086272.035273000	89.5503	87	0
1528086272.172487000	89.6875	237	0
1528086272.173992000	89.689	148	0
1528086272.176019000	89.6911	104	1
1528086272.176274000	89.6913	92	0
1528086272.177719000	89.6928	160	0
1528086272.180036000	89.6951	101	1
1528086272.430207000	89.9452	402	1
1528086272.430275000	89.9453	260	1
1528086272.450690000	89.9657	87	0
1528086272.456383000	89.9714	87	0
1528086272.586122000	90.1012	256	0
1528086272.587553000	90.1026	148	0
1528086272.590039000	90.1051	107	1
1528086272.590961000	90.106	92	0
1528086272.592411000	90.1075	310	0
1528086272.594984000	90.11	101	1
1528086272.781352000	90.2964	969	1
1528086272.781445000	90.2965	259	1
1528086272.804165000	90.3192	87	0
1528086272.814960000	90.33	87	0
1528086272.942119000	90.4572	337	0
1528086272.943576000	90.4586	148	0
1528086272.945691000	90.4607	92	0
1528086272.946027000	90.4611	110	1
1528086272.947162000	90.4622	330	0
1528086272.951028000	90.4661	98	1
1528086273.278319000	90.7934	393	1
1528086273.278416000	90.7935	264	1
1528086273.308356000	90.8234	87	0
1528086273.432950000	90.948	306	0
1528086273.434472000	90.9495	148	0
1528086273.437066000	90.9521	104	1
1528086273.438894000	90.9539	92	0
1528086273.440345000	90.9554	279	0
1528086273.443083000	90.9581	101	1
1528086273.621599000	91.1366	386	1
1528086273.621660000	91.1367	259	1
1528086273.639900000	91.1549	87	0
1528086273.769822000	91.2849	233	0
1528086273.771307000	91.2863	148	0
1528086273.774087000	91.2891	104	1
1528086273.774124000	91.2892	92	0
1528086273.775672000	91.2907	297	0
1528086273.778069000	91.2931	101	1
1528086273.932316000	91.4474	388	1
1528086273.932382000	91.4474	259	1
1528086273.952567000	91.4676	87	0
1528086273.962136000	91.4772	87	0
1528086274.076547000	91.5916	235	0
1528086274.078054000	91.5931	148	0
1528086274.079601000	91.5946	92	0
1528086274.080094000	91.5951	110	1
1528086274.081080000	91.5961	322	0
1528086274.085094000	91.6001	98	1
1528086274.279479000	91.7945	393	1
1528086274.279540000	91.7946	261	1
1528086274.298804000	91.8138	87	0
1528086274.439937000	91.955	256	0
1528086274.441377000	91.9564	148	0
1528086274.442935000	91.958	92	0
1528086274.444124000	91.9592	107	1
1528086274.444444000	91.9595	255	0
1528086274.448104000	91.9631	98	1
1528086274.484362000	91.9994	256	0
1528086274.488131000	92.0032	98	1
1528086274.690021000	92.2051	388	1
1528086274.690094000	92.2051	259	1
1528086274.709913000	92.225	87	0
1528086274.848497000	92.3635	304	0
1528086274.849992000	92.365	148	0
1528086274.852199000	92.3672	104	1
1528086274.852621000	92.3677	92	0
1528086274.854089000	92.3691	222	0
1528086274.856115000	92.3712	101	1
1528086275.003303000	92.5183	389	1
1528086275.003367000	92.5184	259	1
1528086275.023788000	92.5388	87	0
1528086275.151863000	92.6669	232	0
1528086275.153292000	92.6683	148	0
1528086275.155520000	92.6706	92	0
1528086275.156211000	92.6713	107	1
1528086275.156992000	92.672	200	0
1528086275.161197000	92.6762	98	1
1528086275.721630000	93.2367	391	1
1528086275.721725000	93.2368	263	1
1528086275.752419000	93.2675	87	0
1528086275.891236000	93.4063	256	0
1528086275.892709000	93.4077	148	0
1528086275.894221000	93.4093	92	0
1528086275.895254000	93.4103	107	1
1528086275.895698000	93.4107	266	0
1528086275.899242000	93.4143	98	1
1528086275.978569000	93.4936	387	1
1528086275.978629000	93.4937	261	1
1528086275.997682000	93.5127	87	0
1528086276.014832000	93.5299	87	0
1528086276.126362000	93.6414	233	0
1528086276.127851000	93.6429	148	0
1528086276.130232000	93.6453	92	0
1528086276.130282000	93.6453	107	1
1528086276.131693000	93.6467	335	0
1528086276.134257000	93.6493	101	1
1528086276.276629000	93.7917	390	1
1528086276.276720000	93.7918	259	1
1528086276.316360000	93.8314	87	0
1528086276.321043000	93.8361	87	0
1528086276.425851000	93.9409	302	0
1528086276.427290000	93.9423	148	0
1528086276.429205000	93.9442	107	1
1528086276.429607000	93.9446	92	0
1528086276.431074000	93.9461	280	0
1528086276.433221000	93.9483	101	1
1528086276.635626000	94.1507	998	1
1528086276.635718000	94.1508	261	1
1528086276.654443000	94.1695	87	0
1528086276.660066000	94.1751	87	0
1528086276.778032000	94.2931	233	0
1528086276.779516000	94.2946	148	0
1528086276.782304000	94.2973	107	1
1528086276.782352000	94.2974	92	0
1528086276.783943000	94.299	127	0
1528086276.786289000	94.3013	101	1
1528086277.122481000	94.6375	404	1
1528086277.122541000	94.6376	222	1
1528086277.157292000	94.6723	87	0
1528086277.283824000	94.7989	258	0
1528086277.285266000	94.8003	148	0
1528086277.286844000	94.8019	92	0
1528086277.287333000	94.8024	107	1
1528086277.288300000	94.8033	249	0
1528086277.292345000	94.8074	98	1
1528086277.419594000	94.9346	972	1
1528086277.419686000	94.9347	316	1
1528086277.440431000	94.9555	87	0
1528086277.549962000	95.065	256	0
1528086277.551344000	95.0664	148	0
1528086277.554280000	95.0693	104	1
1528086277.554599000	95.0696	92	0
1528086277.556049000	95.0711	286	0
1528086277.558262000	95.0733	101	1
1528086277.648638000	95.1637	388	1
1528086277.648698000	95.1637	316	1
1528086277.672350000	95.1874	87	0
1528086277.799311000	95.3144	233	0
1528086277.800740000	95.3158	148	0
1528086277.802991000	95.318	92	0
1528086277.803368000	95.3184	107	1
1528086277.804516000	95.3196	285	0
1528086277.808293000	95.3233	98	1
1528086277.876354000	95.3914	388	1
1528086277.876406000	95.3914	316	1
1528086277.894243000	95.4093	87	0
1528086278.012010000	95.5271	233	0
1528086278.013419000	95.5285	148	0
1528086278.015707000	95.5307	92	0
1528086278.016374000	95.5314	107	1
1528086278.017148000	95.5322	271	0
1528086278.021381000	95.5364	98	1
1528086278.303490000	95.8185	391	1
1528086278.303551000	95.8186	254	1
1528086278.324157000	95.8392	87	0
1528086278.434413000	95.9495	360	0
1528086278.435901000	95.9509	148	0
1528086278.438400000	95.9534	104	1
1528086278.439082000	95.9541	92	0
1528086278.440571000	95.9556	321	0
1528086278.442385000	95.9574	101	1
1528086278.766729000	96.2818	392	1
1528086278.766837000	96.2819	261	1
1528086278.785712000	96.3008	87	0
1528086278.906272000	96.4213	284	0
1528086278.907692000	96.4227	148	0
1528086278.910082000	96.4251	92	0
1528086278.910352000	96.4254	107	1
1528086278.911584000	96.4266	190	0
1528086278.915440000	96.4305	98	1
1528086279.044459000	96.5595	391	1
1528086279.044526000	96.5596	258	1
1528086279.064503000	96.5795	87	0
1528086279.181334000	96.6964	235	0
1528086279.182769000	96.6978	148	0
1528086279.184369000	96.6994	92	0
1528086279.185443000	96.7005	107	1
1528086279.185767000	96.7008	306	0
1528086279.189452000	96.7045	98	1
1528086279.258565000	96.7736	389	1
1528086279.258630000	96.7737	259	1
1528086279.278414000	96.7935	87	0
1528086279.558020000	97.0731	256	0
1528086279.559461000	97.0745	148	0
1528086279.560945000	97.076	92	0
1528086279.561457000	97.0765	107	1
1528086279.562412000	97.0775	127	0
1528086279.566452000	97.0815	98	1
1528086279.791807000	97.3068	392	1
1528086279.791899000	97.3069	262	1
1528086279.810217000	97.3253	87	0
1528086279.944920000	97.46	233	0
1528086279.946352000	97.4614	148	0
1528086279.948495000	97.4635	104	1
1528086279.949452000	97.4645	92	0
1528086279.950965000	97.466	201	0
1528086279.953514000	97.4686	101	1
1528086280.088821000	97.6039	391	1
1528086280.088881000	97.6039	259	1
1528086280.108008000	97.623	87	0
1528086280.216806000	97.7318	300	0
1528086280.218250000	97.7333	148	0
1528086280.219994000	97.735	92	0
1528086280.220444000	97.7355	107	1
1528086280.221498000	97.7365	171	0
1528086280.225431000	97.7405	98	1
1528086280.373815000	97.8889	996	1
1528086280.373879000	97.8889	261	1
1528086280.394468000	97.9095	87	0
1528086280.500499000	98.0155	258	0
1528086280.501911000	98.017	148	0
1528086280.503897000	98.0189	92	0
1528086280.504487000	98.0195	107	1
1528086280.505325000	98.0204	89	0
1528086280.509542000	98.0246	98	1
1528086280.696289000	98.2113	401	1
1528086280.696381000	98.2114	259	1
1528086280.715009000	98.23	87	0
1528086280.821212000	98.3363	232	0
1528086280.822638000	98.3377	148	0
1528086280.825192000	98.3402	92	0
1528086280.825460000	98.3405	107	1
1528086280.826575000	98.3416	178	0
1528086280.830544000	98.3456	98	1
1528086281.023032000	98.5381	387	1
1528086281.023127000	98.5382	261	1
1528086281.043702000	98.5587	87	0
1528086281.178296000	98.6933	233	0
1528086281.179729000	98.6948	148	0
1528086281.181670000	98.6967	92	0
1528086281.182557000	98.6976	107	1
1528086281.183096000	98.6981	112	0
1528086281.186563000	98.7016	98	1
1528086281.370630000	98.8857	968	1
1528086281.370694000	98.8857	258	1
1528086281.401454000	98.9165	87	0
1528086281.533006000	99.048	304	0
1528086281.535368000	99.0504	148	0
1528086281.536581000	99.0516	104	1
1528086281.536948000	99.052	92	0
1528086281.538396000	99.0534	294	0
1528086281.540563000	99.0556	101	1
1528086282.575862000	100.091	389	1
1528086282.575952000	100.091	261	1
1528086282.594427000	100.109	87	0
1528086282.711617000	100.227	256	0
1528086282.713045000	100.228	148	0
1528086282.715787000	100.231	104	1
1528086282.716555000	100.232	92	0
1528086282.718005000	100.233	200	0
1528086282.719793000	100.235	101	1
1528086282.905596000	100.421	387	1
1528086282.905688000	100.421	261	1
1528086282.943858000	100.459	387	1
1528086282.959147000	100.474	87	0
1528086282.979630000	100.495	87	0
1528086283.075254000	100.59	235	0
1528086283.076697000	100.592	148	0
1528086283.078787000	100.594	107	1
1528086283.079096000	100.594	92	0
1528086283.080541000	100.596	317	0
1528086283.082816000	100.598	101	1
1528086283.319376000	100.834	388	1
1528086283.319470000	100.835	259	1
1528086283.338711000	100.854	87	0
1528086283.478207000	100.993	281	0
1528086283.479689000	100.995	148	0
1528086283.481820000	100.997	104	1
1528086283.482019000	100.997	92	0
1528086283.483470000	100.999	260	0
1528086283.485825000	101.001	101	1
1528086283.597138000	101.112	393	1
1528086283.597225000	101.112	260	1
1528086283.620495000	101.136	87	0
1528086283.625483000	101.141	87	0
1528086283.741950000	101.257	233	0
1528086283.743375000	101.258	148	0
1528086283.745406000	101.26	92	0
1528086283.745834000	101.261	110	1
1528086283.746853000	101.262	193	0
1528086283.750868000	101.266	98	1
1528086283.810953000	101.326	387	1
1528086283.811050000	101.326	259	1
1528086283.828994000	101.344	87	0
1528086283.944408000	101.459	232	0
1528086283.945843000	101.461	148	0
1528086283.947384000	101.462	92	0
1528086283.947903000	101.463	107	1
1528086283.948870000	101.464	192	0
1528086283.952897000	101.468	98	1
1528086284.120273000	101.635	386	1
1528086284.120332000	101.635	259	1
1528086284.140032000	101.655	87	0
1528086284.270910000	101.786	360	0
1528086284.272329000	101.787	148	0
1528086284.274152000	101.789	92	0
1528086284.274925000	101.79	107	1
1528086284.275615000	101.791	200	0
1528086284.278909000	101.794	98	1
1528086284.437108000	101.952	393	1
1528086284.437168000	101.952	263	1
1528086284.457345000	101.972	87	0
1528086284.575502000	102.091	286	0
1528086284.576957000	102.092	148	0
1528086284.578940000	102.094	104	1
1528086284.579461000	102.095	92	0
1528086284.580903000	102.096	245	0
1528086284.582942000	102.098	101	1
1528086284.917373000	102.432	388	1
1528086284.917445000	102.432	259	1
1528086284.935911000	102.451	87	0
1528086285.051228000	102.566	232	0
1528086285.052710000	102.568	148	0
1528086285.054971000	102.57	104	1
1528086285.056933000	102.572	92	0
1528086285.058439000	102.573	312	0
1528086285.060886000	102.576	101	1
1528086285.334159000	102.849	390	1
1528086285.334249000	102.849	262	1
1528086285.353251000	102.868	87	0
1528086285.477666000	102.993	256	0
1528086285.479028000	102.994	148	0
1528086285.481042000	102.996	92	0
1528086285.481994000	102.997	107	1
1528086285.482563000	102.998	117	0
1528086285.485993000	103.001	98	1
1528086285.665345000	103.18	1001	1
1528086285.665437000	103.18	259	1
1528086285.687281000	103.202	87	0
1528086285.829375000	103.344	232	0
1528086285.830866000	103.346	148	0
1528086285.833014000	103.348	104	1
1528086285.833240000	103.348	92	0
1528086285.834843000	103.35	124	0
1528086285.836998000	103.352	101	1
1528086286.153459000	103.668	399	1
1528086286.153548000	103.669	262	1
1528086286.177780000	103.693	87	0
1528086286.181811000	103.697	87	0
1528086286.293383000	103.808	324	0
1528086286.294910000	103.81	148	0
1528086286.297037000	103.812	107	1
1528086286.297202000	103.812	92	0
1528086286.298724000	103.814	315	0
1528086286.301014000	103.816	101	1
1528086286.475453000	103.99	968	1
1528086286.475545000	103.991	259	1
1528086286.496623000	104.012	87	0
1528086286.500091000	104.015	87	0
1528086286.634000000	104.149	235	0
1528086286.635496000	104.151	148	0
1528086286.637405000	104.152	92	0
1528086286.638029000	104.153	110	1
1528086286.639360000	104.154	196	0
1528086286.643033000	104.158	98	1
1528086286.854269000	104.369	392	1
1528086286.854366000	104.369	261	1
1528086286.871994000	104.387	87	0
1528086287.004848000	104.52	235	0
1528086287.006278000	104.521	148	0
1528086287.008074000	104.523	92	0
1528086287.009026000	104.524	107	1
1528086287.009601000	104.525	256	0
1528086287.012986000	104.528	98	1
1528086287.360566000	104.876	389	1
1528086287.360632000	104.876	260	1
1528086287.380516000	104.896	87	0
1528086287.383454000	104.898	87	0
1528086287.494835000	105.01	258	0
1528086287.496320000	105.011	148	0
1528086287.497678000	105.013	92	0
1528086287.499048000	105.014	110	1
1528086287.499164000	105.014	316	0
1528086287.503064000	105.018	98	1
1528086287.683470000	105.199	389	1
1528086287.683530000	105.199	261	1
1528086287.703348000	105.218	87	0
1528086287.849556000	105.365	281	0
1528086287.851000000	105.366	148	0
1528086287.852489000	105.368	92	0
1528086287.853081000	105.368	107	1
1528086287.853991000	105.369	229	0
1528086287.858082000	105.373	98	1
1528086288.152237000	105.667	388	1
1528086288.152300000	105.667	259	1
1528086288.184356000	105.699	87	0
1528086288.322107000	105.837	258	0
1528086288.323625000	105.839	148	0
1528086288.326038000	105.841	92	0
1528086288.326113000	105.841	104	1
1528086288.327509000	105.843	133	0
1528086288.330091000	105.845	101	1
1528086288.570542000	106.086	388	1
1528086288.570607000	106.086	262	1
1528086288.588346000	106.103	87	0
1528086288.710346000	106.225	233	0
1528086288.711774000	106.227	148	0
1528086288.714180000	106.229	104	1
1528086288.729950000	106.245	92	0
1528086288.731555000	106.247	181	0
1528086288.734201000	106.249	101	1
1528086288.903348000	106.418	391	1
1528086288.903419000	106.418	258	1
1528086288.923146000	106.438	87	0
1528086288.929858000	106.445	87	0
1528086289.075290000	106.59	255	0
1528086289.076833000	106.592	148	0
1528086289.078744000	106.594	92	0
1528086289.079196000	106.594	110	1
1528086289.080148000	106.595	237	0
1528086289.084183000	106.599	98	1
1528086289.315473000	106.831	391	1
1528086289.315533000	106.831	260	1
1528086289.333872000	106.849	87	0
1528086289.449201000	106.964	256	0
1528086289.450594000	106.966	148	0
1528086289.453154000	106.968	104	1
1528086289.453376000	106.968	92	0
1528086289.454956000	106.97	340	0
1528086289.457174000	106.972	101	1
1528086289.659670000	107.175	388	1
1528086289.659765000	107.175	259	1
1528086289.686542000	107.202	87	0
1528086289.821458000	107.336	233	0
1528086289.822883000	107.338	148	0
1528086289.824991000	107.34	92	0
1528086289.825238000	107.34	107	1
1528086289.826574000	107.342	300	0
1528086289.830250000	107.345	98	1
1528086290.138455000	107.653	388	1
1528086290.138516000	107.654	260	1
1528086290.156707000	107.672	87	0
1528086290.173682000	107.689	87	0
1528086290.313748000	107.829	358	0
1528086290.315175000	107.83	148	0
1528086290.317991000	107.833	92	0
1528086290.318258000	107.833	110	1
1528086290.319442000	107.834	230	0
1528086290.323271000	107.838	98	1
1528086290.588702000	108.104	1002	1
1528086290.588781000	108.104	262	1
1528086290.610680000	108.126	87	0
1528086290.618459000	108.133	87	0
1528086290.739317000	108.254	284	0
1528086290.740790000	108.256	148	0
1528086290.743317000	108.258	107	1
1528086290.745273000	108.26	92	0
1528086290.746792000	108.262	289	0
1528086290.749223000	108.264	101	1
1528086290.869572000	108.385	400	1
1528086290.869662000	108.385	261	1
1528086290.888466000	108.404	87	0
1528086291.010018000	108.525	233	0
1528086291.011504000	108.527	148	0
1528086291.014225000	108.529	92	0
1528086291.014271000	108.529	104	1
1528086291.015694000	108.531	189	0
1528086291.018237000	108.533	101	1
1528086291.242664000	108.758	971	1
1528086291.242735000	108.758	259	1
1528086291.262885000	108.778	87	0
1528086291.267148000	108.782	87	0
1528086291.386642000	108.902	256	0
1528086291.388031000	108.903	148	0
1528086291.389804000	108.905	92	0
1528086291.390323000	108.905	110	1
1528086291.391570000	108.907	90	0
1528086291.395339000	108.91	98	1
1528086291.616475000	109.132	388	1
1528086291.616562000	109.132	259	1
1528086291.635799000	109.151	87	0
1528086291.755093000	109.27	233	0
1528086291.757330000	109.272	148	0
1528086291.759319000	109.274	92	0
1528086291.759364000	109.274	104	1
1528086291.760885000	109.276	159	0
1528086291.763337000	109.278	101	1
1528086291.992445000	109.507	391	1
1528086291.992564000	109.508	261	1
1528086292.011037000	109.526	87	0
1528086292.132930000	109.648	303	0
1528086292.134377000	109.649	148	0
1528086292.136371000	109.651	104	1
1528086292.136562000	109.652	92	0
1528086292.137991000	109.653	200	0
1528086292.140359000	109.655	101	1
1528086292.401648000	109.917	389	1
1528086292.401708000	109.917	261	1
1528086292.440322000	109.955	389	1
1528086292.442855000	109.958	100	0
1528086292.446031000	109.961	87	0
1528086292.446374000	109.961	101	1
1528086292.458454000	109.973	87	0
1528086292.582756000	110.098	258	0
1528086292.584262000	110.099	148	0
1528086292.586385000	110.101	104	1
1528086292.586611000	110.102	92	0
1528086292.588047000	110.103	334	0
1528086292.590395000	110.105	101	1
1528086292.779816000	110.295	389	1
1528086292.779911000	110.295	260	1
1528086292.799082000	110.314	87	0
1528086292.807982000	110.323	87	0
1528086292.941662000	110.457	235	0
1528086292.943086000	110.458	148	0
1528086292.944620000	110.46	92	0
1528086292.945362000	110.46	110	1
1528086292.946095000	110.461	251	0
1528086292.949360000	110.464	98	1
1528086293.193704000	110.709	388	1
1528086293.193765000	110.709	260	1
1528086293.211994000	110.727	87	0
1528086293.343749000	110.859	256	0
1528086293.345182000	110.86	148	0
1528086293.346708000	110.862	92	0
1528086293.347443000	110.862	107	1
1528086293.348179000	110.863	267	0
1528086293.352444000	110.867	98	1
1528086293.474681000	110.99	388	1
1528086293.474747000	110.99	260	1
1528086293.493635000	111.009	87	0
1528086293.512589000	111.028	87	0
1528086293.616077000	111.131	320	1
1528086293.616162000	111.131	1412	1
1528086293.616201000	111.131	1412	1
1528086293.616238000	111.131	1412	1
1528086293.616273000	111.131	767	1
1528086293.640995000	111.156	87	0
1528086293.652280000	111.167	279	0
1528086293.653763000	111.169	148	0
1528086293.655264000	111.17	102	0
1528086293.656459000	111.171	107	1
1528086293.656728000	111.172	130	0
1528086293.660443000	111.175	98	1
1528086293.747611000	111.263	401	0
1528086293.751479000	111.267	98	1
1528086293.756788000	111.272	80	0
1528086293.760455000	111.275	98	1
1528086293.899974000	111.415	392	1
1528086293.900069000	111.415	316	1
1528086293.918482000	111.434	87	0
1528086294.039870000	111.555	256	0
1528086294.041297000	111.556	148	0
1528086294.043481000	111.559	104	1
1528086294.044636000	111.56	92	0
1528086294.046107000	111.561	212	0
1528086294.048431000	111.563	101	1
1528086294.155710000	111.671	387	1
1528086294.155807000	111.671	316	1
1528086294.174471000	111.69	87	0
1528086294.300008000	111.815	258	0
1528086294.301468000	111.817	148	0
1528086294.303498000	111.819	104	1
1528086294.303767000	111.819	92	0
1528086294.305210000	111.82	131	0
1528086294.307482000	111.823	101	1
1528086295.047059000	112.562	391	1
1528086295.047144000	112.562	258	1
1528086295.090599000	112.606	391	1
1528086295.098535000	112.614	87	0
1528086295.112005000	112.627	87	0
1528086295.230452000	112.745	233	0
1528086295.231881000	112.747	148	0
1528086295.233994000	112.749	92	0
1528086295.234552000	112.75	110	1
1528086295.235496000	112.751	293	0
1528086295.239539000	112.755	98	1
1528086295.257511000	112.773	997	1
1528086295.257561000	112.773	261	1
1528086295.277002000	112.792	87	0
1528086295.282519000	112.798	87	0
1528086295.414339000	112.929	357	0
1528086295.415752000	112.931	148	0
1528086295.417186000	112.932	92	0
1528086295.418631000	112.934	240	0
1528086295.418708000	112.934	110	1
1528086295.422500000	112.938	98	1
1528086295.615991000	113.131	399	1
1528086295.616087000	113.131	259	1
1528086295.636186000	113.151	87	0
1528086295.741721000	113.257	286	0
1528086295.743151000	113.258	148	0
1528086295.745301000	113.26	92	0
1528086295.745568000	113.261	107	1
1528086295.746781000	113.262	288	0
1528086295.750568000	113.266	98	1
1528086295.975939000	113.491	969	1
1528086295.976002000	113.491	261	1
1528086296.020591000	113.536	969	1
1528086296.022680000	113.538	87	0
1528086296.026994000	113.542	87	0
1528086296.044032000	113.559	87	0
1528086296.135040000	113.65	233	0
1528086296.136556000	113.652	148	0
1528086296.138718000	113.654	92	0
1528086296.139600000	113.655	113	1
1528086296.140152000	113.655	106	0
1528086296.143673000	113.659	98	1
1528086296.331955000	113.847	387	1
1528086296.332045000	113.847	261	1
1528086296.351077000	113.866	87	0
1528086296.469606000	113.985	258	0
1528086296.471042000	113.986	148	0
1528086296.473623000	113.989	104	1
1528086296.473849000	113.989	92	0
1528086296.475305000	113.99	259	0
1528086296.477607000	113.993	101	1
1528086296.649929000	114.165	391	1
1528086296.650019000	114.165	259	1
1528086296.668615000	114.184	87	0
1528086296.776328000	114.291	233	0
1528086296.777771000	114.293	148	0
1528086296.780346000	114.295	92	0
1528086296.780610000	114.296	107	1
1528086296.781818000	114.297	230	0
1528086296.785586000	114.301	98	1
1528086296.988955000	114.504	388	1
1528086296.989044000	114.504	259	1
1528086297.009462000	114.525	87	0
1528086297.118220000	114.633	303	0
1528086297.119656000	114.635	148	0
1528086297.122600000	114.638	104	1
1528086297.122640000	114.638	92	0
1528086297.124146000	114.639	260	0
1528086297.126692000	114.642	101	1
1528086297.329210000	114.844	393	1
1528086297.329307000	114.844	261	1
1528086297.348176000	114.863	87	0
1528086297.475258000	114.99	256	0
1528086297.476649000	114.992	148	0
1528086297.478334000	114.993	92	0
1528086297.479680000	114.995	107	1
1528086297.479703000	114.995	184	0
1528086297.483694000	114.999	98	1
1528086297.858344000	115.373	392	1
1528086297.858435000	115.373	260	1
1528086297.876981000	115.392	87	0
1528086297.987898000	115.503	233	0
1528086297.989315000	115.504	148	0
1528086297.991439000	115.506	92	0
1528086297.992641000	115.508	107	1
1528086297.994435000	115.509	182	0
1528086297.998657000	115.514	98	1
1528086298.197013000	115.712	388	1
1528086298.197090000	115.712	261	1
1528086298.240729000	115.756	388	1
1528086298.249178000	115.764	87	0
1528086298.258733000	115.774	87	0
1528086298.388647000	115.904	258	0
1528086298.390015000	115.905	148	0
1528086298.392742000	115.908	107	1
1528086298.392758000	115.908	92	0
1528086298.394317000	115.909	165	0
1528086298.396667000	115.912	101	1
1528086298.513550000	116.029	388	1
1528086298.513647000	116.029	258	1
1528086298.536166000	116.051	87	0
1528086298.556675000	116.072	87	0
1528086298.662080000	116.177	281	0
1528086298.663523000	116.179	148	0
1528086298.665148000	116.18	92	0
1528086298.665683000	116.181	110	1
1528086298.666593000	116.182	325	0
1528086298.670672000	116.186	98	1
1528086298.737915000	116.253	389	1
1528086298.738000000	116.253	261	1
1528086298.760249000	116.275	87	0
1528086298.869197000	116.384	236	0
1528086298.870632000	116.386	148	0
1528086298.872691000	116.388	104	1
1528086298.874201000	116.389	92	0
1528086298.875681000	116.391	92	0
1528086298.877777000	116.393	101	1
1528086299.280505000	116.796	389	1
1528086299.280579000	116.796	260	1
1528086299.298176000	116.813	87	0
1528086299.426390000	116.941	255	0
