1527919305.523603000	0	295	1
1527919305.541581000	0.017978	87	0
1527919305.998027000	0.474424	406	0
1527919305.998699000	0.475096	1412	0
1527919305.999364000	0.475761	1412	0
1527919306.000033000	0.47643	1412	0
1527919306.000666000	0.477063	180	0
1527919306.001373000	0.47777	1412	0
1527919306.001963000	0.47836	116	1
1527919306.002000000	0.478397	1412	0
1527919306.002692000	0.479089	1412	0
1527919306.003338000	0.479735	784	0
1527919306.006128000	0.482525	1412	0
1527919306.006780000	0.483177	1412	0
1527919306.007426000	0.483823	694	0
1527919306.008852000	0.485249	1412	0
1527919306.009572000	0.485969	1412	0
1527919306.010240000	0.486637	1412	0
1527919306.010872000	0.487269	188	0
1527919306.011802000	0.488199	1199	0
1527919306.017875000	0.494272	104	1
1527919306.024898000	0.501295	119	1
1527919306.032688000	0.509085	1412	0
1527919306.033340000	0.509737	1412	0
1527919306.034078000	0.510475	1412	0
1527919306.034759000	0.511156	1412	0
1527919306.035421000	0.511818	1412	0
1527919306.036082000	0.512479	1412	0
1527919306.036744000	0.513141	1412	0
1527919306.037460000	0.513857	1412	0
1527919306.038107000	0.514504	503	0
1527919306.045752000	0.522149	1412	0
1527919306.046406000	0.522803	1412	0
1527919306.047071000	0.523468	1412	0
1527919306.047700000	0.524097	190	0
1527919306.048573000	0.52497	1412	0
1527919306.048649000	0.525046	125	1
1527919306.049222000	0.525619	168	0
1527919306.049919000	0.526316	1412	0
1527919306.050581000	0.526978	1412	0
1527919306.051243000	0.52764	1412	0
1527919306.051888000	0.528285	119	1
1527919306.051904000	0.528301	188	0
1527919306.052644000	0.529041	1412	0
1527919306.053275000	0.529672	153	0
1527919306.054036000	0.530433	1412	0
1527919306.054712000	0.531109	1412	0
1527919306.055374000	0.531771	1412	0
1527919306.055899000	0.532296	113	1
1527919306.056001000	0.532398	188	0
1527919306.056686000	0.533083	794	0
1527919306.057422000	0.533819	1412	0
1527919306.058086000	0.534483	1412	0
1527919306.058746000	0.535143	1412	0
1527919306.059380000	0.535777	188	0
1527919306.060049000	0.536446	673	0
1527919306.060127000	0.536524	104	1
1527919306.060693000	0.53709	274	0
1527919306.063980000	0.540377	110	1
1527919306.498433000	0.97483	872	1
1527919306.498529000	0.974926	1412	1
1527919306.498556000	0.974953	906	1
1527919306.501939000	0.978336	534	1
1527919306.517469000	0.993866	87	0
1527919306.522763000	0.99916	87	0
1527919306.613423000	1.08982	399	0
1527919306.616559000	1.09296	80	0
1527919306.617065000	1.09346	107	1
1527919306.626224000	1.10262	255	0
1527919306.626935000	1.10333	1412	0
1527919306.627602000	1.104	1412	0
1527919306.628268000	1.10467	1412	0
1527919306.628899000	1.1053	180	0
1527919306.629590000	1.10599	1412	0
1527919306.630258000	1.10666	1412	0
1527919306.630910000	1.10731	1071	0
1527919306.631545000	1.10794	92	0
1527919306.632211000	1.10861	212	0
1527919306.632448000	1.10884	104	1
1527919306.646140000	1.12254	116	1
1527919306.779374000	1.25577	288	1
1527919306.799730000	1.27613	87	0
1527919307.073015000	1.54941	378	0
1527919307.073686000	1.55008	1115	0
1527919307.076957000	1.55335	104	1
1527919307.080001000	1.5564	92	0
1527919307.080664000	1.55706	254	0
1527919307.083938000	1.56033	101	1
1527919307.183998000	1.6604	864	1
1527919307.185714000	1.66211	427	1
1527919307.201055000	1.67745	87	0
1527919307.218392000	1.69479	87	0
1527919307.489951000	1.96635	1412	0
1527919307.490570000	1.96697	190	0
1527919307.491230000	1.96763	229	0
1527919307.493957000	1.97035	110	1
1527919307.498684000	1.97508	368	0
1527919307.502972000	1.97937	98	1
1527919307.602360000	2.07876	258	1
1527919307.602527000	2.07892	144	1
1527919307.624699000	2.1011	87	0
1527919307.658632000	2.13503	155	1
1527919307.658739000	2.13514	190	1
1527919307.675669000	2.15207	1412	0
1527919307.676301000	2.1527	1412	0
1527919307.676965000	2.15336	1412	0
1527919307.677599000	2.154	473	0
1527919307.678254000	2.15465	186	0
1527919307.688792000	2.16519	113	1
1527919307.772274000	2.24867	666	0
1527919307.772955000	2.24935	92	0
1527919307.773627000	2.25002	242	0
1527919307.776012000	2.25241	104	1
1527919308.502739000	2.97914	344	1
1527919308.515013000	2.99141	1264	1
1527919308.546358000	3.02276	87	0
1527919308.582607000	3.059	1412	1
1527919308.582685000	3.05908	1412	1
1527919308.582708000	3.0591	246	1
1527919308.582783000	3.05918	844	1
1527919308.602584000	3.07898	87	0
1527919308.625052000	3.10145	483	0
1527919308.625697000	3.10209	171	0
1527919308.629030000	3.10543	107	1
1527919308.884139000	3.36054	348	0
1527919308.884821000	3.36122	1412	0
1527919308.885475000	3.36187	997	0
1527919308.886108000	3.3625	92	0
1527919308.886768000	3.36317	122	0
1527919308.888018000	3.36441	110	1
1527919308.965516000	3.44191	1412	0
1527919308.966165000	3.44256	1412	0
1527919308.966828000	3.44323	1412	0
1527919308.967523000	3.44392	455	0
1527919308.968185000	3.44458	326	0
1527919308.969047000	3.44544	110	1
1527919309.155612000	3.63201	1412	1
1527919309.155652000	3.63205	342	1
1527919309.173606000	3.65	87	0
1527919309.346238000	3.82263	422	0
1527919309.346896000	3.82329	799	0
1527919309.347564000	3.82396	106	0
1527919309.354078000	3.83048	107	1
1527919309.587521000	4.06392	523	1
1527919309.587634000	4.06403	1412	1
1527919309.587673000	4.06407	1412	1
1527919309.587707000	4.0641	1412	1
1527919309.587746000	4.06414	1412	1
1527919309.587786000	4.06418	1412	1
1527919309.587821000	4.06422	1412	1
1527919309.587858000	4.06425	1412	1
1527919309.587899000	4.0643	1412	1
1527919309.587932000	4.06433	1412	1
1527919309.587972000	4.06437	1412	1
1527919309.588010000	4.06441	1412	1
1527919309.588043000	4.06444	1412	1
1527919309.588085000	4.06448	1271	1
1527919309.605284000	4.08168	87	0
1527919309.608806000	4.0852	87	0
1527919309.862603000	4.339	397	0
1527919309.864657000	4.34105	80	0
1527919309.875582000	4.35198	107	1
1527919310.020656000	4.49705	1391	1
1527919310.038904000	4.5153	87	0
1527919310.292039000	4.76844	262	0
1527919310.292696000	4.76909	423	0
1527919310.301191000	4.77759	104	1
1527919311.367927000	5.84432	332	1
1527919311.368024000	5.84442	1412	1
1527919311.368059000	5.84446	981	1
1527919311.374370000	5.85077	223	1
1527919311.374471000	5.85087	1412	1
1527919311.374509000	5.85091	1412	1
1527919311.374536000	5.85093	758	1
1527919311.387019000	5.86342	87	0
1527919311.389067000	5.86546	101	1
1527919311.393992000	5.87039	251	1
1527919311.394897000	5.87129	87	0
1527919311.403385000	5.87978	94	0
1527919311.406163000	5.88256	87	0
1527919311.407501000	5.8839	107	1
1527919311.410777000	5.88717	87	0
1527919311.551768000	6.02817	557	0
1527919311.552422000	6.02882	303	0
1527919311.553083000	6.02948	284	0
1527919311.561500000	6.0379	107	1
1527919311.568407000	6.0448	101	1
1527919311.574268000	6.05067	250	1
1527919311.580238000	6.05664	87	0
1527919311.592407000	6.0688	87	0
1527919311.651055000	6.12745	374	0
1527919311.654389000	6.13079	80	0
1527919311.654697000	6.13109	104	1
1527919311.659527000	6.13592	98	1
1527919311.758107000	6.2345	933	0
1527919311.758765000	6.23516	1412	0
1527919311.759422000	6.23582	1412	0
1527919311.760084000	6.23648	1412	0
1527919311.760715000	6.23711	180	0
1527919311.761405000	6.2378	1412	0
1527919311.761500000	6.2379	104	1
1527919311.762093000	6.23849	1358	0
1527919311.762836000	6.23923	1412	0
1527919311.763505000	6.2399	1412	0
1527919311.764233000	6.24063	1412	0
1527919311.764877000	6.24127	188	0
1527919311.764883000	6.24128	116	1
1527919311.765563000	6.24196	1233	0
1527919311.767508000	6.24391	101	1
1527919311.802042000	6.27844	1412	0
1527919311.802690000	6.27909	1412	0
1527919311.803355000	6.27975	1412	0
1527919311.804100000	6.2805	198	0
1527919311.804807000	6.2812	1412	0
1527919311.805448000	6.28185	715	0
1527919311.806292000	6.28269	1412	0
1527919311.806956000	6.28335	1412	0
1527919311.807625000	6.28402	1412	0
1527919311.808252000	6.28465	188	0
1527919311.808926000	6.28532	747	0
1527919311.809601000	6.286	1412	0
1527919311.810264000	6.28666	1412	0
1527919311.810931000	6.28733	1412	0
1527919311.811007000	6.2874	119	1
1527919311.811592000	6.28799	188	0
1527919311.812336000	6.28873	978	0
1527919311.813313000	6.28971	1412	0
1527919311.813479000	6.28988	119	1
1527919311.814035000	6.29043	1412	0
1527919311.814707000	6.2911	1412	0
1527919311.815440000	6.29184	188	0
1527919311.816134000	6.29253	1412	0
1527919311.816767000	6.29316	209	0
1527919311.819035000	6.29543	1412	0
1527919311.819689000	6.29609	1412	0
1527919311.820347000	6.29674	1412	0
1527919311.821007000	6.2974	1293	0
1527919311.821673000	6.29807	1412	0
1527919311.822337000	6.29873	1412	0
1527919311.822998000	6.2994	1412	0
1527919311.823735000	6.30013	1102	0
1527919311.824475000	6.30087	1412	0
1527919311.825022000	6.30142	125	1
1527919311.825138000	6.30154	1250	0
1527919311.825789000	6.30219	743	0
1527919311.826533000	6.30293	1412	0
1527919311.827194000	6.30359	1332	0
1527919311.827476000	6.30387	122	1
1527919311.827857000	6.30425	1412	0
1527919311.828518000	6.30491	1412	0
1527919311.829151000	6.30555	333	0
1527919311.829800000	6.3062	92	0
1527919311.830469000	6.30687	315	0
1527919311.830614000	6.30701	107	1
1527919311.833512000	6.30991	98	1
1527919313.092715000	7.56911	430	1
1527919313.092790000	7.56919	144	1
1527919313.110863000	7.58726	87	0
1527919313.165051000	7.64145	1412	0
1527919313.165773000	7.64217	1412	0
1527919313.166442000	7.64284	1412	0
1527919313.167086000	7.64348	726	0
1527919313.167727000	7.64412	92	0
1527919313.168522000	7.64492	293	0
1527919313.169567000	7.64596	116	1
1527919314.192413000	8.66881	860	1
1527919314.192494000	8.66889	294	1
1527919314.195416000	8.67181	325	1
1527919314.195481000	8.67188	1412	1
1527919314.195522000	8.67192	1412	1
1527919314.195574000	8.67197	969	1
1527919314.209780000	8.68618	87	0
1527919314.217327000	8.69372	87	0
1527919314.243571000	8.71997	398	1
1527919314.261382000	8.73778	87	0
1527919314.294519000	8.77092	397	0
1527919314.297673000	8.77407	101	1
1527919314.300437000	8.77683	80	0
1527919314.303684000	8.78008	98	1
1527919314.323089000	8.79949	290	0
1527919314.323820000	8.80022	1400	0
1527919314.324527000	8.80092	513	0
1527919314.325192000	8.80159	592	0
1527919314.325651000	8.80205	107	1
1527919314.325878000	8.80227	635	0
1527919314.327040000	8.80344	467	0
1527919314.328012000	8.80441	697	0
1527919314.328642000	8.80504	104	1
1527919314.328905000	8.8053	484	0
1527919314.330427000	8.80682	835	0
1527919314.331634000	8.80803	101	1
1527919314.331776000	8.80817	649	0
1527919314.332764000	8.80916	519	0
1527919314.334100000	8.8105	439	0
1527919314.334622000	8.81102	104	1
1527919314.335584000	8.81198	701	0
1527919314.336396000	8.81279	616	0
1527919314.338649000	8.81505	101	1
1527919314.338766000	8.81516	558	0
1527919314.340809000	8.81721	654	0
1527919314.341626000	8.81802	101	1
1527919314.341790000	8.81819	583	0
1527919314.342462000	8.81886	689	0
1527919314.344125000	8.82052	284	0
1527919314.344858000	8.82125	103	0
1527919314.345017000	8.82141	104	1
1527919314.346046000	8.82244	92	0
1527919314.346709000	8.82311	212	0
1527919314.347396000	8.82379	327	0
1527919314.347775000	8.82417	107	1
1527919314.709773000	9.18617	1412	1
1527919314.709813000	9.18621	1412	1
1527919314.709849000	9.18625	454	1
1527919314.709919000	9.18632	844	1
1527919314.728075000	9.20447	87	0
1527919314.751013000	9.22741	510	0
1527919314.752007000	9.2284	108	0
1527919314.753656000	9.23005	104	1
1527919315.153142000	9.62954	1002	1
1527919315.153218000	9.62962	94	1
1527919315.170988000	9.64739	87	0
1527919315.259353000	9.73575	234	0
1527919315.260004000	9.7364	368	0
1527919315.261691000	9.73809	104	1
1527919315.265815000	9.74221	148	0
1527919315.268704000	9.7451	98	1
1527919319.057187000	13.5336	467	1
1527919319.057247000	13.5336	255	1
1527919319.057407000	13.5338	303	1
1527919319.057508000	13.5339	1412	1
1527919319.057531000	13.5339	1412	1
1527919319.057560000	13.534	1412	1
1527919319.057594000	13.534	1412	1
1527919319.057622000	13.534	1412	1
1527919319.057646000	13.534	1412	1
1527919319.057687000	13.5341	1412	1
1527919319.057725000	13.5341	1412	1
1527919319.057759000	13.5342	1412	1
1527919319.057796000	13.5342	1412	1
1527919319.057836000	13.5342	1412	1
1527919319.057868000	13.5343	1412	1
1527919319.057904000	13.5343	1412	1
1527919319.057938000	13.5343	1412	1
1527919319.057986000	13.5344	1412	1
1527919319.058020000	13.5344	1412	1
1527919319.058048000	13.5344	1412	1
1527919319.058094000	13.5345	1412	1
1527919319.059975000	13.5364	1412	1
1527919319.060014000	13.5364	1412	1
1527919319.060075000	13.5365	1412	1
1527919319.060134000	13.5365	1412	1
1527919319.060162000	13.5366	1412	1
1527919319.060214000	13.5366	1412	1
1527919319.060236000	13.5366	1412	1
1527919319.060259000	13.5367	1412	1
1527919319.060300000	13.5367	1412	1
1527919319.060337000	13.5367	1412	1
1527919319.060365000	13.5368	1412	1
1527919319.060404000	13.5368	1412	1
1527919319.061966000	13.5384	1412	1
1527919319.062004000	13.5384	1412	1
1527919319.062058000	13.5385	1412	1
1527919319.062115000	13.5385	1060	1
1527919319.062164000	13.5386	114	1
1527919319.075276000	13.5517	87	0
1527919319.078534000	13.5549	87	0
1527919319.081403000	13.5578	87	0
1527919319.083948000	13.5603	100	0
1527919319.086970000	13.5634	107	1
1527919319.089130000	13.5655	87	0
1527919319.165035000	13.6414	288	0
1527919319.165702000	13.6421	151	0
1527919319.167925000	13.6443	106	1
1527919319.168631000	13.645	92	0
1527919319.169298000	13.6457	206	0
1527919319.171904000	13.6483	103	1
1527919319.197350000	13.6737	315	0
1527919319.197982000	13.6744	103	0
1527919319.200939000	13.6773	103	1
1527919319.201694000	13.6781	92	0
1527919319.202420000	13.6788	270	0
1527919319.203921000	13.6803	103	1
1527919319.216173000	13.6926	260	0
1527919319.216814000	13.6932	140	0
1527919319.218768000	13.6952	373	0
1527919319.219816000	13.6962	92	0
1527919319.220510000	13.6969	192	0
1527919319.221922000	13.6983	112	1
1527919319.223727000	13.7001	90	0
1527919319.226948000	13.7033	100	1
1527919319.824948000	14.3013	331	0
1527919319.825622000	14.302	146	0
1527919319.827479000	14.3039	92	0
1527919319.827972000	14.3044	106	1
1527919319.828215000	14.3046	248	0
1527919319.830982000	14.3074	100	1
1527919319.873144000	14.3495	360	1
1527919319.874372000	14.3508	295	1
1527919319.898961000	14.3754	87	0
1527919319.910301000	14.3867	87	0
1527919319.918303000	14.3947	395	1
1527919319.935860000	14.4123	87	0
1527919319.952317000	14.4287	326	1
1527919319.952391000	14.4288	471	1
1527919319.969044000	14.4454	87	0
1527919319.971807000	14.4482	87	0
1527919319.980775000	14.4572	254	0
1527919319.981423000	14.4578	118	0
1527919319.984043000	14.4604	112	1
1527919319.984059000	14.4605	92	0
1527919319.984711000	14.4611	197	0
1527919319.986968000	14.4634	103	1
1527919320.100168000	14.5766	563	0
1527919320.100874000	14.5773	801	0
1527919320.101538000	14.5779	92	0
1527919320.102619000	14.579	240	0
1527919320.103347000	14.5797	109	1
1527919320.144152000	14.6205	279	0
1527919320.144803000	14.6212	146	0
1527919320.145464000	14.6219	239	0
1527919320.146181000	14.6226	280	0
1527919320.147026000	14.6234	100	1
1527919320.147736000	14.6241	92	0
1527919320.148464000	14.6249	156	0
1527919320.149783000	14.6262	92	0
1527919320.150125000	14.6265	115	1
1527919320.150452000	14.6268	334	0
1527919320.152981000	14.6294	100	1
1527919320.235229000	14.7116	1412	1
1527919320.235265000	14.7117	412	1
1527919320.255773000	14.7322	87	0
1527919320.323801000	14.8002	842	1
1527919320.323908000	14.8003	255	1
1527919320.343094000	14.8195	87	0
1527919320.435982000	14.9124	280	0
1527919320.436695000	14.9131	146	0
1527919320.438882000	14.9153	92	0
1527919320.439038000	14.9154	112	1
1527919320.439594000	14.916	321	0
1527919320.441990000	14.9184	100	1
1527919320.494798000	14.9712	344	0
1527919320.495419000	14.9718	498	0
1527919320.498002000	14.9744	103	1
1527919320.508593000	14.985	471	1
1527919320.526490000	15.0029	87	0
1527919320.764731000	15.2411	403	1
1527919320.764850000	15.2412	261	1
1527919320.778514000	15.2549	236	0
1527919320.779119000	15.2555	425	0
1527919320.781049000	15.2574	106	1
1527919320.784271000	15.2607	87	0
1527919320.903091000	15.3795	341	0
1527919320.903734000	15.3801	146	0
1527919320.906006000	15.3824	106	1
1527919320.908792000	15.3852	92	0
1527919320.909592000	15.386	231	0
1527919320.911000000	15.3874	103	1
1527919321.201548000	15.6779	390	1
1527919321.201638000	15.678	261	1
1527919321.220794000	15.6972	87	0
1527919321.334822000	15.8112	255	0
1527919321.335464000	15.8119	146	0
1527919321.336658000	15.8131	92	0
1527919321.337327000	15.8137	182	0
1527919321.338033000	15.8144	112	1
1527919321.538586000	16.015	391	1
1527919321.538682000	16.0151	219	1
1527919321.557988000	16.0344	87	0
1527919321.658102000	16.1345	256	0
1527919321.659133000	16.1355	146	0
1527919321.661130000	16.1375	106	1
1527919321.661214000	16.1376	92	0
1527919321.661952000	16.1383	131	0
1527919321.664131000	16.1405	103	1
1527919323.014304000	17.4907	393	1
1527919323.014376000	17.4908	254	1
1527919323.050269000	17.5267	393	1
1527919323.068957000	17.5454	87	0
1527919323.084051000	17.5604	87	0
1527919323.151411000	17.6278	321	0
1527919323.152004000	17.6284	146	0
1527919323.154214000	17.6306	109	1
1527919323.155230000	17.6316	92	0
1527919323.155956000	17.6324	128	0
1527919323.158227000	17.6346	103	1
1527919323.224436000	17.7008	389	1
1527919323.224501000	17.7009	254	1
1527919323.241154000	17.7176	87	0
1527919323.809477000	18.2859	280	0
1527919323.810060000	18.2865	146	0
1527919323.812265000	18.2887	106	1
1527919323.812775000	18.2892	92	0
1527919323.814018000	18.2904	311	0
1527919323.815182000	18.2916	103	1
1527919324.100807000	18.5772	393	1
1527919324.100892000	18.5773	429	1
1527919324.119223000	18.5956	87	0
1527919324.210382000	18.6868	235	0
1527919324.211038000	18.6874	148	0
1527919324.213249000	18.6896	106	1
1527919324.214246000	18.6906	92	0
1527919324.214920000	18.6913	177	0
1527919324.217216000	18.6936	103	1
1527919324.623646000	19.1	393	1
1527919324.623706000	19.1001	370	1
1527919324.642148000	19.1185	87	0
1527919324.729981000	19.2064	258	0
1527919324.730565000	19.207	148	0
1527919324.733307000	19.2097	106	1
1527919324.733392000	19.2098	92	0
1527919324.734208000	19.2106	146	0
1527919324.736247000	19.2126	103	1
1527919325.437840000	19.9142	394	1
1527919325.437907000	19.9143	257	1
1527919325.454849000	19.9312	87	0
1527919325.539321000	20.0157	304	0
1527919325.539947000	20.0163	148	0
1527919325.541793000	20.0182	92	0
1527919325.542345000	20.0187	109	1
1527919325.542506000	20.0189	274	0
1527919325.545363000	20.0218	100	1
1527919325.797323000	20.2737	393	1
1527919325.797414000	20.2738	259	1
1527919325.815666000	20.2921	87	0
1527919325.903194000	20.3796	239	0
1527919325.903797000	20.3802	148	0
1527919325.906381000	20.3828	106	1
1527919325.906898000	20.3833	92	0
1527919325.907599000	20.384	113	0
1527919325.909367000	20.3858	103	1
1527919326.267553000	20.744	389	1
1527919326.267641000	20.744	257	1
1527919326.284412000	20.7608	87	0
1527919326.375831000	20.8522	232	0
1527919326.376469000	20.8529	148	0
1527919326.378346000	20.8547	106	1
1527919326.380996000	20.8574	92	0
1527919326.381667000	20.8581	302	0
1527919326.383401000	20.8598	103	1
1527919326.664408000	21.1408	991	1
1527919326.664498000	21.1409	257	1
1527919326.683110000	21.1595	87	0
1527919326.771666000	21.2481	280	0
1527919326.772272000	21.2487	148	0
1527919326.774424000	21.2508	106	1
1527919326.775541000	21.2519	92	0
1527919326.776212000	21.2526	253	0
1527919326.778410000	21.2548	103	1
1527919327.061301000	21.5377	909	1
1527919327.061422000	21.5378	256	1
1527919327.098430000	21.5748	909	1
1527919327.105830000	21.5822	87	0
1527919327.118219000	21.5946	87	0
1527919327.158712000	21.6351	87	0
1527919327.195801000	21.6722	232	0
1527919327.196428000	21.6728	148	0
1527919327.198470000	21.6749	112	1
1527919327.199690000	21.6761	92	0
1527919327.201292000	21.6777	182	0
1527919327.202367000	21.6788	103	1
1527919327.302669000	21.7791	465	1
1527919327.302736000	21.7791	257	1
1527919327.321338000	21.7977	87	0
1527919327.410566000	21.887	233	0
1527919327.411183000	21.8876	148	0
1527919327.413477000	21.8899	106	1
1527919327.414474000	21.8909	92	0
1527919327.415150000	21.8915	330	0
1527919327.417450000	21.8938	103	1
1527919327.593582000	22.07	389	1
1527919327.593673000	22.0701	256	1
1527919327.612589000	22.089	87	0
1527919327.700019000	22.1764	258	0
1527919327.700735000	22.1771	148	0
1527919327.702481000	22.1789	106	1
1527919327.703120000	22.1795	92	0
1527919327.703799000	22.1802	264	0
1527919327.705485000	22.1819	103	1
1527919328.015860000	22.4923	393	1
1527919328.015954000	22.4924	260	1
1527919328.033180000	22.5096	87	0
1527919328.117300000	22.5937	341	0
1527919328.117902000	22.5943	148	0
1527919328.120494000	22.5969	106	1
1527919328.120547000	22.5969	92	0
1527919328.121303000	22.5977	241	0
1527919328.123487000	22.5999	103	1
1527919328.488386000	22.9648	389	1
1527919328.488480000	22.9649	256	1
1527919328.511164000	22.9876	87	0
1527919328.593076000	23.0695	278	0
1527919328.593667000	23.0701	148	0
1527919328.595532000	23.0719	106	1
1527919328.596167000	23.0726	92	0
1527919328.596796000	23.0732	171	0
1527919328.598455000	23.0749	103	1
1527919328.767360000	23.2438	388	1
1527919328.767428000	23.2438	256	1
1527919328.785321000	23.2617	87	0
1527919328.880717000	23.3571	235	0
1527919328.881376000	23.3578	148	0
1527919328.882027000	23.3584	92	0
1527919328.882766000	23.3592	139	0
1527919328.883479000	23.3599	112	1
1527919328.996981000	23.4734	390	1
1527919328.997068000	23.4735	259	1
1527919329.016043000	23.4924	87	0
1527919329.100489000	23.5769	255	0
1527919329.101133000	23.5775	148	0
1527919329.102710000	23.5791	92	0
1527919329.103402000	23.5798	310	0
1527919329.103548000	23.5799	112	1
1527919329.402110000	23.8785	388	1
1527919329.402174000	23.8786	256	1
1527919329.420013000	23.8964	87	0
1527919329.506581000	23.983	300	0
1527919329.507269000	23.9837	148	0
1527919329.509521000	23.9859	106	1
1527919329.509904000	23.9863	92	0
1527919329.510573000	23.987	225	0
1527919329.512520000	23.9889	103	1
1527919329.924320000	24.4007	390	1
1527919329.924407000	24.4008	260	1
1527919329.942438000	24.4188	87	0
1527919330.058652000	24.535	258	0
1527919330.059295000	24.5357	148	0
1527919330.060444000	24.5368	92	0
1527919330.061104000	24.5375	104	0
1527919330.061643000	24.538	112	1
1527919330.468227000	24.9446	395	1
1527919330.468286000	24.9447	257	1
1527919330.484614000	24.961	87	0
1527919330.570027000	25.0464	255	0
1527919330.570611000	25.047	148	0
1527919330.572633000	25.049	106	1
1527919330.575179000	25.0516	92	0
1527919330.575799000	25.0522	340	0
1527919330.577653000	25.054	103	1
1527919330.799226000	25.2756	388	1
1527919330.799317000	25.2757	257	1
1527919330.817964000	25.2944	87	0
1527919330.911042000	25.3874	233	0
1527919330.911672000	25.3881	148	0
1527919330.913675000	25.3901	106	1
1527919330.914085000	25.3905	92	0
1527919330.914760000	25.3912	316	0
1527919330.916651000	25.393	103	1
1527919331.081335000	25.5577	392	1
1527919331.081431000	25.5578	259	1
1527919331.098212000	25.5746	87	0
1527919331.197482000	25.6739	278	0
1527919331.198116000	25.6745	148	0
1527919331.200190000	25.6766	92	0
1527919331.200624000	25.677	109	1
1527919331.200876000	25.6773	268	0
1527919331.203600000	25.68	100	1
1527919331.402099000	25.8785	991	1
1527919331.402189000	25.8786	259	1
1527919331.418459000	25.8949	87	0
1527919331.503332000	25.9797	262	0
1527919331.504092000	25.9805	148	0
1527919331.506268000	25.9827	92	0
1527919331.506624000	25.983	109	1
1527919331.506955000	25.9834	228	0
1527919331.509677000	25.9861	100	1
1527919331.683361000	26.1598	906	1
1527919331.683453000	26.1599	257	1
1527919331.719728000	26.1961	906	1
1527919331.720614000	26.197	87	0
1527919331.740504000	26.2169	87	0
1527919331.819800000	26.2962	235	0
1527919331.820409000	26.2968	148	0
1527919331.822702000	26.2991	109	1
1527919331.823663000	26.3001	92	0
1527919331.824403000	26.3008	151	0
1527919331.826722000	26.3031	103	1
1527919332.557450000	27.0338	470	1
1527919332.557546000	27.0339	258	1
1527919332.575693000	27.0521	87	0
1527919332.661825000	27.1382	280	0
1527919332.662466000	27.1389	148	0
1527919332.664758000	27.1412	106	1
1527919332.665283000	27.1417	92	0
1527919332.665954000	27.1424	119	0
1527919332.667744000	27.1441	103	1
1527919332.957955000	27.4344	393	1
1527919332.958017000	27.4344	256	1
1527919332.975369000	27.4518	87	0
1527919333.060619000	27.537	232	0
1527919333.061202000	27.5376	148	0
1527919333.063794000	27.5402	106	1
1527919333.064676000	27.5411	92	0
1527919333.065343000	27.5417	190	0
1527919333.067768000	27.5442	103	1
1527919333.187826000	27.6642	388	1
1527919333.187921000	27.6643	256	1
1527919333.211663000	27.6881	87	0
1527919333.221889000	27.6983	87	0
1527919333.296227000	27.7726	232	0
1527919333.296876000	27.7733	148	0
1527919333.298794000	27.7752	109	1
1527919333.299466000	27.7759	92	0
1527919333.300133000	27.7765	116	0
1527919333.301780000	27.7782	103	1
1527919333.579319000	28.0557	387	1
1527919333.579363000	28.0558	259	1
1527919333.597016000	28.0734	87	0
1527919333.686977000	28.1634	258	0
1527919333.687566000	28.164	148	0
1527919333.689385000	28.1658	92	0
1527919333.689818000	28.1662	109	1
1527919333.690069000	28.1665	218	0
1527919333.692801000	28.1692	100	1
1527919334.174197000	28.6506	390	1
1527919334.174256000	28.6507	257	1
1527919334.192813000	28.6692	87	0
1527919334.297681000	28.7741	341	0
1527919334.298253000	28.7747	148	0
1527919334.300835000	28.7772	106	1
1527919334.301247000	28.7776	92	0
1527919334.301884000	28.7783	233	0
1527919334.303821000	28.7802	103	1
1527919334.476056000	28.9525	390	1
1527919334.476117000	28.9525	256	1
1527919334.494636000	28.971	87	0
1527919334.635355000	29.1118	279	0
1527919334.635995000	29.1124	148	0
1527919334.637832000	29.1142	106	1
1527919334.639983000	29.1164	92	0
1527919334.640649000	29.117	111	0
1527919334.642823000	29.1192	103	1
1527919334.944174000	29.4206	389	1
1527919334.944257000	29.4207	259	1
1527919334.961110000	29.4375	87	0
1527919335.047424000	29.5238	235	0
1527919335.048013000	29.5244	148	0
1527919335.049708000	29.5261	92	0
1527919335.049938000	29.5263	109	1
1527919335.050398000	29.5268	184	0
1527919335.052832000	29.5292	100	1
1527919335.356042000	29.8324	390	1
1527919335.356108000	29.8325	256	1
1527919335.373183000	29.8496	87	0
1527919335.455570000	29.932	279	0
1527919335.456217000	29.9326	148	0
1527919335.458749000	29.9351	92	0
1527919335.458938000	29.9353	109	1
1527919335.459438000	29.9358	134	0
1527919335.461862000	29.9383	100	1
1527919335.636974000	30.1134	389	1
1527919335.637073000	30.1135	256	1
1527919335.655610000	30.132	87	0
1527919335.743240000	30.2196	275	0
1527919335.743842000	30.2202	148	0
1527919335.745969000	30.2224	106	1
1527919335.747001000	30.2234	92	0
1527919335.747674000	30.2241	242	0
1527919335.749873000	30.2263	103	1
1527919336.148234000	30.6246	389	1
1527919336.148327000	30.6247	256	1
1527919336.165345000	30.6417	87	0
1527919336.261282000	30.7377	257	0
1527919336.261996000	30.7384	148	0
1527919336.262654000	30.7391	92	0
1527919336.263326000	30.7397	104	0
1527919336.263907000	30.7403	112	1
1527919336.659122000	31.1355	390	1
1527919336.659210000	31.1356	256	1
1527919336.676799000	31.1532	87	0
1527919336.819240000	31.2956	255	0
1527919336.819884000	31.2963	148	0
1527919336.821945000	31.2983	106	1
1527919336.822356000	31.2988	92	0
1527919336.823814000	31.3002	267	0
1527919336.824925000	31.3013	103	1
1527919337.021470000	31.4979	995	1
1527919337.021564000	31.498	257	1
1527919337.039464000	31.5159	87	0
1527919337.152988000	31.6294	235	0
1527919337.153643000	31.63	148	0
1527919337.156026000	31.6324	106	1
1527919337.157682000	31.6341	92	0
1527919337.158422000	31.6348	101	0
1527919337.160006000	31.6364	103	1
1527919337.552232000	32.0286	905	1
1527919337.552332000	32.0287	256	1
1527919337.572538000	32.0489	87	0
1527919337.657567000	32.134	302	0
1527919337.658636000	32.135	148	0
1527919337.659687000	32.1361	92	0
1527919337.660060000	32.1365	109	1
1527919337.660380000	32.1368	178	0
1527919337.663038000	32.1394	100	1
1527919337.766277000	32.2427	466	1
1527919337.766343000	32.2427	256	1
1527919337.782792000	32.2592	87	0
1527919337.906468000	32.3829	237	0
1527919337.907115000	32.3835	148	0
1527919337.909073000	32.3855	106	1
1527919337.909822000	32.3862	92	0
1527919337.910605000	32.387	180	0
1527919337.913075000	32.3895	103	1
1527919338.054236000	32.5306	392	1
1527919338.054302000	32.5307	256	1
1527919338.073770000	32.5502	87	0
1527919338.161106000	32.6375	233	0
1527919338.161811000	32.6382	148	0
1527919338.163484000	32.6399	92	0
1527919338.164025000	32.6404	109	1
1527919338.164287000	32.6407	268	0
1527919338.167025000	32.6434	100	1
1527919338.365310000	32.8417	392	1
1527919338.365408000	32.8418	261	1
1527919338.382475000	32.8589	87	0
1527919338.469811000	32.9462	280	0
1527919338.470416000	32.9468	148	0
1527919338.472953000	32.9494	92	0
1527919338.473062000	32.9495	106	1
1527919338.473705000	32.9501	301	0
1527919338.476100000	32.9525	103	1
1527919338.647394000	33.1238	389	1
1527919338.647480000	33.1239	256	1
1527919338.667727000	33.1441	87	0
1527919338.751436000	33.2278	235	0
1527919338.752091000	33.2285	148	0
1527919338.754089000	33.2305	106	1
1527919338.754657000	33.2311	92	0
1527919338.755389000	33.2318	211	0
1527919338.757105000	33.2335	103	1
1527919338.858306000	33.3347	389	1
1527919338.858382000	33.3348	256	1
1527919338.877752000	33.3541	87	0
1527919339.099116000	33.5755	233	0
1527919339.099754000	33.5762	148	0
1527919339.102133000	33.5785	106	1
1527919339.102594000	33.579	92	0
1527919339.103197000	33.5796	233	0
1527919339.105118000	33.5815	103	1
1527919339.508452000	33.9848	389	1
1527919339.508540000	33.9849	257	1
1527919339.541157000	34.0176	389	1
1527919339.559256000	34.0357	87	0
1527919339.573468000	34.0499	87	0
1527919339.823694000	34.3001	258	0
1527919339.824366000	34.3008	148	0
1527919339.826182000	34.3026	109	1
1527919339.827251000	34.3036	92	0
1527919339.828056000	34.3045	159	0
1527919339.830161000	34.3066	103	1
1527919340.000489000	34.4769	392	1
1527919340.000579000	34.477	260	1
1527919340.019721000	34.4961	87	0
1527919340.108607000	34.585	341	0
1527919340.109205000	34.5856	148	0
1527919340.111179000	34.5876	106	1
1527919340.111632000	34.588	92	0
1527919340.112300000	34.5887	87	0
1527919340.114209000	34.5906	103	1
1527919340.383610000	34.86	389	1
1527919340.383684000	34.8601	257	1
1527919340.401032000	34.8774	87	0
1527919340.504133000	34.9805	281	0
1527919340.504734000	34.9811	148	0
1527919340.507211000	34.9836	106	1
1527919340.507599000	34.984	92	0
1527919340.508234000	34.9846	164	0
1527919340.510195000	34.9866	103	1
1527919340.740405000	35.2168	390	1
1527919340.740496000	35.2169	256	1
1527919340.760715000	35.2371	87	0
1527919340.853620000	35.33	232	0
1527919340.854281000	35.3307	148	0
1527919340.856228000	35.3326	106	1
1527919340.857219000	35.3336	92	0
1527919340.858104000	35.3345	213	0
1527919340.860381000	35.3368	103	1
1527919340.958513000	35.4349	391	1
1527919340.958574000	35.435	258	1
1527919340.974898000	35.4513	87	0
1527919341.075210000	35.5516	256	0
1527919341.075929000	35.5523	148	0
1527919341.078236000	35.5546	106	1
1527919341.079227000	35.5556	92	0
1527919341.079976000	35.5564	319	0
1527919341.082253000	35.5587	103	1
1527919341.444030000	35.9204	389	1
1527919341.444096000	35.9205	258	1
1527919341.464826000	35.9412	87	0
1527919341.565839000	36.0422	297	0
1527919341.566497000	36.0429	148	0
1527919341.568208000	36.0446	106	1
1527919341.568906000	36.0453	92	0
1527919341.569629000	36.046	185	0
1527919341.571211000	36.0476	103	1
1527919341.763669000	36.2401	995	1
1527919341.763761000	36.2402	262	1
1527919341.782480000	36.2589	87	0
1527919341.867047000	36.3434	255	0
1527919341.867644000	36.344	148	0
1527919341.870279000	36.3467	106	1
1527919341.870686000	36.3471	92	0
1527919341.871316000	36.3477	91	0
1527919341.873270000	36.3497	103	1
1527919342.094650000	36.571	904	1
1527919342.094742000	36.5711	258	1
1527919342.112496000	36.5889	87	0
1527919342.204086000	36.6805	233	0
1527919342.204689000	36.6811	148	0
1527919342.205344000	36.6817	92	0
1527919342.206086000	36.6825	338	0
1527919342.207245000	36.6836	112	1
1527919342.425583000	36.902	466	1
1527919342.425642000	36.902	260	1
1527919342.444676000	36.9211	87	0
1527919342.539476000	37.0159	258	0
1527919342.540067000	37.0165	148	0
1527919342.542319000	37.0187	106	1
1527919342.544194000	37.0206	92	0
1527919342.544822000	37.0212	212	0
1527919342.547342000	37.0237	103	1
1527919342.767838000	37.2442	393	1
1527919342.767918000	37.2443	257	1
1527919342.787512000	37.2639	87	0
1527919342.798206000	37.2746	87	0
1527919342.889326000	37.3657	279	0
1527919342.889977000	37.3664	148	0
1527919342.892348000	37.3687	109	1
1527919342.892445000	37.3688	92	0
1527919342.893182000	37.3696	329	0
1527919342.895332000	37.3717	103	1
1527919343.193627000	37.67	392	1
1527919343.193691000	37.6701	259	1
1527919343.211247000	37.6876	87	0
1527919343.299131000	37.7755	239	0
1527919343.299718000	37.7761	148	0
1527919343.302371000	37.7788	106	1
1527919343.302411000	37.7788	92	0
1527919343.303205000	37.7796	92	0
1527919343.305355000	37.7818	103	1
1527919343.546863000	38.0233	389	1
1527919343.546932000	38.0233	257	1
1527919343.565351000	38.0417	87	0
1527919343.652794000	38.1292	258	0
1527919343.653397000	38.1298	148	0
1527919343.655383000	38.1318	106	1
1527919343.655812000	38.1322	92	0
1527919343.657195000	38.1336	339	0
1527919343.658312000	38.1347	103	1
1527919343.973964000	38.4504	389	1
1527919343.974055000	38.4505	258	1
1527919343.992747000	38.4691	87	0
1527919344.084685000	38.5611	257	0
1527919344.085338000	38.5617	148	0
1527919344.087346000	38.5637	106	1
1527919344.088641000	38.565	92	0
1527919344.089310000	38.5657	284	0
1527919344.091363000	38.5678	103	1
1527919344.298449000	38.7748	388	1
1527919344.298515000	38.7749	258	1
1527919344.316908000	38.7933	87	0
1527919344.320955000	38.7974	87	0
1527919344.422058000	38.8985	259	0
1527919344.422720000	38.8991	148	0
1527919344.425360000	38.9018	92	0
1527919344.425456000	38.9019	109	1
1527919344.426146000	38.9025	246	0
1527919344.428426000	38.9048	103	1
1527919344.618918000	39.0953	390	1
1527919344.619012000	39.0954	258	1
1527919344.637810000	39.1142	87	0
1527919344.757926000	39.2343	235	0
1527919344.758580000	39.235	148	0
1527919344.760295000	39.2367	92	0
1527919344.760409000	39.2368	106	1
1527919344.760982000	39.2374	238	0
1527919344.763435000	39.2398	103	1
1527919345.161067000	39.6375	390	1
1527919345.161158000	39.6376	258	1
1527919345.178415000	39.6548	87	0
1527919345.194792000	39.6712	87	0
1527919345.283120000	39.7595	235	0
1527919345.285655000	39.7621	202	0
1527919345.286444000	39.7628	109	1
1527919345.472278000	39.9487	370	1
1527919345.472368000	39.9488	1412	1
1527919345.472404000	39.9488	1412	1
1527919345.472450000	39.9488	1412	1
1527919345.472470000	39.9489	545	1
1527919345.490276000	39.9667	87	0
1527919345.510522000	39.9869	1412	1
1527919345.515416000	39.9918	87	0
1527919345.529251000	40.0056	87	0
1527919345.542584000	40.019	347	1
1527919345.542664000	40.0191	221	1
1527919345.559466000	40.0359	87	0
1527919345.583478000	40.0599	487	0
1527919345.586471000	40.0629	103	1
1527919345.587735000	40.0641	80	0
1527919345.590502000	40.0669	100	1
1527919345.639046000	40.1154	301	0
1527919345.639654000	40.1161	148	0
1527919345.641493000	40.1179	103	1
1527919345.643199000	40.1196	92	0
1527919345.644295000	40.1207	279	0
1527919345.645430000	40.1218	103	1
1527919345.981109000	40.4575	394	1
1527919345.981201000	40.4576	439	1
1527919345.998850000	40.4752	87	0
1527919346.098742000	40.5751	256	0
1527919346.099327000	40.5757	148	0
1527919346.101528000	40.5779	106	1
1527919346.101958000	40.5784	92	0
1527919346.102851000	40.5792	250	0
1527919346.104545000	40.5809	103	1
1527919346.244617000	40.721	996	1
1527919346.244717000	40.7211	253	1
1527919346.262714000	40.7391	87	0
1527919346.351831000	40.8282	277	0
1527919346.352473000	40.8289	148	0
1527919346.354539000	40.8309	106	1
1527919346.355518000	40.8319	92	0
1527919346.356255000	40.8327	130	0
1527919346.358535000	40.8349	103	1
1527919350.213338000	44.6897	908	1
1527919350.213425000	44.6898	260	1
1527919350.235512000	44.7119	87	0
1527919350.369728000	44.8461	280	0
1527919350.370358000	44.8468	148	0
1527919350.372563000	44.849	106	1
1527919350.373421000	44.8498	92	0
1527919350.374207000	44.8506	292	0
1527919350.376576000	44.853	103	1
1527919350.758965000	45.2354	470	1
1527919350.759057000	45.2355	258	1
1527919350.776382000	45.2528	87	0
1527919350.855442000	45.3318	255	0
1527919350.856041000	45.3324	148	0
1527919350.858588000	45.335	106	1
1527919350.859371000	45.3358	92	0
1527919350.860040000	45.3364	204	0
1527919350.862597000	45.339	103	1
1527919351.123255000	45.5997	388	1
1527919351.123343000	45.5997	260	1
1527919351.142272000	45.6187	87	0
1527919351.146444000	45.6228	87	0
1527919351.226386000	45.7028	236	0
1527919351.226970000	45.7034	148	0
1527919351.229360000	45.7058	92	0
1527919351.229631000	45.706	112	1
1527919351.229982000	45.7064	264	0
1527919351.232627000	45.709	100	1
1527919351.443198000	45.9196	311	1
1527919351.462882000	45.9393	87	0
1527919351.572714000	46.0491	326	1
1527919351.572790000	46.0492	257	1
1527919351.590642000	46.067	87	0
1527919351.676438000	46.1528	306	0
1527919351.677038000	46.1534	148	0
1527919351.679425000	46.1558	92	0
1527919351.679718000	46.1561	112	1
1527919351.680116000	46.1565	205	0
1527919351.682668000	46.1591	100	1
1527919351.829360000	46.3058	461	0
1527919351.830076000	46.3065	1412	0
1527919351.830727000	46.3071	994	0
1527919351.831521000	46.3079	92	0
1527919351.832189000	46.3086	261	0
1527919351.832599000	46.309	112	1
1527919351.916557000	46.393	389	1
1527919351.916644000	46.393	221	1
1527919351.935323000	46.4117	87	0
1527919352.004575000	46.481	168	1
1527919352.021183000	46.4976	87	0
1527919352.033290000	46.5097	232	0
1527919352.034004000	46.5104	148	0
1527919352.036129000	46.5125	92	0
1527919352.036582000	46.513	112	1
1527919352.036785000	46.5132	242	0
1527919352.039636000	46.516	100	1
1527919352.125791000	46.6022	241	0
1527919352.126474000	46.6029	1412	0
1527919352.127135000	46.6035	997	0
1527919352.128204000	46.6046	92	0
1527919352.128662000	46.6051	109	1
1527919352.128950000	46.6053	210	0
1527919352.131593000	46.608	100	1
1527919352.351805000	46.8282	389	1
1527919352.351891000	46.8283	439	1
1527919352.371801000	46.8482	87	0
1527919352.466131000	46.9425	256	0
1527919352.468688000	46.9451	103	1
1527919352.473800000	46.9502	417	0
1527919352.476671000	46.9531	100	1
1527919352.617966000	47.0944	391	1
1527919352.618062000	47.0945	315	1
1527919352.636375000	47.1128	87	0
1527919352.739314000	47.2157	305	0
1527919352.739917000	47.2163	148	0
1527919352.742698000	47.2191	106	1
1527919352.743342000	47.2197	92	0
1527919352.744128000	47.2205	145	0
1527919352.745691000	47.2221	103	1
1527919352.850243000	47.3266	390	1
1527919352.850335000	47.3267	315	1
1527919352.867967000	47.3444	87	0
1527919352.961030000	47.4374	235	0
1527919352.961772000	47.4382	148	0
1527919352.963714000	47.4401	106	1
1527919352.965671000	47.4421	92	0
1527919352.966367000	47.4428	183	0
1527919352.968697000	47.4451	103	1
1527919353.081949000	47.5583	389	1
1527919353.082042000	47.5584	253	1
1527919353.098695000	47.5751	87	0
1527919353.176470000	47.6529	239	0
1527919353.177058000	47.6535	148	0
1527919353.179703000	47.6561	92	0
1527919353.179797000	47.6562	106	1
1527919353.180800000	47.6572	120	0
1527919353.182734000	47.6591	103	1
1527919353.678207000	48.1546	390	1
1527919353.678274000	48.1547	260	1
1527919353.695200000	48.1716	87	0
1527919353.700950000	48.1773	87	0
1527919353.776186000	48.2526	311	0
1527919353.776793000	48.2532	148	0
1527919353.778776000	48.2552	109	1
1527919353.780191000	48.2566	92	0
1527919353.780802000	48.2572	175	0
1527919353.782773000	48.2592	103	1
1527919354.060139000	48.5365	991	1
1527919354.060223000	48.5366	257	1
1527919354.077901000	48.5543	87	0
1527919354.176427000	48.6528	300	0
1527919354.177014000	48.6534	148	0
1527919354.178274000	48.6547	92	0
1527919354.178869000	48.6553	321	0
1527919354.179720000	48.6561	112	1
1527919354.318734000	48.7951	906	1
1527919354.318806000	48.7952	258	1
1527919354.336550000	48.8129	87	0
1527919354.420250000	48.8966	281	0
1527919354.420842000	48.8972	148	0
1527919354.422787000	48.8992	106	1
1527919354.423785000	48.9002	92	0
1527919354.424578000	48.901	181	0
1527919354.426784000	48.9032	103	1
1527919354.740185000	49.2166	471	1
1527919354.740276000	49.2167	258	1
1527919354.758262000	49.2347	87	0
1527919355.338115000	49.8145	236	0
1527919355.338762000	49.8152	148	0
1527919355.340923000	49.8173	106	1
1527919355.343383000	49.8198	92	0
1527919355.345214000	49.8216	144	0
1527919355.345781000	49.8222	103	1
1527919355.491087000	49.9675	391	1
1527919355.491154000	49.9676	258	1
1527919355.511226000	49.9876	87	0
1527919355.629761000	50.1062	303	1
1527919355.629849000	50.1062	1412	1
1527919355.629873000	50.1063	1412	1
1527919355.629910000	50.1063	1412	1
1527919355.629958000	50.1064	547	1
1527919355.651499000	50.1279	87	0
1527919355.655380000	50.1318	255	0
1527919355.656683000	50.1331	148	0
1527919355.657456000	50.1339	92	0
1527919355.657799000	50.1342	112	1
1527919355.658591000	50.135	185	0
1527919355.660840000	50.1372	100	1
1527919355.936378000	50.4128	399	0
1527919355.938830000	50.4152	100	1
1527919355.940833000	50.4172	80	0
1527919355.943241000	50.4196	407	1
1527919355.943315000	50.4197	261	1
1527919355.960278000	50.4367	87	0
1527919356.226697000	50.7031	283	0
1527919356.227289000	50.7037	148	0
1527919356.229822000	50.7062	92	0
1527919356.229881000	50.7063	106	1
1527919356.230580000	50.707	309	0
1527919356.232829000	50.7092	103	1
1527919356.321213000	50.7976	389	1
1527919356.321274000	50.7977	258	1
1527919356.338041000	50.8144	87	0
1527919356.620642000	51.097	282	0
1527919356.621240000	51.0976	148	0
1527919356.623430000	51.0998	92	0
1527919356.623849000	51.1002	109	1
1527919356.624173000	51.1006	188	0
1527919356.626857000	51.1033	100	1
1527919356.739208000	51.2156	393	1
1527919356.739269000	51.2157	260	1
1527919356.755527000	51.2319	87	0
1527919357.020050000	51.4964	233	0
1527919357.020669000	51.4971	148	0
1527919357.022961000	51.4994	106	1
1527919357.023175000	51.4996	92	0
1527919357.023801000	51.5002	144	0
1527919357.025900000	51.5023	103	1
1527919357.255057000	51.7315	393	1
1527919357.255121000	51.7315	257	1
1527919357.273481000	51.7499	87	0
1527919357.566938000	52.0433	258	0
1527919357.567614000	52.044	148	0
1527919357.569990000	52.0464	106	1
1527919357.570798000	52.0472	92	0
1527919357.571496000	52.0479	185	0
1527919357.573921000	52.0503	103	1
1527919357.668085000	52.1445	389	1
1527919357.668150000	52.1445	261	1
1527919357.687218000	52.1636	87	0
1527919357.955689000	52.4321	233	0
1527919357.956291000	52.4327	148	0
1527919357.958973000	52.4354	106	1
1527919357.959734000	52.4361	92	0
1527919357.960409000	52.4368	332	0
1527919357.963019000	52.4394	103	1
1527919358.086315000	52.5627	389	1
1527919358.086408000	52.5628	258	1
1527919358.105102000	52.5815	87	0
1527919358.380433000	52.8568	305	0
1527919358.381030000	52.8574	148	0
1527919358.382999000	52.8594	106	1
1527919358.383798000	52.8602	92	0
1527919358.384561000	52.861	340	0
1527919358.386954000	52.8634	103	1
1527919358.469458000	52.9459	390	1
1527919358.469550000	52.9459	258	1
1527919358.488436000	52.9648	87	0
1527919358.754206000	53.2306	260	0
1527919358.754812000	53.2312	148	0
1527919358.757019000	53.2334	106	1
1527919358.757431000	53.2338	92	0
1527919358.758051000	53.2344	253	0
1527919358.760031000	53.2364	103	1
1527919358.875291000	53.3517	388	1
1527919358.875382000	53.3518	257	1
1527919358.891662000	53.3681	87	0
1527919359.039584000	53.516	291	0
1527919359.040171000	53.5166	148	0
1527919359.042050000	53.5184	106	1
1527919359.042282000	53.5187	92	0
1527919359.043022000	53.5194	291	0
1527919359.045071000	53.5215	103	1
1527919359.301500000	53.7779	995	1
1527919359.301569000	53.778	259	1
1527919359.322654000	53.7991	87	0
1527919359.724835000	54.2012	260	0
1527919359.725551000	54.2019	148	0
1527919359.728080000	54.2045	106	1
1527919359.728485000	54.2049	92	0
1527919359.729085000	54.2055	85	0
1527919359.731100000	54.2075	103	1
1527919359.754581000	54.231	907	1
1527919359.754710000	54.2311	259	1
1527919359.773724000	54.2501	87	0
1527919360.060327000	54.5367	298	0
1527919360.060914000	54.5373	148	0
1527919360.063190000	54.5396	106	1
1527919360.064562000	54.541	92	0
1527919360.065299000	54.5417	201	0
1527919360.067112000	54.5435	103	1
1527919360.308495000	54.7849	447	1
1527919360.308592000	54.785	1412	1
1527919360.308630000	54.785	1412	1
1527919360.308681000	54.7851	1412	1
1527919360.308703000	54.7851	1362	1
1527919360.328128000	54.8045	87	0
1527919360.335279000	54.8117	322	1
1527919360.335339000	54.8117	257	1
1527919360.352561000	54.829	87	0
1527919360.592839000	55.0692	396	0
1527919360.596176000	55.0726	106	1
1527919360.598721000	55.0751	80	0
1527919360.601144000	55.0775	100	1
1527919360.734405000	55.2108	264	0
1527919360.735002000	55.2114	148	0
1527919360.737136000	55.2135	103	1
1527919360.737711000	55.2141	92	0
1527919360.738381000	55.2148	106	0
1527919360.740167000	55.2166	103	1
1527919360.771183000	55.2476	392	1
1527919360.771273000	55.2477	253	1
1527919360.799179000	55.2756	87	0
1527919360.813812000	55.2902	87	0
1527919360.945074000	55.4215	232	0
1527919360.945664000	55.4221	148	0
1527919360.948152000	55.4245	109	1
1527919360.948806000	55.4252	92	0
1527919360.950444000	55.4268	324	0
1527919360.951083000	55.4275	103	1
1527919364.929352000	59.4057	388	1
1527919364.929452000	59.4058	259	1
1527919364.945582000	59.422	87	0
1527919365.234846000	59.7112	308	0
1527919365.235494000	59.7119	148	0
1527919365.237413000	59.7138	106	1
1527919365.238383000	59.7148	92	0
1527919365.239155000	59.7156	329	0
1527919365.241384000	59.7178	103	1
1527919365.425712000	59.9021	393	1
1527919365.425805000	59.9022	262	1
1527919365.442435000	59.9188	87	0
1527919365.581025000	60.0574	280	0
1527919365.581629000	60.058	148	0
1527919365.584083000	60.0605	92	0
1527919365.584351000	60.0607	109	1
1527919365.584787000	60.0612	192	0
1527919365.587368000	60.0638	100	1
1527919365.909727000	60.3861	389	1
1527919365.909791000	60.3862	262	1
1527919365.928234000	60.4046	87	0
1527919366.011642000	60.488	233	0
1527919366.012241000	60.4886	148	0
1527919366.014455000	60.4909	106	1
1527919366.015046000	60.4914	92	0
1527919366.015956000	60.4924	245	0
1527919366.017433000	60.4938	103	1
1527919366.284750000	60.7611	392	1
1527919366.284812000	60.7612	261	1
1527919366.303732000	60.7801	87	0
1527919366.384588000	60.861	235	0
1527919366.385243000	60.8616	148	0
1527919366.387401000	60.8638	106	1
1527919366.387656000	60.8641	92	0
1527919366.388334000	60.8647	252	0
1527919366.390424000	60.8668	103	1
1527919366.593842000	61.0702	392	1
1527919366.593936000	61.0703	258	1
1527919366.611711000	61.0881	87	0
1527919366.702946000	61.1793	256	0
1527919366.703589000	61.18	148	0
1527919366.705492000	61.1819	106	1
1527919366.706063000	61.1825	92	0
1527919366.706726000	61.1831	237	0
1527919366.708492000	61.1849	103	1
1527919366.897352000	61.3737	392	1
1527919366.897449000	61.3738	260	1
1527919366.916100000	61.3925	87	0
1527919367.015612000	61.492	305	0
1527919367.016213000	61.4926	148	0
1527919367.018505000	61.4949	106	1
1527919367.018543000	61.4949	92	0
1527919367.019318000	61.4957	109	0
1527919367.021488000	61.4979	103	1
1527919367.158632000	61.635	390	1
1527919367.158731000	61.6351	259	1
1527919367.177483000	61.6539	87	0
1527919367.291812000	61.7682	233	0
1527919367.292402000	61.7688	148	0
1527919367.294524000	61.7709	106	1
1527919367.296483000	61.7729	92	0
1527919367.297483000	61.7739	282	0
1527919367.300855000	61.7773	100	1
1527919367.305606000	61.782	100	1
1527919367.374506000	61.8509	995	1
1527919367.374580000	61.851	268	1
1527919367.392791000	61.8692	87	0
1527919367.490144000	61.9665	260	0
1527919367.490771000	61.9672	148	0
1527919367.493549000	61.9699	106	1
1527919367.494653000	61.9711	92	0
1527919367.495393000	61.9718	159	0
1527919367.497535000	61.9739	103	1
1527919367.628808000	62.1052	908	1
1527919367.628896000	62.1053	259	1
1527919367.648804000	62.1252	87	0
1527919367.739315000	62.2157	287	0
1527919367.739894000	62.2163	148	0
1527919367.742564000	62.219	106	1
1527919367.742579000	62.219	92	0
1527919367.743496000	62.2199	166	0
1527919367.745558000	62.222	103	1
1527919368.099305000	62.5757	465	1
1527919368.099396000	62.5758	262	1
1527919368.114160000	62.5906	100	0
1527919368.116553000	62.593	100	1
1527919368.117215000	62.5936	87	0
1527919368.195551000	62.6719	233	0
1527919368.196161000	62.6726	148	0
1527919368.198434000	62.6748	92	0
1527919368.198547000	62.6749	106	1
1527919368.199132000	62.6755	205	0
1527919368.201559000	62.678	103	1
1527919368.354857000	62.8313	389	1
1527919368.354955000	62.8314	262	1
1527919368.372221000	62.8486	87	0
1527919368.458442000	62.9348	320	0
1527919368.459040000	62.9354	148	0
1527919368.461589000	62.938	106	1
1527919368.462369000	62.9388	92	0
1527919368.462975000	62.9394	238	0
1527919368.465549000	62.9419	103	1
1527919368.825359000	63.3018	388	1
1527919368.825421000	63.3018	261	1
1527919368.844728000	63.3211	87	0
1527919368.986998000	63.4634	232	0
1527919368.987595000	63.464	148	0
1527919368.989620000	63.466	106	1
1527919368.989797000	63.4662	92	0
1527919368.990464000	63.4669	253	0
1527919368.992622000	63.469	103	1
1527919369.082630000	63.559	387	1
1527919369.082694000	63.5591	260	1
1527919369.099997000	63.5764	87	0
1527919369.192725000	63.6691	232	0
1527919369.193384000	63.6698	148	0
1527919369.195654000	63.6721	106	1
1527919369.196380000	63.6728	92	0
1527919369.197089000	63.6735	170	0
1527919369.199622000	63.676	103	1
1527919369.295129000	63.7715	391	1
1527919369.295189000	63.7716	269	1
1527919369.313750000	63.7901	87	0
1527919369.420623000	63.897	280	0
1527919369.421258000	63.8977	148	0
1527919369.423645000	63.9	106	1
1527919369.424891000	63.9013	92	0
1527919369.425603000	63.902	142	0
1527919369.427629000	63.904	103	1
1527919369.762544000	64.2389	393	1
1527919369.762650000	64.239	263	1
1527919369.780946000	64.2573	87	0
1527919369.879820000	64.3562	233	0
1527919369.880465000	64.3569	148	0
1527919369.882688000	64.3591	106	1
1527919369.883257000	64.3597	92	0
1527919369.884058000	64.3605	264	0
1527919369.885661000	64.3621	103	1
1527919370.179044000	64.6554	393	1
1527919370.179137000	64.6555	264	1
1527919370.196538000	64.6729	87	0
1527919370.348128000	64.8245	283	0
1527919370.348708000	64.8251	148	0
1527919370.349386000	64.8258	92	0
1527919370.350091000	64.8265	95	0
1527919370.350662000	64.8271	112	1
1527919370.358966000	64.8354	283	0
1527919370.361665000	64.8381	100	1
1527919371.015271000	65.4917	389	1
1527919371.015361000	65.4918	263	1
1527919371.033297000	65.5097	87	0
1527919371.126669000	65.6031	282	0
1527919371.127310000	65.6037	148	0
1527919371.129672000	65.6061	106	1
1527919371.130249000	65.6066	92	0
1527919371.130917000	65.6073	210	0
1527919371.132689000	65.6091	103	1
1527919371.271540000	65.7479	392	1
1527919371.271601000	65.748	260	1
1527919371.288164000	65.7646	87	0
1527919371.368447000	65.8448	232	0
1527919371.369036000	65.8454	148	0
1527919371.371749000	65.8481	106	1
1527919371.372111000	65.8485	92	0
1527919371.372773000	65.8492	274	0
1527919371.374735000	65.8511	103	1
1527919371.526040000	66.0024	388	1
1527919371.526100000	66.0025	264	1
1527919371.544436000	66.0208	87	0
1527919371.626749000	66.1031	256	0
1527919371.627415000	66.1038	148	0
1527919371.629760000	66.1062	106	1
1527919371.631739000	66.1081	92	0
1527919371.632473000	66.1089	320	0
1527919371.634775000	66.1112	103	1
1527919371.872197000	66.3486	992	1
1527919371.872289000	66.3487	260	1
1527919371.889392000	66.3658	87	0
1527919371.984295000	66.4607	233	0
1527919371.984887000	66.4613	148	0
1527919371.986788000	66.4632	106	1
1527919371.987458000	66.4639	92	0
1527919371.988136000	66.4645	301	0
1527919371.989771000	66.4662	103	1
1527919372.140972000	66.6174	400	1
1527919372.141057000	66.6175	260	1
1527919372.165622000	66.642	87	0
1527919372.246406000	66.7228	303	0
1527919372.247004000	66.7234	148	0
1527919372.249795000	66.7262	106	1
1527919372.250765000	66.7272	92	0
1527919372.251500000	66.7279	245	0
1527919372.253810000	66.7302	103	1
1527919372.415765000	66.8922	893	1
1527919372.415847000	66.8922	263	1
1527919372.433552000	66.9099	87	0
1527919372.512754000	66.9892	254	0
1527919372.513409000	66.9898	148	0
1527919372.515757000	66.9922	106	1
1527919372.515967000	66.9924	92	0
1527919372.516625000	66.993	94	0
1527919372.518802000	66.9952	103	1
1527919372.702999000	67.1794	468	1
1527919372.703097000	67.1795	261	1
1527919372.720114000	67.1965	87	0
1527919372.724902000	67.2013	87	0
1527919372.799278000	67.2757	237	0
1527919372.799929000	67.2763	148	0
1527919372.801768000	67.2782	109	1
1527919372.809503000	67.2859	92	0
1527919372.810171000	67.2866	327	0
1527919372.811832000	67.2882	103	1
1527919372.991094000	67.4675	389	1
1527919372.991156000	67.4676	260	1
1527919373.009208000	67.4856	87	0
1527919373.088708000	67.5651	288	0
1527919373.089290000	67.5657	148	0
1527919373.091540000	67.5679	92	0
1527919373.091801000	67.5682	109	1
1527919373.092204000	67.5686	109	0
1527919373.094799000	67.5712	100	1
1527919373.405123000	67.8815	389	1
1527919373.405214000	67.8816	263	1
1527919373.422504000	67.8989	87	0
1527919373.510105000	67.9865	258	0
1527919373.510702000	67.9871	148	0
1527919373.512842000	67.9892	106	1
1527919373.513664000	67.9901	92	0
1527919373.514388000	67.9908	85	0
1527919373.516847000	67.9932	103	1
1527919373.551264000	68.0277	92	0
1527919373.553826000	68.0302	100	1
1527919373.872247000	68.3486	393	1
1527919373.872338000	68.3487	266	1
1527919373.890908000	68.3673	87	0
1527919373.970177000	68.4466	297	0
1527919373.970789000	68.4472	148	0
1527919373.972989000	68.4494	106	1
1527919373.974151000	68.4505	92	0
1527919373.974800000	68.4512	105	0
1527919373.976832000	68.4532	103	1
1527919374.118103000	68.5945	369	1
1527919374.118207000	68.5946	1412	1
1527919374.118244000	68.5946	1412	1
1527919374.118272000	68.5947	1412	1
1527919374.118293000	68.5947	546	1
1527919374.138707000	68.6151	87	0
1527919374.156105000	68.6325	326	1
1527919374.156204000	68.6326	263	1
1527919374.172382000	68.6488	87	0
1527919374.209422000	68.6858	388	0
1527919374.211858000	68.6883	106	1
1527919374.215706000	68.6921	80	0
1527919374.218874000	68.6953	100	1
1527919374.253378000	68.7298	265	0
1527919374.254041000	68.7304	148	0
1527919374.255842000	68.7322	103	1
1527919374.256868000	68.7333	92	0
1527919374.257591000	68.734	229	0
1527919374.259845000	68.7362	103	1
1527919374.408108000	68.8845	392	1
1527919374.408194000	68.8846	317	1
1527919374.425271000	68.9017	87	0
1527919374.508589000	68.985	256	0
1527919374.509198000	68.9856	148	0
1527919374.511356000	68.9878	92	0
1527919374.511872000	68.9883	109	1
1527919374.512117000	68.9885	307	0
1527919374.514885000	68.9913	100	1
1527919374.880429000	69.3568	393	1
1527919374.880525000	69.3569	255	1
1527919374.898110000	69.3745	87	0
1527919374.978122000	69.4545	283	0
1527919374.978842000	69.4552	148	0
1527919374.980915000	69.4573	106	1
1527919374.981503000	69.4579	92	0
1527919374.982178000	69.4586	144	0
1527919374.983929000	69.4603	103	1
1527919377.121954000	71.5984	370	1
1527919377.122060000	71.5985	1412	1
1527919377.122097000	71.5985	1412	1
1527919377.122135000	71.5985	1412	1
1527919377.122171000	71.5986	1412	1
1527919377.122205000	71.5986	1412	1
1527919377.122240000	71.5986	1412	1
1527919377.122282000	71.5987	1412	1
1527919377.122315000	71.5987	1412	1
1527919377.122354000	71.5988	1412	1
1527919377.122397000	71.5988	1412	1
1527919377.122433000	71.5988	1412	1
1527919377.122462000	71.5989	1412	1
1527919377.122500000	71.5989	1412	1
1527919377.122528000	71.5989	1259	1
1527919377.139917000	71.6163	87	0
1527919377.140658000	71.6171	87	0
1527919377.223636000	71.7	399	0
1527919377.226422000	71.7028	106	1
1527919377.230500000	71.7069	80	0
1527919377.233607000	71.71	100	1
1527919377.393855000	71.8703	995	1
1527919377.393917000	71.8703	260	1
1527919377.414232000	71.8906	87	0
1527919377.495096000	71.9715	280	0
1527919377.495741000	71.9721	148	0
1527919377.498482000	71.9749	106	1
1527919377.498551000	71.9749	92	0
1527919377.499304000	71.9757	210	0
1527919377.501468000	71.9779	103	1
1527919378.029959000	72.5064	908	1
1527919378.030051000	72.5064	259	1
1527919378.047655000	72.5241	87	0
1527919378.157085000	72.6335	302	0
1527919378.157659000	72.6341	148	0
1527919378.159519000	72.6359	106	1
1527919378.159548000	72.6359	92	0
1527919378.160370000	72.6368	206	0
1527919378.162547000	72.6389	103	1
1527919378.295812000	72.7722	387	1
1527919378.295901000	72.7723	259	1
1527919378.313714000	72.7901	87	0
1527919378.422426000	72.8988	255	0
1527919378.423013000	72.8994	148	0
1527919378.425516000	72.9019	92	0
1527919378.425550000	72.9019	106	1
1527919378.426283000	72.9027	323	0
1527919378.428593000	72.905	103	1
1527919379.799686000	74.2761	469	1
1527919379.799782000	74.2762	261	1
1527919379.816435000	74.2928	87	0
1527919379.820881000	74.2973	87	0
1527919379.899175000	74.3756	260	0
1527919379.899815000	74.3762	148	0
1527919379.901158000	74.3776	92	0
1527919379.901817000	74.3782	270	0
1527919379.902302000	74.3787	115	1
1527919380.114519000	74.5909	389	1
1527919380.114586000	74.591	259	1
1527919380.132135000	74.6085	87	0
1527919380.220903000	74.6973	290	0
1527919380.221527000	74.6979	148	0
1527919380.224213000	74.7006	106	1
1527919380.224788000	74.7012	92	0
1527919380.225467000	74.7019	246	0
1527919380.227210000	74.7036	103	1
1527919380.561318000	75.0377	389	1
1527919380.561392000	75.0378	259	1
1527919380.590894000	75.0673	87	0
1527919380.671559000	75.148	256	0
1527919380.672217000	75.1486	148	0
1527919380.674254000	75.1507	106	1
1527919380.674444000	75.1508	92	0
1527919380.675169000	75.1516	287	0
1527919380.677236000	75.1536	103	1
1527919380.955013000	75.4314	370	1
1527919380.955110000	75.4315	1412	1
1527919380.955149000	75.4315	1412	1
1527919380.955203000	75.4316	1412	1
1527919380.955223000	75.4316	553	1
1527919380.975209000	75.4516	87	0
1527919381.017267000	75.4937	326	1
1527919381.017352000	75.4937	223	1
1527919381.038153000	75.5145	87	0
1527919381.043397000	75.5198	87	0
1527919381.051488000	75.5279	415	0
1527919381.054262000	75.5307	109	1
1527919381.055435000	75.5318	80	0
1527919381.058257000	75.5347	100	1
1527919381.119621000	75.596	266	0
1527919381.120202000	75.5966	148	0
1527919381.122276000	75.5987	103	1
1527919381.123144000	75.5995	92	0
1527919381.124438000	75.6008	145	0
1527919381.126300000	75.6027	103	1
1527919381.312646000	75.789	389	1
1527919381.312738000	75.7891	317	1
1527919381.329758000	75.8062	87	0
1527919381.412397000	75.8888	257	0
1527919381.413006000	75.8894	148	0
1527919381.415217000	75.8916	92	0
1527919381.415283000	75.8917	106	1
1527919381.415818000	75.8922	186	0
1527919381.418210000	75.8946	103	1
1527919381.628724000	76.1051	393	1
1527919381.628810000	76.1052	317	1
1527919381.646322000	76.1227	87	0
1527919381.735861000	76.2123	255	0
1527919381.736487000	76.2129	148	0
1527919381.738317000	76.2147	106	1
1527919381.738674000	76.2151	92	0
1527919381.739422000	76.2158	279	0
1527919381.741299000	76.2177	103	1
1527919381.940364000	76.4168	392	1
1527919381.940457000	76.4169	255	1
1527919381.962436000	76.4388	87	0
1527919382.056214000	76.5326	286	0
1527919382.056816000	76.5332	148	0
1527919382.058455000	76.5349	92	0
1527919382.059118000	76.5355	118	0
1527919382.059369000	76.5358	112	1
1527919385.238155000	79.7146	391	1
1527919385.238219000	79.7146	259	1
1527919385.256621000	79.733	87	0
1527919385.263477000	79.7399	87	0
1527919385.352341000	79.8287	258	0
1527919385.353393000	79.8298	148	0
1527919385.355481000	79.8319	92	0
1527919385.355561000	79.832	109	1
1527919385.356230000	79.8326	141	0
1527919385.358527000	79.8349	103	1
1527919385.489529000	79.9659	996	1
1527919385.489618000	79.966	260	1
1527919385.506960000	79.9834	87	0
1527919385.591370000	80.0678	255	0
1527919385.591973000	80.0684	148	0
1527919385.594045000	80.0704	92	0
1527919385.594532000	80.0709	109	1
1527919385.595293000	80.0717	208	0
1527919385.598514000	80.0749	100	1
1527919386.182153000	80.6586	908	1
1527919386.182217000	80.6586	262	1
1527919386.199849000	80.6762	87	0
1527919386.300384000	80.7768	257	0
1527919386.301046000	80.7774	148	0
1527919386.303008000	80.7794	92	0
1527919386.303568000	80.78	109	1
1527919386.303687000	80.7801	165	0
1527919386.306489000	80.7829	100	1
1527919386.564871000	81.0413	392	1
1527919386.564932000	81.0413	259	1
1527919386.581687000	81.0581	87	0
1527919386.666823000	81.1432	326	0
1527919386.667453000	81.1439	148	0
1527919386.669231000	81.1456	92	0
1527919386.669511000	81.1459	109	1
1527919386.669884000	81.1463	141	0
1527919386.672576000	81.149	100	1
1527919387.231867000	81.7083	466	1
1527919387.231965000	81.7084	259	1
1527919387.248589000	81.725	87	0
1527919387.360311000	81.8367	233	0
1527919387.360965000	81.8374	148	0
1527919387.363598000	81.84	92	0
1527919387.363671000	81.8401	106	1
1527919387.364441000	81.8408	175	0
1527919387.366617000	81.843	103	1
1527919387.478757000	81.9552	389	1
1527919387.478844000	81.9552	259	1
1527919387.495849000	81.9722	87	0
1527919387.572879000	82.0493	260	0
1527919387.573535000	82.0499	148	0
1527919387.575628000	82.052	106	1
1527919387.577607000	82.054	92	0
1527919387.578387000	82.0548	102	0
1527919387.580658000	82.0571	103	1
1527919387.916858000	82.3933	392	1
1527919387.916924000	82.3933	261	1
1527919387.934338000	82.4107	87	0
1527919388.014134000	82.4905	287	0
1527919388.014744000	82.4911	148	0
1527919388.016663000	82.4931	106	1
1527919388.018255000	82.4947	92	0
1527919388.018893000	82.4953	235	0
1527919388.020665000	82.4971	103	1
1527919388.412179000	82.8886	387	1
1527919388.412248000	82.8886	259	1
1527919388.433515000	82.9099	87	0
1527919388.440391000	82.9168	87	0
1527919388.524901000	83.0013	259	0
1527919388.525525000	83.0019	148	0
1527919388.527709000	83.0041	109	1
1527919388.528179000	83.0046	92	0
1527919388.528859000	83.0053	164	0
1527919388.530704000	83.0071	103	1
1527919388.892079000	83.3685	390	1
1527919388.892140000	83.3685	260	1
1527919388.909431000	83.3858	87	0
1527919389.000966000	83.4774	233	0
1527919389.001894000	83.4783	148	0
1527919389.002619000	83.479	92	0
1527919389.003285000	83.4797	265	0
1527919389.003782000	83.4802	112	1
1527919389.694263000	84.1707	388	1
1527919389.694339000	84.1707	259	1
1527919389.714310000	84.1907	87	0
1527919389.794448000	84.2708	298	0
1527919389.795073000	84.2715	148	0
1527919389.796613000	84.273	92	0
1527919389.797281000	84.2737	210	0
1527919389.797750000	84.2741	112	1
1527919389.961092000	84.4375	389	1
1527919389.961180000	84.4376	262	1
1527919389.979963000	84.4564	87	0
1527919390.060182000	84.5366	258	0
1527919390.060764000	84.5372	148	0
1527919390.062780000	84.5392	106	1
1527919390.064527000	84.5409	92	0
1527919390.065352000	84.5417	94	0
1527919390.067768000	84.5442	103	1
1527919390.473941000	84.9503	389	1
1527919390.474009000	84.9504	259	1
1527919390.495712000	84.9721	87	0
1527919390.585014000	85.0614	281	0
1527919390.585664000	85.0621	148	0
1527919390.587744000	85.0641	106	1
1527919390.589133000	85.0655	92	0
1527919390.589780000	85.0662	177	0
1527919390.591820000	85.0682	103	1
1527919390.793312000	85.2697	390	1
1527919390.793409000	85.2698	259	1
1527919390.811482000	85.2879	87	0
1527919390.897399000	85.3738	235	0
1527919390.897989000	85.3744	148	0
1527919390.899823000	85.3762	106	1
1527919390.900809000	85.3772	92	0
1527919390.901491000	85.3779	114	0
1527919390.903848000	85.3802	103	1
1527919391.118937000	85.5953	390	1
1527919391.119008000	85.5954	261	1
1527919391.138796000	85.6152	87	0
1527919391.225501000	85.7019	283	0
1527919391.226115000	85.7025	148	0
1527919391.228544000	85.7049	92	0
1527919391.228792000	85.7052	109	1
1527919391.229230000	85.7056	156	0
1527919391.231862000	85.7083	100	1
1527919391.406067000	85.8825	992	1
1527919391.406130000	85.8825	259	1
1527919391.425258000	85.9017	87	0
1527919391.528435000	86.0048	256	0
1527919391.529050000	86.0054	148	0
1527919391.530844000	86.0072	106	1
1527919391.531047000	86.0074	92	0
1527919391.531721000	86.0081	134	0
1527919391.533824000	86.0102	103	1
1527919392.101386000	86.5778	905	1
1527919392.101478000	86.5779	259	1
1527919392.118317000	86.5947	87	0
1527919392.198500000	86.6749	235	0
1527919392.199096000	86.6755	148	0
1527919392.200850000	86.6772	106	1
1527919392.201889000	86.6783	92	0
1527919392.202645000	86.679	85	0
1527919392.204864000	86.6813	103	1
1527919392.429106000	86.9055	393	1
1527919392.429173000	86.9056	259	1
1527919392.446539000	86.9229	87	0
1527919392.538070000	87.0145	282	0
1527919392.538705000	87.0151	148	0
1527919392.540864000	87.0173	106	1
1527919392.541168000	87.0176	92	0
1527919392.541835000	87.0182	92	0
1527919392.543863000	87.0203	103	1
1527919392.847248000	87.3236	469	1
1527919392.847306000	87.3237	260	1
1527919392.865542000	87.3419	87	0
1527919392.970704000	87.4471	303	0
1527919392.971276000	87.4477	148	0
1527919392.973804000	87.4502	92	0
1527919392.973921000	87.4503	106	1
1527919392.974581000	87.451	311	0
1527919392.976895000	87.4533	103	1
1527919393.092901000	87.5693	388	1
1527919393.092996000	87.5694	261	1
1527919393.111189000	87.5876	87	0
1527919393.204024000	87.6804	235	0
1527919393.204640000	87.681	148	0
1527919393.206919000	87.6833	106	1
1527919393.207562000	87.684	92	0
1527919393.208236000	87.6846	335	0
1527919393.209913000	87.6863	103	1
1527919393.467182000	87.9436	390	1
1527919393.467279000	87.9437	259	1
1527919393.483851000	87.9602	87	0
1527919393.572061000	88.0485	258	0
1527919393.572648000	88.049	148	0
1527919393.574950000	88.0513	106	1
1527919393.576260000	88.0527	92	0
1527919393.576876000	88.0533	137	0
1527919393.578969000	88.0554	103	1
1527919393.725735000	88.2021	389	1
1527919393.725808000	88.2022	259	1
1527919393.742642000	88.219	87	0
1527919393.823617000	88.3	235	0
1527919393.824264000	88.3007	148	0
1527919393.826673000	88.3031	92	0
1527919393.826968000	88.3034	109	1
1527919393.827305000	88.3037	184	0
1527919393.830019000	88.3064	100	1
1527919393.935191000	88.4116	387	1
1527919393.935266000	88.4117	260	1
1527919393.953597000	88.43	87	0
1527919394.045808000	88.5222	288	0
1527919394.046409000	88.5228	148	0
1527919394.048982000	88.5254	106	1
1527919394.049132000	88.5255	92	0
1527919394.049803000	88.5262	148	0
1527919394.052002000	88.5284	103	1
1527919394.388452000	88.8648	389	1
1527919394.388541000	88.8649	260	1
1527919394.407564000	88.884	87	0
1527919394.494554000	88.971	258	0
1527919394.495175000	88.9716	148	0
1527919394.497058000	88.9735	106	1
1527919394.497787000	88.9742	92	0
1527919394.498466000	88.9749	298	0
1527919394.501041000	88.9774	103	1
1527919396.079708000	90.5561	371	1
1527919396.079793000	90.5562	1412	1
1527919396.079820000	90.5562	1412	1
1527919396.079861000	90.5563	1412	1
1527919396.079889000	90.5563	556	1
1527919396.099406000	90.5758	87	0
1527919396.124256000	90.6007	326	1
1527919396.124321000	90.6007	223	1
1527919396.140683000	90.6171	87	0
1527919396.168693000	90.6451	455	0
1527919396.171127000	90.6475	106	1
1527919396.173083000	90.6495	80	0
1527919396.176127000	90.6525	100	1
1527919396.232729000	90.7091	266	0
1527919396.233377000	90.7098	148	0
1527919396.235841000	90.7122	92	0
1527919396.236067000	90.7125	106	1
1527919396.236536000	90.7129	340	0
1527919396.239179000	90.7156	100	1
1527919396.435432000	90.9118	392	1
1527919396.435526000	90.9119	317	1
1527919396.452325000	90.9287	87	0
1527919396.559322000	91.0357	276	0
1527919396.559891000	91.0363	148	0
1527919396.562183000	91.0386	106	1
1527919396.563139000	91.0395	92	0
1527919396.563893000	91.0403	248	0
1527919396.566147000	91.0425	103	1
1527919396.748537000	91.2249	386	1
1527919396.748598000	91.225	317	1
1527919396.769832000	91.2462	87	0
1527919396.956194000	91.4326	283	0
1527919396.956897000	91.4333	148	0
1527919396.959178000	91.4356	106	1
1527919396.959367000	91.4358	92	0
1527919396.960042000	91.4364	203	0
1527919396.962176000	91.4386	103	1
1527919397.266639000	91.743	995	1
1527919397.266728000	91.7431	379	1
1527919397.283541000	91.7599	87	0
1527919397.372864000	91.8493	235	0
1527919397.373544000	91.8499	148	0
1527919397.376210000	91.8526	106	1
1527919397.376930000	91.8533	92	0
1527919397.377652000	91.854	262	0
1527919397.379209000	91.8556	103	1
1527919398.627865000	93.1043	910	1
1527919398.627944000	93.1043	261	1
1527919398.651000000	93.1274	87	0
1527919398.731914000	93.2083	259	0
1527919398.732522000	93.2089	148	0
1527919398.734694000	93.2111	92	0
1527919398.735304000	93.2117	109	1
1527919398.735320000	93.2117	159	0
1527919398.738297000	93.2147	100	1
1527919398.854506000	93.3309	393	1
1527919398.854568000	93.331	259	1
1527919398.872094000	93.3485	87	0
1527919398.953217000	93.4296	235	0
1527919398.953891000	93.4303	148	0
1527919398.956302000	93.4327	106	1
1527919398.956769000	93.4332	92	0
1527919398.957435000	93.4338	94	0
1527919398.959305000	93.4357	103	1
1527919399.211634000	93.688	469	1
1527919399.211728000	93.6881	260	1
1527919399.228324000	93.7047	87	0
1527919399.233128000	93.7095	87	0
1527919399.338715000	93.8151	260	0
1527919399.339298000	93.8157	148	0
1527919399.341293000	93.8177	92	0
1527919399.341335000	93.8177	109	1
1527919399.342040000	93.8184	100	0
1527919399.344335000	93.8207	103	1
1527919399.645717000	94.1221	391	1
1527919399.645810000	94.1222	259	1
1527919399.663421000	94.1398	87	0
1527919399.744746000	94.2211	328	0
1527919399.745437000	94.2218	148	0
1527919399.747339000	94.2237	106	1
1527919399.748904000	94.2253	92	0
1527919399.749615000	94.226	174	0
1527919399.751337000	94.2277	103	1
1527919400.135524000	94.6119	394	1
1527919400.135695000	94.6121	262	1
1527919400.154596000	94.631	87	0
1527919400.257483000	94.7339	232	0
1527919400.258136000	94.7345	148	0
1527919400.259306000	94.7357	92	0
1527919400.259972000	94.7364	332	0
1527919400.260480000	94.7369	112	1
1527919400.816885000	95.2933	387	1
1527919400.816950000	95.2933	259	1
1527919400.835702000	95.3121	87	0
1527919400.912517000	95.3889	262	0
1527919400.913159000	95.3896	148	0
1527919400.915407000	95.3918	106	1
1527919400.915911000	95.3923	92	0
1527919400.916687000	95.3931	326	0
1527919400.918394000	95.3948	103	1
1527919401.033465000	95.5099	390	1
1527919401.033529000	95.5099	259	1
1527919401.052807000	95.5292	87	0
1527919401.143612000	95.62	288	0
1527919401.144262000	95.6207	148	0
1527919401.146463000	95.6229	106	1
1527919401.147385000	95.6238	92	0
1527919401.148091000	95.6245	236	0
1527919401.150406000	95.6268	103	1
1527919401.320628000	95.797	388	1
1527919401.320713000	95.7971	259	1
1527919401.340397000	95.8168	87	0
1527919401.420348000	95.8967	256	0
1527919401.421016000	95.8974	148	0
1527919401.422967000	95.8994	92	0
1527919401.423435000	95.8998	109	1
1527919401.423653000	95.9	131	0
1527919401.426410000	95.9028	100	1
1527919401.867882000	96.3443	389	1
1527919401.867976000	96.3444	261	1
1527919401.885982000	96.3624	87	0
1527919401.993100000	96.4695	232	0
1527919401.993840000	96.4702	148	0
1527919401.995615000	96.472	92	0
1527919401.996411000	96.4728	85	0
1527919401.996504000	96.4729	109	1
1527919401.999451000	96.4758	100	1
1527919402.187640000	96.664	388	1
1527919402.187714000	96.6641	259	1
1527919402.205410000	96.6818	87	0
1527919402.297219000	96.7736	235	0
1527919402.297812000	96.7742	148	0
1527919402.300301000	96.7767	92	0
1527919402.300563000	96.777	109	1
1527919402.301037000	96.7774	222	0
1527919402.303466000	96.7799	100	1
1527919403.774037000	98.2504	389	1
1527919403.774133000	98.2505	259	1
1527919403.794296000	98.2707	87	0
1527919403.881077000	98.3575	300	0
1527919403.881649000	98.358	148	0
1527919403.883355000	98.3598	92	0
1527919403.883618000	98.36	109	1
1527919403.884102000	98.3605	246	0
1527919403.886550000	98.3629	100	1
1527919404.010674000	98.4871	389	1
1527919404.010732000	98.4871	259	1
1527919404.028144000	98.5045	87	0
1527919404.114784000	98.5912	254	0
1527919404.115427000	98.5918	148	0
1527919404.117566000	98.594	106	1
1527919404.119438000	98.5958	92	0
1527919404.120104000	98.5965	89	0
1527919404.122560000	98.599	103	1
1527919404.487799000	98.9642	989	1
1527919404.487890000	98.9643	259	1
1527919404.515564000	98.992	87	0
1527919404.601434000	99.0778	281	0
1527919404.602038000	99.0784	148	0
1527919404.603773000	99.0802	92	0
1527919404.604574000	99.081	229	0
1527919404.604651000	99.081	109	1
1527919404.607603000	99.084	100	1
1527919404.855163000	99.3316	910	1
1527919404.855227000	99.3316	223	1
1527919404.875750000	99.3521	87	0
1527919404.878995000	99.3554	87	0
1527919404.959857000	99.4363	285	0
1527919404.960547000	99.4369	148	0
1527919404.962547000	99.4389	109	1
1527919404.963473000	99.4399	92	0
1527919404.964287000	99.4407	316	0
1527919404.966584000	99.443	103	1
1527919405.170753000	99.6472	393	1
1527919405.170850000	99.6472	255	1
1527919405.189268000	99.6657	87	0
1527919405.304616000	99.781	232	0
1527919405.305271000	99.7817	148	0
1527919405.307640000	99.784	106	1
1527919405.308079000	99.7845	92	0
1527919405.308752000	99.7851	221	0
1527919405.310643000	99.787	103	1
1527919406.525967000	101.002	468	1
1527919406.526057000	101.002	259	1
1527919406.542918000	101.019	87	0
1527919406.677747000	101.154	256	0
1527919406.678321000	101.155	148	0
1527919406.680319000	101.157	106	1
1527919406.680932000	101.157	92	0
1527919406.681577000	101.158	140	0
1527919406.683419000	101.16	103	1
1527919406.805622000	101.282	393	1
1527919406.805681000	101.282	261	1
1527919406.823482000	101.3	87	0
1527919406.831642000	101.308	87	0
1527919406.920211000	101.397	235	0
1527919406.920803000	101.397	148	0
1527919406.923327000	101.4	109	1
1527919406.924754000	101.401	92	0
1527919406.925422000	101.402	92	0
1527919406.927322000	101.404	103	1
1527919407.336838000	101.813	370	1
1527919407.337021000	101.813	1412	1
1527919407.337046000	101.813	1412	1
1527919407.337084000	101.813	1412	1
1527919407.337102000	101.813	555	1
1527919407.359202000	101.836	87	0
1527919407.445438000	101.922	410	0
1527919407.445608000	101.922	322	1
1527919407.445673000	101.922	259	1
1527919407.448340000	101.925	103	1
1527919407.450304000	101.927	80	0
1527919407.453342000	101.93	100	1
1527919407.462389000	101.939	87	0
1527919407.544966000	102.021	339	0
1527919407.545592000	102.022	148	0
1527919407.547362000	102.024	106	1
1527919407.547840000	102.024	92	0
1527919407.548566000	102.025	114	0
1527919407.550352000	102.027	103	1
1527919408.212147000	102.689	394	1
1527919408.212208000	102.689	262	1
1527919408.236273000	102.713	87	0
1527919408.239772000	102.716	87	0
1527919408.320379000	102.797	240	0
1527919408.320976000	102.797	148	0
1527919408.323404000	102.8	109	1
1527919408.324044000	102.8	92	0
1527919408.324724000	102.801	282	0
1527919408.326400000	102.803	103	1
1527919408.675924000	103.152	390	1
1527919408.676021000	103.152	259	1
1527919408.694008000	103.17	87	0
1527919408.781066000	103.257	311	0
1527919408.781708000	103.258	148	0
1527919408.784091000	103.26	92	0
1527919408.784360000	103.261	109	1
1527919408.784767000	103.261	271	0
1527919408.787378000	103.264	100	1
1527919408.974715000	103.451	389	1
1527919408.974775000	103.451	259	1
1527919408.991067000	103.467	87	0
1527919409.100074000	103.576	236	0
1527919409.100666000	103.577	148	0
1527919409.103277000	103.58	92	0
1527919409.103533000	103.58	109	1
1527919409.104063000	103.58	285	0
1527919409.106437000	103.583	100	1
1527919410.337649000	104.814	372	1
1527919410.337738000	104.814	1412	1
1527919410.337763000	104.814	1412	1
1527919410.337785000	104.814	1412	1
1527919410.337822000	104.814	1412	1
1527919410.337845000	104.814	330	1
1527919410.357808000	104.834	87	0
1527919410.410945000	104.887	322	1
1527919410.411014000	104.887	259	1
1527919410.429717000	104.906	87	0
1527919410.437317000	104.914	440	0
1527919410.439709000	104.916	106	1
1527919410.443172000	104.92	80	0
1527919410.445721000	104.922	100	1
1527919410.508868000	104.985	268	0
1527919410.509495000	104.986	148	0
1527919410.511745000	104.988	103	1
1527919410.511762000	104.988	92	0
1527919410.512513000	104.989	322	0
1527919410.514736000	104.991	103	1
1527919410.696162000	105.173	389	1
1527919410.696254000	105.173	262	1
1527919410.713373000	105.19	87	0
1527919410.792884000	105.269	235	0
1527919410.793539000	105.27	148	0
1527919410.795663000	105.272	106	1
1527919410.796400000	105.273	92	0
1527919410.797074000	105.273	323	0
1527919410.798662000	105.275	103	1
1527919411.151104000	105.628	993	1
1527919411.151197000	105.628	262	1
1527919411.168170000	105.645	87	0
1527919411.269031000	105.745	255	0
1527919411.269620000	105.746	148	0
1527919411.270259000	105.747	92	0
1527919411.271000000	105.747	254	0
1527919411.271695000	105.748	112	1
1527919411.675084000	106.151	400	1
1527919411.675153000	106.152	259	1
1527919411.692396000	106.169	87	0
1527919411.772015000	106.248	306	0
1527919411.772587000	106.249	148	0
1527919411.774799000	106.251	106	1
1527919411.775267000	106.252	92	0
1527919411.775903000	106.252	261	0
1527919411.777801000	106.254	103	1
1527919412.129390000	106.606	895	1
1527919412.129454000	106.606	260	1
1527919412.148055000	106.624	87	0
1527919412.252438000	106.729	233	0
1527919412.253091000	106.729	148	0
1527919412.255824000	106.732	106	1
1527919412.257464000	106.734	92	0
1527919412.258192000	106.735	163	0
1527919412.259815000	106.736	103	1
1527919413.853374000	108.33	388	1
1527919413.853471000	108.33	259	1
1527919413.870749000	108.347	87	0
1527919413.952830000	108.429	256	0
1527919413.953459000	108.43	148	0
1527919413.955101000	108.431	92	0
1527919413.955778000	108.432	293	0
1527919413.955887000	108.432	109	1
1527919413.958875000	108.435	100	1
1527919414.099947000	108.576	466	1
1527919414.099998000	108.576	261	1
1527919414.116062000	108.592	87	0
1527919414.202510000	108.679	231	0
1527919414.203164000	108.68	148	0
1527919414.205697000	108.682	92	0
1527919414.205946000	108.682	109	1
1527919414.206385000	108.683	93	0
1527919414.208884000	108.685	100	1
1527919414.386029000	108.862	391	1
1527919414.386115000	108.863	261	1
1527919414.404991000	108.881	87	0
1527919414.488761000	108.965	256	0
1527919414.489363000	108.966	148	0
1527919414.491885000	108.968	92	0
1527919414.491916000	108.968	106	1
1527919414.492617000	108.969	159	0
1527919414.494934000	108.971	103	1
1527919414.743198000	109.22	391	1
1527919414.743275000	109.22	259	1
1527919414.759718000	109.236	87	0
1527919414.763783000	109.24	87	0
1527919414.845815000	109.322	235	0
1527919414.846492000	109.323	148	0
1527919414.848918000	109.325	109	1
1527919414.849617000	109.326	92	0
1527919414.850288000	109.327	250	0
1527919414.851946000	109.328	103	1
1527919415.130268000	109.607	390	1
1527919415.130343000	109.607	259	1
1527919415.148961000	109.625	87	0
1527919415.252918000	109.729	327	0
1527919415.253550000	109.73	148	0
1527919415.256003000	109.732	106	1
1527919415.256294000	109.733	92	0
1527919415.256907000	109.733	317	0
1527919415.258987000	109.735	103	1
1527919415.439365000	109.916	393	1
1527919415.439426000	109.916	262	1
1527919415.472016000	109.948	393	1
1527919415.482980000	109.959	87	0
1527919415.488575000	109.965	87	0
1527919415.578571000	110.055	262	0
1527919415.579158000	110.056	148	0
1527919415.581020000	110.057	109	1
1527919415.581496000	110.058	92	0
1527919415.582211000	110.059	113	0
1527919415.584029000	110.06	103	1
1527919415.901179000	110.378	389	1
1527919415.901243000	110.378	259	1
1527919415.916968000	110.393	87	0
1527919416.033603000	110.51	291	0
1527919416.034267000	110.511	148	0
1527919416.036036000	110.512	106	1
1527919416.036472000	110.513	92	0
1527919416.037231000	110.514	310	0
1527919416.039052000	110.515	103	1
1527919416.311027000	110.787	391	1
1527919416.311093000	110.787	259	1
1527919416.330343000	110.807	87	0
1527919416.420835000	110.897	256	0
1527919416.421541000	110.898	148	0
1527919416.424059000	110.9	106	1
1527919416.425027000	110.901	92	0
1527919416.425727000	110.902	163	0
1527919416.427995000	110.904	103	1
1527919416.636409000	111.113	388	1
1527919416.636470000	111.113	261	1
1527919416.653061000	111.129	87	0
1527919416.744339000	111.221	235	0
1527919416.744943000	111.221	148	0
1527919416.747081000	111.223	106	1
1527919416.747816000	111.224	92	0
1527919416.748541000	111.225	221	0
1527919416.750071000	111.226	103	1
1527919417.053297000	111.53	390	1
1527919417.053362000	111.53	260	1
1527919417.070472000	111.547	87	0
1527919417.152088000	111.628	275	0
1527919417.152737000	111.629	148	0
1527919417.155117000	111.632	106	1
1527919417.156018000	111.632	92	0
1527919417.156956000	111.633	135	0
1527919417.159094000	111.635	103	1
1527919417.508766000	111.985	991	1
1527919417.508856000	111.985	259	1
1527919417.527098000	112.003	87	0
1527919417.611264000	112.088	278	0
1527919417.611859000	112.088	148	0
1527919417.613406000	112.09	92	0
1527919417.614125000	112.091	109	1
1527919417.614156000	112.091	248	0
1527919417.617141000	112.094	100	1
1527919419.204082000	113.68	400	1
1527919419.204148000	113.681	262	1
1527919419.221162000	113.698	87	0
1527919419.299917000	113.776	280	0
1527919419.300564000	113.777	148	0
1527919419.302421000	113.779	92	0
1527919419.302650000	113.779	109	1
1527919419.303112000	113.78	203	0
1527919419.305632000	113.782	100	1
1527919419.634755000	114.111	894	1
1527919419.634844000	114.111	259	1
1527919419.653128000	114.13	87	0
1527919419.732164000	114.209	306	0
1527919419.732825000	114.209	148	0
1527919419.735653000	114.212	106	1
1527919419.735728000	114.212	92	0
1527919419.736482000	114.213	138	0
1527919419.738624000	114.215	103	1
1527919419.922880000	114.399	389	1
1527919419.922974000	114.399	259	1
1527919419.940194000	114.417	87	0
1527919420.018586000	114.495	236	0
1527919420.019191000	114.496	148	0
1527919420.020990000	114.497	92	0
1527919420.021645000	114.498	109	1
1527919420.021897000	114.498	288	0
1527919420.024605000	114.501	100	1
1527919420.307990000	114.784	467	1
1527919420.308054000	114.784	259	1
1527919420.327117000	114.804	87	0
1527919420.409125000	114.886	233	0
1527919420.409707000	114.886	148	0
1527919420.411337000	114.888	92	0
1527919420.411608000	114.888	109	1
1527919420.412104000	114.889	215	0
1527919420.414685000	114.891	100	1
1527919420.645225000	115.122	391	1
1527919420.645310000	115.122	260	1
1527919420.666087000	115.142	100	0
1527919420.668672000	115.145	100	1
1527919420.767050000	115.243	258	0
1527919420.767642000	115.244	148	0
1527919420.769691000	115.246	103	1
1527919420.770000000	115.246	92	0
1527919420.770662000	115.247	195	0
1527919420.772680000	115.249	103	1
1527919421.008961000	115.485	393	1
1527919421.009052000	115.485	259	1
1527919421.027632000	115.504	87	0
1527919421.033963000	115.51	87	0
1527919421.108337000	115.585	236	0
1527919421.108933000	115.585	148	0
1527919421.111710000	115.588	109	1
1527919421.112062000	115.588	92	0
1527919421.112683000	115.589	323	0
1527919421.114701000	115.591	103	1
1527919421.439133000	115.916	391	1
1527919421.439227000	115.916	262	1
1527919421.455680000	115.932	87	0
1527919421.461128000	115.938	87	0
1527919421.544660000	116.021	256	0
1527919421.545256000	116.022	148	0
1527919421.547268000	116.024	92	0
1527919421.547740000	116.024	112	1
1527919421.547964000	116.024	180	0
1527919421.550730000	116.027	100	1
1527919421.673054000	116.149	388	1
1527919421.673127000	116.15	259	1
1527919421.690649000	116.167	87	0
1527919421.767665000	116.244	329	0
1527919421.768247000	116.245	148	0
1527919421.770760000	116.247	106	1
1527919421.771721000	116.248	92	0
1527919421.772508000	116.249	169	0
1527919421.774764000	116.251	103	1
1527919422.029082000	116.505	389	1
