1527740693.367679000	0	1132	1
1527740693.391566000	0.0238869	87	0
1527740693.809149000	0.44147	303	0
1527740693.810454000	0.442775	1412	0
1527740693.811987000	0.444308	1412	0
1527740693.813304000	0.445625	1412	0
1527740693.814580000	0.446901	186	0
1527740693.815956000	0.448277	1412	0
1527740693.817187000	0.449508	1412	0
1527740693.818467000	0.450788	1412	0
1527740693.819789000	0.45211	831	0
1527740693.821024000	0.453345	1412	0
1527740693.822312000	0.454633	1412	0
1527740693.823632000	0.455953	694	0
1527740693.825036000	0.457357	1412	0
1527740693.826381000	0.458702	1412	0
1527740693.827651000	0.459972	1412	0
1527740693.828908000	0.461229	188	0
1527740693.853230000	0.485551	101	1
1527740693.853496000	0.485817	125	1
1527740693.854110000	0.486431	1186	0
1527740693.855673000	0.487994	1412	0
1527740693.857024000	0.489345	1412	0
1527740693.857114000	0.489435	116	1
1527740693.858325000	0.490646	1412	0
1527740693.859571000	0.491892	188	0
1527740693.860904000	0.493225	84	0
1527740693.861445000	0.493766	101	1
1527740693.862220000	0.494541	1238	0
1527740693.863507000	0.495828	1412	0
1527740693.864753000	0.497074	253	0
1527740693.866132000	0.498453	1412	0
1527740693.867407000	0.499728	802	0
1527740693.868712000	0.501033	1412	0
1527740693.869983000	0.502304	1009	0
1527740693.871275000	0.503596	1412	0
1527740693.872319000	0.50464	107	1
1527740693.872542000	0.504863	1412	0
1527740693.873827000	0.506148	1412	0
1527740693.875071000	0.507392	188	0
1527740693.876480000	0.508801	1412	0
1527740693.877738000	0.510059	183	0
1527740693.879045000	0.511366	1412	0
1527740693.880326000	0.512647	1412	0
1527740693.881607000	0.513928	1412	0
1527740693.881912000	0.514233	125	1
1527740693.882852000	0.515173	188	0
1527740693.884163000	0.516484	1412	0
1527740693.884985000	0.517306	113	1
1527740693.885405000	0.517726	148	0
1527740693.886843000	0.519164	1412	0
1527740693.888124000	0.520445	1412	0
1527740693.889061000	0.521382	104	1
1527740693.889401000	0.521722	1412	0
1527740693.890648000	0.522969	188	0
1527740693.891942000	0.524263	790	0
1527740693.893145000	0.525466	104	1
1527740693.893233000	0.525554	1412	0
1527740693.894513000	0.526834	1412	0
1527740693.895837000	0.528158	1412	0
1527740693.897083000	0.529404	188	0
1527740693.897996000	0.530317	107	1
1527740693.898372000	0.530693	817	0
1527740693.902012000	0.534333	98	1
1527740694.286833000	0.919154	317	1
1527740694.286913000	0.919234	1412	1
1527740694.286937000	0.919258	916	1
1527740694.288984000	0.921305	217	1
1527740694.308887000	0.941208	87	0
1527740694.317365000	0.949686	87	0
1527740694.331517000	0.963838	87	0
1527740694.333523000	0.965844	87	0
1527740694.407806000	1.04013	398	0
1527740694.411423000	1.04374	80	0
1527740694.454496000	1.08682	233	0
1527740694.455872000	1.08819	1412	0
1527740694.457154000	1.08947	1412	0
1527740694.458434000	1.09075	1412	0
1527740694.459681000	1.092	180	0
1527740694.460992000	1.09331	1412	0
1527740694.462270000	1.09459	1412	0
1527740694.463540000	1.09586	1071	0
1527740694.464788000	1.09711	92	0
1527740694.466128000	1.09845	284	0
1527740694.556047000	1.18837	398	0
1527740694.652076000	1.2844	80	0
1527740694.852420000	1.48474	233	0
1527740694.853817000	1.48614	1412	0
1527740695.253513000	1.88583	1412	0
1527740695.254832000	1.88715	1412	0
1527740695.281980000	1.9143	137	1
1527740695.286164000	1.91848	119	1
1527740695.624942000	2.25726	217	1
1527740695.644331000	2.27665	87	0
1527740695.919385000	2.55171	401	0
1527740695.920686000	2.55301	1116	0
1527740695.923126000	2.55545	104	1
1527740695.924673000	2.55699	92	0
1527740695.926018000	2.55834	222	0
1527740695.928106000	2.56043	101	1
1527740696.967371000	3.59969	233	1
1527740696.989443000	3.62176	87	0
1527740697.332548000	3.96487	251	0
1527740697.333842000	3.96616	1412	0
1527740697.335112000	3.96743	998	0
1527740697.336200000	3.96852	107	1
1527740697.349050000	3.98137	92	0
1527740697.350333000	3.98265	277	0
1527740697.353231000	3.98555	101	1
1527740697.489646000	4.12197	732	1
1527740697.489728000	4.12205	1412	1
1527740697.489752000	4.12207	1412	1
1527740697.489775000	4.1221	965	1
1527740697.509793000	4.14211	87	0
1527740697.782229000	4.41455	373	0
1527740697.785399000	4.41772	80	0
1527740697.786219000	4.41854	104	1
1527740699.232617000	5.86494	332	1
1527740699.232715000	5.86504	1412	1
1527740699.232752000	5.86507	989	1
1527740699.244604000	5.87692	165	1
1527740699.253725000	5.88605	87	0
1527740699.259066000	5.89139	87	0
1527740699.275294000	5.90761	87	0
1527740699.413208000	6.04553	397	0
1527740699.416903000	6.04922	107	1
1527740699.417011000	6.04933	80	0
1527740699.420875000	6.0532	98	1
1527740699.503528000	6.13585	607	0
1527740699.504765000	6.13709	305	0
1527740699.505243000	6.13756	118	1
1527740699.506122000	6.13844	310	0
1527740699.507987000	6.14031	265	1
1527740699.524738000	6.15706	87	0
1527740699.529095000	6.16142	87	0
1527740699.784233000	6.41655	902	0
1527740699.785493000	6.41781	1412	0
1527740699.786836000	6.41916	1412	0
1527740699.787948000	6.42027	110	1
1527740699.788141000	6.42046	1412	0
1527740699.789418000	6.42174	1412	0
1527740699.790721000	6.42304	1412	0
1527740699.791927000	6.42425	104	1
1527740699.791949000	6.42427	122	0
1527740699.793262000	6.42558	1412	0
1527740699.794532000	6.42685	1412	0
1527740699.795886000	6.42821	1412	0
1527740699.796289000	6.42861	104	1
1527740699.797118000	6.42944	188	0
1527740699.798389000	6.43071	84	0
1527740699.799716000	6.43204	1226	0
1527740699.799958000	6.43228	107	1
1527740699.828817000	6.46114	1412	0
1527740699.830085000	6.46241	1412	0
1527740699.831371000	6.46369	1412	0
1527740699.832621000	6.46494	198	0
1527740699.833916000	6.46624	84	0
1527740699.835241000	6.46756	1412	0
1527740699.836563000	6.46888	732	0
1527740699.836979000	6.4693	116	1
1527740699.837862000	6.47018	1412	0
1527740699.839147000	6.47147	1412	0
1527740699.840429000	6.47275	1412	0
1527740699.841680000	6.474	180	0
1527740699.841927000	6.47425	107	1
1527740699.842989000	6.47531	1412	0
1527740699.844271000	6.47659	1412	0
1527740699.845552000	6.47787	1412	0
1527740699.846844000	6.47916	180	0
1527740699.847028000	6.47935	107	1
1527740699.848157000	6.48048	1412	0
1527740699.849408000	6.48173	321	0
1527740699.850727000	6.48305	1412	0
1527740699.851998000	6.48432	1412	0
1527740699.853422000	6.48574	1412	0
1527740699.854674000	6.48699	188	0
1527740699.855813000	6.48813	98	1
1527740699.856003000	6.48832	84	0
1527740699.857327000	6.48965	1412	0
1527740699.858576000	6.4909	207	0
1527740699.859888000	6.49221	1412	0
1527740699.860382000	6.4927	119	1
1527740699.861160000	6.49348	1412	0
1527740699.862446000	6.49477	1412	0
1527740699.863690000	6.49601	188	0
1527740699.864035000	6.49636	101	1
1527740699.864993000	6.49731	1187	0
1527740699.866333000	6.49865	1412	0
1527740699.867612000	6.49993	1412	0
1527740699.868897000	6.50122	1412	0
1527740699.870146000	6.50247	188	0
1527740699.870978000	6.5033	116	1
1527740699.871440000	6.50376	996	0
1527740699.872733000	6.50505	1412	0
1527740699.874014000	6.50633	1250	0
1527740699.874953000	6.50727	104	1
1527740699.875275000	6.5076	743	0
1527740699.876679000	6.509	1412	0
1527740699.877962000	6.51028	1327	0
1527740699.878926000	6.51125	104	1
1527740699.879245000	6.51157	1412	0
1527740699.880526000	6.51285	1412	0
1527740699.881774000	6.51409	331	0
1527740699.882907000	6.51523	104	1
1527740699.883052000	6.51537	233	0
1527740699.887084000	6.5194	98	1
1527740702.416644000	9.04896	611	1
1527740702.416721000	9.04904	294	1
1527740702.418685000	9.05101	802	1
1527740702.418764000	9.05108	1412	1
1527740702.418789000	9.05111	1412	1
1527740702.418810000	9.05113	979	1
1527740702.436299000	9.06862	100	0
1527740702.440083000	9.0724	98	1
1527740702.452384000	9.0847	383	1
1527740702.459193000	9.09151	87	0
1527740702.482107000	9.11443	87	0
1527740702.560100000	9.19242	325	0
1527740702.561391000	9.19371	1400	0
1527740702.562652000	9.19497	513	0
1527740702.563932000	9.19625	592	0
1527740702.564128000	9.19645	113	1
1527740702.565259000	9.19758	635	0
1527740702.567176000	9.1995	467	0
1527740702.568615000	9.20094	697	0
1527740702.569078000	9.2014	104	1
1527740702.569940000	9.20226	484	0
1527740702.571764000	9.20408	835	0
1527740702.573082000	9.2054	101	1
1527740702.573267000	9.20559	649	0
1527740702.575439000	9.20776	519	0
1527740702.576768000	9.20909	439	0
1527740702.577080000	9.2094	104	1
1527740702.585038000	9.21736	701	0
1527740702.588198000	9.22052	626	0
1527740702.589080000	9.2214	101	1
1527740702.589481000	9.2218	374	0
1527740702.590768000	9.22309	558	0
1527740702.592350000	9.22467	664	0
1527740702.593091000	9.22541	104	1
1527740702.594474000	9.22679	583	0
1527740702.595817000	9.22814	689	0
1527740702.597077000	9.2294	80	0
1527740702.598083000	9.2304	104	1
1527740702.602456000	9.23478	92	0
1527740702.603735000	9.23606	131	0
1527740702.606098000	9.23842	101	1
1527740702.633337000	9.26566	287	0
1527740702.634592000	9.26691	103	0
1527740702.637087000	9.26941	101	1
1527740702.639080000	9.2714	237	0
1527740702.643092000	9.27541	98	1
1527740703.396234000	10.0286	485	1
1527740703.396311000	10.0286	94	1
1527740703.415464000	10.0478	87	0
1527740703.509314000	10.1416	258	0
1527740703.510580000	10.1429	366	0
1527740703.513132000	10.1455	104	1
1527740703.513286000	10.1456	131	0
1527740703.517121000	10.1494	98	1
1527740704.254410000	10.8867	413	1
1527740704.254483000	10.8868	109	1
1527740704.259146000	10.8915	303	1
1527740704.260200000	10.8925	478	1
1527740704.260233000	10.8926	87	1
1527740704.277523000	10.9098	87	0
1527740704.365715000	10.998	306	0
1527740704.367044000	10.9994	151	0
1527740704.369214000	11.0015	104	1
1527740704.370268000	11.0026	92	0
1527740704.371619000	11.0039	111	0
1527740704.374244000	11.0066	101	1
1527740704.406091000	11.0384	314	0
1527740704.407353000	11.0397	140	0
1527740704.410201000	11.0425	101	1
1527740704.412130000	11.0445	92	0
1527740704.413414000	11.0457	104	0
1527740704.416196000	11.0485	101	1
1527740704.418218000	11.0505	303	0
1527740704.419484000	11.0518	103	0
1527740704.422206000	11.0545	101	1
1527740704.423028000	11.0553	92	0
1527740704.424315000	11.0566	266	0
1527740704.427207000	11.0595	101	1
1527740704.688746000	11.3211	393	1
1527740704.688836000	11.3212	257	1
1527740704.708802000	11.3411	87	0
1527740705.353602000	11.9859	371	1
1527740705.353731000	11.9861	1412	1
1527740705.353756000	11.9861	1412	1
1527740705.353792000	11.9861	1412	1
1527740705.353843000	11.9862	1412	1
1527740705.353878000	11.9862	1412	1
1527740705.353911000	11.9862	1412	1
1527740705.353950000	11.9863	1412	1
1527740705.353989000	11.9863	1412	1
1527740705.354041000	11.9864	1412	1
1527740705.354064000	11.9864	1412	1
1527740705.354101000	11.9864	1412	1
1527740705.354134000	11.9865	1412	1
1527740705.354170000	11.9865	1412	1
1527740705.354208000	11.9865	1412	1
1527740705.354242000	11.9866	1412	1
1527740705.354279000	11.9866	1412	1
1527740705.354326000	11.9866	1412	1
1527740705.354350000	11.9867	1412	1
1527740705.354384000	11.9867	1412	1
1527740705.354418000	11.9867	1412	1
1527740705.356333000	11.9887	1412	1
1527740705.356396000	11.9887	1412	1
1527740705.356519000	11.9888	1412	1
1527740705.356591000	11.9889	1412	1
1527740705.356614000	11.9889	1412	1
1527740705.356644000	11.989	1412	1
1527740705.356678000	11.989	1412	1
1527740705.356711000	11.989	1412	1
1527740705.356745000	11.9891	1412	1
1527740705.356784000	11.9891	1412	1
1527740705.358304000	11.9906	1412	1
1527740705.358339000	11.9907	1412	1
1527740705.358399000	11.9907	1412	1
1527740705.358431000	11.9908	762	1
1527740705.372963000	12.0053	87	0
1527740705.378068000	12.0104	87	0
1527740705.381522000	12.0138	87	0
1527740705.382804000	12.0151	87	0
1527740705.547628000	12.1799	287	0
1527740705.548921000	12.1812	146	0
1527740705.551264000	12.1836	116	1
1527740705.551897000	12.1842	92	0
1527740705.553179000	12.1855	275	0
1527740705.555416000	12.1877	101	1
1527740705.575702000	12.208	383	0
1527740705.579347000	12.2117	98	1
1527740705.582193000	12.2145	80	0
1527740705.586573000	12.2189	98	1
1527740705.591439000	12.2238	360	1
1527740705.591617000	12.2239	308	1
1527740705.611183000	12.2435	87	0
1527740705.619286000	12.2516	87	0
1527740705.630441000	12.2628	758	1
1527740705.649619000	12.2819	87	0
1527740705.678481000	12.3108	389	1
1527740705.678570000	12.3109	462	1
1527740705.696504000	12.3288	87	0
1527740705.698807000	12.3311	285	0
1527740705.700083000	12.3324	118	0
1527740705.702286000	12.3346	107	1
1527740705.703312000	12.3356	92	0
1527740705.704627000	12.3369	336	0
1527740705.707735000	12.3401	101	1
1527740705.714987000	12.3473	87	0
1527740705.756080000	12.3884	242	0
1527740705.757355000	12.3897	279	0
1527740705.760330000	12.3927	104	1
1527740705.762627000	12.3949	92	0
1527740705.763908000	12.3962	240	0
1527740705.766265000	12.3986	101	1
1527740705.816446000	12.4488	564	0
1527740705.817716000	12.45	802	0
1527740705.819615000	12.4519	92	0
1527740705.820277000	12.4526	104	1
1527740705.833730000	12.4661	158	0
1527740705.837305000	12.4696	98	1
1527740705.889643000	12.522	313	0
1527740705.890979000	12.5233	146	0
1527740705.893313000	12.5256	101	1
1527740705.902986000	12.5353	92	0
1527740705.904275000	12.5366	174	0
1527740705.906315000	12.5386	101	1
1527740706.206736000	12.8391	394	1
1527740706.206812000	12.8391	266	1
1527740706.237630000	12.87	87	0
1527740706.349719000	12.982	257	0
1527740706.350996000	12.9833	146	0
1527740706.353378000	12.9857	104	1
1527740706.355024000	12.9873	92	0
1527740706.356351000	12.9887	340	0
1527740706.358362000	12.9907	101	1
1527740708.511245000	15.1436	389	1
1527740708.511310000	15.1436	257	1
1527740708.530471000	15.1628	87	0
1527740708.734887000	15.3672	255	0
1527740708.736177000	15.3685	146	0
1527740708.738542000	15.3709	104	1
1527740708.741383000	15.3737	92	0
1527740708.742667000	15.375	182	0
1527740708.745477000	15.3778	101	1
1527740708.778991000	15.4113	92	0
1527740708.782545000	15.4149	98	1
1527740708.930290000	15.5626	635	1
1527740708.930382000	15.5627	262	1
1527740708.951396000	15.5837	87	0
1527740709.046365000	15.6787	255	0
1527740709.047636000	15.68	146	0
1527740709.050470000	15.6828	104	1
1527740709.053088000	15.6854	92	0
1527740709.054367000	15.6867	117	0
1527740709.056475000	15.6888	101	1
1527740709.351730000	15.9841	388	1
1527740709.351814000	15.9841	266	1
1527740709.373522000	16.0058	87	0
1527740709.492750000	16.1251	301	0
1527740709.494010000	16.1263	146	0
1527740709.496511000	16.1288	104	1
1527740709.498264000	16.1306	92	0
1527740709.499550000	16.1319	292	0
1527740709.501476000	16.1338	101	1
1527740709.775322000	16.4076	890	1
1527740709.775409000	16.4077	267	1
1527740709.818568000	16.4509	890	1
1527740709.825718000	16.458	87	0
1527740709.845175000	16.4775	87	0
1527740709.922559000	16.5549	299	0
1527740709.923836000	16.5562	146	0
1527740709.926518000	16.5588	107	1
1527740709.929112000	16.5614	92	0
1527740709.930397000	16.5627	176	0
1527740709.932503000	16.5648	101	1
1527740710.017075000	16.6494	406	1
1527740710.017154000	16.6495	259	1
1527740710.047047000	16.6794	87	0
1527740710.159282000	16.7916	286	0
1527740710.160552000	16.7929	146	0
1527740710.163686000	16.796	104	1
1527740710.165398000	16.7977	92	0
1527740710.167426000	16.7997	156	0
1527740710.169603000	16.8019	101	1
1527740710.230681000	16.863	392	1
1527740710.230749000	16.8631	253	1
1527740710.260031000	16.8924	87	0
1527740710.261625000	16.8939	87	0
1527740710.460838000	17.0932	232	0
1527740710.462039000	17.0944	148	0
1527740710.464615000	17.0969	107	1
1527740710.465561000	17.0979	92	0
1527740710.466904000	17.0992	265	0
1527740710.469616000	17.1019	101	1
1527740712.508633000	19.141	389	1
1527740712.508695000	19.141	259	1
1527740712.526745000	19.1591	87	0
1527740712.698485000	19.3308	255	0
1527740712.699761000	19.3321	148	0
1527740712.702065000	19.3344	104	1
1527740712.704561000	19.3369	92	0
1527740712.705914000	19.3382	321	0
1527740712.708119000	19.3404	101	1
1527740714.528511000	21.1608	370	1
1527740714.528595000	21.1609	1412	1
1527740714.528621000	21.1609	1412	1
1527740714.528661000	21.161	1412	1
1527740714.528710000	21.161	252	1
1527740714.552154000	21.1845	87	0
1527740714.559350000	21.1917	87	0
1527740714.695379000	21.3277	397	0
1527740714.699190000	21.3315	104	1
1527740714.703539000	21.3359	80	0
1527740714.707203000	21.3395	98	1
1527740714.738867000	21.3712	407	1
1527740714.738966000	21.3713	261	1
1527740714.770921000	21.4032	87	0
1527740714.923899000	21.5562	283	0
1527740714.925175000	21.5575	148	0
1527740714.927215000	21.5595	104	1
1527740714.928040000	21.5604	92	0
1527740714.929329000	21.5616	214	0
1527740714.932172000	21.5645	101	1
1527740715.012826000	21.6451	389	1
1527740715.012940000	21.6453	261	1
1527740715.037384000	21.6697	87	0
1527740715.153995000	21.7863	254	0
1527740715.155243000	21.7876	148	0
1527740715.158329000	21.7906	104	1
1527740715.158858000	21.7912	92	0
1527740715.160174000	21.7925	273	0
1527740715.162235000	21.7946	101	1
1527740715.353964000	21.9863	757	1
1527740715.354056000	21.9864	256	1
1527740715.375623000	22.0079	87	0
1527740715.551960000	22.1843	234	0
1527740715.553144000	22.1855	148	0
1527740715.556293000	22.1886	104	1
1527740715.557068000	22.1894	92	0
1527740715.558303000	22.1906	148	0
1527740715.561298000	22.1936	101	1
1527740715.806911000	22.4392	457	1
1527740715.807033000	22.4394	266	1
1527740715.833046000	22.4654	87	0
1527740715.841389000	22.4737	87	0
1527740715.930099000	22.5624	326	0
1527740715.931363000	22.5637	148	0
1527740715.934259000	22.5666	107	1
1527740715.934773000	22.5671	92	0
1527740715.936124000	22.5684	292	0
1527740715.938232000	22.5706	101	1
1527740716.234077000	22.8664	636	1
1527740716.234139000	22.8665	263	1
1527740716.252999000	22.8853	87	0
1527740716.255489000	22.8878	87	0
1527740716.427555000	23.0599	233	0
1527740716.428831000	23.0612	148	0
1527740716.431286000	23.0636	107	1
1527740716.432975000	23.0653	92	0
1527740716.434258000	23.0666	108	0
1527740716.436297000	23.0686	101	1
1527740716.583005000	23.2153	388	1
1527740716.583092000	23.2154	259	1
1527740716.629346000	23.2617	388	1
1527740716.639641000	23.272	87	0
1527740716.650563000	23.2829	87	0
1527740716.823461000	23.4558	233	0
1527740716.824671000	23.457	148	0
1527740716.827372000	23.4597	107	1
1527740716.828338000	23.4607	92	0
1527740716.829695000	23.462	216	0
1527740716.832387000	23.4647	101	1
1527740716.997836000	23.6302	891	1
1527740716.997931000	23.6303	264	1
1527740717.016538000	23.6489	87	0
1527740717.193716000	23.826	256	0
1527740717.194965000	23.8273	148	0
1527740717.197332000	23.8297	104	1
1527740717.197602000	23.8299	92	0
1527740717.198910000	23.8312	196	0
1527740717.201397000	23.8337	101	1
1527740717.413788000	24.0461	407	1
1527740717.413882000	24.0462	268	1
1527740717.433325000	24.0656	87	0
1527740717.554683000	24.187	305	0
1527740717.556069000	24.1884	148	0
1527740717.558352000	24.1907	104	1
1527740717.559042000	24.1914	92	0
1527740717.560342000	24.1927	148	0
1527740717.562343000	24.1947	101	1
1527740717.844951000	24.4773	390	1
1527740717.845028000	24.4773	263	1
1527740717.879245000	24.5116	87	0
1527740718.083213000	24.7155	326	0
1527740718.084461000	24.7168	148	0
1527740718.087464000	24.7198	104	1
1527740718.088755000	24.7211	92	0
1527740718.090041000	24.7224	144	0
1527740718.092454000	24.7248	101	1
1527740718.287767000	24.9201	390	1
1527740718.287859000	24.9202	256	1
1527740718.316675000	24.949	87	0
1527740718.470878000	25.1032	265	0
1527740718.472104000	25.1044	148	0
1527740718.474452000	25.1068	104	1
1527740718.477427000	25.1097	92	0
1527740718.478707000	25.111	143	0
1527740718.481458000	25.1138	101	1
1527740720.033391000	26.6657	369	1
1527740720.033486000	26.6658	1412	1
1527740720.033514000	26.6658	1412	1
1527740720.033556000	26.6659	1412	1
1527740720.033611000	26.6659	1373	1
1527740720.055642000	26.688	87	0
1527740720.147113000	26.7794	396	0
1527740720.151561000	26.7839	101	1
1527740720.155225000	26.7875	80	0
1527740720.158471000	26.7908	98	1
1527740720.234866000	26.8672	405	1
1527740720.234960000	26.8673	261	1
1527740720.267728000	26.9	87	0
1527740720.451024000	27.0833	232	0
1527740720.452287000	27.0846	148	0
1527740720.454482000	27.0868	104	1
1527740720.460487000	27.0928	92	0
1527740720.461766000	27.0941	99	0
1527740720.464451000	27.0968	101	1
1527740720.483502000	27.1158	387	1
1527740720.483581000	27.1159	263	1
1527740720.503307000	27.1356	87	0
1527740720.772731000	27.4051	236	0
1527740720.773989000	27.4063	148	0
1527740720.776494000	27.4088	104	1
1527740720.778210000	27.4105	92	0
1527740720.779499000	27.4118	281	0
1527740720.781494000	27.4138	101	1
1527740720.964326000	27.5966	759	1
1527740720.964419000	27.5967	269	1
1527740720.987380000	27.6197	87	0
1527740721.159777000	27.7921	256	0
1527740721.160998000	27.7933	148	0
1527740721.163525000	27.7958	104	1
1527740721.166731000	27.7991	92	0
1527740721.168017000	27.8003	285	0
1527740721.170530000	27.8029	101	1
1527740721.260913000	27.8932	456	1
1527740721.260975000	27.8933	262	1
1527740721.283345000	27.9157	87	0
1527740721.410934000	28.0433	286	0
1527740721.412403000	28.0447	148	0
1527740721.414626000	28.0469	104	1
1527740721.415289000	28.0476	92	0
1527740721.416581000	28.0489	131	0
1527740721.418612000	28.0509	101	1
1527740721.473467000	28.1058	635	1
1527740721.473554000	28.1059	259	1
1527740721.504115000	28.1364	87	0
1527740721.673527000	28.3058	233	0
1527740721.676418000	28.3087	148	0
1527740721.677615000	28.3099	104	1
1527740721.677733000	28.3101	92	0
1527740721.679015000	28.3113	313	0
1527740721.681556000	28.3139	101	1
1527740721.724070000	28.3564	389	1
1527740721.724129000	28.3564	259	1
1527740721.745255000	28.3776	100	0
1527740721.746586000	28.3789	87	0
1527740721.748602000	28.3809	101	1
1527740721.845147000	28.4775	233	0
1527740721.846541000	28.4789	148	0
1527740721.848639000	28.481	101	1
1527740721.850817000	28.4831	92	0
1527740721.852095000	28.4844	246	0
1527740721.854640000	28.487	101	1
1527740723.865586000	30.4979	389	1
1527740723.865673000	30.498	261	1
1527740723.912706000	30.545	389	1
1527740723.959680000	30.592	261	1
1527740724.099903000	30.7322	87	0
1527740724.100163000	30.7325	261	1
1527740724.107531000	30.7399	87	0
1527740724.123288000	30.7556	87	0
1527740724.174932000	30.8073	87	0
1527740724.180373000	30.8127	327	0
1527740724.181653000	30.814	148	0
1527740724.183197000	30.8155	92	0
1527740724.184517000	30.8168	101	0
1527740724.184781000	30.8171	119	1
1527740724.193084000	30.8254	327	0
1527740724.196700000	30.829	98	1
1527740724.196734000	30.8291	148	0
1527740724.200701000	30.833	98	1
1527740724.223140000	30.8555	87	0
1527740724.312257000	30.9446	892	1
1527740724.312329000	30.9446	265	1
1527740724.525740000	31.1581	892	1
1527740724.536347000	31.1687	87	0
1527740724.543827000	31.1761	87	0
1527740724.624006000	31.2563	233	0
1527740724.625297000	31.2576	148	0
1527740724.626631000	31.259	92	0
1527740724.627775000	31.2601	113	1
1527740724.627855000	31.2602	204	0
1527740724.631780000	31.2641	98	1
1527740724.645195000	31.2775	87	0
1527740724.658096000	31.2904	233	0
1527740724.661765000	31.2941	101	1
1527740724.742178000	31.3745	404	1
1527740724.742266000	31.3746	261	1
1527740724.763684000	31.396	87	0
1527740724.860961000	31.4933	233	0
1527740724.862150000	31.4945	148	0
1527740724.864760000	31.4971	104	1
1527740724.865330000	31.4977	92	0
1527740724.866747000	31.4991	137	0
1527740724.868794000	31.5011	101	1
1527740724.972462000	31.6048	389	1
1527740724.972527000	31.6048	259	1
1527740725.004766000	31.6371	87	0
1527740725.102524000	31.7348	258	0
1527740725.103797000	31.7361	148	0
1527740725.105674000	31.738	92	0
1527740725.106752000	31.7391	107	1
1527740725.107009000	31.7393	269	0
1527740725.110759000	31.7431	98	1
1527740725.193174000	31.8255	390	1
1527740725.193233000	31.8256	261	1
1527740725.216620000	31.8489	87	0
1527740725.316711000	31.949	306	0
1527740725.317935000	31.9503	148	0
1527740725.320829000	31.9531	104	1
1527740725.322789000	31.9551	92	0
1527740725.324099000	31.9564	289	0
1527740725.326831000	31.9592	101	1
1527740725.407327000	32.0396	395	1
1527740725.407403000	32.0397	260	1
1527740725.432264000	32.0646	87	0
1527740725.529158000	32.1615	301	0
1527740725.530428000	32.1627	148	0
1527740725.532781000	32.1651	104	1
1527740725.537485000	32.1698	92	0
1527740725.538772000	32.1711	126	0
1527740725.540782000	32.1731	101	1
1527740725.668595000	32.3009	401	1
1527740725.668682000	32.301	260	1
1527740725.686108000	32.3184	87	0
1527740725.815993000	32.4483	265	0
1527740725.817272000	32.4496	158	0
1527740725.819774000	32.4521	104	1
1527740725.853477000	32.4858	180	0
1527740725.857869000	32.4902	98	1
1527740725.917995000	32.5503	391	1
1527740725.918086000	32.5504	258	1
1527740725.940212000	32.5725	87	0
1527740726.037832000	32.6702	256	0
1527740726.039119000	32.6714	148	0
1527740726.041861000	32.6742	104	1
1527740726.043810000	32.6761	92	0
1527740726.045094000	32.6774	173	0
1527740726.047805000	32.6801	101	1
1527740726.141139000	32.7735	754	1
1527740726.141223000	32.7735	260	1
1527740726.160012000	32.7923	87	0
1527740726.278848000	32.9112	235	0
1527740726.280101000	32.9124	148	0
1527740726.282865000	32.9152	104	1
1527740726.284981000	32.9173	92	0
1527740726.286413000	32.9187	118	0
1527740726.288866000	32.9212	101	1
1527740728.366396000	34.9987	457	1
1527740728.366458000	34.9988	261	1
1527740728.414684000	35.047	87	0
1527740728.538037000	35.1704	259	0
1527740728.539303000	35.1716	148	0
1527740728.541726000	35.174	104	1
1527740728.547667000	35.18	92	0
1527740728.548953000	35.1813	286	0
1527740728.551856000	35.1842	101	1
1527740728.648447000	35.2808	635	1
1527740728.648521000	35.2808	263	1
1527740728.668871000	35.3012	87	0
1527740728.768517000	35.4008	235	0
1527740728.769790000	35.4021	148	0
1527740728.771750000	35.4041	104	1
1527740728.775073000	35.4074	92	0
1527740728.776438000	35.4088	146	0
1527740728.778729000	35.411	101	1
1527740728.874811000	35.5071	389	1
1527740728.874911000	35.5072	265	1
1527740728.894037000	35.5264	87	0
1527740728.988103000	35.6204	259	0
1527740728.989397000	35.6217	148	0
1527740728.991761000	35.6241	104	1
1527740728.992218000	35.6245	92	0
1527740728.993509000	35.6258	273	0
1527740728.995772000	35.6281	101	1
1527740729.087307000	35.7196	389	1
1527740729.087367000	35.7197	261	1
1527740729.121642000	35.754	87	0
1527740729.247778000	35.8801	284	0
1527740729.249044000	35.8814	148	0
1527740729.251664000	35.884	92	0
1527740729.251818000	35.8841	107	1
1527740729.252951000	35.8853	281	0
1527740729.256824000	35.8891	98	1
1527740729.349749000	35.9821	891	1
1527740729.349840000	35.9822	276	1
1527740729.371544000	36.0039	87	0
1527740729.391150000	36.0235	87	0
1527740729.478781000	36.1111	233	0
1527740729.482885000	36.1152	104	1
1527740729.549836000	36.1822	158	0
1527740729.551100000	36.1834	115	0
1527740729.553871000	36.1862	101	1
1527740729.555144000	36.1875	158	0
1527740729.558841000	36.1912	98	1
1527740729.587880000	36.2202	407	1
1527740729.587970000	36.2203	259	1
1527740729.625812000	36.2581	87	0
1527740729.795973000	36.4283	232	0
1527740729.797192000	36.4295	148	0
1527740729.799904000	36.4322	104	1
1527740729.802803000	36.4351	92	0
1527740729.804092000	36.4364	262	0
1527740729.806865000	36.4392	101	1
1527740730.112464000	36.7448	392	1
1527740730.112536000	36.7449	265	1
1527740730.134863000	36.7672	87	0
1527740730.307806000	36.9401	328	0
1527740730.309083000	36.9414	148	0
1527740730.311917000	36.9442	104	1
1527740730.312634000	36.945	92	0
1527740730.313873000	36.9462	229	0
1527740730.315917000	36.9482	101	1
1527740730.369910000	37.0022	394	1
1527740730.370000000	37.0023	256	1
1527740730.389708000	37.022	87	0
1527740730.487202000	37.1195	233	0
1527740730.488514000	37.1208	148	0
1527740730.490927000	37.1232	104	1
1527740730.492893000	37.1252	92	0
1527740730.494197000	37.1265	101	0
1527740730.496911000	37.1292	101	1
1527740732.353199000	38.9855	383	1
1527740732.353280000	38.9856	1412	1
1527740732.353305000	38.9856	1412	1
1527740732.353327000	38.9856	1412	1
1527740732.353388000	38.9857	253	1
1527740732.373246000	39.0056	87	0
1527740732.386835000	39.0192	87	0
1527740732.470910000	39.1032	412	0
1527740732.475020000	39.1073	104	1
1527740732.476707000	39.109	80	0
1527740732.480021000	39.1123	98	1
1527740732.554070000	39.1864	387	1
1527740732.554160000	39.1865	256	1
1527740732.573002000	39.2053	87	0
1527740732.669908000	39.3022	306	0
1527740732.671129000	39.3034	148	0
1527740732.673729000	39.306	92	0
1527740732.673990000	39.3063	107	1
1527740732.675005000	39.3073	324	0
1527740732.679030000	39.3114	98	1
1527740734.661615000	41.2939	755	1
1527740734.661710000	41.294	259	1
1527740734.681147000	41.3135	87	0
1527740734.779295000	41.4116	325	0
1527740734.780624000	41.4129	148	0
1527740734.782694000	41.415	104	1
1527740734.785095000	41.4174	92	0
1527740734.786406000	41.4187	155	0
1527740734.788744000	41.4211	101	1
1527740734.899821000	41.5321	389	1
1527740734.899888000	41.5322	259	1
1527740734.925037000	41.5574	87	0
1527740734.939687000	41.572	87	0
1527740735.142180000	41.7745	290	0
1527740735.143530000	41.7759	148	0
1527740735.145791000	41.7781	107	1
1527740735.148202000	41.7805	92	0
1527740735.149538000	41.7819	336	0
1527740735.151759000	41.7841	101	1
1527740735.194707000	41.827	290	0
1527740735.198725000	41.831	98	1
1527740735.403993000	42.0363	456	1
1527740735.404078000	42.0364	270	1
1527740735.453463000	42.0858	87	0
1527740735.536113000	42.1684	236	0
1527740735.537417000	42.1697	148	0
1527740735.539820000	42.1721	104	1
1527740735.542546000	42.1749	92	0
1527740735.543800000	42.1761	134	0
1527740735.545799000	42.1781	101	1
1527740737.672037000	44.3044	637	1
1527740737.672109000	44.3044	273	1
1527740737.709667000	44.342	87	0
1527740737.842060000	44.4744	258	0
1527740737.843250000	44.4756	148	0
1527740737.845932000	44.4783	92	0
1527740737.846554000	44.4789	107	1
1527740737.847309000	44.4796	126	0
1527740737.851512000	44.4838	98	1
1527740737.893668000	44.526	390	1
1527740737.893731000	44.5261	259	1
1527740737.916914000	44.5492	87	0
1527740738.089481000	44.7218	259	0
1527740738.090842000	44.7232	148	0
1527740738.093395000	44.7257	92	0
1527740738.093637000	44.726	107	1
1527740738.094623000	44.7269	224	0
1527740738.098481000	44.7308	98	1
1527740738.104462000	44.7368	892	1
1527740738.104552000	44.7369	261	1
1527740738.125681000	44.758	87	0
1527740738.288786000	44.9211	233	0
1527740738.291559000	44.9239	148	0
1527740738.292554000	44.9249	104	1
1527740738.294111000	44.9264	92	0
1527740738.295450000	44.9278	116	0
1527740738.297547000	44.9299	101	1
1527740738.448622000	45.0809	389	1
1527740738.448685000	45.081	256	1
1527740738.469895000	45.1022	87	0
1527740738.485344000	45.1177	87	0
1527740738.583109000	45.2154	284	0
1527740738.584382000	45.2167	148	0
1527740738.586576000	45.2189	107	1
1527740738.587009000	45.2193	92	0
1527740738.590546000	45.2229	98	1
1527740738.596523000	45.2288	120	0
1527740738.600582000	45.2329	98	1
1527740740.429020000	47.0613	385	1
1527740740.429120000	47.0614	1412	1
1527740740.429159000	47.0615	1412	1
1527740740.429212000	47.0615	1412	1
1527740740.429231000	47.0616	252	1
1527740740.451213000	47.0835	87	0
1527740740.538092000	47.1704	396	0
1527740740.541672000	47.174	101	1
1527740740.546612000	47.1789	80	0
1527740740.550624000	47.1829	98	1
1527740740.629562000	47.2619	392	1
1527740740.629626000	47.2619	262	1
1527740740.649194000	47.2815	87	0
1527740740.789106000	47.4214	304	0
1527740740.790430000	47.4228	148	0
1527740740.792684000	47.425	104	1
1527740740.795197000	47.4275	92	0
1527740740.796587000	47.4289	249	0
1527740740.798675000	47.431	101	1
1527740741.042057000	47.6744	392	1
1527740741.042116000	47.6744	257	1
1527740741.094728000	47.727	392	1
1527740741.147715000	47.78	257	1
1527740741.205866000	47.8382	87	0
1527740741.312643000	47.945	87	0
1527740741.459710000	48.092	87	0
1527740741.621380000	48.2537	256	0
1527740741.622648000	48.255	148	0
1527740741.625740000	48.2581	110	1
1527740741.632693000	48.265	92	0
1527740741.633969000	48.2663	208	0
1527740741.636749000	48.2691	101	1
1527740741.688026000	48.3203	403	1
1527740741.688114000	48.3204	267	1
1527740741.816647000	48.449	256	0
1527740741.820730000	48.4531	98	1
1527740741.878744000	48.5111	403	1
1527740741.917937000	48.5503	148	0
1527740741.921755000	48.5541	98	1
1527740742.069757000	48.7021	267	1
1527740742.124043000	48.7564	92	0
1527740742.125338000	48.7577	82	0
1527740742.127748000	48.7601	101	1
1527740742.188850000	48.8212	87	0
1527740742.435099000	49.0674	235	0
1527740742.436498000	49.0688	148	0
1527740742.438799000	49.0711	104	1
1527740742.439131000	49.0715	92	0
1527740742.440480000	49.0728	327	0
1527740742.441897000	49.0742	87	0
1527740742.442764000	49.0751	104	1
1527740742.590921000	49.2232	87	0
1527740743.857815000	50.4901	758	1
1527740743.857904000	50.4902	260	1
1527740744.250428000	50.8827	87	0
1527740744.251704000	50.884	87	0
1527740744.264403000	50.8967	256	0
1527740744.265701000	50.898	148	0
1527740744.267029000	50.8993	92	0
1527740744.268067000	50.9004	113	1
1527740744.268285000	50.9006	262	0
1527740744.272046000	50.9044	98	1
1527740744.321351000	50.9537	391	1
1527740744.321411000	50.9537	269	1
1527740744.868183000	51.5005	391	1
1527740745.073482000	51.7058	87	0
1527740745.197469000	51.8298	306	0
1527740745.198741000	51.8311	148	0
1527740745.201058000	51.8334	104	1
1527740745.201345000	51.8337	92	0
1527740745.202608000	51.8349	94	0
1527740745.205093000	51.8374	101	1
1527740745.315134000	51.9475	87	0
1527740745.357591000	51.9899	457	1
1527740745.357680000	51.99	276	1
1527740745.621845000	52.2542	87	0
1527740745.623093000	52.2554	87	0
1527740745.681545000	52.3139	323	0
1527740745.682905000	52.3152	148	0
1527740745.684121000	52.3164	92	0
1527740745.685152000	52.3175	113	1
1527740745.685491000	52.3178	306	0
1527740745.689152000	52.3215	98	1
1527740745.773487000	52.4058	634	1
1527740745.773574000	52.4059	264	1
1527740745.848511000	52.4808	87	0
1527740745.945622000	52.5779	264	0
1527740745.946955000	52.5793	148	0
1527740745.949165000	52.5815	104	1
1527740745.956346000	52.5887	92	0
1527740745.957655000	52.59	244	0
1527740745.960112000	52.5924	101	1
1527740746.180478000	52.8128	891	1
1527740746.180564000	52.8129	261	1
1527740746.282258000	52.9146	87	0
1527740746.430099000	53.0624	256	0
1527740746.431320000	53.0636	148	0
1527740746.433996000	53.0663	92	0
1527740746.434235000	53.0666	107	1
1527740746.435209000	53.0675	134	0
1527740746.439150000	53.0715	98	1
1527740746.641434000	53.2738	388	1
1527740746.641531000	53.2739	264	1
1527740746.692675000	53.325	87	0
1527740746.904390000	53.5367	235	0
1527740746.905669000	53.538	148	0
1527740746.908160000	53.5405	104	1
1527740746.921134000	53.5535	92	0
1527740746.922947000	53.5553	96	0
1527740746.925148000	53.5575	101	1
1527740747.091310000	53.7236	389	1
1527740747.091377000	53.7237	261	1
1527740747.197892000	53.8302	87	0
1527740747.290072000	53.9224	255	0
1527740747.291363000	53.9237	148	0
1527740747.293926000	53.9262	92	0
1527740747.294169000	53.9265	107	1
1527740747.295147000	53.9275	195	0
1527740747.299170000	53.9315	98	1
1527740749.249546000	55.8819	403	1
1527740749.249607000	55.8819	262	1
1527740749.268293000	55.9006	87	0
1527740749.390139000	56.0225	259	0
1527740749.391464000	56.0238	148	0
1527740749.393714000	56.026	104	1
1527740749.396092000	56.0284	92	0
1527740749.397309000	56.0296	241	0
1527740749.399707000	56.032	101	1
1527740749.479746000	56.1121	393	1
1527740749.479843000	56.1122	263	1
1527740749.500055000	56.1324	87	0
1527740749.695440000	56.3278	282	0
1527740749.696747000	56.3291	148	0
1527740749.698024000	56.3303	92	0
1527740749.699316000	56.3316	162	0
1527740749.699865000	56.3322	110	1
1527740749.911993000	56.5443	393	1
1527740749.912072000	56.5444	262	1
1527740749.931262000	56.5636	87	0
1527740749.941889000	56.5742	87	0
1527740750.109806000	56.7421	259	0
1527740750.111091000	56.7434	148	0
1527740750.113694000	56.746	92	0
1527740750.113761000	56.7461	107	1
1527740750.114972000	56.7473	320	0
1527740750.117779000	56.7501	101	1
1527740750.242391000	56.8747	406	1
1527740750.242480000	56.8748	258	1
1527740750.265410000	56.8977	87	0
1527740750.438463000	57.0708	233	0
1527740750.439746000	57.0721	148	0
1527740750.442294000	57.0746	92	0
1527740750.442792000	57.0751	107	1
1527740750.443580000	57.0759	284	0
1527740750.447794000	57.0801	98	1
1527740750.673577000	57.3059	754	1
1527740750.673652000	57.306	261	1
1527740750.694927000	57.3272	87	0
1527740750.836102000	57.4684	304	0
1527740750.837394000	57.4697	148	0
1527740750.839825000	57.4721	104	1
1527740750.841848000	57.4742	92	0
1527740750.843119000	57.4754	224	0
1527740750.845828000	57.4781	101	1
1527740751.114237000	57.7466	394	1
1527740751.114321000	57.7466	266	1
1527740751.137129000	57.7694	87	0
1527740751.140142000	57.7725	87	0
1527740751.245799000	57.8781	255	0
1527740751.247098000	57.8794	148	0
1527740751.249777000	57.8821	107	1
1527740751.253020000	57.8853	92	0
1527740751.254302000	57.8866	160	0
1527740751.256802000	57.8891	101	1
1527740751.535751000	58.1681	453	1
1527740751.535846000	58.1682	259	1
1527740751.555262000	58.1876	87	0
1527740751.655039000	58.2874	232	0
1527740751.656446000	58.2888	148	0
1527740751.658894000	58.2912	104	1
1527740751.659693000	58.292	92	0
1527740751.661975000	58.2943	182	0
1527740751.663886000	58.2962	101	1
1527740751.953368000	58.5857	399	1
1527740751.953459000	58.5858	259	1
1527740751.973198000	58.6055	87	0
1527740751.979175000	58.6115	87	0
1527740752.137062000	58.7694	257	0
1527740752.138332000	58.7707	148	0
1527740752.140838000	58.7732	107	1
1527740752.140956000	58.7733	92	0
1527740752.144835000	58.7772	98	1
1527740752.178479000	58.8108	130	0
1527740752.181877000	58.8142	98	1
1527740752.288258000	58.9206	619	1
1527740752.288342000	58.9207	262	1
1527740752.315128000	58.9474	87	0
1527740752.316468000	58.9488	87	0
1527740752.466770000	59.0991	305	0
1527740752.468079000	59.1004	148	0
1527740752.470936000	59.1033	107	1
1527740752.471916000	59.1042	92	0
1527740752.473118000	59.1054	113	0
1527740752.475904000	59.1082	101	1
1527740752.786402000	59.4187	889	1
1527740752.786495000	59.4188	262	1
1527740752.851674000	59.484	87	0
1527740752.958628000	59.5909	325	0
1527740752.959905000	59.5922	148	0
1527740752.962971000	59.5953	104	1
1527740752.963091000	59.5954	92	0
1527740752.964910000	59.5972	104	0
1527740752.966933000	59.5993	101	1
1527740753.191293000	59.8236	392	1
1527740753.191355000	59.8237	264	1
1527740753.219168000	59.8515	87	0
1527740753.224867000	59.8572	87	0
1527740753.400830000	60.0332	268	0
1527740753.402020000	60.0343	148	0
1527740753.404972000	60.0373	107	1
1527740753.406449000	60.0388	92	0
1527740753.407745000	60.0401	173	0
1527740753.409972000	60.0423	101	1
1527740753.455630000	60.088	409	1
1527740753.455727000	60.088	261	1
1527740753.495209000	60.1275	87	0
1527740753.606536000	60.2389	235	0
1527740753.607815000	60.2401	148	0
1527740753.609996000	60.2423	104	1
1527740753.610392000	60.2427	92	0
1527740753.611736000	60.2441	209	0
1527740753.613976000	60.2463	101	1
1527740753.745391000	60.3777	393	1
1527740753.745454000	60.3778	257	1
1527740753.765376000	60.3977	87	0
1527740753.925156000	60.5575	235	0
1527740753.926462000	60.5588	148	0
1527740753.928934000	60.5613	104	1
1527740753.929203000	60.5615	92	0
1527740753.930488000	60.5628	140	0
1527740753.933040000	60.5654	101	1
1527740754.155726000	60.788	394	1
1527740754.155801000	60.7881	270	1
1527740754.182787000	60.8151	87	0
1527740754.281615000	60.9139	259	0
1527740754.282911000	60.9152	148	0
1527740754.284943000	60.9173	104	1
1527740754.286910000	60.9192	92	0
1527740754.288186000	60.9205	212	0
1527740754.290947000	60.9233	101	1
1527740754.566121000	61.1984	406	1
1527740754.566172000	61.1985	260	1
1527740754.583365000	61.2157	87	0
1527740754.695564000	61.3279	233	0
1527740754.696886000	61.3292	148	0
1527740754.699072000	61.3314	104	1
1527740754.699440000	61.3318	92	0
1527740754.700721000	61.333	169	0
1527740754.703053000	61.3354	101	1
1527740756.339074000	62.9714	734	1
1527740756.339169000	62.9715	1412	1
1527740756.339209000	62.9715	1412	1
1527740756.339263000	62.9716	1412	1
1527740756.339281000	62.9716	253	1
1527740756.363346000	62.9957	87	0
1527740756.381041000	63.0134	87	0
1527740756.540120000	63.1724	339	1
1527740756.540443000	63.1728	259	1
1527740756.545035000	63.1774	413	0
1527740756.548748000	63.1811	98	1
1527740756.611704000	63.244	322	1
1527740756.626322000	63.2586	80	0
1527740756.630792000	63.2631	98	1
1527740756.683759000	63.3161	259	1
1527740756.722049000	63.3544	413	0
1527740756.723303000	63.3556	87	0
1527740756.725687000	63.358	101	1
1527740756.752947000	63.3853	80	0
1527740756.754806000	63.3871	87	0
1527740756.756747000	63.3891	101	1
1527740756.803416000	63.4357	87	0
1527740756.861703000	63.494	284	0
1527740756.862997000	63.4953	148	0
1527740756.865760000	63.4981	104	1
1527740756.868730000	63.5011	92	0
1527740756.870106000	63.5024	196	0
1527740756.872738000	63.5051	101	1
1527740756.962074000	63.5944	393	1
1527740756.962159000	63.5945	265	1
1527740757.104753000	63.7371	393	1
1527740757.247761000	63.8801	265	1
1527740757.348762000	63.9811	87	0
1527740757.396190000	64.0285	87	0
1527740757.400488000	64.0328	259	0
1527740757.401765000	64.0341	148	0
1527740757.404334000	64.0367	92	0
1527740757.404718000	64.037	110	1
1527740757.405693000	64.038	276	0
1527740757.407590000	64.0399	87	0
1527740757.409704000	64.042	101	1
1527740757.421617000	64.0539	259	0
1527740757.425693000	64.058	98	1
1527740757.579287000	64.2116	457	1
1527740757.579393000	64.2117	277	1
1527740757.599051000	64.2314	87	0
1527740757.711117000	64.3434	304	0
1527740757.712379000	64.3447	148	0
1527740757.714738000	64.3471	104	1
1527740757.718698000	64.351	92	0
1527740757.720042000	64.3524	115	0
1527740757.722828000	64.3551	101	1
1527740757.882114000	64.5144	636	1
1527740757.882174000	64.5145	262	1
1527740757.919722000	64.552	87	0
1527740758.098713000	64.731	256	0
1527740758.099985000	64.7323	148	0
1527740758.102848000	64.7352	104	1
1527740758.107316000	64.7396	92	0
1527740758.108601000	64.7409	135	0
1527740758.110806000	64.7431	101	1
1527740758.197269000	64.8296	887	1
1527740758.197329000	64.8296	260	1
1527740758.222807000	64.8551	87	0
1527740758.400199000	65.0325	235	0
1527740758.401523000	65.0338	148	0
1527740758.403869000	65.0362	104	1
1527740758.404375000	65.0367	92	0
1527740758.405670000	65.038	204	0
1527740758.407860000	65.0402	101	1
1527740758.657167000	65.2895	390	1
1527740758.657248000	65.2896	262	1
1527740758.676264000	65.3086	87	0
1527740758.776505000	65.4088	233	0
1527740758.777784000	65.4101	148	0
1527740758.780397000	65.4127	92	0
1527740758.780873000	65.4132	107	1
1527740758.781709000	65.414	280	0
1527740758.785858000	65.4182	98	1
1527740759.013478000	65.6458	393	1
1527740759.013553000	65.6459	266	1
1527740759.043665000	65.676	87	0
1527740759.210708000	65.843	328	0
1527740759.212002000	65.8443	148	0
1527740759.214277000	65.8466	92	0
1527740759.214822000	65.8471	107	1
1527740759.215608000	65.8479	202	0
1527740759.218800000	65.8511	98	1
1527740759.455696000	66.088	408	1
1527740759.455760000	66.0881	271	1
1527740759.487260000	66.1196	87	0
1527740759.491123000	66.1234	87	0
1527740759.665352000	66.2977	301	0
1527740759.666680000	66.299	148	0
1527740759.668932000	66.3013	107	1
1527740759.669326000	66.3016	92	0
1527740759.670610000	66.3029	201	0
1527740759.672967000	66.3053	101	1
1527740759.895219000	66.5275	389	1
1527740759.895294000	66.5276	262	1
1527740760.006113000	66.6384	87	0
1527740760.143776000	66.7761	290	0
1527740760.145056000	66.7774	148	0
1527740760.147943000	66.7803	104	1
1527740760.152742000	66.7851	92	0
1527740760.155106000	66.7874	235	0
1527740760.156931000	66.7893	101	1
1527740760.187014000	66.8193	389	1
1527740760.187104000	66.8194	260	1
1527740760.227184000	66.8595	87	0
1527740760.232911000	66.8652	87	0
1527740760.456844000	67.0892	233	0
1527740760.458073000	67.0904	148	0
1527740760.460701000	67.093	92	0
1527740760.460974000	67.0933	110	1
1527740760.461929000	67.0942	102	0
1527740760.465967000	67.0983	98	1
1527740760.582451000	67.2148	233	0
1527740760.585904000	67.2182	98	1
1527740760.617877000	67.2502	405	1
1527740760.617968000	67.2503	267	1
1527740760.750946000	67.3833	405	1
1527740760.815839000	67.4482	87	0
1527740760.992576000	67.6249	87	0
1527740761.032680000	67.665	235	0
1527740761.033962000	67.6663	148	0
1527740761.036596000	67.6689	92	0
1527740761.036937000	67.6693	110	1
1527740761.071977000	67.7043	275	0
1527740761.076055000	67.7084	98	1
1527740761.234273000	67.8666	759	1
1527740761.234364000	67.8667	272	1
1527740761.264183000	67.8965	235	0
1527740761.268035000	67.9004	98	1
1527740761.437991000	68.0703	759	1
1527740761.531559000	68.1639	87	0
1527740761.539171000	68.1715	87	0
1527740761.716952000	68.3493	258	0
1527740761.718197000	68.3505	148	0
1527740761.720883000	68.3532	92	0
1527740761.721002000	68.3533	107	1
1527740761.722141000	68.3545	254	0
1527740761.725017000	68.3573	101	1
1527740761.748285000	68.3806	87	0
1527740761.855726000	68.488	394	1
1527740761.855803000	68.4881	270	1
1527740761.867400000	68.4997	258	0
1527740761.870980000	68.5033	101	1
1527740761.931398000	68.5637	87	0
1527740762.057979000	68.6903	256	0
1527740762.059184000	68.6915	148	0
1527740762.062047000	68.6944	104	1
1527740762.062906000	68.6952	92	0
1527740762.064145000	68.6965	313	0
1527740762.067038000	68.6994	101	1
1527740762.270842000	68.9032	389	1
1527740762.270898000	68.9032	267	1
1527740762.293714000	68.926	87	0
1527740762.307615000	68.9399	87	0
1527740762.344285000	68.9766	383	1
1527740762.344367000	68.9767	1412	1
1527740762.344391000	68.9767	1412	1
1527740762.344414000	68.9767	1412	1
1527740762.344475000	68.9768	344	1
1527740762.392916000	69.0252	87	0
1527740762.433613000	69.0659	235	0
1527740762.434898000	69.0672	148	0
1527740762.436996000	69.0693	104	1
1527740762.438115000	69.0704	92	0
1527740762.439418000	69.0717	111	0
1527740762.442016000	69.0743	101	1
1527740762.511855000	69.1442	400	0
1527740762.515874000	69.1482	80	0
1527740762.516015000	69.1483	101	1
1527740762.709439000	69.3418	634	1
1527740762.709515000	69.3418	268	1
1527740762.728434000	69.3608	87	0
1527740762.842452000	69.4748	284	0
1527740762.843727000	69.476	148	0
1527740762.845002000	69.4773	92	0
1527740762.846111000	69.4784	107	1
1527740762.846365000	69.4787	208	0
1527740762.850082000	69.4824	98	1
1527740763.010962000	69.6433	892	1
1527740763.011057000	69.6434	263	1
1527740763.029377000	69.6617	87	0
1527740763.042086000	69.6744	87	0
1527740763.196848000	69.8292	325	0
1527740763.198095000	69.8304	148	0
1527740763.201062000	69.8334	107	1
1527740763.201260000	69.8336	92	0
1527740763.202613000	69.8349	239	0
1527740763.205107000	69.8374	101	1
1527740763.432463000	70.0648	389	1
1527740763.432553000	70.0649	267	1
1527740763.499700000	70.132	87	0
1527740763.602415000	70.2347	235	0
1527740763.603672000	70.236	148	0
1527740763.606074000	70.2384	104	1
1527740763.607917000	70.2402	92	0
1527740763.609155000	70.2415	224	0
1527740763.612079000	70.2444	101	1
1527740763.770481000	70.4028	393	1
1527740763.770563000	70.4029	264	1
1527740763.789009000	70.4213	87	0
1527740763.970917000	70.6032	258	0
1527740763.972115000	70.6044	148	0
1527740763.975159000	70.6075	104	1
1527740763.975191000	70.6075	92	0
1527740763.976566000	70.6089	339	0
1527740763.979129000	70.6114	101	1
1527740764.205346000	70.8377	404	1
1527740764.205441000	70.8378	268	1
1527740764.224594000	70.8569	87	0
1527740764.344034000	70.9764	305	0
1527740764.345304000	70.9776	148	0
1527740764.348154000	70.9805	104	1
1527740764.359893000	70.9922	92	0
1527740764.361116000	70.9934	284	0
1527740764.364159000	70.9965	101	1
1527740764.568264000	71.2006	393	1
1527740764.568348000	71.2007	258	1
1527740764.628377000	71.2607	87	0
1527740764.649320000	71.2816	87	0
1527740764.744967000	71.3773	233	0
1527740764.746303000	71.3786	148	0
1527740764.749173000	71.3815	107	1
1527740764.753112000	71.3854	92	0
1527740764.754386000	71.3867	227	0
1527740764.757124000	71.3894	101	1
1527740764.958705000	71.591	392	1
1527740764.958781000	71.5911	262	1
1527740764.978559000	71.6109	87	0
1527740765.098704000	71.731	323	0
1527740765.099988000	71.7323	148	0
1527740765.102170000	71.7345	104	1
1527740765.103766000	71.7361	92	0
1527740765.105048000	71.7374	106	0
1527740765.107180000	71.7395	101	1
1527740765.345595000	71.9779	383	1
1527740765.345699000	71.978	1412	1
1527740765.345722000	71.978	1412	1
1527740765.345767000	71.9781	1412	1
1527740765.345789000	71.9781	1412	1
1527740765.345811000	71.9781	1412	1
1527740765.345854000	71.9782	1412	1
1527740765.345902000	71.9782	1412	1
1527740765.345936000	71.9783	1412	1
1527740765.345972000	71.9783	1412	1
1527740765.345995000	71.9783	1412	1
1527740765.346058000	71.9784	1412	1
1527740765.346080000	71.9784	1412	1
1527740765.347174000	71.9795	1412	1
1527740765.347244000	71.9796	193	1
1527740765.362276000	71.9946	687	1
1527740765.362338000	71.9947	258	1
1527740765.364041000	71.9964	87	0
1527740765.365318000	71.9976	90	0
1527740765.367510000	71.9998	87	0
1527740765.369189000	72.0015	104	1
1527740765.382607000	72.0149	87	0
1527740765.499483000	72.1318	373	0
1527740765.503219000	72.1355	101	1
1527740765.506825000	72.1391	80	0
1527740765.510199000	72.1425	98	1
1527740765.538212000	72.1705	264	0
1527740765.539509000	72.1718	148	0
1527740765.542062000	72.1744	92	0
1527740765.542242000	72.1746	104	1
1527740765.543352000	72.1757	234	0
1527740765.547195000	72.1795	98	1
1527740765.690501000	72.3228	392	1
1527740765.690592000	72.3229	260	1
1527740765.711968000	72.3443	87	0
1527740765.818456000	72.4508	233	0
1527740765.819737000	72.4521	148	0
1527740765.822233000	72.4546	104	1
1527740765.940403000	72.5727	92	0
1527740765.941691000	72.574	134	0
1527740765.944231000	72.5766	101	1
1527740766.184955000	72.8173	392	1
1527740766.185032000	72.8174	267	1
1527740766.205856000	72.8382	87	0
1527740766.394602000	73.0269	256	0
1527740766.395936000	73.0283	148	0
1527740766.397200000	73.0295	92	0
1527740766.398234000	73.0306	107	1
1527740766.398477000	73.0308	255	0
1527740766.402248000	73.0346	98	1
1527740766.442892000	73.0752	455	1
1527740766.442983000	73.0753	265	1
1527740766.465644000	73.098	87	0
1527740766.562896000	73.1952	235	0
1527740766.564114000	73.1964	148	0
1527740766.567307000	73.1996	104	1
1527740766.571051000	73.2034	92	0
1527740766.572300000	73.2046	87	0
1527740766.575284000	73.2076	101	1
1527740766.716814000	73.3491	632	1
1527740766.716876000	73.3492	262	1
1527740766.740405000	73.3727	87	0
1527740766.857780000	73.4901	235	0
1527740766.859087000	73.4914	148	0
1527740766.861259000	73.4936	104	1
1527740766.861618000	73.4939	92	0
1527740766.862907000	73.4952	189	0
1527740766.865275000	73.4976	101	1
1527740767.007490000	73.6398	889	1
1527740767.007565000	73.6399	265	1
1527740767.029021000	73.6613	87	0
1527740767.030300000	73.6626	87	0
1527740767.129972000	73.7623	256	0
1527740767.131214000	73.7635	148	0
1527740767.134339000	73.7667	107	1
1527740767.136695000	73.769	92	0
1527740767.137981000	73.7703	264	0
1527740767.140332000	73.7727	101	1
1527740769.335074000	75.9674	393	1
1527740769.335169000	75.9675	261	1
1527740769.357016000	75.9893	87	0
1527740769.465484000	76.0978	307	0
1527740769.466896000	76.0992	148	0
1527740769.469043000	76.1014	92	0
1527740769.469417000	76.1017	107	1
1527740769.470376000	76.1027	192	0
1527740769.474447000	76.1068	98	1
1527740769.729848000	76.3622	389	1
1527740769.729944000	76.3623	265	1
1527740769.748676000	76.381	87	0
1527740769.753731000	76.3861	87	0
1527740769.858407000	76.4907	301	0
1527740769.859604000	76.4919	148	0
1527740769.862520000	76.4948	107	1
1527740769.863457000	76.4958	92	0
1527740769.864796000	76.4971	339	0
1527740769.867485000	76.4998	101	1
1527740769.970939000	76.6033	403	1
1527740769.971031000	76.6034	262	1
1527740769.990100000	76.6224	87	0
1527740770.103821000	76.7361	255	0
1527740770.105080000	76.7374	148	0
1527740770.107533000	76.7399	104	1
1527740770.109759000	76.7421	92	0
1527740770.111053000	76.7434	283	0
1527740770.113451000	76.7458	101	1
1527740770.220706000	76.853	392	1
1527740770.220781000	76.8531	264	1
1527740770.245460000	76.8778	87	0
1527740770.373132000	77.0055	235	0
1527740770.374473000	77.0068	148	0
1527740770.377552000	77.0099	104	1
1527740770.379943000	77.0123	92	0
1527740770.381180000	77.0135	201	0
1527740770.383455000	77.0158	101	1
1527740770.431808000	77.0641	393	1
1527740770.431899000	77.0642	263	1
1527740770.450636000	77.083	87	0
1527740770.546057000	77.1784	305	0
1527740770.547336000	77.1797	148	0
1527740770.549547000	77.1819	104	1
1527740770.552005000	77.1843	92	0
1527740770.553287000	77.1856	199	0
1527740770.555522000	77.1878	101	1
1527740770.913972000	77.5463	389	1
1527740770.914071000	77.5464	264	1
1527740770.932284000	77.5646	87	0
1527740771.034034000	77.6664	256	0
1527740771.035320000	77.6676	148	0
1527740771.037495000	77.6698	104	1
1527740771.038371000	77.6707	92	0
1527740771.039652000	77.672	129	0
1527740771.042559000	77.6749	101	1
1527740773.185502000	79.8178	402	1
1527740773.185605000	79.8179	261	1
1527740773.203769000	79.8361	87	0
1527740773.310427000	79.9427	327	0
1527740773.311755000	79.9441	148	0
1527740773.314534000	79.9469	92	0
1527740773.314693000	79.947	104	1
1527740773.315883000	79.9482	273	0
1527740773.318676000	79.951	101	1
1527740773.407321000	80.0396	755	1
1527740773.407397000	80.0397	267	1
1527740773.428892000	80.0612	87	0
1527740773.541498000	80.1738	235	0
1527740773.542710000	80.175	148	0
1527740773.545656000	80.178	104	1
1527740773.546296000	80.1786	92	0
1527740773.547613000	80.1799	260	0
1527740773.549619000	80.1819	101	1
1527740773.707507000	80.3398	394	1
1527740773.707592000	80.3399	262	1
1527740773.749561000	80.3819	87	0
1527740773.853498000	80.4858	233	0
1527740773.854719000	80.487	148	0
1527740773.857722000	80.49	104	1
1527740773.857891000	80.4902	92	0
1527740773.859123000	80.4914	138	0
1527740773.861729000	80.494	101	1
1527740774.192475000	80.8248	389	1
1527740774.192572000	80.8249	264	1
1527740774.225386000	80.8577	87	0
1527740774.326296000	80.9586	290	0
1527740774.327577000	80.9599	148	0
1527740774.329751000	80.9621	104	1
1527740774.332078000	80.9644	92	0
1527740774.333364000	80.9657	160	0
1527740774.335746000	80.9681	101	1
1527740774.644191000	81.2765	455	1
1527740774.644253000	81.2766	267	1
1527740774.662606000	81.2949	87	0
1527740774.814114000	81.4464	235	0
1527740774.815420000	81.4477	148	0
1527740774.817799000	81.4501	104	1
1527740774.818102000	81.4504	92	0
1527740774.819495000	81.4518	300	0
1527740774.821771000	81.4541	101	1
1527740774.902824000	81.5351	632	1
1527740774.902925000	81.5352	263	1
1527740774.924874000	81.5572	87	0
1527740774.930373000	81.5627	87	0
1527740775.065804000	81.6981	256	0
1527740775.067071000	81.6994	148	0
1527740775.069745000	81.7021	107	1
1527740775.083689000	81.716	92	0
1527740775.084990000	81.7173	311	0
1527740775.087761000	81.7201	101	1
1527740775.113320000	81.7456	92	0
1527740775.116750000	81.7491	98	1
1527740775.142515000	81.7748	888	1
1527740775.142578000	81.7749	263	1
1527740775.159704000	81.792	87	0
1527740775.266656000	81.899	233	0
1527740775.267904000	81.9002	148	0
1527740775.270838000	81.9032	104	1
1527740775.271051000	81.9034	92	0
1527740775.272327000	81.9046	87	0
1527740775.274826000	81.9071	101	1
1527740775.362231000	81.9946	389	1
1527740775.362293000	81.9946	263	1
1527740775.385120000	82.0174	87	0
1527740775.387784000	82.0201	87	0
1527740775.480484000	82.1128	233	0
1527740775.481788000	82.1141	148	0
1527740775.484359000	82.1167	92	0
1527740775.484829000	82.1171	110	1
1527740775.485692000	82.118	86	0
1527740775.489838000	82.1222	98	1
1527740775.880977000	82.5133	407	1
1527740775.881041000	82.5134	259	1
1527740775.912421000	82.5447	87	0
1527740776.072100000	82.7044	258	0
1527740776.073371000	82.7057	148	0
1527740776.075838000	82.7082	104	1
1527740776.076365000	82.7087	92	0
1527740776.077662000	82.71	157	0
1527740776.079765000	82.7121	101	1
1527740776.112362000	82.7447	258	0
1527740776.115847000	82.7482	98	1
1527740776.151140000	82.7835	394	1
1527740776.151226000	82.7835	264	1
1527740776.180051000	82.8124	87	0
1527740776.185825000	82.8181	87	0
1527740776.277521000	82.9098	286	0
1527740776.278782000	82.9111	148	0
1527740776.283075000	82.9154	92	0
1527740776.283194000	82.9155	107	1
1527740776.284372000	82.9167	258	0
1527740776.286827000	82.9191	101	1
1527740776.482232000	83.1146	393	1
1527740776.482322000	83.1146	266	1
1527740776.511955000	83.1443	87	0
1527740776.603749000	83.2361	304	0
1527740776.605012000	83.2373	148	0
1527740776.607883000	83.2402	104	1
1527740776.609550000	83.2419	92	0
1527740776.610807000	83.2431	222	0
1527740776.612815000	83.2451	101	1
1527740776.805779000	83.4381	389	1
1527740776.805864000	83.4382	267	1
1527740776.827848000	83.4602	87	0
1527740777.044600000	83.6769	255	0
1527740777.045875000	83.6782	148	0
1527740777.048478000	83.6808	92	0
1527740777.048908000	83.6812	107	1
1527740777.049762000	83.6821	259	0
1527740777.053973000	83.6863	98	1
1527740777.299781000	83.9321	403	1
1527740777.299848000	83.9322	269	1
1527740777.317796000	83.9501	87	0
1527740777.426932000	84.0593	235	0
1527740777.428264000	84.0606	148	0
1527740777.430930000	84.0633	104	1
1527740777.431692000	84.064	92	0
1527740777.433815000	84.0661	304	0
1527740777.435847000	84.0682	101	1
1527740777.711631000	84.344	754	1
1527740777.711704000	84.344	267	1
1527740777.747047000	84.3794	87	0
1527740777.827622000	84.4599	303	0
1527740777.828920000	84.4612	148	0
1527740777.831952000	84.4643	104	1
1527740777.832664000	84.465	92	0
1527740777.833917000	84.4662	184	0
1527740777.835940000	84.4683	101	1
1527740779.902604000	86.5349	370	1
1527740779.902685000	86.535	1412	1
1527740779.902710000	86.535	1412	1
1527740779.902753000	86.5351	1412	1
1527740779.902805000	86.5351	261	1
1527740779.923485000	86.5558	87	0
1527740779.934260000	86.5666	87	0
1527740780.082748000	86.7151	461	0
1527740780.086371000	86.7187	80	0
1527740780.087095000	86.7194	107	1
1527740780.103427000	86.7357	391	1
1527740780.103499000	86.7358	264	1
1527740780.115266000	86.7476	461	0
1527740780.119007000	86.7513	98	1
1527740780.144342000	86.7767	87	0
1527740780.146741000	86.7791	87	0
1527740780.246710000	86.879	255	0
1527740780.250814000	86.8831	148	0
1527740780.251119000	86.8834	107	1
1527740780.254700000	86.887	92	0
1527740780.256145000	86.8885	226	0
1527740780.259098000	86.8914	101	1
1527740780.362757000	86.9951	452	1
1527740780.362818000	86.9951	259	1
1527740780.383277000	87.0156	87	0
1527740780.484579000	87.1169	232	0
1527740780.485924000	87.1182	148	0
1527740780.488043000	87.1204	104	1
1527740780.493316000	87.1256	92	0
1527740780.494687000	87.127	253	0
1527740780.497051000	87.1294	101	1
1527740780.694471000	87.3268	633	1
1527740780.694533000	87.3269	267	1
1527740780.712781000	87.3451	87	0
1527740780.828370000	87.4607	265	0
1527740780.829638000	87.462	148	0
1527740780.832087000	87.4644	104	1
1527740780.834039000	87.4664	92	0
1527740780.835335000	87.4677	213	0
1527740780.838112000	87.4704	101	1
1527740781.104644000	87.737	892	1
1527740781.104699000	87.737	270	1
1527740781.125197000	87.7575	87	0
1527740781.314686000	87.947	256	0
1527740781.316024000	87.9483	148	0
1527740781.318075000	87.9504	104	1
1527740781.318500000	87.9508	92	0
1527740781.319789000	87.9521	260	0
1527740781.322090000	87.9544	101	1
1527740781.544454000	88.1768	389	1
1527740781.544546000	88.1769	267	1
1527740781.571104000	88.2034	87	0
1527740781.594716000	88.227	87	0
1527740781.743709000	88.376	235	0
1527740781.744991000	88.3773	148	0
1527740781.747161000	88.3795	107	1
1527740781.747622000	88.3799	92	0
1527740781.748912000	88.3812	316	0
1527740781.751100000	88.3834	101	1
1527740781.771927000	88.4042	235	0
1527740781.776133000	88.4085	98	1
1527740783.803757000	90.4361	404	1
1527740783.803843000	90.4362	264	1
1527740783.853930000	90.4863	87	0
1527740783.858718000	90.491	87	0
1527740783.989874000	90.6222	258	0
1527740783.991073000	90.6234	148	0
1527740783.993624000	90.6259	92	0
1527740783.994029000	90.6263	110	1
1527740783.994911000	90.6272	318	0
1527740783.999070000	90.6314	98	1
1527740784.087609000	90.7199	394	1
1527740784.087674000	90.72	265	1
1527740784.136557000	90.7689	87	0
1527740784.137872000	90.7702	87	0
1527740784.204581000	90.8369	232	0
1527740784.205937000	90.8383	148	0
1527740784.208054000	90.8404	107	1
1527740784.211723000	90.844	92	0
1527740784.213015000	90.8453	148	0
1527740784.215055000	90.8474	101	1
1527740784.329279000	90.9616	388	1
1527740784.329375000	90.9617	267	1
1527740784.346561000	90.9789	87	0
1527740784.461919000	91.0942	232	0
1527740784.463196000	91.0955	148	0
1527740784.466073000	91.0984	104	1
1527740784.467977000	91.1003	92	0
1527740784.469265000	91.1016	148	0
1527740784.472062000	91.1044	101	1
1527740784.639620000	91.2719	392	1
1527740784.639682000	91.272	264	1
1527740784.659458000	91.2918	87	0
1527740784.787088000	91.4194	286	0
1527740784.788369000	91.4207	148	0
1527740784.791134000	91.4235	104	1
1527740784.795502000	91.4278	92	0
1527740784.796811000	91.4291	340	0
1527740784.799111000	91.4314	101	1
1527740784.883380000	91.5157	405	1
1527740784.883446000	91.5158	259	1
1527740784.943448000	91.5758	87	0
1527740785.004132000	91.6365	325	0
1527740785.005465000	91.6378	148	0
1527740785.008134000	91.6405	104	1
1527740785.010796000	91.6431	92	0
1527740785.012077000	91.6444	110	0
1527740785.014129000	91.6464	101	1
1527740785.295612000	91.9279	735	1
1527740785.295695000	91.928	1412	1
1527740785.295720000	91.928	1412	1
1527740785.295763000	91.9281	1412	1
1527740785.295784000	91.9281	844	1
1527740785.320977000	91.9533	87	0
1527740785.498112000	92.1304	372	0
1527740785.499394000	92.1317	80	0
1527740785.500822000	92.1331	372	0
1527740785.502133000	92.1345	107	1
1527740785.559194000	92.1915	80	0
1527740785.563118000	92.1954	98	1
1527740787.048832000	93.6812	392	1
1527740787.048905000	93.6812	262	1
1527740787.081446000	93.7138	87	0
1527740787.229408000	93.8617	328	0
1527740787.230694000	93.863	148	0
1527740787.233302000	93.8656	104	1
1527740787.242727000	93.875	92	0
1527740787.244005000	93.8763	250	0
1527740787.246281000	93.8786	101	1
1527740787.313259000	93.9456	328	0
1527740787.317217000	93.9495	98	1
1527740787.538509000	94.1708	456	1
1527740787.538607000	94.1709	258	1
1527740787.604324000	94.2366	456	1
1527740787.670315000	94.3026	258	1
1527740787.681520000	94.3138	87	0
1527740787.798897000	94.4312	87	0
1527740787.856134000	94.4885	233	0
1527740787.859108000	94.4914	148	0
1527740787.860327000	94.4926	107	1
1527740787.864992000	94.4973	92	0
1527740787.866277000	94.4986	283	0
1527740787.868255000	94.5006	101	1
1527740787.888267000	94.5206	87	0
1527740787.950072000	94.5824	233	0
1527740787.954305000	94.5866	101	1
1527740789.704620000	96.3369	631	1
1527740789.704705000	96.337	264	1
1527740789.774606000	96.4069	87	0
1527740789.844204000	96.4765	305	0
1527740789.845513000	96.4778	148	0
1527740789.848351000	96.4807	104	1
1527740789.852099000	96.4844	92	0
1527740789.855312000	96.4876	98	1
1527740789.857526000	96.4898	168	0
1527740789.861365000	96.4937	98	1
1527740789.935647000	96.568	390	1
1527740789.935724000	96.568	264	1
1527740790.050665000	96.683	87	0
1527740790.308551000	96.9409	279	0
1527740790.309821000	96.9421	148	0
1527740790.312363000	96.9447	104	1
1527740790.312394000	96.9447	92	0
1527740790.313690000	96.946	179	0
1527740790.316412000	96.9487	101	1
1527740790.358571000	96.9909	279	0
1527740790.362461000	96.9948	98	1
1527740790.393827000	97.0261	891	1
1527740790.393915000	97.0262	267	1
1527740790.504136000	97.1365	87	0
1527740790.516512000	97.1488	87	0
1527740790.680188000	97.3125	267	0
1527740790.681450000	97.3138	148	0
1527740790.684013000	97.3163	92	0
1527740790.684383000	97.3167	110	1
1527740790.685304000	97.3176	335	0
1527740790.689396000	97.3217	98	1
1527740790.844016000	97.4763	408	1
1527740790.844112000	97.4764	260	1
1527740791.027537000	97.6599	408	1
1527740791.211469000	97.8438	260	1
1527740791.225352000	97.8577	87	0
1527740791.281024000	97.9133	257	0
1527740791.282321000	97.9146	148	0
1527740791.284416000	97.9167	104	1
1527740791.284893000	97.9172	92	0
1527740791.286211000	97.9185	228	0
1527740791.287491000	97.9198	87	0
1527740791.288425000	97.9207	104	1
1527740791.314999000	97.9473	87	0
1527740791.554239000	98.1866	391	1
1527740791.554300000	98.1866	277	1
1527740791.632012000	98.2643	87	0
1527740791.633292000	98.2656	87	0
1527740791.715125000	98.3474	235	0
1527740791.716487000	98.3488	148	0
1527740791.719097000	98.3514	92	0
1527740791.719517000	98.3518	113	1
1527740791.720390000	98.3527	254	0
1527740791.724510000	98.3568	98	1
1527740791.776867000	98.4092	393	1
1527740791.776944000	98.4093	261	1
1527740791.801341000	98.4337	87	0
1527740791.917121000	98.5494	232	0
1527740791.918452000	98.5508	148	0
1527740791.920450000	98.5528	104	1
1527740791.921671000	98.554	92	0
1527740791.922958000	98.5553	110	0
1527740791.925516000	98.5578	101	1
1527740792.127946000	98.7603	388	1
1527740792.128007000	98.7603	259	1
1527740792.146268000	98.7786	87	0
1527740792.320127000	98.9524	259	0
1527740792.321466000	98.9538	158	0
1527740792.322675000	98.955	141	0
1527740792.323477000	98.9558	107	1
1527740792.428539000	99.0609	406	1
1527740792.428631000	99.061	264	1
1527740792.481282000	99.1136	87	0
1527740792.548283000	99.1806	233	0
1527740792.549501000	99.1818	148	0
1527740792.552587000	99.1849	104	1
1527740792.553101000	99.1854	92	0
1527740792.554403000	99.1867	105	0
1527740792.556580000	99.1889	101	1
1527740792.701934000	99.3343	757	1
1527740792.701994000	99.3343	259	1
1527740792.724982000	99.3573	87	0
1527740792.841485000	99.4738	286	0
1527740792.842825000	99.4751	148	0
1527740792.845567000	99.4779	104	1
1527740792.847501000	99.4798	92	0
1527740792.848780000	99.4811	115	0
1527740792.851591000	99.4839	101	1
1527740793.162229000	99.7945	394	1
1527740793.162291000	99.7946	265	1
1527740793.194575000	99.8269	87	0
1527740793.341116000	99.9734	328	0
1527740793.342306000	99.9746	148	0
1527740793.344568000	99.9769	104	1
1527740793.346353000	99.9787	92	0
1527740793.347579000	99.9799	141	0
1527740793.350602000	99.9829	101	1
1527740793.517105000	100.149	452	1
1527740793.517197000	100.15	264	1
1527740793.563562000	100.196	87	0
1527740793.606325000	100.239	87	0
1527740793.659049000	100.291	235	0
1527740793.660433000	100.293	148	0
1527740793.662711000	100.295	107	1
1527740793.662986000	100.295	92	0
1527740793.664340000	100.297	111	0
1527740793.666616000	100.299	101	1
1527740793.934449000	100.567	631	1
1527740793.934575000	100.567	267	1
1527740793.967967000	100.6	87	0
1527740794.090392000	100.723	259	0
1527740794.091608000	100.724	148	0
1527740794.094673000	100.727	104	1
1527740794.094953000	100.727	92	0
1527740794.096292000	100.729	126	0
1527740794.098634000	100.731	101	1
1527740794.403190000	101.036	389	1
1527740794.403251000	101.036	267	1
1527740794.421640000	101.054	87	0
1527740794.556692000	101.189	303	0
1527740794.558012000	101.19	148	0
1527740794.560558000	101.193	92	0
1527740794.560788000	101.193	107	1
1527740794.561840000	101.194	198	0
1527740794.565668000	101.198	98	1
1527740794.752938000	101.385	388	1
1527740794.753013000	101.385	265	1
1527740794.771037000	101.403	87	0
1527740794.881481000	101.514	237	0
1527740794.882812000	101.515	148	0
1527740794.885707000	101.518	104	1
1527740794.886324000	101.519	92	0
1527740794.887610000	101.52	317	0
1527740794.889708000	101.522	101	1
1527740795.207267000	101.84	893	1
1527740795.207352000	101.84	269	1
1527740795.227765000	101.86	87	0
1527740795.360059000	101.992	256	0
1527740795.361325000	101.994	148	0
1527740795.363751000	101.996	104	1
1527740795.363804000	101.996	92	0
1527740795.365110000	101.997	123	0
1527740795.367723000	102	101	1
1527740795.639052000	102.271	403	1
1527740795.639127000	102.271	265	1
1527740795.701330000	102.334	87	0
1527740795.762673000	102.395	281	0
1527740795.763908000	102.396	148	0
1527740795.766747000	102.399	104	1
1527740795.770154000	102.402	92	0
1527740795.771500000	102.404	254	0
1527740795.773758000	102.406	101	1
1527740795.856768000	102.489	390	1
1527740795.856860000	102.489	259	1
1527740795.875728000	102.508	87	0
1527740795.999490000	102.632	277	0
1527740796.000724000	102.633	148	0
1527740796.003316000	102.636	92	0
1527740796.003752000	102.636	107	1
1527740796.004599000	102.637	123	0
1527740796.008780000	102.641	98	1
1527740797.853861000	104.486	368	1
1527740797.853962000	104.486	1412	1
1527740797.853999000	104.486	1412	1
1527740797.854033000	104.486	1412	1
1527740797.854066000	104.486	261	1
1527740797.951122000	104.583	368	1
1527740798.048123000	104.68	1412	1
1527740798.055351000	104.688	326	1
1527740798.055430000	104.688	260	1
1527740798.072900000	104.705	87	0
1527740798.074273000	104.707	415	0
1527740798.075671000	104.708	90	0
1527740798.078162000	104.71	104	1
1527740798.130842000	104.763	415	0
1527740798.132047000	104.764	87	0
1527740798.133383000	104.766	87	0
1527740798.135056000	104.767	104	1
1527740798.174161000	104.806	277	0
1527740798.175512000	104.808	148	0
1527740798.178090000	104.81	101	1
1527740798.200718000	104.833	92	0
1527740798.202216000	104.835	180	0
1527740798.205023000	104.837	101	1
1527740798.263258000	104.896	389	1
1527740798.263347000	104.896	260	1
1527740798.349754000	104.982	87	0
1527740798.454231000	105.087	236	0
1527740798.455499000	105.088	148	0
1527740798.458012000	105.09	104	1
1527740798.459609000	105.092	92	0
1527740798.463072000	105.095	98	1
1527740798.499168000	105.131	185	0
1527740798.503105000	105.135	98	1
1527740798.706465000	105.339	403	1
1527740798.706527000	105.339	269	1
1527740798.724926000	105.357	87	0
1527740798.730006000	105.362	87	0
1527740798.872733000	105.505	232	0
1527740798.873929000	105.506	148	0
1527740798.876684000	105.509	92	0
1527740798.877112000	105.509	110	1
1527740798.877972000	105.51	130	0
1527740798.882123000	105.514	98	1
1527740799.155642000	105.788	757	1
1527740799.155717000	105.788	270	1
1527740799.219452000	105.852	87	0
1527740799.288786000	105.921	259	0
1527740799.290005000	105.922	148	0
1527740799.293159000	105.925	104	1
1527740799.300032000	105.932	92	0
1527740799.302103000	105.934	134	0
1527740799.304125000	105.936	101	1
1527740799.458383000	106.091	394	1
1527740799.458442000	106.091	263	1
1527740799.569220000	106.202	394	1
1527740799.647606000	106.28	87	0
1527740799.660200000	106.293	284	0
1527740799.661490000	106.294	148	0
1527740799.664104000	106.296	102	0
1527740799.664194000	106.297	104	1
1527740799.665430000	106.298	257	0
1527740799.668122000	106.3	101	1
1527740799.718425000	106.351	284	0
1527740799.722123000	106.354	98	1
1527740801.749041000	108.381	455	1
1527740801.749139000	108.381	265	1
1527740801.787214000	108.42	87	0
1527740801.886107000	108.518	329	0
1527740801.887408000	108.52	148	0
1527740801.888677000	108.521	92	0
1527740801.889955000	108.522	266	0
1527740801.890420000	108.523	110	1
1527740801.964423000	108.597	636	1
1527740801.964518000	108.597	259	1
1527740802.033118000	108.665	87	0
1527740802.110652000	108.743	257	0
1527740802.111918000	108.744	148	0
1527740802.114307000	108.747	104	1
1527740802.115038000	108.747	92	0
1527740802.116323000	108.749	169	0
1527740802.118228000	108.751	101	1
1527740802.192638000	108.825	388	1
1527740802.192731000	108.825	260	1
1527740802.302324000	108.935	87	0
1527740802.306276000	108.939	87	0
1527740802.465229000	109.098	302	0
1527740802.466634000	109.099	148	0
1527740802.467964000	109.1	92	0
1527740802.469204000	109.102	273	0
1527740802.469322000	109.102	110	1
1527740802.473333000	109.106	98	1
1527740802.592554000	109.225	302	0
1527740802.596263000	109.229	98	1
1527740802.703656000	109.336	388	1
1527740802.703751000	109.336	270	1
1527740802.861314000	109.494	388	1
1527740803.019406000	109.652	270	1
1527740803.052258000	109.685	87	0
1527740803.135128000	109.767	235	0
1527740803.136534000	109.769	148	0
1527740803.139354000	109.772	104	1
1527740803.139759000	109.772	92	0
1527740803.141061000	109.773	171	0
1527740803.143297000	109.776	101	1
1527740803.152732000	109.785	87	0
1527740803.169348000	109.802	235	0
1527740803.173371000	109.806	101	1
1527740803.179731000	109.812	87	0
1527740803.202963000	109.835	148	0
1527740803.206341000	109.839	101	1
1527740803.343975000	109.976	907	1
1527740803.344053000	109.976	275	1
1527740803.399710000	110.032	87	0
1527740803.707545000	110.34	259	0
1527740803.708764000	110.341	148	0
1527740803.711344000	110.344	104	1
1527740803.740610000	110.373	92	0
1527740803.744376000	110.377	98	1
1527740803.748206000	110.381	242	0
1527740803.752410000	110.385	98	1
1527740803.805488000	110.438	393	1
1527740803.805549000	110.438	267	1
1527740804.059442000	110.692	393	1
1527740804.188386000	110.821	87	0
1527740804.210610000	110.843	281	0
1527740804.211895000	110.844	148	0
1527740804.214400000	110.847	92	0
1527740804.214474000	110.847	104	1
1527740804.215836000	110.848	275	0
1527740804.217851000	110.85	87	0
1527740804.218407000	110.851	104	1
1527740805.857845000	112.49	371	1
1527740805.857941000	112.49	1412	1
1527740805.857983000	112.49	1412	1
1527740805.858039000	112.49	1412	1
1527740805.858075000	112.49	565	1
1527740805.879323000	112.512	87	0
1527740806.023711000	112.656	398	0
1527740806.027477000	112.66	101	1
1527740806.031033000	112.663	80	0
1527740806.034477000	112.667	98	1
1527740806.059131000	112.691	390	1
1527740806.059223000	112.692	265	1
1527740806.077861000	112.71	87	0
1527740806.174475000	112.807	257	0
1527740806.175817000	112.808	148	0
1527740806.178470000	112.811	104	1
1527740806.179761000	112.812	92	0
1527740806.181053000	112.813	334	0
1527740806.183451000	112.816	101	1
1527740806.266582000	112.899	403	1
1527740806.266634000	112.899	263	1
1527740806.285270000	112.918	87	0
1527740806.294138000	112.926	87	0
1527740806.388123000	113.02	232	0
1527740806.389467000	113.022	148	0
1527740806.392502000	113.025	107	1
1527740806.395115000	113.027	92	0
1527740806.396503000	113.029	219	0
1527740806.398532000	113.031	101	1
1527740806.477926000	113.11	757	1
1527740806.478000000	113.11	262	1
1527740806.495947000	113.128	87	0
1527740806.592163000	113.224	265	0
1527740806.593491000	113.226	148	0
1527740806.596480000	113.229	104	1
1527740806.608301000	113.241	92	0
1527740806.609513000	113.242	100	0
1527740806.612562000	113.245	101	1
1527740806.839551000	113.472	393	1
1527740806.839627000	113.472	260	1
1527740806.869695000	113.502	87	0
1527740806.989863000	113.622	258	0
1527740806.991111000	113.623	148	0
1527740806.993595000	113.626	104	1
1527740806.999022000	113.631	92	0
1527740807.000324000	113.633	314	0
1527740807.002548000	113.635	101	1
1527740807.091864000	113.724	457	1
1527740807.091949000	113.724	265	1
1527740807.114221000	113.747	87	0
1527740807.220384000	113.853	233	0
1527740807.221577000	113.854	148	0
1527740807.224602000	113.857	104	1
1527740807.224790000	113.857	92	0
1527740807.226145000	113.858	281	0
1527740807.228524000	113.861	101	1
1527740807.352959000	113.985	401	1
1527740807.353043000	113.985	262	1
1527740807.372167000	114.004	87	0
1527740807.481257000	114.114	233	0
1527740807.482517000	114.115	148	0
1527740807.485536000	114.118	104	1
1527740807.486828000	114.119	92	0
1527740807.488120000	114.12	111	0
1527740807.490585000	114.123	101	1
1527740807.669266000	114.302	619	1
1527740807.669356000	114.302	262	1
1527740807.686918000	114.319	87	0
1527740807.784904000	114.417	286	0
1527740807.786197000	114.419	148	0
1527740807.788629000	114.421	104	1
1527740807.788812000	114.421	92	0
1527740807.790092000	114.422	85	0
1527740807.792607000	114.425	101	1
1527740810.068327000	116.701	394	1
1527740810.068413000	116.701	264	1
1527740810.087584000	116.72	87	0
1527740810.200116000	116.832	329	0
1527740810.201374000	116.834	148	0
1527740810.203705000	116.836	104	1
1527740810.205227000	116.838	92	0
1527740810.206582000	116.839	306	0
1527740810.208696000	116.841	101	1
1527740810.308033000	116.94	908	1
1527740810.308121000	116.94	263	1
1527740810.326009000	116.958	87	0
1527740810.445923000	117.078	236	0
1527740810.447141000	117.079	148	0
1527740810.449780000	117.082	104	1
1527740810.450880000	117.083	92	0
1527740810.452106000	117.084	92	0
1527740810.454781000	117.087	101	1
1527740810.544793000	117.177	393	1
1527740810.544886000	117.177	258	1
1527740810.563830000	117.196	87	0
1527740810.656767000	117.289	305	0
1527740810.658045000	117.29	148	0
1527740810.660667000	117.293	92	0
1527740810.660763000	117.293	104	1
1527740810.661966000	117.294	124	0
1527740810.664765000	117.297	101	1
1527740810.770198000	117.403	390	1
1527740810.770259000	117.403	264	1
1527740810.788105000	117.42	87	0
1527740810.888446000	117.521	235	0
1527740810.889702000	117.522	148	0
1527740810.892733000	117.525	104	1
1527740810.895134000	117.527	92	0
1527740810.896474000	117.529	207	0
1527740810.898720000	117.531	101	1
1527740811.019050000	117.651	389	1
1527740811.019125000	117.651	264	1
1527740811.052338000	117.685	87	0
1527740811.055735000	117.688	87	0
1527740811.223673000	117.856	259	0
