1527839690.899038000	0	297	1
1527839690.917876000	0.0188379	87	0
1527839691.100405000	0.201367	373	0
1527839691.103925000	0.204887	103	1
1527839691.128209000	0.229171	1412	0
1527839691.129710000	0.230672	1412	0
1527839691.131208000	0.23217	1412	0
1527839691.132651000	0.233613	186	0
1527839691.134167000	0.235129	1412	0
1527839691.135654000	0.236616	1412	0
1527839691.136304000	0.237266	103	1
1527839691.137164000	0.238126	1412	0
1527839691.138734000	0.239696	188	0
1527839691.140247000	0.241209	1412	0
1527839691.141734000	0.242696	1412	0
1527839691.142680000	0.243642	112	1
1527839691.143214000	0.244176	1322	0
1527839691.144702000	0.245664	1412	0
1527839691.149220000	0.250182	1412	0
1527839691.150706000	0.251668	1412	0
1527839691.152158000	0.25312	190	0
1527839691.153600000	0.254562	112	1
1527839691.153668000	0.25463	1192	0
1527839691.155168000	0.25613	1412	0
1527839691.156657000	0.257619	1412	0
1527839691.158036000	0.258998	115	1
1527839691.158136000	0.259098	1412	0
1527839691.159669000	0.260631	1344	0
1527839691.161912000	0.262874	103	1
1527839691.166894000	0.267856	1412	0
1527839691.168409000	0.269371	255	0
1527839691.169938000	0.2709	1412	0
1527839691.170977000	0.271939	106	1
1527839691.171399000	0.272361	802	0
1527839691.172903000	0.273865	1412	0
1527839691.174374000	0.275336	1007	0
1527839691.174916000	0.275878	106	1
1527839691.175872000	0.276834	1412	0
1527839691.177543000	0.278505	1412	0
1527839691.179138000	0.2801	1412	0
1527839691.179933000	0.280895	106	1
1527839691.180593000	0.281555	188	0
1527839691.182218000	0.28318	1412	0
1527839691.183836000	0.284798	167	0
1527839691.183977000	0.284939	106	1
1527839691.189429000	0.290391	1412	0
1527839691.190932000	0.291894	1412	0
1527839691.192414000	0.293376	1412	0
1527839691.193902000	0.294864	1412	0
1527839691.195353000	0.296315	260	0
1527839691.195737000	0.296699	106	1
1527839691.196862000	0.297824	1412	0
1527839691.198352000	0.299314	1412	0
1527839691.199900000	0.300862	1412	0
1527839691.201365000	0.302327	898	0
1527839691.202861000	0.303823	1412	0
1527839691.204343000	0.305305	1412	0
1527839691.205830000	0.306792	1412	0
1527839691.205962000	0.306924	121	1
1527839691.207300000	0.308262	895	0
1527839691.209929000	0.310891	103	1
1527839691.555295000	0.656257	800	1
1527839691.555380000	0.656342	1412	1
1527839691.555403000	0.656365	918	1
1527839691.563218000	0.66418	219	1
1527839691.575071000	0.676033	87	0
1527839691.580581000	0.681543	87	0
1527839691.675488000	0.77645	301	0
1527839691.676992000	0.777954	1412	0
1527839691.678546000	0.779508	1412	0
1527839691.678944000	0.779906	112	1
1527839691.680059000	0.781021	1412	0
1527839691.681515000	0.782477	180	0
1527839691.683099000	0.784061	1412	0
1527839691.683928000	0.78489	106	1
1527839691.684657000	0.785619	1412	0
1527839691.686132000	0.787094	1071	0
1527839691.687581000	0.788543	92	0
1527839691.687932000	0.788894	106	1
1527839691.689198000	0.79016	215	0
1527839691.692970000	0.793932	100	1
1527839691.730394000	0.831356	388	0
1527839691.733415000	0.834377	80	0
1527839691.733960000	0.834922	103	1
1527839691.807096000	0.908058	217	1
1527839691.824909000	0.925871	87	0
1527839691.927449000	1.02841	407	0
1527839691.929001000	1.02996	1113	0
1527839691.930939000	1.0319	92	0
1527839691.932430000	1.03339	328	0
1527839691.996826000	1.09779	407	0
1527839692.062260000	1.16322	1113	0
1527839692.160050000	1.26101	118	1
1527839692.702367000	1.80333	485	1
1527839692.720218000	1.82118	87	0
1527839692.739711000	1.84067	301	0
1527839692.741176000	1.84214	360	0
1527839692.742666000	1.84363	113	0
1527839692.745431000	1.84639	103	1
1527839692.749359000	1.85032	103	1
1527839692.761419000	1.86238	352	1
1527839692.761507000	1.86247	145	1
1527839692.781237000	1.8822	87	0
1527839692.786264000	1.88723	87	0
1527839692.844430000	1.94539	1412	0
1527839692.845900000	1.94686	1412	0
1527839692.847413000	1.94837	1412	0
1527839692.848917000	1.94988	486	0
1527839692.850450000	1.95141	92	0
1527839692.851929000	1.95289	141	0
1527839692.854771000	1.95573	115	1
1527839692.861104000	1.96207	103	1
1527839692.881395000	1.98236	215	1
1527839692.881470000	1.98243	191	1
1527839692.899441000	2.0004	87	0
1527839692.997263000	2.09822	639	0
1527839692.998788000	2.09975	92	0
1527839693.000279000	2.10124	220	0
1527839693.003623000	2.10458	103	1
1527839693.010053000	2.11101	103	1
1527839693.714358000	2.81532	303	1
1527839693.732537000	2.8335	87	0
1527839693.816066000	2.91703	368	0
1527839693.817586000	2.91855	1412	0
1527839693.819111000	2.92007	997	0
1527839693.820825000	2.92179	92	0
1527839693.822317000	2.92328	296	0
1527839693.879591000	2.98055	368	0
1527839693.906114000	3.00708	118	1
1527839693.991269000	3.09223	1412	1
1527839693.991348000	3.09231	1412	1
1527839693.991368000	3.09233	261	1
1527839693.991440000	3.0924	844	1
1527839694.011373000	3.11233	87	0
1527839694.031063000	3.13203	458	0
1527839694.032505000	3.13347	128	0
1527839694.042811000	3.14377	103	1
1527839694.047109000	3.14807	100	1
1527839694.589196000	3.69016	775	1
1527839694.589306000	3.69027	1412	1
1527839694.589344000	3.69031	1412	1
1527839694.589378000	3.69034	1412	1
1527839694.589414000	3.69038	1412	1
1527839694.589436000	3.6904	1412	1
1527839694.589485000	3.69045	1412	1
1527839694.589524000	3.69049	1412	1
1527839694.589576000	3.69054	1412	1
1527839694.589599000	3.69056	1412	1
1527839694.589635000	3.6906	1412	1
1527839694.589668000	3.69063	1412	1
1527839694.589705000	3.69067	1412	1
1527839694.589741000	3.6907	1289	1
1527839694.605541000	3.7065	100	0
1527839694.607628000	3.70859	87	0
1527839694.612619000	3.71358	87	0
1527839694.617329000	3.71829	106	1
1527839694.699334000	3.8003	472	0
1527839694.702569000	3.80353	80	0
1527839694.713048000	3.81401	103	1
1527839696.816065000	5.91703	334	1
1527839696.816146000	5.91711	1412	1
1527839696.816180000	5.91714	991	1
1527839696.817608000	5.91857	226	1
1527839696.817656000	5.91862	1412	1
1527839696.817693000	5.91865	1412	1
1527839696.817744000	5.91871	771	1
1527839696.834434000	5.9354	252	1
1527839696.835630000	5.93659	87	0
1527839696.842443000	5.9434	87	0
1527839696.843571000	5.94453	120	1
1527839696.853112000	5.95407	87	0
1527839696.859555000	5.96052	94	0
1527839696.862675000	5.96364	87	0
1527839696.862934000	5.9639	106	1
1527839697.117209000	6.21817	395	0
1527839697.120885000	6.22185	80	0
1527839697.120970000	6.22193	100	1
1527839697.125021000	6.22598	100	1
1527839697.492840000	6.5938	568	0
1527839697.494308000	6.59527	309	0
1527839697.494844000	6.59581	120	1
1527839697.495812000	6.59677	145	0
1527839697.497236000	6.5982	267	1
1527839697.513318000	6.61428	87	0
1527839697.691194000	6.79216	985	0
1527839697.692683000	6.79364	1412	0
1527839697.694178000	6.79514	1412	0
1527839697.695023000	6.79598	109	1
1527839697.695702000	6.79666	1412	0
1527839697.697161000	6.79812	180	0
1527839697.698744000	6.79971	1412	0
1527839697.698999000	6.79996	106	1
1527839697.700219000	6.80118	1358	0
1527839697.701712000	6.80267	1412	0
1527839697.703277000	6.80424	1412	0
1527839697.703984000	6.80495	106	1
1527839697.704749000	6.80571	1412	0
1527839697.706203000	6.80716	188	0
1527839697.707675000	6.80864	84	0
1527839697.709258000	6.81022	1229	0
1527839697.709500000	6.81046	106	1
1527839697.713108000	6.81407	100	1
1527839697.726424000	6.82739	1412	0
1527839697.727920000	6.82888	1412	0
1527839697.729450000	6.83041	1412	0
1527839697.731008000	6.83197	1412	0
1527839697.732700000	6.83366	846	0
1527839697.734375000	6.83534	1412	0
1527839697.735893000	6.83685	1412	0
1527839697.737476000	6.83844	1412	0
1527839697.739046000	6.84001	190	0
1527839697.739995000	6.84096	124	1
1527839697.740560000	6.84152	1412	0
1527839697.742047000	6.84301	1412	0
1527839697.743530000	6.84449	1412	0
1527839697.743982000	6.84494	106	1
1527839697.745016000	6.84598	1412	0
1527839697.747602000	6.84856	423	0
1527839697.749000000	6.84996	103	1
1527839697.749162000	6.85012	1412	0
1527839697.750655000	6.85162	1412	0
1527839697.752140000	6.8531	1412	0
1527839697.753023000	6.85398	106	1
1527839697.753617000	6.85458	1412	0
1527839697.755105000	6.85607	1412	0
1527839697.756590000	6.85755	1412	0
1527839697.756983000	6.85794	106	1
1527839697.758071000	6.85903	1412	0
1527839697.759601000	6.86056	1412	0
1527839697.761056000	6.86202	193	0
1527839697.762004000	6.86297	106	1
1527839697.762565000	6.86353	1412	0
1527839697.766678000	6.86764	1412	0
1527839697.766980000	6.86794	103	1
1527839697.768156000	6.86912	1412	0
1527839697.769695000	6.87066	1412	0
1527839697.771193000	6.87215	1412	0
1527839697.772134000	6.8731	106	1
1527839697.772681000	6.87364	1412	0
1527839697.774138000	6.8751	278	0
1527839697.775651000	6.87661	1412	0
1527839697.776475000	6.87744	103	1
1527839697.777194000	6.87816	1330	0
1527839697.778740000	6.8797	1412	0
1527839697.780224000	6.88119	1412	0
1527839697.780991000	6.88195	109	1
1527839697.781672000	6.88263	349	0
1527839697.785017000	6.88598	100	1
1527839699.056263000	8.15722	310	1
1527839699.056349000	8.15731	145	1
1527839699.074624000	8.17559	87	0
1527839699.125794000	8.22676	1412	0
1527839699.127266000	8.22823	1412	0
1527839699.128815000	8.22978	1412	0
1527839699.130075000	8.23104	109	1
1527839699.130297000	8.23126	688	0
1527839699.131771000	8.23273	92	0
1527839699.133265000	8.23423	122	0
1527839699.134059000	8.23502	106	1
1527839700.224650000	9.32561	382	1
1527839700.224726000	9.32569	295	1
1527839700.226911000	9.32787	305	1
1527839700.226996000	9.32796	1412	1
1527839700.227034000	9.328	1412	1
1527839700.227089000	9.32805	992	1
1527839700.246730000	9.34769	87	0
1527839700.248201000	9.34916	87	0
1527839700.281211000	9.38217	402	1
1527839700.299718000	9.40068	87	0
1527839700.352587000	9.45355	378	0
1527839700.354083000	9.45504	1400	0
1527839700.355542000	9.4565	513	0
1527839700.362508000	9.46347	592	0
1527839700.363996000	9.46496	1412	0
1527839700.365544000	9.46651	1412	0
1527839700.367002000	9.46796	130	0
1527839700.368869000	9.46983	649	0
1527839700.370418000	9.47138	519	0
1527839700.371925000	9.47289	1412	0
1527839700.373404000	9.47437	1310	0
1527839700.374868000	9.47583	583	0
1527839700.376366000	9.47733	689	0
1527839700.380161000	9.48112	92	0
1527839700.381644000	9.48261	320	0
1527839700.386659000	9.48762	373	0
1527839700.388137000	9.4891	277	0
1527839700.389721000	9.49068	103	0
1527839700.391215000	9.49218	211	0
1527839700.392689000	9.49365	80	0
1527839700.432204000	9.53317	103	1
1527839700.432478000	9.53344	127	1
1527839700.437113000	9.53807	124	1
1527839700.586829000	9.68779	1412	1
1527839700.586907000	9.68787	1412	1
1527839700.586929000	9.68789	262	1
1527839700.587001000	9.68796	891	1
1527839700.608966000	9.70993	87	0
1527839700.630819000	9.73178	509	0
1527839700.632327000	9.73329	203	0
1527839700.635176000	9.73614	106	1
1527839701.336396000	10.4374	1007	1
1527839701.336483000	10.4374	95	1
1527839701.356370000	10.4573	87	0
1527839701.498641000	10.5996	297	0
1527839701.500131000	10.6011	367	0
1527839701.501611000	10.6026	289	0
1527839701.502196000	10.6032	109	1
1527839702.104667000	11.2056	478	1
1527839702.104743000	11.2057	110	1
1527839702.123296000	11.2243	87	0
1527839702.123609000	11.2246	305	1
1527839702.126306000	11.2273	481	1
1527839702.126379000	11.2273	88	1
1527839702.142663000	11.2436	87	0
1527839702.249767000	11.3507	258	0
1527839702.251240000	11.3522	151	0
1527839702.253048000	11.354	92	0
1527839702.253239000	11.3542	112	1
1527839702.254560000	11.3555	198	0
1527839702.258285000	11.3592	100	1
1527839702.265747000	11.3667	235	0
1527839702.267213000	11.3682	140	0
1527839702.269276000	11.3702	103	1
1527839702.269742000	11.3707	92	0
1527839702.271239000	11.3722	255	0
1527839702.273281000	11.3742	103	1
1527839702.311939000	11.4129	243	0
1527839702.313424000	11.4144	103	0
1527839702.314971000	11.4159	92	0
1527839702.316251000	11.4172	106	1
1527839702.316478000	11.4174	137	0
1527839702.320270000	11.4212	100	1
1527839702.596702000	11.6977	394	1
1527839702.596776000	11.6977	264	1
1527839702.615851000	11.7168	87	0
1527839703.148783000	12.2497	373	1
1527839703.148917000	12.2499	1412	1
1527839703.148955000	12.2499	1412	1
1527839703.148989000	12.25	1412	1
1527839703.149026000	12.25	1412	1
1527839703.149067000	12.25	1412	1
1527839703.149095000	12.2501	1412	1
1527839703.149139000	12.2501	1412	1
1527839703.149173000	12.2501	1412	1
1527839703.149211000	12.2502	1412	1
1527839703.149245000	12.2502	1412	1
1527839703.149282000	12.2502	1412	1
1527839703.149317000	12.2503	1412	1
1527839703.149345000	12.2503	1412	1
1527839703.149390000	12.2504	1412	1
1527839703.149414000	12.2504	1412	1
1527839703.149450000	12.2504	1412	1
1527839703.149484000	12.2504	1412	1
1527839703.149519000	12.2505	1412	1
1527839703.151329000	12.2523	1412	1
1527839703.151368000	12.2523	1412	1
1527839703.151415000	12.2524	1412	1
1527839703.151452000	12.2524	1412	1
1527839703.151504000	12.2525	1412	1
1527839703.151528000	12.2525	1412	1
1527839703.151563000	12.2525	1412	1
1527839703.151598000	12.2526	1412	1
1527839703.151634000	12.2526	1412	1
1527839703.151672000	12.2526	1412	1
1527839703.151720000	12.2527	1412	1
1527839703.151756000	12.2527	1412	1
1527839703.151788000	12.2527	1412	1
1527839703.151823000	12.2528	1412	1
1527839703.151860000	12.2528	1412	1
1527839703.151896000	12.2529	310	1
1527839703.167777000	12.2687	87	0
1527839703.169309000	12.2703	87	0
1527839703.171858000	12.2728	87	0
1527839703.174837000	12.2758	87	0
1527839703.188393000	12.2894	1412	1
1527839703.189429000	12.2904	87	0
1527839703.213429000	12.3144	87	0
1527839703.223839000	12.3248	371	0
1527839703.225302000	12.3263	146	0
1527839703.226802000	12.3278	92	0
1527839703.227312000	12.3283	127	1
1527839703.228335000	12.3293	99	0
1527839703.232301000	12.3333	100	1
1527839703.280766000	12.3817	362	1
1527839703.281711000	12.3827	297	1
1527839703.323386000	12.4243	362	1
1527839703.328721000	12.4297	378	1
1527839703.332759000	12.4337	386	0
1527839703.334934000	12.4359	80	0
1527839703.338303000	12.4393	100	1
1527839703.342375000	12.4433	100	1
1527839703.353740000	12.4547	395	1
1527839703.353814000	12.4548	272	1
1527839703.363780000	12.4647	87	0
1527839703.369885000	12.4708	87	0
1527839703.373837000	12.4748	87	0
1527839703.379513000	12.4805	87	0
1527839703.500573000	12.6015	400	0
1527839703.502033000	12.603	118	0
1527839703.504334000	12.6053	115	1
1527839703.505053000	12.606	233	0
1527839703.506568000	12.6075	279	0
1527839703.508013000	12.609	92	0
1527839703.508329000	12.6093	106	1
1527839703.509659000	12.6106	224	0
1527839703.511311000	12.6123	92	0
1527839703.512886000	12.6138	97	0
1527839703.513301000	12.6143	106	1
1527839703.533780000	12.6347	567	0
1527839703.535259000	12.6362	804	0
1527839703.536721000	12.6377	92	0
1527839703.537325000	12.6383	106	1
1527839703.538232000	12.6392	255	0
1527839703.542347000	12.6433	100	1
1527839703.579842000	12.6808	266	0
1527839703.581312000	12.6823	146	0
1527839703.583168000	12.6841	92	0
1527839703.583327000	12.6843	106	1
1527839703.586189000	12.6872	280	0
1527839703.590358000	12.6913	100	1
1527839703.785648000	12.8866	394	1
1527839703.785744000	12.8867	258	1
1527839703.803882000	12.9048	87	0
1527839703.813765000	12.9147	87	0
1527839703.945775000	13.0467	259	0
1527839703.947249000	13.0482	146	0
1527839703.949373000	13.0503	109	1
1527839703.949713000	13.0507	92	0
1527839703.951208000	13.0522	95	0
1527839703.953358000	13.0543	103	1
1527839707.754256000	16.8552	517	1
1527839707.754347000	16.8553	256	1
1527839707.772744000	16.8737	87	0
1527839707.937222000	17.0382	314	0
1527839707.938759000	17.0397	146	0
1527839707.941441000	17.0424	106	1
1527839707.946829000	17.0478	92	0
1527839707.948371000	17.0493	195	0
1527839707.950362000	17.0513	103	1
1527839708.103672000	17.2046	873	1
1527839708.103763000	17.2047	261	1
1527839708.122633000	17.2236	87	0
1527839708.315343000	17.4163	232	0
1527839708.316811000	17.4178	146	0
1527839708.319135000	17.4201	92	0
1527839708.319371000	17.4203	109	1
1527839708.320651000	17.4216	266	0
1527839708.324394000	17.4254	100	1
1527839708.554286000	17.6552	914	1
1527839708.554364000	17.6553	263	1
1527839708.574973000	17.6759	87	0
1527839708.765097000	17.8661	258	0
1527839708.766586000	17.8675	146	0
1527839708.768062000	17.869	92	0
1527839708.769449000	17.8704	109	1
1527839708.769528000	17.8705	104	0
1527839708.773419000	17.8744	100	1
1527839708.960023000	18.061	472	1
1527839708.960099000	18.0611	267	1
1527839708.989798000	18.0908	87	0
1527839709.181527000	18.2825	233	0
1527839709.182995000	18.284	146	0
1527839709.185421000	18.2864	106	1
1527839709.186273000	18.2872	92	0
1527839709.187761000	18.2887	167	0
1527839709.189416000	18.2904	103	1
1527839709.374193000	18.4752	394	1
1527839709.374285000	18.4752	265	1
1527839709.392128000	18.4931	87	0
1527839709.398606000	18.4996	87	0
1527839709.584329000	18.6853	375	0
1527839709.585797000	18.6868	146	0
1527839709.587271000	18.6882	92	0
1527839709.588533000	18.6895	112	1
1527839709.588894000	18.6899	286	0
1527839709.592532000	18.6935	100	1
1527839709.799591000	18.9006	393	1
1527839709.799674000	18.9006	263	1
1527839709.818340000	18.9193	87	0
1527839709.822305000	18.9233	87	0
1527839710.015990000	19.117	232	0
1527839710.017459000	19.1184	148	0
1527839710.019478000	19.1204	109	1
1527839710.021565000	19.1225	92	0
1527839710.023054000	19.124	186	0
1527839710.025544000	19.1265	103	1
1527839710.087177000	19.1881	390	1
1527839710.087307000	19.1883	265	1
1527839710.105956000	19.2069	87	0
1527839710.238014000	19.339	233	0
1527839710.239529000	19.3405	148	0
1527839710.241305000	19.3423	92	0
1527839710.241563000	19.3425	109	1
1527839710.242777000	19.3437	191	0
1527839710.246569000	19.3475	100	1
1527839710.310130000	19.4111	390	1
1527839710.310203000	19.4112	258	1
1527839710.329383000	19.4303	87	0
1527839710.525960000	19.6269	420	0
1527839710.527405000	19.6284	148	0
1527839710.529503000	19.6305	106	1
1527839710.530080000	19.631	92	0
1527839710.531576000	19.6325	187	0
1527839710.533496000	19.6345	103	1
1527839710.730976000	19.8319	393	1
1527839710.731062000	19.832	262	1
1527839710.767574000	19.8685	393	1
1527839710.781706000	19.8827	87	0
1527839710.786478000	19.8874	87	0
1527839710.974012000	20.075	233	0
1527839710.975481000	20.0764	148	0
1527839710.976955000	20.0779	92	0
1527839710.977525000	20.0785	112	1
1527839710.978538000	20.0795	311	0
1527839710.982555000	20.0835	100	1
1527839711.186458000	20.2874	395	1
1527839711.186551000	20.2875	264	1
1527839711.204586000	20.3055	87	0
1527839711.210587000	20.3115	87	0
1527839711.349672000	20.4506	235	0
1527839711.351181000	20.4521	148	0
1527839711.352594000	20.4536	92	0
1527839711.353637000	20.4546	112	1
1527839711.354186000	20.4551	312	0
1527839711.357628000	20.4586	100	1
1527839711.514207000	20.6152	392	1
1527839711.514294000	20.6153	261	1
1527839711.534938000	20.6359	87	0
1527839711.722317000	20.8233	258	0
1527839711.723787000	20.8247	148	0
1527839711.726166000	20.8271	92	0
1527839711.726573000	20.8275	109	1
1527839711.727642000	20.8286	279	0
1527839711.731621000	20.8326	100	1
1527839712.006735000	21.1077	391	1
1527839712.006805000	21.1078	267	1
1527839712.026940000	21.1279	87	0
1527839712.215319000	21.3163	236	0
1527839712.216784000	21.3177	148	0
1527839712.218764000	21.3197	92	0
1527839712.219596000	21.3206	109	1
1527839712.220279000	21.3212	120	0
1527839712.223581000	21.3245	100	1
1527839712.414040000	21.515	514	1
1527839712.414128000	21.5151	263	1
1527839712.433071000	21.534	87	0
1527839712.629401000	21.7304	258	0
1527839712.630928000	21.7319	148	0
1527839712.632963000	21.7339	92	0
1527839712.633715000	21.7347	109	1
1527839712.634476000	21.7354	133	0
1527839712.638695000	21.7397	100	1
1527839714.599667000	23.7006	875	1
1527839714.599732000	23.7007	260	1
1527839714.618964000	23.7199	87	0
1527839714.816972000	23.9179	280	0
1527839714.818519000	23.9195	148	0
1527839714.819981000	23.9209	92	0
1527839714.821021000	23.922	109	1
1527839714.821449000	23.9224	217	0
1527839714.825012000	23.926	100	1
1527839715.366469000	24.4674	914	1
1527839715.366529000	24.4675	258	1
1527839715.385172000	24.4861	87	0
1527839715.573801000	24.6748	317	0
1527839715.575197000	24.6762	148	0
1527839715.578068000	24.679	106	1
1527839715.579415000	24.6804	92	0
1527839715.580950000	24.6819	251	0
1527839715.583049000	24.684	103	1
1527839715.601571000	24.7025	469	1
1527839715.601667000	24.7026	262	1
1527839715.620550000	24.7215	87	0
1527839715.748379000	24.8493	235	0
1527839715.749913000	24.8509	148	0
1527839715.751326000	24.8523	92	0
1527839715.752072000	24.853	109	1
1527839715.752906000	24.8539	223	0
1527839715.757064000	24.858	100	1
1527839715.844239000	24.9452	392	1
1527839715.844320000	24.9453	258	1
1527839715.863742000	24.9647	87	0
1527839716.056272000	25.1572	233	0
1527839716.057738000	25.1587	148	0
1527839716.060097000	25.1611	106	1
1527839716.060906000	25.1619	92	0
1527839716.062339000	25.1633	141	0
1527839716.065081000	25.166	103	1
1527839716.286410000	25.3874	390	1
1527839716.286472000	25.3874	260	1
1527839716.304464000	25.4054	87	0
1527839716.309667000	25.4106	87	0
1527839716.452957000	25.5539	236	0
1527839716.454419000	25.5554	148	0
1527839716.456534000	25.5575	92	0
1527839716.457119000	25.5581	112	1
1527839716.458051000	25.559	253	0
1527839716.462107000	25.5631	100	1
1527839716.767603000	25.8686	396	1
1527839716.767669000	25.8686	266	1
1527839716.786180000	25.8871	87	0
1527839717.001932000	26.1029	373	0
1527839717.003412000	26.1044	148	0
1527839717.004888000	26.1058	92	0
1527839717.006084000	26.107	109	1
1527839717.006402000	26.1074	183	0
1527839717.010077000	26.111	100	1
1527839717.317215000	26.4182	395	1
1527839717.317308000	26.4183	257	1
1527839717.335559000	26.4365	87	0
1527839717.525223000	26.6262	258	0
1527839717.526761000	26.6277	148	0
1527839717.529179000	26.6301	106	1
1527839717.530074000	26.631	92	0
1527839717.532309000	26.6333	133	0
1527839717.534168000	26.6351	103	1
1527839717.647504000	26.7485	392	1
1527839717.647564000	26.7485	257	1
1527839717.668123000	26.7691	87	0
1527839717.809326000	26.9103	232	0
1527839717.810799000	26.9118	148	0
1527839717.813127000	26.9141	106	1
1527839717.813634000	26.9146	92	0
1527839717.815142000	26.9161	255	0
1527839717.817127000	26.9181	103	1
1527839717.864035000	26.965	232	0
1527839717.868222000	26.9692	100	1
1527839718.006662000	27.1076	392	1
1527839718.006755000	27.1077	259	1
1527839718.024911000	27.1259	87	0
1527839718.029403000	27.1304	87	0
1527839718.163392000	27.2644	400	0
1527839718.164910000	27.2659	148	0
1527839718.166851000	27.2678	92	0
1527839718.167214000	27.2682	112	1
1527839718.168394000	27.2694	312	0
1527839718.172203000	27.2732	100	1
1527839718.907738000	28.0087	396	1
1527839718.907804000	28.0088	265	1
1527839718.926493000	28.0275	87	0
1527839719.121882000	28.2228	258	0
1527839719.123301000	28.2243	148	0
1527839719.124832000	28.2258	92	0
1527839719.126251000	28.2272	159	0
1527839719.126347000	28.2273	109	1
1527839719.130232000	28.2312	100	1
1527839719.326651000	28.4276	517	1
1527839719.326744000	28.4277	262	1
1527839719.345678000	28.4466	87	0
1527839719.538718000	28.6397	256	0
1527839719.540201000	28.6412	148	0
1527839719.542313000	28.6433	106	1
1527839719.542328000	28.6433	92	0
1527839719.543890000	28.6449	225	0
1527839719.546287000	28.6472	103	1
1527839719.758554000	28.8595	873	1
1527839719.758647000	28.8596	269	1
1527839719.776731000	28.8777	87	0
1527839719.906371000	29.0073	233	0
1527839719.907903000	29.0089	148	0
1527839719.910266000	29.0112	106	1
1527839719.910540000	29.0115	92	0
1527839719.912053000	29.013	274	0
1527839719.914263000	29.0152	103	1
1527839720.224073000	29.325	913	1
1527839720.224164000	29.3251	260	1
1527839720.244207000	29.3452	87	0
1527839720.247119000	29.3481	87	0
1527839720.434111000	29.5351	235	0
1527839720.435653000	29.5366	148	0
1527839720.437133000	29.5381	92	0
1527839720.438354000	29.5393	112	1
1527839720.438697000	29.5397	309	0
1527839720.442349000	29.5433	100	1
1527839720.508392000	29.6094	468	1
1527839720.508477000	29.6094	257	1
1527839720.527731000	29.6287	87	0
1527839720.656300000	29.7573	256	0
1527839720.657780000	29.7587	148	0
1527839720.660359000	29.7613	106	1
1527839720.661089000	29.7621	92	0
1527839720.662585000	29.7635	322	0
1527839720.665344000	29.7663	103	1
1527839720.739582000	29.8405	390	1
1527839720.739681000	29.8406	257	1
1527839720.769980000	29.8709	87	0
1527839720.968135000	30.0691	257	0
1527839720.969665000	30.0706	148	0
1527839720.972322000	30.0733	106	1
1527839720.973838000	30.0748	92	0
1527839720.975411000	30.0764	180	0
1527839720.977310000	30.0783	103	1
1527839721.007343000	30.1083	391	1
1527839721.007424000	30.1084	265	1
1527839721.025591000	30.1266	87	0
1527839721.173406000	30.2744	294	0
1527839721.174928000	30.2759	148	0
1527839721.176336000	30.2773	92	0
1527839721.177359000	30.2783	109	1
1527839721.177924000	30.2789	286	0
1527839721.181342000	30.2823	100	1
1527839721.251846000	30.3528	391	1
1527839721.251943000	30.3529	259	1
1527839721.270818000	30.3718	87	0
1527839721.406570000	30.5075	235	0
1527839721.408045000	30.509	148	0
1527839721.410359000	30.5113	106	1
1527839721.411186000	30.5121	92	0
1527839721.412683000	30.5136	294	0
1527839721.415341000	30.5163	103	1
1527839721.888712000	30.9897	394	1
1527839721.888801000	30.9898	258	1
1527839721.910060000	31.011	87	0
1527839722.052774000	31.1537	256	0
1527839722.054243000	31.1552	148	0
1527839722.056393000	31.1574	106	1
1527839722.056993000	31.158	92	0
1527839722.058479000	31.1594	110	0
1527839722.060385000	31.1613	103	1
1527839722.198735000	31.2997	391	1
1527839722.198827000	31.2998	260	1
1527839722.217408000	31.3184	87	0
1527839722.358425000	31.4594	235	0
1527839722.359903000	31.4609	148	0
1527839722.362034000	31.463	92	0
1527839722.362372000	31.4633	109	1
1527839722.363539000	31.4645	96	0
1527839722.367425000	31.4684	100	1
1527839722.427627000	31.5286	396	1
1527839722.427694000	31.5287	267	1
1527839722.447206000	31.5482	87	0
1527839722.645501000	31.7465	373	0
1527839722.646978000	31.7479	148	0
1527839722.649423000	31.7504	106	1
1527839722.650094000	31.7511	92	0
1527839722.652683000	31.7536	182	0
1527839722.653387000	31.7543	103	1
1527839722.692602000	31.7936	392	1
1527839722.692678000	31.7936	258	1
1527839722.712985000	31.8139	87	0
1527839722.854198000	31.9552	237	0
1527839722.855685000	31.9566	148	0
1527839722.858308000	31.9593	92	0
1527839722.858530000	31.9595	109	1
1527839722.859874000	31.9608	171	0
1527839722.863439000	31.9644	100	1
1527839725.712785000	34.8137	374	1
1527839725.712885000	34.8138	1412	1
1527839725.712924000	34.8139	1412	1
1527839725.712958000	34.8139	1412	1
1527839725.712990000	34.814	266	1
1527839725.732951000	34.8339	87	0
1527839725.863549000	34.9645	412	0
1527839725.867592000	34.9686	103	1
1527839725.869958000	34.9709	80	0
1527839725.873595000	34.9746	100	1
1527839725.912762000	35.0137	517	1
1527839725.912844000	35.0138	271	1
1527839725.931615000	35.0326	87	0
1527839725.936566000	35.0375	87	0
1527839726.150321000	35.2513	398	0
1527839726.151824000	35.2528	148	0
1527839726.153302000	35.2543	92	0
1527839726.154679000	35.2556	112	1
1527839726.154715000	35.2557	164	0
1527839726.158662000	35.2596	100	1
1527839726.177931000	35.2789	874	1
1527839726.178018000	35.279	257	1
1527839726.195394000	35.2964	87	0
1527839726.342462000	35.4434	236	0
1527839726.343926000	35.4449	148	0
1527839726.346632000	35.4476	92	0
1527839726.346706000	35.4477	106	1
1527839726.348128000	35.4491	314	0
1527839726.350669000	35.4516	103	1
1527839730.320525000	39.4215	916	1
1527839730.320590000	39.4216	263	1
1527839730.339368000	39.4403	87	0
1527839730.344830000	39.4458	87	0
1527839730.486214000	39.5872	258	0
1527839730.487693000	39.5887	148	0
1527839730.489241000	39.5902	92	0
1527839730.489914000	39.5909	112	1
1527839730.490729000	39.5917	226	0
1527839730.494908000	39.5959	100	1
1527839730.759394000	39.8604	472	1
1527839730.759459000	39.8604	261	1
1527839730.782410000	39.8834	87	0
1527839730.939243000	40.0402	258	0
1527839730.940717000	40.0417	148	0
1527839730.942198000	40.0432	92	0
1527839730.942941000	40.0439	109	1
1527839730.943693000	40.0447	304	0
1527839730.947923000	40.0489	100	1
1527839731.088033000	40.189	391	1
1527839731.088120000	40.1891	258	1
1527839731.111508000	40.2125	87	0
1527839731.238155000	40.3391	235	0
1527839731.239686000	40.3406	148	0
1527839731.241928000	40.3429	106	1
1527839731.243857000	40.3448	92	0
1527839731.245344000	40.3463	245	0
1527839731.247886000	40.3488	103	1
1527839731.339297000	40.4403	395	1
1527839731.339355000	40.4403	262	1
1527839731.356682000	40.4576	87	0
1527839731.546893000	40.6479	280	0
1527839731.548401000	40.6494	148	0
1527839731.550172000	40.6511	92	0
1527839731.550990000	40.652	109	1
1527839731.551684000	40.6526	236	0
1527839731.554979000	40.6559	100	1
1527839731.572907000	40.6739	393	1
1527839731.572987000	40.6739	259	1
1527839731.592565000	40.6935	87	0
1527839731.783217000	40.8842	292	0
1527839731.784684000	40.8856	148	0
1527839731.786531000	40.8875	92	0
1527839731.787006000	40.888	109	1
1527839731.787976000	40.8889	233	0
1527839731.791989000	40.893	100	1
1527839731.852042000	40.953	393	1
1527839731.852124000	40.9531	258	1
1527839731.871232000	40.9722	87	0
1527839731.877148000	40.9781	87	0
1527839732.106231000	41.2072	235	0
1527839732.107711000	41.2087	148	0
1527839732.109560000	41.2105	92	0
1527839732.110024000	41.211	112	1
1527839732.111085000	41.212	187	0
1527839732.114996000	41.216	100	1
1527839732.295811000	41.3968	391	1
1527839732.295887000	41.3968	263	1
1527839732.313992000	41.415	87	0
1527839732.442311000	41.5433	235	0
1527839732.443798000	41.5448	148	0
1527839732.446022000	41.547	106	1
1527839732.446576000	41.5475	92	0
1527839732.448627000	41.5496	333	0
1527839732.449944000	41.5509	103	1
1527839732.704979000	41.8059	395	1
1527839732.705057000	41.806	260	1
1527839732.723559000	41.8245	87	0
1527839732.916878000	42.0178	255	0
1527839732.918359000	42.0193	148	0
1527839732.919890000	42.0209	92	0
1527839732.921055000	42.022	109	1
1527839732.921346000	42.0223	158	0
1527839732.925061000	42.026	100	1
1527839733.109431000	42.2104	393	1
1527839733.109505000	42.2105	266	1
1527839733.128009000	42.229	87	0
1527839733.319554000	42.4205	348	0
1527839733.321034000	42.422	148	0
1527839733.322511000	42.4235	92	0
1527839733.323080000	42.424	109	1
1527839733.323996000	42.425	185	0
1527839733.327996000	42.429	100	1
1527839733.358470000	42.4594	348	0
1527839733.362098000	42.4631	100	1
1527839733.539798000	42.6408	513	1
1527839733.539860000	42.6408	262	1
1527839733.559585000	42.6605	87	0
1527839733.754492000	42.8555	255	0
1527839733.755966000	42.8569	148	0
1527839733.757449000	42.8584	92	0
1527839733.758107000	42.8591	109	1
1527839733.759055000	42.86	338	0
1527839733.763092000	42.8641	100	1
1527839734.265449000	43.3664	870	1
1527839734.265534000	43.3665	263	1
1527839734.286695000	43.3877	87	0
1527839734.476165000	43.5771	233	0
1527839734.477633000	43.5786	148	0
1527839734.479294000	43.5803	92	0
1527839734.480144000	43.5811	109	1
1527839734.480786000	43.5817	181	0
1527839734.484131000	43.5851	100	1
1527839734.688680000	43.7896	915	1
1527839734.688771000	43.7897	257	1
1527839734.706762000	43.8077	87	0
1527839734.900582000	44.0015	259	0
1527839734.902070000	44.003	148	0
1527839734.904007000	44.005	92	0
1527839734.904239000	44.0052	109	1
1527839734.905524000	44.0065	135	0
1527839734.909231000	44.0102	100	1
1527839739.070145000	48.1711	473	1
1527839739.070212000	48.1712	261	1
1527839739.090392000	48.1914	87	0
1527839739.313534000	48.4145	423	0
1527839739.315011000	48.416	148	0
1527839739.317350000	48.4183	106	1
1527839739.319331000	48.4203	92	0
1527839739.320830000	48.4218	213	0
1527839739.323325000	48.4243	103	1
1527839739.458594000	48.5596	391	1
1527839739.458669000	48.5596	259	1
1527839739.476870000	48.5778	87	0
1527839739.615502000	48.7165	256	0
1527839739.616984000	48.7179	148	0
1527839739.619046000	48.72	92	0
1527839739.619347000	48.7203	109	1
1527839739.620566000	48.7215	254	0
1527839739.624371000	48.7253	100	1
1527839740.169005000	49.27	390	1
1527839740.169072000	49.27	261	1
1527839740.187275000	49.2882	87	0
1527839740.372995000	49.474	235	0
1527839740.374468000	49.4754	148	0
1527839740.376380000	49.4773	106	1
1527839740.376518000	49.4775	92	0
1527839740.378017000	49.479	278	0
1527839740.380402000	49.4814	103	1
1527839740.580749000	49.6817	391	1
1527839740.580809000	49.6818	257	1
1527839740.599136000	49.7001	87	0
1527839740.732320000	49.8333	258	0
1527839740.733802000	49.8348	148	0
1527839740.735649000	49.8366	92	0
1527839740.736456000	49.8374	109	1
1527839740.737158000	49.8381	169	0
1527839740.740447000	49.8414	100	1
1527839741.009857000	50.1108	394	1
1527839741.009947000	50.1109	259	1
1527839741.029075000	50.13	87	0
1527839741.222484000	50.3234	237	0
1527839741.223996000	50.325	148	0
1527839741.225724000	50.3267	92	0
1527839741.226506000	50.3275	109	1
1527839741.227207000	50.3282	150	0
1527839741.230494000	50.3315	100	1
1527839741.321824000	50.4228	393	1
1527839741.321890000	50.4229	260	1
1527839741.342487000	50.4434	87	0
1527839741.344487000	50.4454	87	0
1527839741.535326000	50.6363	282	0
1527839741.536869000	50.6378	148	0
1527839741.538763000	50.6397	92	0
1527839741.539539000	50.6405	112	1
1527839741.540258000	50.6412	237	0
1527839741.544524000	50.6455	100	1
1527839741.571557000	50.6725	395	1
1527839741.571641000	50.6726	258	1
1527839741.589313000	50.6903	87	0
1527839741.593727000	50.6947	87	0
1527839741.779103000	50.8801	295	0
1527839741.780520000	50.8815	148	0
1527839741.782342000	50.8833	92	0
1527839741.783540000	50.8845	112	1
1527839741.783948000	50.8849	153	0
1527839741.787544000	50.8885	100	1
1527839742.356812000	51.4578	392	1
1527839742.356897000	51.4579	258	1
1527839742.375206000	51.4762	87	0
1527839742.390201000	51.4912	87	0
1527839742.563242000	51.6642	255	0
1527839742.564713000	51.6657	148	0
1527839742.566981000	51.6679	92	0
1527839742.567585000	51.6685	112	1
1527839742.568545000	51.6695	222	0
1527839742.572571000	51.6735	100	1
1527839742.721953000	51.8229	394	1
1527839742.722128000	51.8231	262	1
1527839742.740800000	51.8418	87	0
1527839742.876362000	51.9773	235	0
1527839742.877901000	51.9789	148	0
1527839742.879681000	51.9806	92	0
1527839742.880600000	51.9816	109	1
1527839742.881175000	51.9821	224	0
1527839742.884606000	51.9856	100	1
1527839742.917829000	52.0188	235	0
1527839742.921587000	52.0225	100	1
1527839743.229753000	52.3307	513	1
1527839743.229821000	52.3308	257	1
1527839743.247878000	52.3488	87	0
1527839743.432334000	52.5333	233	0
1527839743.433807000	52.5348	148	0
1527839743.435752000	52.5367	92	0
1527839743.436563000	52.5375	109	1
1527839743.437265000	52.5382	296	0
1527839743.440553000	52.5415	100	1
1527839743.650829000	52.7518	871	1
1527839743.650921000	52.7519	257	1
1527839743.670253000	52.7712	87	0
1527839743.856129000	52.9571	373	0
1527839743.857594000	52.9586	148	0
1527839743.859581000	52.9605	106	1
1527839743.859879000	52.9608	92	0
1527839743.863600000	52.9646	100	1
1527839743.891312000	52.9923	150	0
1527839743.895670000	52.9966	100	1
1527839744.290924000	53.3919	915	1
1527839744.290999000	53.392	263	1
1527839744.310096000	53.4111	87	0
1527839744.497919000	53.5989	235	0
1527839744.499516000	53.6005	148	0
1527839744.501221000	53.6022	92	0
1527839744.501690000	53.6027	109	1
1527839744.502681000	53.6036	223	0
1527839744.506680000	53.6076	100	1
1527839745.712981000	54.8139	468	1
1527839745.713073000	54.814	262	1
1527839745.731412000	54.8324	87	0
1527839745.869868000	54.9708	258	0
1527839745.871314000	54.9723	148	0
1527839745.873154000	54.9741	92	0
1527839745.873970000	54.9749	109	1
1527839745.874667000	54.9756	145	0
1527839745.877960000	54.9789	100	1
1527839745.938972000	55.0399	395	1
1527839745.939066000	55.04	257	1
1527839745.963484000	55.0644	87	0
1527839745.968839000	55.0698	87	0
1527839746.096541000	55.1975	237	0
1527839746.098022000	55.199	148	0
1527839746.099788000	55.2007	92	0
1527839746.099922000	55.2009	112	1
1527839746.101270000	55.2022	130	0
1527839746.104930000	55.2059	100	1
1527839746.299611000	55.4006	397	1
1527839746.299693000	55.4007	266	1
1527839746.320125000	55.4211	87	0
1527839746.439082000	55.54	400	0
1527839746.440564000	55.5415	148	0
1527839746.442369000	55.5433	92	0
1527839746.442910000	55.5439	109	1
1527839746.443932000	55.5449	118	0
1527839746.447896000	55.5489	100	1
1527839746.734460000	55.8354	391	1
1527839746.734542000	55.8355	259	1
1527839746.752614000	55.8536	87	0
1527839746.959962000	56.0609	256	0
1527839746.961399000	56.0624	148	0
1527839746.963286000	56.0642	92	0
1527839746.964030000	56.065	109	1
1527839746.964778000	56.0657	220	0
1527839746.969018000	56.07	100	1
1527839748.042284000	57.1432	390	1
1527839748.042381000	57.1433	257	1
1527839748.060982000	57.1619	87	0
1527839748.065916000	57.1669	87	0
1527839748.252230000	57.3532	258	0
1527839748.253647000	57.3546	148	0
1527839748.255544000	57.3565	92	0
1527839748.255639000	57.3566	109	1
1527839748.257056000	57.358	249	0
1527839748.259690000	57.3607	103	1
1527839748.662051000	57.763	394	1
1527839748.662131000	57.7631	259	1
1527839748.681522000	57.7825	87	0
1527839748.894520000	57.9955	256	0
1527839748.896007000	57.997	148	0
1527839748.897711000	57.9987	92	0
1527839748.898731000	57.9997	109	1
1527839748.899311000	58.0003	150	0
1527839748.902735000	58.0037	100	1
1527839749.091381000	58.1923	390	1
1527839749.091446000	58.1924	262	1
1527839749.110164000	58.2111	87	0
1527839749.115693000	58.2167	87	0
1527839749.298329000	58.3993	235	0
1527839749.299841000	58.4008	148	0
1527839749.302088000	58.403	92	0
1527839749.302755000	58.4037	112	1
1527839749.303581000	58.4045	226	0
1527839749.307750000	58.4087	100	1
1527839749.541005000	58.642	395	1
1527839749.541094000	58.6421	258	1
1527839749.560082000	58.661	87	0
1527839749.686694000	58.7877	282	0
1527839749.688312000	58.7893	148	0
1527839749.690420000	58.7914	92	0
1527839749.690711000	58.7917	109	1
1527839749.691937000	58.7929	163	0
1527839749.695747000	58.7967	100	1
1527839749.942055000	59.043	395	1
1527839749.942135000	59.0431	260	1
1527839749.962259000	59.0632	87	0
1527839750.091030000	59.192	292	0
1527839750.092463000	59.1934	148	0
1527839750.094802000	59.1958	106	1
1527839750.095305000	59.1963	92	0
1527839750.096752000	59.1977	299	0
1527839750.098784000	59.1997	103	1
1527839750.220769000	59.3217	512	1
1527839750.220861000	59.3218	257	1
1527839750.239893000	59.3409	87	0
1527839750.367687000	59.4686	235	0
1527839750.369216000	59.4702	148	0
1527839750.371766000	59.4727	92	0
1527839750.371864000	59.4728	106	1
1527839750.373276000	59.4742	127	0
1527839750.375823000	59.4768	103	1
1527839750.481034000	59.582	871	1
1527839750.481125000	59.5821	259	1
1527839750.499634000	59.6006	87	0
1527839750.631554000	59.7325	256	0
1527839750.633040000	59.734	148	0
1527839750.634793000	59.7358	92	0
1527839750.635836000	59.7368	109	1
1527839750.636311000	59.7373	148	0
1527839750.639813000	59.7408	100	1
1527839750.891197000	59.9922	910	1
1527839750.891261000	59.9922	258	1
1527839750.916289000	60.0173	87	0
1527839751.105168000	60.2061	233	0
1527839751.106736000	60.2077	148	0
1527839751.108764000	60.2097	92	0
1527839751.108821000	60.2098	106	1
1527839751.110250000	60.2112	129	0
1527839751.112844000	60.2138	103	1
1527839751.341134000	60.4421	467	1
1527839751.341195000	60.4422	259	1
1527839751.359579000	60.4605	87	0
1527839751.504843000	60.6058	348	0
1527839751.506313000	60.6073	148	0
1527839751.508886000	60.6098	106	1
1527839751.509837000	60.6108	92	0
1527839751.511320000	60.6123	292	0
1527839751.513797000	60.6148	103	1
1527839751.602118000	60.7031	390	1
1527839751.602179000	60.7031	258	1
1527839751.619807000	60.7208	87	0
1527839751.630310000	60.7313	87	0
1527839751.810325000	60.9113	258	0
1527839751.811803000	60.9128	148	0
1527839751.813360000	60.9143	92	0
1527839751.813900000	60.9149	112	1
1527839751.814859000	60.9158	105	0
1527839751.818885000	60.9198	100	1
1527839751.861868000	60.9628	391	1
1527839751.861946000	60.9629	258	1
1527839751.880561000	60.9815	87	0
1527839752.006822000	61.1078	236	0
1527839752.008320000	61.1093	148	0
1527839752.010913000	61.1119	106	1
1527839752.010952000	61.1119	92	0
1527839752.012456000	61.1134	277	0
1527839752.014828000	61.1158	103	1
1527839752.171382000	61.2723	392	1
1527839752.171448000	61.2724	260	1
1527839752.188874000	61.2898	87	0
1527839752.317570000	61.4185	235	0
1527839752.319108000	61.4201	148	0
1527839752.321310000	61.4223	92	0
1527839752.321929000	61.4229	109	1
1527839752.322799000	61.4238	94	0
1527839752.326858000	61.4278	100	1
1527839752.532220000	61.6332	391	1
1527839752.532291000	61.6333	259	1
1527839752.550411000	61.6514	87	0
1527839752.555756000	61.6567	87	0
1527839752.682550000	61.7835	420	0
1527839752.684014000	61.785	148	0
1527839752.686103000	61.7871	92	0
1527839752.686947000	61.7879	112	1
1527839752.687624000	61.7886	249	0
1527839752.690920000	61.7919	100	1
1527839752.942286000	62.0432	393	1
1527839752.942348000	62.0433	262	1
1527839752.960916000	62.0619	87	0
1527839752.965170000	62.0661	87	0
1527839753.096571000	62.1975	233	0
1527839753.098070000	62.199	148	0
1527839753.100985000	62.2019	109	1
1527839753.101001000	62.202	92	0
1527839753.102537000	62.2035	121	0
1527839753.104960000	62.2059	103	1
1527839753.542406000	62.6434	394	1
1527839753.542471000	62.6434	259	1
1527839753.573312000	62.6743	87	0
1527839753.706830000	62.8078	256	0
1527839753.708327000	62.8093	148	0
1527839753.711001000	62.812	106	1
1527839753.711413000	62.8124	92	0
1527839753.712938000	62.8139	104	0
1527839753.714987000	62.8159	103	1
1527839755.459279000	64.5602	372	1
1527839755.459376000	64.5603	1412	1
1527839755.459428000	64.5604	1412	1
1527839755.459452000	64.5604	1412	1
1527839755.459471000	64.5604	265	1
1527839755.482311000	64.5833	87	0
1527839755.548519000	64.6495	413	0
1527839755.552441000	64.6534	103	1
1527839755.554358000	64.6553	80	0
1527839755.558425000	64.6594	100	1
1527839755.661647000	64.7626	391	1
1527839755.661724000	64.7627	262	1
1527839755.679419000	64.7804	87	0
1527839755.683904000	64.7849	87	0
1527839755.809332000	64.9103	259	0
1527839755.810843000	64.9118	148	0
1527839755.812391000	64.9134	92	0
1527839755.813459000	64.9144	112	1
1527839755.813949000	64.9149	310	0
1527839755.817508000	64.9185	100	1
1527839755.928700000	65.0297	517	1
1527839755.928760000	65.0297	257	1
1527839755.948082000	65.049	87	0
1527839755.956779000	65.0577	87	0
1527839756.143091000	65.2441	294	0
1527839756.144519000	65.2455	148	0
1527839756.146541000	65.2475	109	1
1527839756.150145000	65.2511	92	0
1527839756.151644000	65.2526	293	0
1527839756.153431000	65.2544	103	1
1527839756.478179000	65.5791	874	1
1527839756.478253000	65.5792	268	1
1527839756.497004000	65.598	87	0
1527839756.622747000	65.7237	256	0
1527839756.624222000	65.7252	148	0
1527839756.625919000	65.7269	92	0
1527839756.626559000	65.7275	109	1
1527839756.627391000	65.7284	135	0
1527839756.631566000	65.7325	100	1
1527839756.799393000	65.9004	910	1
1527839756.799454000	65.9004	262	1
1527839756.818014000	65.919	87	0
1527839756.956298000	66.0573	235	0
1527839756.957767000	66.0587	148	0
1527839756.960517000	66.0615	106	1
1527839756.960873000	66.0618	92	0
1527839756.962369000	66.0633	166	0
1527839756.964501000	66.0655	103	1
1527839757.296830000	66.3978	472	1
1527839757.296920000	66.3979	265	1
1527839757.315530000	66.4165	87	0
1527839757.612090000	66.7131	259	0
1527839757.613624000	66.7146	148	0
1527839757.615106000	66.7161	92	0
1527839757.615526000	66.7165	109	1
1527839757.616612000	66.7176	87	0
1527839757.620559000	66.7215	100	1
1527839757.714813000	66.8158	397	1
1527839757.714905000	66.8159	263	1
1527839757.742371000	66.8433	87	0
1527839757.906835000	67.0078	350	0
1527839757.908369000	67.0093	148	0
1527839757.910195000	67.0112	92	0
1527839757.910634000	67.0116	109	1
1527839757.911659000	67.0126	126	0
1527839757.915620000	67.0166	100	1
1527839757.938676000	67.0396	391	1
1527839757.938759000	67.0397	262	1
1527839757.960107000	67.0611	87	0
1527839758.087975000	67.1889	235	0
1527839758.089516000	67.1905	148	0
1527839758.091202000	67.1922	92	0
1527839758.091557000	67.1925	109	1
1527839758.092694000	67.1937	158	0
1527839758.096576000	67.1975	100	1
1527839758.159001000	67.26	391	1
1527839758.159067000	67.26	262	1
1527839758.180077000	67.281	87	0
1527839758.185605000	67.2866	87	0
1527839758.313347000	67.4143	233	0
1527839758.314872000	67.4158	148	0
1527839758.316799000	67.4178	92	0
1527839758.317613000	67.4186	112	1
1527839758.318383000	67.4193	196	0
1527839758.321605000	67.4226	100	1
1527839758.621374000	67.7223	394	1
1527839758.621457000	67.7224	266	1
1527839758.639255000	67.7402	87	0
1527839758.767507000	67.8685	259	0
1527839758.769060000	67.87	148	0
1527839758.770863000	67.8718	92	0
1527839758.771681000	67.8726	109	1
1527839758.772327000	67.8733	223	0
1527839758.775687000	67.8766	100	1
1527839759.135148000	68.2361	397	1
1527839759.135235000	68.2362	261	1
1527839759.153677000	68.2546	87	0
1527839759.279214000	68.3802	401	0
1527839759.280669000	68.3816	148	0
1527839759.282156000	68.3831	92	0
1527839759.282698000	68.3837	109	1
1527839759.283666000	68.3846	221	0
1527839759.287614000	68.3886	100	1
1527839759.408101000	68.5091	396	1
1527839759.408193000	68.5092	262	1
1527839759.426029000	68.527	87	0
1527839759.556625000	68.6576	256	0
1527839759.558039000	68.659	148	0
1527839759.559632000	68.6606	92	0
1527839759.560724000	68.6617	109	1
1527839759.561148000	68.6621	298	0
1527839759.564715000	68.6657	100	1
1527839760.408348000	69.5093	393	1
1527839760.408434000	69.5094	259	1
1527839760.426736000	69.5277	87	0
1527839760.432309000	69.5333	87	0
1527839760.633207000	69.7342	255	0
1527839760.634699000	69.7357	148	0
1527839760.636789000	69.7378	109	1
1527839760.636911000	69.7379	92	0
1527839760.638447000	69.7394	292	0
1527839760.640786000	69.7417	103	1
1527839760.717947000	69.8189	516	1
1527839760.718042000	69.819	257	1
1527839760.736298000	69.8373	87	0
1527839760.873853000	69.9748	233	0
1527839760.875342000	69.9763	148	0
1527839760.876828000	69.9778	92	0
1527839760.877740000	69.9787	109	1
1527839760.878358000	69.9793	208	0
1527839760.881727000	69.9827	100	1
1527839760.910285000	70.0112	233	0
1527839760.913783000	70.0147	100	1
1527839760.994558000	70.0955	874	1
1527839760.994651000	70.0956	258	1
1527839761.026723000	70.1277	87	0
1527839761.159858000	70.2608	233	0
1527839761.161318000	70.2623	148	0
1527839761.163775000	70.2647	92	0
1527839761.163850000	70.2648	106	1
1527839761.165242000	70.2662	322	0
1527839761.167737000	70.2687	103	1
1527839761.294311000	70.3953	913	1
1527839761.294390000	70.3954	260	1
1527839761.322951000	70.4239	87	0
1527839761.454642000	70.5556	259	0
1527839761.456045000	70.557	148	0
1527839761.457525000	70.5585	92	0
1527839761.458784000	70.5597	109	1
1527839761.459087000	70.56	229	0
1527839761.462799000	70.5638	100	1
1527839761.523054000	70.624	468	1
1527839761.523145000	70.6241	261	1
1527839761.550844000	70.6518	87	0
1527839761.672811000	70.7738	315	0
1527839761.674253000	70.7752	148	0
1527839761.676752000	70.7777	92	0
1527839761.676809000	70.7778	106	1
1527839761.678312000	70.7793	291	0
1527839761.680834000	70.7818	103	1
1527839761.904160000	71.0051	391	1
1527839761.904222000	71.0052	259	1
1527839761.922793000	71.0238	87	0
1527839762.112243000	71.2132	231	0
1527839762.113721000	71.2147	148	0
1527839762.115847000	71.2168	92	0
1527839762.115917000	71.2169	106	1
1527839762.117376000	71.2183	258	0
1527839762.119862000	71.2208	103	1
1527839762.194170000	71.2951	389	1
1527839762.194259000	71.2952	262	1
1527839762.212673000	71.3136	87	0
1527839762.351045000	71.452	233	0
1527839762.352516000	71.4535	148	0
1527839762.353993000	71.455	92	0
1527839762.354903000	71.4559	109	1
1527839762.355448000	71.4564	88	0
1527839762.358804000	71.4598	100	1
1527839762.513250000	71.6142	391	1
1527839762.513314000	71.6143	259	1
1527839762.531986000	71.6329	87	0
1527839762.662515000	71.7635	259	0
1527839762.663999000	71.765	148	0
1527839762.665473000	71.7664	92	0
1527839762.665914000	71.7669	109	1
1527839762.666941000	71.7679	302	0
1527839762.670896000	71.7719	100	1
1527839762.952305000	72.0533	396	1
1527839762.952361000	72.0533	264	1
1527839762.977551000	72.0785	87	0
1527839763.098647000	72.1996	350	0
1527839763.100118000	72.2011	148	0
1527839763.101886000	72.2028	92	0
1527839763.102930000	72.2039	109	1
1527839763.103417000	72.2044	208	0
1527839763.106940000	72.2079	100	1
1527839763.125335000	72.2263	373	1
1527839763.125434000	72.2264	1412	1
1527839763.125458000	72.2264	1412	1
1527839763.125486000	72.2264	1412	1
1527839763.125520000	72.2265	1412	1
1527839763.125548000	72.2265	1412	1
1527839763.125570000	72.2265	1412	1
1527839763.125627000	72.2266	1412	1
1527839763.125672000	72.2266	1412	1
1527839763.125720000	72.2267	1412	1
1527839763.125743000	72.2267	1412	1
1527839763.125779000	72.2267	1412	1
1527839763.125808000	72.2268	1412	1
1527839763.125846000	72.2268	1412	1
1527839763.125870000	72.2268	167	1
1527839763.142256000	72.2432	100	0
1527839763.145912000	72.2469	100	1
1527839763.149622000	72.2506	87	0
1527839763.203399000	72.3044	324	1
1527839763.203460000	72.3044	260	1
1527839763.223212000	72.3242	87	0
1527839763.248913000	72.3499	391	0
1527839763.252943000	72.3539	106	1
1527839763.253923000	72.3549	80	0
1527839763.257872000	72.3588	100	1
1527839763.356474000	72.4574	245	0
1527839763.357910000	72.4589	148	0
1527839763.359546000	72.4605	92	0
1527839763.359943000	72.4609	106	1
1527839763.361039000	72.462	165	0
1527839763.364940000	72.4659	100	1
1527839763.393331000	72.4943	235	0
1527839763.396947000	72.4979	100	1
1527839763.433210000	72.5342	396	1
1527839763.433273000	72.5342	262	1
1527839763.451586000	72.5525	87	0
1527839763.582359000	72.6833	256	0
1527839763.583748000	72.6847	148	0
1527839763.585222000	72.6862	92	0
1527839763.585867000	72.6868	109	1
1527839763.586741000	72.6877	134	0
1527839763.589976000	72.6909	100	1
1527839763.645273000	72.7462	394	1
1527839763.645364000	72.7463	265	1
1527839763.663966000	72.7649	87	0
1527839763.794147000	72.8951	397	0
1527839763.795629000	72.8966	148	0
1527839763.797106000	72.8981	92	0
1527839763.797985000	72.8989	109	1
1527839763.798667000	72.8996	100	0
1527839763.801957000	72.9029	100	1
1527839764.533275000	73.6342	516	1
1527839764.533361000	73.6343	263	1
1527839764.551634000	73.6526	87	0
1527839764.749490000	73.8505	255	0
1527839764.750985000	73.8519	148	0
1527839764.753025000	73.854	106	1
1527839764.754945000	73.8559	92	0
1527839764.756393000	73.8574	251	0
1527839764.758973000	73.8599	103	1
1527839764.843414000	73.9444	390	1
1527839764.843480000	73.9444	262	1
1527839764.862905000	73.9639	87	0
1527839764.986848000	74.0878	235	0
1527839764.988407000	74.0894	148	0
1527839764.989953000	74.0909	92	0
1527839764.991058000	74.092	109	1
1527839764.991404000	74.0924	164	0
1527839764.995033000	74.096	100	1
1527839765.121154000	74.2221	874	1
1527839765.121238000	74.2222	259	1
1527839765.141029000	74.242	87	0
1527839765.266655000	74.3676	233	0
1527839765.268162000	74.3691	148	0
1527839765.270404000	74.3714	92	0
1527839765.270988000	74.3719	109	1
1527839765.271923000	74.3729	154	0
1527839765.276001000	74.377	100	1
1527839765.363410000	74.4644	911	1
1527839765.363475000	74.4644	263	1
1527839765.383753000	74.4847	87	0
1527839765.513880000	74.6148	235	0
1527839765.515318000	74.6163	148	0
1527839765.518068000	74.619	106	1
1527839765.520750000	74.6217	92	0
1527839765.522249000	74.6232	286	0
1527839765.523989000	74.625	103	1
1527839765.734369000	74.8353	472	1
1527839765.734429000	74.8354	260	1
1527839765.752789000	74.8538	87	0
1527839772.161334000	81.2623	131	0
