1527815386.669419000	0	295	1
1527815386.690401000	0.020982	89	0
1527815386.926173000	0.256754	303	0
1527815386.927179000	0.25776	103	1
1527815386.927628000	0.258209	1412	0
1527815386.928615000	0.259196	100	1
1527815386.929084000	0.259665	1412	0
1527815386.929677000	0.260258	100	1
1527815386.930679000	0.26126	1412	0
1527815386.931675000	0.262256	100	1
1527815386.932087000	0.262668	186	0
1527815386.932708000	0.263289	100	1
1527815386.933596000	0.264177	1412	0
1527815386.934754000	0.265335	100	1
1527815386.934995000	0.265576	1412	0
1527815386.935677000	0.266258	100	1
1527815386.936415000	0.266996	1412	0
1527815386.936620000	0.267201	100	1
1527815386.937884000	0.268465	188	0
1527815386.938672000	0.269253	100	1
1527815386.939280000	0.269861	711	0
1527815386.939676000	0.270257	100	1
1527815386.940844000	0.271425	1412	0
1527815386.941671000	0.272252	100	1
1527815386.942259000	0.27284	1412	0
1527815386.942672000	0.273253	100	1
1527815386.943641000	0.274222	693	0
1527815386.944675000	0.275256	100	1
1527815386.945103000	0.275684	1412	0
1527815386.945690000	0.276271	100	1
1527815386.946594000	0.277175	1412	0
1527815386.947674000	0.278255	100	1
1527815386.948026000	0.278607	1412	0
1527815386.948677000	0.279258	100	1
1527815386.949403000	0.279984	1296	0
1527815386.949624000	0.280205	100	1
1527815386.959454000	0.290035	1412	0
1527815386.960673000	0.291254	100	1
1527815386.961031000	0.291612	1412	0
1527815386.961674000	0.292255	100	1
1527815386.962408000	0.292989	1412	0
1527815386.962652000	0.293233	114	1
1527815386.963871000	0.294452	188	0
1527815386.964693000	0.295274	100	1
1527815386.973264000	0.303845	1412	0
1527815386.973676000	0.304257	100	1
1527815386.974698000	0.305279	1412	0
1527815386.975676000	0.306257	100	1
1527815386.976171000	0.306752	1412	0
1527815386.976678000	0.307259	100	1
1527815386.978257000	0.308838	1412	0
1527815386.978674000	0.309255	100	1
1527815386.979691000	0.310272	1412	0
1527815386.980675000	0.311256	100	1
1527815386.981187000	0.311768	406	0
1527815386.981678000	0.312259	100	1
1527815386.983597000	0.314178	1412	0
1527815386.984611000	0.315192	100	1
1527815386.985048000	0.315629	1412	0
1527815386.985603000	0.316184	100	1
1527815386.986481000	0.317062	1412	0
1527815386.987603000	0.318184	100	1
1527815386.989360000	0.319941	1412	0
1527815386.989603000	0.320184	100	1
1527815386.990853000	0.321434	276	0
1527815386.991608000	0.322189	100	1
1527815386.995231000	0.325812	1412	0
1527815386.995603000	0.326184	100	1
1527815386.996752000	0.327333	1412	0
1527815386.997608000	0.328189	100	1
1527815386.998219000	0.3288	1412	0
1527815386.998603000	0.329184	100	1
1527815386.999639000	0.33022	1412	0
1527815387.000610000	0.331191	100	1
1527815387.002564000	0.333145	270	0
1527815387.003609000	0.33419	100	1
1527815387.004452000	0.335033	1412	0
1527815387.004630000	0.335211	100	1
1527815387.005895000	0.336476	1412	0
1527815387.006604000	0.337185	100	1
1527815387.007329000	0.33791	1412	0
1527815387.007610000	0.338191	114	1
1527815387.009575000	0.340156	900	0
1527815387.010612000	0.341193	100	1
1527815387.011086000	0.341667	1412	0
1527815387.011604000	0.342185	100	1
1527815387.012537000	0.343118	1412	0
1527815387.013604000	0.344185	100	1
1527815387.013965000	0.344546	1412	0
1527815387.014618000	0.345199	100	1
1527815387.015388000	0.345969	973	0
1527815387.015607000	0.346188	100	1
1527815387.029133000	0.359714	89	0
1527815387.034286000	0.364867	89	0
1527815387.447312000	0.777893	779	1
1527815387.447396000	0.777977	1412	1
1527815387.447419000	0.778	916	1
1527815387.458070000	0.788651	218	1
1527815387.466485000	0.797066	89	0
1527815387.475445000	0.806026	89	0
1527815387.559241000	0.889822	399	0
1527815387.561310000	0.891891	80	0
1527815387.563996000	0.894577	304	0
1527815387.565440000	0.896021	1412	0
1527815387.566873000	0.897454	1412	0
1527815387.568325000	0.898906	1412	0
1527815387.569708000	0.900289	186	0
1527815387.571226000	0.901807	1412	0
1527815387.572675000	0.903256	1412	0
1527815387.574087000	0.904668	1065	0
1527815387.575487000	0.906068	92	0
1527815387.576973000	0.907554	133	0
1527815387.625386000	0.955967	133	1
1527815387.628122000	0.958703	103	1
1527815388.371215000	1.7018	216	1
1527815388.395376000	1.72596	89	0
1527815388.512706000	1.84329	400	0
1527815388.514144000	1.84472	1115	0
1527815388.515545000	1.84613	92	0
1527815388.516983000	1.84756	296	0
1527815388.614563000	1.94514	400	0
1527815388.713219000	2.0438	1115	0
1527815388.913463000	2.24404	92	0
1527815388.914950000	2.24553	82	0
1527815389.280182000	2.61076	124	1
1527815389.299079000	2.62966	394	1
1527815389.317074000	2.64766	89	0
1527815389.321027000	2.65161	504	1
1527815389.321903000	2.65248	719	1
1527815389.336263000	2.66684	303	0
1527815389.336814000	2.66739	103	1
1527815389.337712000	2.66829	360	0
1527815389.339136000	2.66972	100	0
1527815389.339743000	2.67032	103	1
1527815389.340627000	2.67121	89	0
1527815389.374947000	2.70553	244	1
1527815389.374998000	2.70558	144	1
1527815389.392653000	2.72323	89	0
1527815389.447847000	2.77843	1412	0
1527815389.448791000	2.77937	106	1
1527815389.449301000	2.77988	1412	0
1527815389.449797000	2.78038	100	1
1527815389.450852000	2.78143	1412	0
1527815389.451749000	2.78233	100	1
1527815389.452286000	2.78287	712	0
1527815389.452737000	2.78332	100	1
1527815389.453734000	2.78431	92	0
1527815389.454758000	2.78534	100	1
1527815389.455203000	2.78578	131	0
1527815389.455779000	2.78636	100	1
1527815389.537339000	2.86792	155	1
1527815389.537441000	2.86802	190	1
1527815389.556160000	2.88674	89	0
1527815389.595400000	2.92598	432	0
1527815389.595916000	2.9265	103	1
1527815389.596040000	2.92662	101	1
1527815389.596830000	2.92741	80	0
1527815389.597755000	2.92834	100	1
1527815389.614319000	2.9449	89	0
1527815389.637334000	2.96792	1412	0
1527815389.638728000	2.96931	256	0
1527815389.639373000	2.96995	103	1
1527815389.670835000	3.00142	595	0
1527815389.672244000	3.00283	92	0
1527815389.672645000	3.00323	103	1
1527815389.673706000	3.00429	232	0
1527815389.674826000	3.00541	100	1
1527815389.676141000	3.00672	100	1
1527815390.514105000	3.84469	232	1
1527815390.520644000	3.85122	1412	1
1527815390.520688000	3.85127	541	1
1527815390.531676000	3.86226	89	0
1527815390.539201000	3.86978	89	0
1527815390.694557000	4.02514	1412	1
1527815390.694606000	4.02519	986	1
1527815390.694679000	4.02526	844	1
1527815390.713131000	4.04371	89	0
1527815390.734832000	4.06541	511	0
1527815390.736246000	4.06683	181	0
1527815390.736362000	4.06694	103	1
1527815390.737265000	4.06785	1412	1
1527815390.737325000	4.06791	890	1
1527815390.752625000	4.08321	102	0
1527815390.753852000	4.08443	100	1
1527815390.756027000	4.08661	89	0
1527815390.882222000	4.2128	255	0
1527815390.883336000	4.21392	103	1
1527815390.883962000	4.21454	1412	0
1527815390.884832000	4.21541	100	1
1527815390.885391000	4.21597	1004	0
1527815390.886979000	4.21756	100	1
1527815390.899481000	4.23006	255	0
1527815390.900181000	4.23076	100	1
1527815391.051222000	4.3818	1297	0
1527815391.053158000	4.38374	100	1
1527815391.063762000	4.39434	284	0
1527815391.064910000	4.39549	100	1
1527815391.065236000	4.39582	1412	0
1527815391.065898000	4.39648	100	1
1527815391.066667000	4.39725	1412	0
1527815391.066886000	4.39747	100	1
1527815391.068106000	4.39869	1412	0
1527815391.068824000	4.39941	100	1
1527815391.069504000	4.40008	188	0
1527815391.069960000	4.40054	100	1
1527815391.070993000	4.40157	296	0
1527815391.071829000	4.40241	100	1
1527815391.243462000	4.57404	525	1
1527815391.243551000	4.57413	1412	1
1527815391.243577000	4.57416	1412	1
1527815391.243618000	4.5742	965	1
1527815391.263011000	4.59359	89	0
1527815391.569972000	4.90055	445	0
1527815391.573325000	4.90391	80	0
1527815391.584544000	4.91512	106	1
1527815391.783260000	5.11384	1389	1
1527815391.803327000	5.13391	89	0
1527815391.981146000	5.31173	337	0
1527815391.982583000	5.31316	163	0
1527815391.984014000	5.31459	209	0
1527815391.996698000	5.32728	109	1
1527815392.033726000	5.36431	337	0
1527815392.048930000	5.37951	100	1
1527815392.414551000	5.74513	332	1
1527815392.414636000	5.74522	1412	1
1527815392.414662000	5.74524	989	1
1527815392.417829000	5.74841	225	1
1527815392.417920000	5.7485	1412	1
1527815392.417946000	5.74853	1412	1
1527815392.417988000	5.74857	1412	1
1527815392.418042000	5.74862	1412	1
1527815392.418068000	5.74865	1412	1
1527815392.418105000	5.74869	1412	1
1527815392.418139000	5.74872	1412	1
1527815392.418178000	5.74876	1412	1
1527815392.418218000	5.7488	1412	1
1527815392.418269000	5.74885	1412	1
1527815392.419488000	5.75007	1412	1
1527815392.419532000	5.75011	1412	1
1527815392.419586000	5.75017	532	1
1527815392.433367000	5.76395	89	0
1527815392.435835000	5.76642	251	1
1527815392.437562000	5.76814	89	0
1527815392.437905000	5.76849	120	1
1527815392.439018000	5.7696	102	0
1527815392.439507000	5.77009	100	1
1527815392.441826000	5.77241	89	0
1527815392.453732000	5.78431	106	0
1527815392.454491000	5.78507	103	1
1527815392.591649000	5.92223	453	0
1527815392.592730000	5.92331	100	1
1527815392.594349000	5.92493	80	0
1527815392.594728000	5.92531	100	1
1527815392.675239000	6.00582	545	0
1527815392.676629000	6.00721	305	0
1527815392.677345000	6.00793	100	1
1527815392.678081000	6.00866	176	0
1527815392.678150000	6.00873	117	1
1527815392.678502000	6.00908	100	1
1527815392.683440000	6.01402	251	1
1527815392.696017000	6.0266	89	0
1527815392.701261000	6.03184	89	0
1527815392.960796000	6.29138	831	0
1527815392.962123000	6.2927	106	1
1527815392.962157000	6.29274	1412	0
1527815392.962980000	6.29356	100	1
1527815392.963622000	6.2942	1412	0
1527815392.964521000	6.2951	100	1
1527815392.965060000	6.29564	1412	0
1527815392.965521000	6.2961	100	1
1527815392.966466000	6.29705	180	0
1527815392.967530000	6.29811	100	1
1527815392.967927000	6.29851	1412	0
1527815392.968569000	6.29915	100	1
1527815392.969361000	6.29994	1359	0
1527815392.969554000	6.30013	100	1
1527815392.970846000	6.30143	1412	0
1527815392.971658000	6.30224	100	1
1527815392.972299000	6.30288	1412	0
1527815392.972571000	6.30315	100	1
1527815392.973718000	6.3043	1412	0
1527815392.975116000	6.3057	188	0
1527815392.975561000	6.30614	103	1
1527815392.976586000	6.30717	1228	0
1527815392.977550000	6.30813	100	1
1527815392.978012000	6.30859	1412	0
1527815392.979451000	6.31003	1412	0
1527815392.979658000	6.31024	100	1
1527815392.980587000	6.31117	100	1
1527815392.980934000	6.31151	1412	0
1527815392.981666000	6.31225	100	1
1527815392.982368000	6.31295	1412	0
1527815392.983522000	6.3141	100	1
1527815392.983787000	6.31437	840	0
1527815392.984589000	6.31517	100	1
1527815392.990672000	6.32125	1412	0
1527815392.992093000	6.32267	1412	0
1527815392.992577000	6.32316	103	1
1527815392.993551000	6.32413	1412	0
1527815392.994509000	6.32509	100	1
1527815392.994974000	6.32555	850	0
1527815392.995495000	6.32608	100	1
1527815392.996422000	6.327	1412	0
1527815392.997515000	6.3281	114	1
1527815392.997857000	6.32844	1412	0
1527815392.998511000	6.32909	100	1
1527815392.999297000	6.32988	1412	0
1527815393.000522000	6.3311	100	1
1527815393.000769000	6.33135	1085	0
1527815393.001657000	6.33224	100	1
1527815393.002215000	6.3328	1412	0
1527815393.003648000	6.33423	1412	0
1527815393.005086000	6.33567	1412	0
1527815393.006518000	6.3371	1412	0
1527815393.007925000	6.33851	315	0
1527815393.009382000	6.33996	1412	0
1527815393.010867000	6.34145	1412	0
1527815393.012301000	6.34288	1412	0
1527815393.013637000	6.34422	121	1
1527815393.013728000	6.34431	1305	0
1527815393.014500000	6.34508	100	1
1527815393.015167000	6.34575	1412	0
1527815393.015498000	6.34608	100	1
1527815393.016603000	6.34718	1412	0
1527815393.018036000	6.34862	1412	0
1527815393.019468000	6.35005	1412	0
1527815393.020955000	6.35154	1412	0
1527815393.022393000	6.35297	1412	0
1527815393.023797000	6.35438	283	0
1527815393.024184000	6.35476	112	1
1527815393.024502000	6.35508	100	1
1527815393.025256000	6.35584	1412	0
1527815393.025525000	6.35611	100	1
1527815393.026688000	6.35727	1333	0
1527815393.027516000	6.3581	100	1
1527815393.028118000	6.3587	1412	0
1527815393.028502000	6.35908	100	1
1527815393.029552000	6.36013	1412	0
1527815393.030525000	6.36111	100	1
1527815393.031016000	6.3616	472	0
1527815393.031945000	6.36253	100	1
1527815393.049822000	6.3804	89	0
1527815394.390934000	7.72151	309	1
1527815394.391009000	7.72159	144	1
1527815394.409882000	7.74046	89	0
1527815394.486907000	7.81749	1412	0
1527815394.488333000	7.81891	1412	0
1527815394.489255000	7.81984	109	1
1527815394.489855000	7.82044	1412	0
1527815394.490815000	7.8214	100	1
1527815394.491273000	7.82185	672	0
1527815394.491580000	7.82216	100	1
1527815394.492686000	7.82327	92	0
1527815394.493580000	7.82416	100	1
1527815394.494121000	7.8247	157	0
1527815394.494594000	7.82518	100	1
1527815395.494169000	8.82475	381	1
1527815395.494259000	8.82484	294	1
1527815395.496169000	8.82675	305	1
1527815395.496216000	8.8268	1412	1
1527815395.496254000	8.82683	1412	1
1527815395.496307000	8.82689	979	1
1527815395.511651000	8.84223	89	0
1527815395.515596000	8.84618	89	0
1527815395.573127000	8.90371	405	1
1527815395.591098000	8.92168	89	0
1527815395.690014000	9.02059	399	0
1527815395.690957000	9.02154	103	1
1527815395.695032000	9.02561	80	0
1527815395.695939000	9.02652	100	1
1527815395.830237000	9.16082	313	0
1527815395.831395000	9.16198	100	1
1527815395.831713000	9.16229	1400	0
1527815395.831984000	9.16256	100	1
1527815395.833128000	9.16371	513	0
1527815395.833856000	9.16444	100	1
1527815395.834559000	9.16514	592	0
1527815395.834841000	9.16542	100	1
1527815395.835992000	9.16657	635	0
1527815395.836864000	9.16744	100	1
1527815395.837419000	9.168	467	0
1527815395.837931000	9.16851	100	1
1527815395.838859000	9.16944	697	0
1527815395.839845000	9.17043	100	1
1527815395.840339000	9.17092	484	0
1527815395.840841000	9.17142	100	1
1527815395.841781000	9.17236	835	0
1527815395.842840000	9.17342	100	1
1527815395.843207000	9.17379	649	0
1527815395.843841000	9.17442	100	1
1527815395.844639000	9.17522	519	0
1527815395.844839000	9.17542	100	1
1527815395.846068000	9.17665	439	0
1527815395.846855000	9.17744	100	1
1527815395.847506000	9.17809	701	0
1527815395.847841000	9.17842	100	1
1527815395.848937000	9.17952	616	0
1527815395.849845000	9.18043	100	1
1527815395.850473000	9.18105	558	0
1527815395.850847000	9.18143	100	1
1527815395.851915000	9.1825	654	0
1527815395.852902000	9.18348	100	1
1527815395.853345000	9.18393	583	0
1527815395.853843000	9.18442	100	1
1527815395.854781000	9.18536	689	0
1527815395.855858000	9.18644	114	1
1527815395.862138000	9.19272	1412	1
1527815395.862178000	9.19276	1412	1
1527815395.862217000	9.1928	475	1
1527815395.862286000	9.19287	843	1
1527815395.874103000	9.20468	104	0
1527815395.874867000	9.20545	100	1
1527815395.875554000	9.20614	217	0
1527815395.876123000	9.2067	100	1
1527815395.880641000	9.21122	329	0
1527815395.881416000	9.212	100	1
1527815395.882095000	9.21268	103	0
1527815395.882846000	9.21343	100	1
1527815395.890661000	9.22124	233	0
1527815395.891044000	9.22162	100	1
1527815395.901994000	9.23257	471	0
1527815395.902892000	9.23347	100	1
1527815395.903441000	9.23402	96	0
1527815395.903881000	9.23446	100	1
1527815396.495261000	9.82584	993	1
1527815396.495350000	9.82593	109	1
1527815396.513889000	9.84447	89	0
1527815396.584728000	9.91531	305	1
1527815396.589648000	9.92023	482	1
1527815396.589716000	9.9203	87	1
1527815396.607574000	9.93815	89	0
1527815396.618345000	9.94893	294	0
1527815396.619785000	9.95037	151	0
1527815396.619930000	9.95051	106	1
1527815396.621228000	9.95181	92	0
1527815396.621898000	9.95248	103	1
1527815396.622668000	9.95325	147	0
1527815396.623160000	9.95374	100	1
1527815396.866417000	10.197	275	0
1527815396.867545000	10.1981	100	1
1527815396.868119000	10.1987	141	0
1527815396.868913000	10.1995	100	1
1527815396.870026000	10.2006	92	0
1527815396.870905000	10.2015	100	1
1527815396.871473000	10.2021	166	0
1527815396.871941000	10.2025	100	1
1527815397.005256000	10.3358	247	0
1527815397.006105000	10.3367	100	1
1527815397.006669000	10.3372	103	0
1527815397.007967000	10.3385	100	1
1527815397.008102000	10.3387	92	0
1527815397.008927000	10.3395	100	1
1527815397.009538000	10.3401	230	0
1527815397.009984000	10.3406	100	1
1527815397.742408000	11.073	394	1
1527815397.742498000	11.0731	257	1
1527815397.744624000	11.0752	423	1
1527815397.744685000	11.0753	94	1
1527815397.761529000	11.0921	89	0
1527815397.767005000	11.0976	89	0
1527815398.097835000	11.4284	265	0
1527815398.099013000	11.4296	106	1
1527815398.099207000	11.4298	366	0
1527815398.099974000	11.4306	100	1
1527815398.102088000	11.4327	288	0
1527815398.103016000	11.4336	100	1
1527815398.446893000	11.7775	374	1
1527815398.447061000	11.7776	1412	1
1527815398.447102000	11.7777	1412	1
1527815398.447155000	11.7777	1412	1
1527815398.447188000	11.7778	1412	1
1527815398.447211000	11.7778	1412	1
1527815398.447275000	11.7779	1412	1
1527815398.447300000	11.7779	1412	1
1527815398.447337000	11.7779	1412	1
1527815398.447371000	11.778	1412	1
1527815398.447405000	11.778	1412	1
1527815398.447442000	11.778	1412	1
1527815398.447494000	11.7781	1412	1
1527815398.449023000	11.7796	1412	1
1527815398.449071000	11.7797	1412	1
1527815398.449123000	11.7797	1412	1
1527815398.449147000	11.7797	1412	1
1527815398.449249000	11.7798	1412	1
1527815398.449272000	11.7799	1412	1
1527815398.451006000	11.7816	1412	1
1527815398.451034000	11.7816	1412	1
1527815398.451084000	11.7817	1412	1
1527815398.451107000	11.7817	1412	1
1527815398.451143000	11.7817	1412	1
1527815398.451171000	11.7818	1412	1
1527815398.452997000	11.7836	1412	1
1527815398.453021000	11.7836	1412	1
1527815398.453057000	11.7836	1412	1
1527815398.453106000	11.7837	1412	1
1527815398.453129000	11.7837	1412	1
1527815398.453164000	11.7837	1412	1
1527815398.455029000	11.7856	1412	1
1527815398.455061000	11.7856	1412	1
1527815398.455098000	11.7857	1412	1
1527815398.455149000	11.7857	758	1
1527815398.465646000	11.7962	89	0
1527815398.469340000	11.7999	89	0
1527815398.471634000	11.8022	89	0
1527815398.475358000	11.8059	89	0
1527815398.478416000	11.809	89	0
1527815398.489258000	11.8198	89	0
1527815398.642063000	11.9726	373	0
1527815398.643050000	11.9736	118	1
1527815398.649375000	11.98	80	0
1527815398.650014000	11.9806	100	1
1527815398.766082000	12.0967	340	0
1527815398.767057000	12.0976	100	1
1527815398.767554000	12.0981	146	0
1527815398.768022000	12.0986	100	1
1527815398.770682000	12.1013	92	0
1527815398.771101000	12.1017	100	1
1527815398.772088000	12.1027	207	0
1527815398.773048000	12.1036	100	1
1527815398.975297000	12.3059	364	1
1527815398.977193000	12.3078	298	1
1527815399.005249000	12.3358	89	0
1527815399.065113000	12.3957	377	1
1527815399.082734000	12.4133	89	0
1527815399.137188000	12.4678	280	0
1527815399.138219000	12.4688	106	1
1527815399.138625000	12.4692	118	0
1527815399.139032000	12.4696	100	1
1527815399.140123000	12.4707	233	0
1527815399.141046000	12.4716	100	1
1527815399.141559000	12.4721	279	0
1527815399.142032000	12.4726	100	1
1527815399.142984000	12.4736	92	0
1527815399.143054000	12.4736	396	1
1527815399.143106000	12.4737	280	1
1527815399.144036000	12.4746	100	1
1527815399.144421000	12.475	327	0
1527815399.145034000	12.4756	100	1
1527815399.145840000	12.4764	92	0
1527815399.146040000	12.4766	100	1
1527815399.147279000	12.4779	257	0
1527815399.148038000	12.4786	100	1
1527815399.166208000	12.4968	89	0
1527815399.264075000	12.5947	623	0
1527815399.265143000	12.5957	103	1
1527815399.265523000	12.5961	805	0
1527815399.266943000	12.5975	92	0
1527815399.267053000	12.5976	100	1
1527815399.268078000	12.5987	100	1
1527815399.268377000	12.599	316	0
1527815399.269041000	12.5996	100	1
1527815399.336904000	12.6675	291	0
1527815399.338104000	12.6687	100	1
1527815399.338351000	12.6689	146	0
1527815399.339046000	12.6696	100	1
1527815399.339840000	12.6704	92	0
1527815399.340045000	12.6706	100	1
1527815399.341279000	12.6719	177	0
1527815399.342058000	12.6726	100	1
1527815399.456762000	12.7873	1412	1
1527815399.456804000	12.7874	408	1
1527815399.487165000	12.8177	89	0
1527815399.646556000	12.9771	923	1
1527815399.646621000	12.9772	254	1
1527815399.665553000	12.9961	89	0
1527815399.710990000	13.0416	360	0
1527815399.712138000	13.0427	106	1
1527815399.712463000	13.043	519	0
1527815399.713072000	13.0437	100	1
1527815399.740568000	13.0711	472	1
1527815399.759932000	13.0905	89	0
1527815399.972502000	13.3031	240	0
1527815399.973612000	13.3042	103	1
1527815399.973957000	13.3045	524	0
1527815399.974102000	13.3047	100	1
1527815400.001441000	13.332	277	0
1527815400.002417000	13.333	100	1
1527815400.002933000	13.3335	146	0
1527815400.003224000	13.3338	100	1
1527815400.004714000	13.3353	92	0
1527815400.005093000	13.3357	100	1
1527815400.006151000	13.3367	135	0
1527815400.007089000	13.3377	100	1
1527815400.134136000	13.4647	396	1
1527815400.134213000	13.4648	260	1
1527815400.152021000	13.4826	89	0
1527815400.467569000	13.7982	262	0
1527815400.468604000	13.7992	103	1
1527815400.469026000	13.7996	146	0
1527815400.470200000	13.8008	100	1
1527815400.471659000	13.8022	92	0
1527815400.472199000	13.8028	100	1
1527815400.473110000	13.8037	308	0
1527815400.474127000	13.8047	100	1
1527815400.606353000	13.9369	396	1
1527815400.606446000	13.937	256	1
1527815400.625888000	13.9565	89	0
1527815400.925713000	14.2563	235	0
1527815400.926732000	14.2573	103	1
1527815400.927164000	14.2577	146	0
1527815400.928227000	14.2588	100	1
1527815400.928597000	14.2592	92	0
1527815400.929221000	14.2598	100	1
1527815400.930141000	14.2607	191	0
1527815400.931156000	14.2617	100	1
1527815401.026433000	14.357	396	1
1527815401.026522000	14.3571	257	1
1527815401.043880000	14.3745	89	0
1527815401.355131000	14.6857	256	0
1527815401.356186000	14.6868	103	1
1527815401.356577000	14.6872	146	0
1527815401.357178000	14.6878	100	1
1527815401.358879000	14.6895	92	0
1527815401.359242000	14.6898	100	1
1527815401.360383000	14.691	275	0
1527815401.361176000	14.6918	100	1
1527815401.688422000	15.019	395	1
1527815401.688497000	15.0191	259	1
1527815401.706828000	15.0374	89	0
1527815402.053521000	15.3841	326	0
1527815402.054486000	15.3851	103	1
1527815402.054995000	15.3856	146	0
1527815402.055344000	15.3859	100	1
1527815402.056362000	15.3869	92	0
1527815402.057287000	15.3879	100	1
1527815402.057859000	15.3884	261	0
1527815402.058325000	15.3889	100	1
1527815402.074968000	15.4055	326	0
1527815402.075207000	15.4058	100	1
1527815402.168795000	15.4994	392	1
1527815402.168881000	15.4995	259	1
1527815402.187342000	15.5179	89	0
1527815402.506282000	15.8369	280	0
1527815402.507295000	15.8379	103	1
1527815402.507727000	15.8383	146	0
1527815402.508241000	15.8388	100	1
1527815402.510291000	15.8409	92	0
1527815402.511314000	15.8419	100	1
1527815402.511763000	15.8423	313	0
1527815402.512241000	15.8428	100	1
1527815402.627582000	15.9582	396	1
1527815402.627662000	15.9582	258	1
1527815402.645633000	15.9762	89	0
1527815402.754743000	16.0853	232	0
1527815402.756165000	16.0867	148	0
1527815402.756311000	16.0869	103	1
1527815402.757243000	16.0878	100	1
1527815402.757612000	16.0882	92	0
1527815402.758255000	16.0888	100	1
1527815402.759069000	16.0896	234	0
1527815402.759478000	16.0901	100	1
1527815402.893462000	16.224	394	1
1527815402.893552000	16.2241	262	1
1527815402.911834000	16.2424	89	0
1527815403.234785000	16.5654	258	0
1527815403.235799000	16.5664	103	1
1527815403.236296000	16.5669	148	0
1527815403.237292000	16.5679	100	1
1527815403.239424000	16.57	92	0
1527815403.240279000	16.5709	100	1
1527815403.240975000	16.5716	334	0
1527815403.241558000	16.5721	100	1
1527815403.308729000	16.6393	397	1
1527815403.308821000	16.6394	261	1
1527815403.327078000	16.6577	89	0
1527815403.431566000	16.7621	232	0
1527815403.432500000	16.7631	103	1
1527815403.433009000	16.7636	148	0
1527815403.433276000	16.7639	100	1
1527815403.436688000	16.7673	92	0
1527815403.437307000	16.7679	100	1
1527815403.438140000	16.7687	238	0
1527815403.438691000	16.7693	100	1
1527815403.527811000	16.8584	391	1
1527815403.527902000	16.8585	259	1
1527815403.546345000	16.8769	89	0
1527815403.854844000	17.1854	301	0
1527815403.855935000	17.1865	103	1
1527815403.856290000	17.1869	148	0
1527815403.857301000	17.1879	100	1
1527815403.860071000	17.1907	92	0
1527815403.860329000	17.1909	100	1
1527815403.861551000	17.1921	197	0
1527815403.862336000	17.1929	100	1
1527815403.967840000	17.2984	998	1
1527815403.967932000	17.2985	264	1
1527815403.989762000	17.3203	89	0
1527815404.158790000	17.4894	304	0
1527815404.159823000	17.4904	103	1
1527815404.160281000	17.4909	148	0
1527815404.161339000	17.4919	100	1
1527815404.165681000	17.4963	92	0
1527815404.166355000	17.4969	100	1
1527815404.168548000	17.4991	220	0
1527815404.169399000	17.5	100	1
1527815404.480965000	17.8115	987	1
1527815404.481061000	17.8116	264	1
1527815404.514480000	17.8451	987	1
1527815404.528229000	17.8588	89	0
1527815404.536448000	17.867	89	0
1527815404.547164000	17.8777	89	0
1527815404.730121000	18.0607	232	0
1527815404.731385000	18.062	109	1
1527815404.731537000	18.0621	148	0
1527815404.732368000	18.0629	100	1
1527815404.744745000	18.0753	92	0
1527815404.745376000	18.076	100	1
1527815404.746164000	18.0767	260	0
1527815404.746890000	18.0775	100	1
1527815404.752000000	18.0826	232	0
1527815404.752363000	18.0829	100	1
1527815404.761674000	18.0923	148	0
1527815404.762374000	18.093	100	1
1527815404.985801000	18.3164	395	1
1527815404.985881000	18.3165	260	1
1527815405.004786000	18.3354	89	0
1527815405.011613000	18.3422	89	0
1527815405.358057000	18.6886	279	0
1527815405.359139000	18.6897	106	1
1527815405.359524000	18.6901	158	0
1527815405.360389000	18.691	100	1
1527815405.361020000	18.6916	315	0
1527815405.361472000	18.6921	100	1
1527815405.561863000	18.8924	396	1
1527815405.561924000	18.8925	263	1
1527815405.579067000	18.9096	89	0
1527815405.711428000	19.042	236	0
1527815405.712475000	19.0431	103	1
1527815405.712925000	19.0435	148	0
1527815405.713429000	19.044	100	1
1527815405.715689000	19.0463	92	0
1527815405.716442000	19.047	100	1
1527815405.717153000	19.0477	117	0
1527815405.717628000	19.0482	100	1
1527815405.993823000	19.3244	391	1
1527815405.993865000	19.3244	260	1
1527815406.014947000	19.3455	89	0
1527815406.182924000	19.5135	258	0
1527815406.183979000	19.5146	103	1
1527815406.184366000	19.5149	148	0
1527815406.185490000	19.5161	100	1
1527815406.186718000	19.5173	92	0
1527815406.187462000	19.518	100	1
1527815406.188215000	19.5188	146	0
1527815406.188696000	19.5193	100	1
1527815406.422975000	19.7536	392	1
1527815406.423040000	19.7536	260	1
1527815406.450534000	19.7811	89	0
1527815406.559154000	19.8897	264	0
1527815406.560515000	19.8911	103	1
1527815406.560628000	19.8912	148	0
1527815406.561509000	19.8921	100	1
1527815406.562800000	19.8934	92	0
1527815406.563526000	19.8941	100	1
1527815406.564244000	19.8948	232	0
1527815406.564735000	19.8953	100	1
1527815406.839268000	20.1698	395	1
1527815406.839350000	20.1699	265	1
1527815406.859024000	20.1896	89	0
1527815407.000439000	20.331	236	0
1527815407.001503000	20.3321	103	1
1527815407.001891000	20.3325	148	0
1527815407.002482000	20.3331	100	1
1527815407.004800000	20.3354	92	0
1527815407.005488000	20.3361	100	1
1527815407.006270000	20.3369	260	0
1527815407.006783000	20.3374	100	1
1527815407.255012000	20.5856	390	1
1527815407.255074000	20.5857	262	1
1527815407.283863000	20.6144	89	0
1527815407.440735000	20.7713	256	0
1527815407.441715000	20.7723	103	1
1527815407.442208000	20.7728	148	0
1527815407.442520000	20.7731	100	1
1527815407.445269000	20.7759	92	0
1527815407.445520000	20.7761	100	1
1527815407.446718000	20.7773	96	0
1527815407.447513000	20.7781	100	1
1527815407.507935000	20.8385	391	1
1527815407.508024000	20.8386	261	1
1527815407.525138000	20.8557	89	0
1527815407.720947000	21.0515	233	0
1527815407.721966000	21.0525	103	1
1527815407.722390000	21.053	148	0
1527815407.723560000	21.0541	100	1
1527815407.724395000	21.055	92	0
1527815407.725559000	21.0561	100	1
1527815407.725808000	21.0564	86	0
1527815407.726524000	21.0571	100	1
1527815407.819282000	21.1499	396	1
1527815407.819358000	21.1499	262	1
1527815407.837986000	21.1686	89	0
1527815407.992253000	21.3228	326	0
1527815407.993178000	21.3238	103	1
1527815407.993713000	21.3243	148	0
1527815407.994556000	21.3251	100	1
1527815407.995997000	21.3266	92	0
1527815407.996553000	21.3271	100	1
1527815407.997427000	21.328	90	0
1527815407.997795000	21.3284	100	1
1527815408.055944000	21.3865	396	1
1527815408.056036000	21.3866	261	1
1527815408.074268000	21.4048	89	0
1527815408.372859000	21.7034	280	0
1527815408.373997000	21.7046	103	1
1527815408.374301000	21.7049	148	0
1527815408.374560000	21.7051	100	1
1527815408.376379000	21.707	92	0
1527815408.376565000	21.7071	100	1
1527815408.377845000	21.7084	233	0
1527815408.378577000	21.7092	100	1
1527815408.555583000	21.8862	393	1
1527815408.555660000	21.8862	260	1
1527815408.573339000	21.9039	89	0
1527815408.896358000	22.2269	235	0
1527815408.897701000	22.2283	103	1
1527815408.897719000	22.2283	148	0
1527815408.898686000	22.2293	100	1
1527815408.902380000	22.233	92	0
1527815408.902625000	22.2332	100	1
1527815408.903825000	22.2344	251	0
1527815408.904602000	22.2352	100	1
1527815409.184794000	22.5154	997	1
1527815409.184880000	22.5155	258	1
1527815409.202678000	22.5333	89	0
1527815409.517973000	22.8486	256	0
1527815409.519002000	22.8496	103	1
1527815409.519382000	22.85	148	0
1527815409.519772000	22.8504	100	1
1527815409.521059000	22.8516	92	0
1527815409.521717000	22.8523	100	1
1527815409.522493000	22.8531	111	0
1527815409.523646000	22.8542	100	1
1527815409.598458000	22.929	990	1
1527815409.598562000	22.9291	264	1
1527815409.621403000	22.952	89	0
1527815409.917769000	23.2483	233	0
1527815409.918785000	23.2494	103	1
1527815409.919270000	23.2499	148	0
1527815409.919674000	23.2503	100	1
1527815409.923104000	23.2537	92	0
1527815409.923757000	23.2543	100	1
1527815409.924784000	23.2554	239	0
1527815409.925671000	23.2563	100	1
1527815410.087370000	23.418	391	1
1527815410.087464000	23.418	264	1
1527815410.104560000	23.4351	89	0
1527815410.401391000	23.732	322	0
1527815410.402303000	23.7329	103	1
1527815410.402832000	23.7334	148	0
1527815410.403687000	23.7343	100	1
1527815410.405133000	23.7357	92	0
1527815410.405682000	23.7363	100	1
1527815410.406574000	23.7372	229	0
1527815410.407682000	23.7383	100	1
1527815410.597318000	23.9279	396	1
1527815410.597410000	23.928	263	1
1527815410.615195000	23.9458	89	0
1527815410.913394000	24.244	281	0
1527815410.914811000	24.2454	148	0
1527815410.914869000	24.2455	103	1
1527815410.915793000	24.2464	100	1
1527815410.919571000	24.2502	92	0
1527815410.920800000	24.2514	100	1
1527815410.921087000	24.2517	196	0
1527815410.921721000	24.2523	100	1
1527815411.040229000	24.3708	393	1
1527815411.040327000	24.3709	265	1
1527815411.058405000	24.389	89	0
1527815411.377581000	24.7082	256	0
1527815411.378758000	24.7093	103	1
1527815411.379021000	24.7096	148	0
1527815411.379736000	24.7103	100	1
1527815411.380505000	24.7111	92	0
1527815411.380731000	24.7113	100	1
1527815411.381944000	24.7125	180	0
1527815411.382734000	24.7133	100	1
1527815411.510164000	24.8407	391	1
1527815411.510250000	24.8408	262	1
1527815411.528185000	24.8588	89	0
1527815411.828400000	25.159	256	0
1527815411.829413000	25.16	103	1
1527815411.829943000	25.1605	148	0
1527815411.830848000	25.1614	100	1
1527815411.832674000	25.1633	92	0
1527815411.833868000	25.1644	100	1
1527815411.834111000	25.1647	147	0
1527815411.834764000	25.1653	100	1
1527815411.953054000	25.2836	396	1
1527815411.953150000	25.2837	265	1
1527815411.971927000	25.3025	89	0
1527815411.976064000	25.3066	89	0
1527815412.102948000	25.4335	262	0
1527815412.104131000	25.4347	106	1
1527815412.104445000	25.435	148	0
1527815412.104796000	25.4354	100	1
1527815412.107189000	25.4378	92	0
1527815412.107869000	25.4384	100	1
1527815412.108710000	25.4393	219	0
1527815412.109795000	25.4404	100	1
1527815412.287125000	25.6177	392	1
1527815412.287220000	25.6178	263	1
1527815412.305413000	25.636	89	0
1527815412.611956000	25.9425	236	0
1527815412.613019000	25.9436	103	1
1527815412.613381000	25.944	148	0
1527815412.613890000	25.9445	100	1
1527815412.616372000	25.947	92	0
1527815412.616894000	25.9475	100	1
1527815412.617831000	25.9484	140	0
1527815412.618864000	25.9494	100	1
1527815414.661155000	27.9917	397	1
1527815414.661220000	27.9918	256	1
1527815414.680090000	28.0107	89	0
1527815414.975311000	28.3059	294	0
1527815414.976447000	28.307	103	1
1527815414.976797000	28.3074	148	0
1527815414.977350000	28.3079	100	1
1527815414.978542000	28.3091	92	0
1527815414.979400000	28.31	100	1
1527815414.980043000	28.3106	189	0
1527815414.980498000	28.3111	100	1
1527815416.162338000	29.4929	396	1
1527815416.162423000	29.493	257	1
1527815416.179799000	29.5104	89	0
1527815416.480285000	29.8109	256	0
1527815416.481300000	29.8119	103	1
1527815416.481768000	29.8123	148	0
1527815416.482215000	29.8128	100	1
1527815416.493420000	29.824	92	0
1527815416.494291000	29.8249	100	1
1527815416.494907000	29.8255	108	0
1527815416.495406000	29.826	100	1
1527815416.587453000	29.918	391	1
1527815416.587548000	29.9181	258	1
1527815416.606134000	29.9367	89	0
1527815416.924478000	30.2551	233	0
1527815416.925400000	30.256	103	1
1527815416.925938000	30.2565	148	0
1527815416.926230000	30.2568	100	1
1527815416.928127000	30.2587	92	0
1527815416.929250000	30.2598	100	1
1527815416.929714000	30.2603	337	0
1527815416.930298000	30.2609	100	1
1527815417.107620000	30.4382	391	1
1527815417.107706000	30.4383	257	1
1527815417.126636000	30.4572	89	0
1527815417.270318000	30.6009	349	0
1527815417.271334000	30.6019	103	1
1527815417.271796000	30.6024	148	0
1527815417.272300000	30.6029	100	1
1527815417.277431000	30.608	92	0
1527815417.278339000	30.6089	100	1
1527815417.278890000	30.6095	301	0
1527815417.279347000	30.6099	100	1
1527815417.538858000	30.8694	997	1
1527815417.538907000	30.8695	262	1
1527815417.557918000	30.8885	89	0
1527815417.887018000	31.2176	258	0
1527815417.888378000	31.219	148	0
1527815417.888409000	31.219	103	1
1527815417.889370000	31.22	100	1
1527815417.891346000	31.2219	92	0
1527815417.892372000	31.223	100	1
1527815417.892833000	31.2234	154	0
1527815417.893327000	31.2239	100	1
1527815419.273351000	32.6039	988	1
1527815419.273437000	32.604	257	1
1527815419.292385000	32.623	89	0
1527815419.615616000	32.9462	258	0
1527815419.616607000	32.9472	103	1
1527815419.617063000	32.9476	148	0
1527815419.617373000	32.948	100	1
1527815419.619079000	32.9497	92	0
1527815419.619459000	32.95	100	1
1527815419.620608000	32.9512	264	0
1527815419.621386000	32.952	100	1
1527815419.782791000	33.1134	392	1
1527815419.782853000	33.1134	263	1
1527815419.800039000	33.1306	89	0
1527815419.810623000	33.1412	89	0
1527815420.094590000	33.4252	256	0
1527815420.095663000	33.4262	106	1
1527815420.096092000	33.4267	148	0
1527815420.096453000	33.427	100	1
1527815420.098245000	33.4288	92	0
1527815420.099438000	33.43	100	1
1527815420.099766000	33.4303	200	0
1527815420.100413000	33.431	100	1
1527815420.209833000	33.5404	395	1
1527815420.209929000	33.5405	258	1
1527815420.228827000	33.5594	89	0
1527815420.347453000	33.678	233	0
1527815420.348479000	33.6791	103	1
1527815420.348961000	33.6795	148	0
1527815420.349516000	33.6801	100	1
1527815420.351371000	33.682	92	0
1527815420.352472000	33.6831	100	1
1527815420.352766000	33.6833	321	0
1527815420.353419000	33.684	100	1
1527815420.479591000	33.8102	395	1
1527815420.479682000	33.8103	259	1
1527815420.498173000	33.8288	89	0
1527815420.839246000	34.1698	299	0
1527815420.840489000	34.1711	103	1
1527815420.840751000	34.1713	148	0
1527815420.841495000	34.1721	100	1
1527815420.845380000	34.176	92	0
1527815420.846500000	34.1771	100	1
1527815420.846862000	34.1774	196	0
1527815420.847459000	34.178	100	1
1527815420.947571000	34.2782	391	1
1527815420.947635000	34.2782	256	1
1527815420.966167000	34.2967	89	0
1527815421.103980000	34.4346	302	0
1527815421.104875000	34.4355	103	1
1527815421.105387000	34.436	148	0
1527815421.106515000	34.4371	100	1
1527815421.106864000	34.4374	92	0
1527815421.107511000	34.4381	100	1
1527815421.108305000	34.4389	152	0
1527815421.109483000	34.4401	100	1
1527815422.252848000	35.5834	392	1
1527815422.252941000	35.5835	256	1
1527815422.270822000	35.6014	89	0
1527815422.280749000	35.6113	89	0
1527815422.406472000	35.7371	256	0
1527815422.407412000	35.738	106	1
1527815422.407963000	35.7385	148	0
1527815422.409227000	35.7398	100	1
1527815422.411854000	35.7424	92	0
1527815422.412131000	35.7427	100	1
1527815422.413321000	35.7439	124	0
1527815422.414133000	35.7447	100	1
1527815423.113058000	36.4436	392	1
1527815423.113148000	36.4437	257	1
1527815423.141097000	36.4717	89	0
1527815423.255287000	36.5859	279	0
1527815423.256277000	36.5869	103	1
1527815423.256783000	36.5874	148	0
1527815423.257301000	36.5879	100	1
1527815423.258964000	36.5895	92	0
1527815423.259198000	36.5898	100	1
1527815423.260429000	36.591	95	0
1527815423.261177000	36.5918	100	1
1527815423.326344000	36.6569	396	1
1527815423.326440000	36.657	256	1
1527815423.344798000	36.6754	89	0
1527815423.663162000	36.9937	239	0
1527815423.664218000	36.9948	103	1
1527815423.664615000	36.9952	148	0
1527815423.665207000	36.9958	100	1
1527815423.669217000	36.9998	92	0
1527815423.670218000	37.0008	100	1
1527815423.670763000	37.0013	215	0
1527815423.671206000	37.0018	100	1
1527815423.963444000	37.294	373	1
1527815423.963539000	37.2941	1412	1
1527815423.963575000	37.2942	1412	1
1527815423.963614000	37.2942	1412	1
1527815423.963645000	37.2942	1373	1
1527815423.983699000	37.3143	89	0
1527815424.275118000	37.6057	418	0
1527815424.276059000	37.6066	103	1
1527815424.281697000	37.6123	80	0
1527815424.282841000	37.6134	100	1
1527815424.437997000	37.7686	396	1
1527815424.438070000	37.7687	257	1
1527815424.456522000	37.7871	89	0
1527815424.635944000	37.9665	265	0
1527815424.636941000	37.9675	103	1
1527815424.637404000	37.968	148	0
1527815424.637850000	37.9684	100	1
1527815424.640206000	37.9708	92	0
1527815424.640937000	37.9715	100	1
1527815424.641677000	37.9723	285	0
1527815424.642137000	37.9727	100	1
1527815424.845853000	38.1764	391	1
1527815424.845940000	38.1765	262	1
1527815424.863944000	38.1945	89	0
1527815425.177835000	38.5084	256	0
1527815425.178975000	38.5096	103	1
1527815425.179277000	38.5099	148	0
1527815425.179867000	38.5104	100	1
1527815425.183377000	38.514	92	0
1527815425.183968000	38.5145	100	1
1527815425.184882000	38.5155	142	0
1527815425.185892000	38.5165	100	1
1527815425.242359000	38.5729	993	1
1527815425.242423000	38.573	258	1
1527815425.260927000	38.5915	89	0
1527815425.372159000	38.7027	328	0
1527815425.373276000	38.7039	103	1
1527815425.373531000	38.7041	148	0
1527815425.373888000	38.7045	100	1
1527815425.375791000	38.7064	92	0
1527815425.377029000	38.7076	100	1
1527815425.377262000	38.7078	238	0
1527815425.377932000	38.7085	100	1
1527815425.492280000	38.8229	987	1
1527815425.492366000	38.8229	256	1
1527815425.510762000	38.8413	89	0
1527815425.656779000	38.9874	254	0
1527815425.657915000	38.9885	103	1
1527815425.658216000	38.9888	148	0
1527815425.658896000	38.9895	100	1
1527815425.659940000	38.9905	92	0
1527815425.660900000	38.9915	100	1
1527815425.661387000	38.992	303	0
1527815425.661913000	38.9925	100	1
1527815425.864365000	39.1949	395	1
1527815425.864425000	39.195	260	1
1527815425.887671000	39.2183	89	0
1527815426.178007000	39.5086	255	0
1527815426.179036000	39.5096	103	1
1527815426.179416000	39.51	148	0
1527815426.179936000	39.5105	100	1
1527815426.182161000	39.5127	92	0
1527815426.183024000	39.5136	100	1
1527815426.183633000	39.5142	275	0
1527815426.184148000	39.5147	100	1
1527815426.252120000	39.5827	394	1
1527815426.252192000	39.5828	258	1
1527815426.269670000	39.6003	89	0
1527815426.398323000	39.7289	233	0
1527815426.399183000	39.7298	103	1
1527815426.399828000	39.7304	148	0
1527815426.401029000	39.7316	100	1
1527815426.404386000	39.735	92	0
1527815426.405032000	39.7356	100	1
1527815426.405901000	39.7365	159	0
1527815426.406957000	39.7375	100	1
1527815431.001831000	44.3324	391	1
1527815431.001899000	44.3325	257	1
1527815431.018799000	44.3494	89	0
1527815431.163237000	44.4938	255	0
1527815431.164243000	44.4948	103	1
1527815431.164689000	44.4953	148	0
1527815431.165217000	44.4958	100	1
1527815431.168594000	44.4992	92	0
1527815431.169302000	44.4999	100	1
1527815431.170169000	44.5008	252	0
1527815431.171228000	44.5018	100	1
1527815431.251708000	44.5823	391	1
1527815431.251770000	44.5824	257	1
1527815431.270147000	44.6007	89	0
1527815431.431720000	44.7623	299	0
1527815431.432739000	44.7633	103	1
1527815431.433162000	44.7637	148	0
1527815431.434312000	44.7649	100	1
1527815431.437650000	44.7682	92	0
1527815431.438316000	44.7689	100	1
1527815431.439105000	44.7697	134	0
1527815431.440266000	44.7708	100	1
1527815431.478320000	44.8089	395	1
1527815431.478413000	44.809	259	1
1527815431.496444000	44.827	89	0
1527815431.618594000	44.9492	281	0
1527815431.619524000	44.9501	103	1
1527815431.620158000	44.9507	148	0
1527815431.621325000	44.9519	100	1
1527815431.623552000	44.9541	92	0
1527815431.624320000	44.9549	100	1
1527815431.625023000	44.9556	205	0
1527815431.625509000	44.9561	100	1
1527815432.203017000	45.5336	396	1
1527815432.203113000	45.5337	262	1
1527815432.220996000	45.5516	89	0
1527815432.348222000	45.6788	255	0
1527815432.349311000	45.6799	103	1
1527815432.349777000	45.6804	148	0
1527815432.350292000	45.6809	100	1
1527815432.353299000	45.6839	92	0
1527815432.354367000	45.6849	100	1
1527815432.354732000	45.6853	203	0
1527815432.355280000	45.6859	100	1
1527815432.604193000	45.9348	391	1
1527815432.604255000	45.9348	257	1
1527815432.621693000	45.9523	89	0
1527815432.926949000	46.2575	258	0
1527815432.927936000	46.2585	103	1
1527815432.928371000	46.259	148	0
1527815432.929395000	46.26	100	1
1527815432.936203000	46.2668	92	0
1527815432.937401000	46.268	100	1
1527815432.937642000	46.2682	308	0
1527815432.938303000	46.2689	100	1
1527815433.235438000	46.566	392	1
1527815433.235525000	46.5661	258	1
1527815433.252553000	46.5831	89	0
1527815433.379018000	46.7096	260	0
1527815433.380382000	46.711	103	1
1527815433.380418000	46.711	148	0
1527815433.381414000	46.712	100	1
1527815433.383380000	46.714	92	0
1527815433.384402000	46.715	100	1
1527815433.384825000	46.7154	105	0
1527815433.385611000	46.7162	100	1
1527815433.445517000	46.7761	392	1
1527815433.445603000	46.7762	262	1
1527815433.464794000	46.7954	89	0
1527815433.790509000	47.1211	233	0
1527815433.791502000	47.1221	103	1
1527815433.792047000	47.1226	148	0
1527815433.792365000	47.1229	100	1
1527815433.796296000	47.1269	92	0
1527815433.797403000	47.128	100	1
1527815433.797762000	47.1283	289	0
1527815433.798366000	47.1289	100	1
1527815433.869867000	47.2004	392	1
1527815433.869959000	47.2005	262	1
1527815433.891206000	47.2218	89	0
1527815434.200822000	47.5314	255	0
1527815434.201823000	47.5324	103	1
1527815434.202263000	47.5328	148	0
1527815434.203407000	47.534	100	1
1527815434.205231000	47.5358	92	0
1527815434.206420000	47.537	100	1
1527815434.206668000	47.5372	190	0
1527815434.207394000	47.538	100	1
1527815434.333558000	47.6641	996	1
1527815434.333647000	47.6642	263	1
1527815434.353884000	47.6845	89	0
1527815434.470886000	47.8015	239	0
1527815434.471828000	47.8024	103	1
1527815434.472322000	47.8029	148	0
1527815434.473404000	47.804	100	1
1527815434.474942000	47.8055	92	0
1527815434.475405000	47.806	100	1
1527815434.476481000	47.8071	282	0
1527815434.477592000	47.8082	100	1
1527815434.773101000	48.1037	991	1
1527815434.773195000	48.1038	266	1
1527815434.793297000	48.1239	89	0
1527815435.095402000	48.426	288	0
1527815435.096488000	48.4271	103	1
1527815435.096896000	48.4275	148	0
1527815435.097447000	48.428	100	1
1527815435.099115000	48.4297	92	0
1527815435.099471000	48.4301	100	1
1527815435.100634000	48.4312	261	0
1527815435.101431000	48.432	100	1
1527815435.253042000	48.5836	394	1
1527815435.253127000	48.5837	257	1
1527815435.270430000	48.601	89	0
1527815435.588402000	48.919	233	0
1527815435.589485000	48.9201	103	1
1527815435.589913000	48.9205	148	0
1527815435.590460000	48.921	100	1
1527815435.592716000	48.9233	92	0
1527815435.593510000	48.9241	100	1
1527815435.594173000	48.9248	103	0
1527815435.594633000	48.9252	100	1
1527815436.352727000	49.6833	395	1
1527815436.352787000	49.6834	261	1
1527815436.370733000	49.7013	89	0
1527815436.512885000	49.8435	371	0
1527815436.513932000	49.8445	103	1
1527815436.514324000	49.8449	148	0
1527815436.514993000	49.8456	100	1
1527815436.517218000	49.8478	92	0
1527815436.517992000	49.8486	100	1
1527815436.520178000	49.8508	178	0
1527815436.520937000	49.8515	100	1
1527815436.780256000	50.1108	391	1
1527815436.780346000	50.1109	257	1
1527815436.802661000	50.1332	89	0
1527815436.919702000	50.2503	233	0
1527815436.921060000	50.2516	103	1
1527815436.921078000	50.2517	148	0
1527815436.922022000	50.2526	100	1
1527815436.923378000	50.254	92	0
1527815436.924013000	50.2546	100	1
1527815436.924831000	50.2554	198	0
1527815436.925950000	50.2565	100	1
1527815437.011018000	50.3416	396	1
1527815437.011112000	50.3417	256	1
1527815437.031939000	50.3625	89	0
1527815437.036003000	50.3666	89	0
1527815437.202139000	50.5327	256	0
1527815437.203353000	50.5339	106	1
1527815437.203678000	50.5343	148	0
1527815437.204070000	50.5347	100	1
1527815437.210314000	50.5409	92	0
1527815437.210956000	50.5415	100	1
1527815437.211779000	50.5424	219	0
1527815437.212288000	50.5429	100	1
1527815437.250462000	50.581	395	1
1527815437.250559000	50.5811	258	1
1527815437.268921000	50.5995	89	0
1527815437.273016000	50.6036	89	0
1527815437.409374000	50.74	233	0
1527815437.410473000	50.7411	106	1
1527815437.410881000	50.7415	148	0
1527815437.412044000	50.7426	100	1
1527815437.415025000	50.7456	92	0
1527815437.416044000	50.7466	100	1
1527815437.416417000	50.747	110	0
1527815437.416957000	50.7475	100	1
1527815437.519773000	50.8504	391	1
1527815437.519850000	50.8504	261	1
1527815437.537481000	50.8681	89	0
1527815437.866898000	51.1975	235	0
1527815437.868010000	51.1986	103	1
1527815437.868289000	51.1989	148	0
1527815437.869013000	51.1996	100	1
1527815437.874433000	51.205	92	0
1527815437.875072000	51.2057	100	1
1527815437.875955000	51.2065	309	0
1527815437.877004000	51.2076	100	1
1527815438.053282000	51.3839	392	1
1527815438.053340000	51.3839	261	1
1527815438.071511000	51.4021	89	0
1527815438.274032000	51.6046	324	0
1527815438.275022000	51.6056	103	1
1527815438.275424000	51.606	148	0
1527815438.276098000	51.6067	100	1
1527815438.278609000	51.6092	92	0
1527815438.279093000	51.6097	100	1
1527815438.280070000	51.6107	213	0
1527815438.281026000	51.6116	100	1
1527815438.469419000	51.8	392	1
1527815438.469478000	51.8001	256	1
1527815438.486561000	51.8171	89	0
1527815438.611424000	51.942	281	0
1527815438.612340000	51.9429	103	1
1527815438.612936000	51.9435	148	0
1527815438.614049000	51.9446	100	1
1527815438.616098000	51.9467	92	0
1527815438.617134000	51.9477	100	1
1527815438.617572000	51.9482	152	0
1527815438.618142000	51.9487	100	1
1527815438.899710000	52.2303	395	1
1527815438.899776000	52.2304	259	1
1527815438.927861000	52.2584	89	0
1527815439.239729000	52.5703	256	0
1527815439.240689000	52.5713	103	1
1527815439.241174000	52.5718	148	0
1527815439.242071000	52.5727	100	1
1527815439.245608000	52.5762	92	0
1527815439.246102000	52.5767	100	1
1527815439.247129000	52.5777	238	0
1527815439.248081000	52.5787	100	1
1527815439.319989000	52.6506	997	1
1527815439.320067000	52.6506	262	1
1527815439.338928000	52.6695	89	0
1527815439.485634000	52.8162	256	0
1527815439.487062000	52.8176	148	0
1527815439.487180000	52.8178	103	1
1527815439.488172000	52.8188	100	1
1527815439.492879000	52.8235	92	0
1527815439.493145000	52.8237	100	1
1527815439.494332000	52.8249	284	0
1527815439.495078000	52.8257	100	1
1527815439.539781000	52.8704	990	1
1527815439.539873000	52.8705	265	1
1527815439.559829000	52.8904	89	0
1527815439.572880000	52.9035	89	0
1527815439.699387000	53.03	237	0
1527815439.700402000	53.031	106	1
1527815439.700901000	53.0315	148	0
1527815439.701221000	53.0318	100	1
1527815439.702326000	53.0329	92	0
1527815439.703176000	53.0338	100	1
1527815439.703764000	53.0343	156	0
1527815439.704243000	53.0348	100	1
1527815439.786675000	53.1173	394	1
1527815439.786765000	53.1173	257	1
1527815439.806418000	53.137	89	0
1527815439.956938000	53.2875	233	0
1527815439.958140000	53.2887	103	1
1527815439.958383000	53.289	148	0
1527815439.959113000	53.2897	100	1
1527815439.960707000	53.2913	92	0
1527815439.961189000	53.2918	100	1
1527815439.962146000	53.2927	293	0
1527815439.963121000	53.2937	100	1
1527815440.038969000	53.3695	395	1
1527815440.039063000	53.3696	260	1
1527815440.057995000	53.3886	89	0
1527815440.195450000	53.526	258	0
1527815440.196461000	53.527	103	1
1527815440.196956000	53.5275	148	0
1527815440.198206000	53.5288	100	1
1527815440.200348000	53.5309	92	0
1527815440.201204000	53.5318	100	1
1527815440.201755000	53.5323	278	0
1527815440.202163000	53.5327	100	1
1527815440.362493000	53.6931	393	1
1527815440.362585000	53.6932	257	1
1527815440.379979000	53.7106	89	0
1527815440.694717000	54.0253	239	0
1527815440.695829000	54.0264	103	1
1527815440.696621000	54.0272	148	0
1527815440.697157000	54.0277	100	1
1527815440.700847000	54.0314	92	0
1527815440.701246000	54.0318	100	1
1527815440.702259000	54.0328	208	0
1527815440.703170000	54.0338	100	1
1527815440.791642000	54.1222	396	1
1527815440.791703000	54.1223	261	1
1527815440.810822000	54.1414	89	0
1527815441.128352000	54.4589	288	0
1527815441.129354000	54.4599	103	1
1527815441.129944000	54.4605	148	0
1527815441.130408000	54.461	100	1
1527815441.131375000	54.462	92	0
1527815441.132258000	54.4628	100	1
1527815441.132810000	54.4634	149	0
1527815441.133280000	54.4639	100	1
1527815441.291439000	54.622	396	1
1527815441.291506000	54.6221	256	1
1527815441.310266000	54.6408	89	0
1527815441.618775000	54.9494	236	0
1527815441.619810000	54.9504	103	1
1527815441.620269000	54.9509	148	0
1527815441.621217000	54.9518	100	1
1527815441.624512000	54.9551	92	0
1527815441.625228000	54.9558	100	1
1527815441.626045000	54.9566	339	0
1527815441.627219000	54.9578	100	1
1527815441.738579000	55.0692	393	1
1527815441.738672000	55.0693	261	1
1527815441.756944000	55.0875	89	0
1527815442.058863000	55.3894	350	0
1527815442.059964000	55.3905	103	1
1527815442.060300000	55.3909	148	0
1527815442.061312000	55.3919	100	1
1527815442.062292000	55.3929	92	0
1527815442.063304000	55.3939	100	1
1527815442.063798000	55.3944	129	0
1527815442.064262000	55.3948	100	1
1527815442.257283000	55.5879	397	1
1527815442.257377000	55.588	263	1
1527815442.275412000	55.606	89	0
1527815442.382712000	55.7133	256	0
1527815442.383718000	55.7143	103	1
1527815442.384160000	55.7147	148	0
1527815442.385353000	55.7159	100	1
1527815442.385748000	55.7163	92	0
1527815442.386329000	55.7169	100	1
1527815442.387259000	55.7178	192	0
1527815442.388262000	55.7188	100	1
1527815442.706558000	56.0371	392	1
1527815442.706645000	56.0372	257	1
1527815442.725035000	56.0556	89	0
1527815443.026202000	56.3568	233	0
1527815443.027380000	56.358	103	1
1527815443.027659000	56.3582	148	0
1527815443.028365000	56.3589	100	1
1527815443.030354000	56.3609	92	0
1527815443.031365000	56.3619	100	1
1527815443.031889000	56.3625	162	0
1527815443.032327000	56.3629	100	1
1527815444.347439000	57.678	390	1
1527815444.347506000	57.6781	257	1
1527815444.365727000	57.6963	89	0
1527815444.665401000	57.996	259	0
1527815444.666438000	57.997	103	1
1527815444.666865000	57.9974	148	0
1527815444.667862000	57.9984	100	1
1527815444.671441000	58.002	92	0
1527815444.671777000	58.0024	100	1
1527815444.672967000	58.0035	111	0
1527815444.673764000	58.0043	100	1
1527815444.782153000	58.1127	998	1
1527815444.782242000	58.1128	262	1
1527815444.815881000	58.1465	998	1
1527815444.819095000	58.1497	89	0
1527815444.824800000	58.1554	89	0
1527815444.838547000	58.1691	89	0
1527815445.118238000	58.4488	258	0
1527815445.119397000	58.45	109	1
1527815445.119798000	58.4504	148	0
1527815445.120811000	58.4514	100	1
1527815445.122059000	58.4526	92	0
1527815445.122788000	58.4534	100	1
1527815445.123498000	58.4541	159	0
1527815445.124156000	58.4547	100	1
1527815445.332848000	58.6634	405	1
1527815445.332941000	58.6635	262	1
1527815445.351860000	58.6824	89	0
1527815445.461638000	58.7922	299	0
1527815445.462827000	58.7934	103	1
1527815445.463095000	58.7937	148	0
1527815445.463806000	58.7944	100	1
1527815445.465574000	58.7962	92	0
1527815445.465833000	58.7964	100	1
1527815445.467040000	58.7976	129	0
1527815445.467821000	58.7984	100	1
1527815445.706521000	59.0371	976	1
1527815445.706591000	59.0372	258	1
1527815445.735364000	59.0659	89	0
1527815445.873758000	59.2043	278	0
1527815445.874840000	59.2054	103	1
1527815445.875210000	59.2058	148	0
1527815445.875907000	59.2065	100	1
1527815445.876636000	59.2072	92	0
1527815445.876875000	59.2075	100	1
1527815445.878071000	59.2087	211	0
1527815445.878814000	59.2094	100	1
1527815446.326896000	59.6575	394	1
1527815446.326976000	59.6576	259	1
1527815446.345211000	59.6758	89	0
1527815446.509013000	59.8396	255	0
1527815446.510111000	59.8407	103	1
1527815446.510507000	59.8411	148	0
1527815446.511014000	59.8416	100	1
1527815446.512279000	59.8429	92	0
1527815446.512924000	59.8435	100	1
1527815446.513718000	59.8443	186	0
1527815446.514256000	59.8448	100	1
1527815446.599319000	59.9299	395	1
1527815446.599410000	59.93	260	1
1527815446.618371000	59.949	89	0
1527815446.731064000	60.0616	258	0
1527815446.732146000	60.0627	103	1
1527815446.732484000	60.0631	148	0
1527815446.732869000	60.0634	100	1
1527815446.735525000	60.0661	92	0
1527815446.735896000	60.0665	100	1
1527815446.738438000	60.069	151	0
1527815446.739046000	60.0696	100	1
1527815446.837745000	60.1683	395	1
1527815446.837823000	60.1684	257	1
1527815446.856168000	60.1867	89	0
1527815447.201605000	60.5322	262	0
1527815447.202999000	60.5336	103	1
1527815447.203037000	60.5336	148	0
1527815447.203921000	60.5345	100	1
1527815447.206278000	60.5369	92	0
1527815447.206926000	60.5375	100	1
1527815447.207714000	60.5383	227	0
1527815447.208931000	60.5395	100	1
1527815447.312573000	60.6432	397	1
1527815447.312660000	60.6432	264	1
1527815447.330758000	60.6613	89	0
1527815447.494125000	60.8247	233	0
1527815447.495219000	60.8258	103	1
1527815447.495517000	60.8261	148	0
1527815447.495926000	60.8265	100	1
1527815447.498833000	60.8294	92	0
1527815447.499996000	60.8306	100	1
1527815447.500359000	60.8309	277	0
1527815447.500963000	60.8315	100	1
1527815447.752961000	61.0835	391	1
1527815447.753037000	61.0836	262	1
1527815447.771386000	61.102	89	0
1527815448.088564000	61.4191	262	0
1527815448.089605000	61.4202	103	1
1527815448.090010000	61.4206	148	0
1527815448.091052000	61.4216	100	1
1527815448.093213000	61.4238	92	0
1527815448.094044000	61.4246	100	1
1527815448.094686000	61.4253	184	0
1527815448.095175000	61.4258	100	1
1527815448.252174000	61.5828	392	1
1527815448.252229000	61.5828	259	1
1527815448.270343000	61.6009	89	0
1527815448.583031000	61.9136	267	0
1527815448.584384000	61.915	148	0
1527815448.584517000	61.9151	103	1
1527815448.585028000	61.9156	100	1
1527815448.589840000	61.9204	92	0
1527815448.591007000	61.9216	100	1
1527815448.591289000	61.9219	112	0
1527815448.592029000	61.9226	100	1
1527815448.762063000	62.0926	396	1
1527815448.762153000	62.0927	263	1
1527815448.780141000	62.1107	89	0
1527815449.092575000	62.4232	258	0
1527815449.093609000	62.4242	103	1
1527815449.094017000	62.4246	148	0
1527815449.095112000	62.4257	100	1
1527815449.096561000	62.4271	92	0
1527815449.097106000	62.4277	100	1
1527815449.098004000	62.4286	118	0
1527815449.099028000	62.4296	100	1
1527815449.174574000	62.5052	392	1
1527815449.174636000	62.5052	262	1
1527815449.191974000	62.5226	89	0
1527815449.513482000	62.8441	350	0
1527815449.514565000	62.8451	103	1
1527815449.514972000	62.8456	148	0
1527815449.516118000	62.8467	100	1
1527815449.518089000	62.8487	92	0
1527815449.519125000	62.8497	100	1
1527815449.519710000	62.8503	191	0
1527815449.520240000	62.8508	100	1
1527815449.592427000	62.923	393	1
1527815449.592521000	62.9231	260	1
1527815449.612564000	62.9431	89	0
1527815449.743692000	63.0743	233	0
1527815449.745044000	63.0756	148	0
1527815449.745150000	63.0757	103	1
1527815449.746142000	63.0767	100	1
1527815449.747357000	63.0779	92	0
1527815449.748156000	63.0787	100	1
1527815449.748815000	63.0794	298	0
1527815449.749285000	63.0799	100	1
1527815449.931772000	63.2624	993	1
1527815449.931836000	63.2624	259	1
1527815449.950171000	63.2808	89	0
1527815450.057694000	63.3883	258	0
1527815450.058726000	63.3893	103	1
1527815450.059127000	63.3897	148	0
1527815450.060148000	63.3907	100	1
1527815450.061695000	63.3923	92	0
1527815450.062146000	63.3927	100	1
1527815450.063123000	63.3937	264	0
1527815450.064078000	63.3947	100	1
1527815450.343395000	63.674	404	1
1527815450.343490000	63.6741	263	1
1527815450.361386000	63.692	89	0
1527815450.474779000	63.8054	232	0
1527815450.475779000	63.8064	103	1
1527815450.476222000	63.8068	148	0
1527815450.477201000	63.8078	100	1
1527815450.480120000	63.8107	92	0
1527815450.481123000	63.8117	100	1
1527815450.481583000	63.8122	169	0
1527815450.482272000	63.8129	100	1
1527815450.678716000	64.0093	976	1
1527815450.678795000	64.0094	258	1
1527815450.699179000	64.0298	89	0
1527815451.005149000	64.3357	233	0
1527815451.006169000	64.3368	103	1
1527815451.006597000	64.3372	148	0
1527815451.007156000	64.3377	100	1
1527815451.012177000	64.3428	92	0
1527815451.013201000	64.3438	100	1
1527815451.013653000	64.3442	143	0
1527815451.014167000	64.3447	100	1
1527815451.119852000	64.4504	396	1
1527815451.119933000	64.4505	262	1
1527815451.137944000	64.4685	89	0
1527815451.457401000	64.788	258	0
1527815451.458449000	64.789	103	1
1527815451.458879000	64.7895	148	0
1527815451.459200000	64.7898	100	1
1527815451.461633000	64.7922	92	0
1527815451.462245000	64.7928	100	1
1527815451.463315000	64.7939	104	0
1527815451.464160000	64.7947	100	1
1527815451.609173000	64.9398	393	1
1527815451.609264000	64.9398	263	1
1527815451.627449000	64.958	89	0
1527815451.936090000	65.2667	298	0
1527815451.937193000	65.2678	103	1
1527815451.937514000	65.2681	148	0
1527815451.938185000	65.2688	100	1
1527815451.940155000	65.2707	92	0
1527815451.941199000	65.2718	100	1
1527815451.942056000	65.2726	189	0
1527815451.943193000	65.2738	100	1
1527815452.144070000	65.4747	394	1
1527815452.144172000	65.4748	259	1
1527815452.162049000	65.4926	89	0
1527815452.184005000	65.5146	89	0
1527815452.498172000	65.8288	301	0
1527815452.499322000	65.8299	106	1
1527815452.499741000	65.8303	148	0
1527815452.500208000	65.8308	100	1
1527815452.502363000	65.8329	92	0
1527815452.503221000	65.8338	100	1
1527815452.503834000	65.8344	338	0
1527815452.504488000	65.8351	100	1
1527815452.563672000	65.8943	395	1
1527815452.563765000	65.8943	265	1
1527815452.581208000	65.9118	89	0
1527815452.936422000	66.267	233	0
1527815452.937475000	66.2681	103	1
1527815452.937923000	66.2685	148	0
1527815452.938299000	66.2689	100	1
1527815452.940760000	66.2713	92	0
1527815452.941312000	66.2719	100	1
1527815452.942227000	66.2728	136	0
1527815452.943243000	66.2738	100	1
1527815453.033377000	66.364	396	1
1527815453.033445000	66.364	261	1
1527815453.050599000	66.3812	89	0
1527815453.188862000	66.5194	305	1
1527815453.188926000	66.5195	1412	1
1527815453.188977000	66.5196	1412	1
1527815453.189037000	66.5196	1412	1
1527815453.189076000	66.5197	1053	1
1527815453.207715000	66.5383	89	0
1527815453.219703000	66.5503	89	0
1527815453.314636000	66.6452	415	0
1527815453.315631000	66.6462	109	1
1527815453.320896000	66.6515	80	0
1527815453.321480000	66.6521	100	1
1527815453.355201000	66.6858	274	0
1527815453.356347000	66.6869	100	1
1527815453.356661000	66.6872	148	0
1527815453.357339000	66.6879	100	1
1527815453.359799000	66.6904	92	0
1527815453.360335000	66.6909	100	1
1527815453.361275000	66.6919	339	0
1527815453.362283000	66.6929	100	1
1527815453.513896000	66.8445	396	1
1527815453.513958000	66.8445	266	1
1527815453.533097000	66.8637	89	0
1527815453.856139000	67.1867	236	0
1527815453.857385000	67.188	103	1
1527815453.860566000	67.1911	148	0
1527815453.861362000	67.1919	100	1
1527815453.862006000	67.1926	92	0
1527815453.862361000	67.1929	100	1
1527815453.863389000	67.194	254	0
1527815453.864291000	67.1949	100	1
1527815453.967354000	67.2979	391	1
1527815453.967430000	67.298	258	1
1527815453.987322000	67.3179	89	0
1527815454.094718000	67.4253	287	0
1527815454.095525000	67.4261	103	1
1527815454.096175000	67.4268	148	0
1527815454.097375000	67.428	100	1
1527815454.099380000	67.43	92	0
1527815454.100372000	67.431	100	1
1527815454.100907000	67.4315	274	0
1527815454.101394000	67.432	100	1
1527815455.463512000	68.7941	391	1
1527815455.463582000	68.7942	262	1
1527815455.481416000	68.812	89	0
1527815455.593841000	68.9244	256	0
1527815455.594859000	68.9254	103	1
1527815455.595347000	68.9259	148	0
1527815455.595748000	68.9263	100	1
1527815455.597814000	68.9284	92	0
1527815455.598835000	68.9294	100	1
1527815455.599332000	68.9299	168	0
1527815455.599831000	68.9304	100	1
1527815455.704142000	69.0347	993	1
1527815455.704203000	69.0348	258	1
1527815455.723609000	69.0542	89	0
1527815455.830313000	69.1609	348	0
1527815455.831153000	69.1617	103	1
1527815455.831773000	69.1624	148	0
1527815455.832852000	69.1634	100	1
1527815455.836163000	69.1667	92	0
1527815455.836857000	69.1674	100	1
1527815455.837629000	69.1682	112	0
1527815455.838781000	69.1694	100	1
1527815456.180378000	69.511	408	1
1527815456.180440000	69.511	264	1
1527815456.190740000	69.5213	888	1
1527815456.190832000	69.5214	1412	1
1527815456.190858000	69.5214	1412	1
1527815456.190892000	69.5215	1412	1
1527815456.190942000	69.5215	1412	1
1527815456.190964000	69.5215	1412	1
1527815456.190998000	69.5216	1412	1
1527815456.191032000	69.5216	1412	1
1527815456.191074000	69.5217	1412	1
1527815456.191109000	69.5217	1412	1
1527815456.191142000	69.5217	1412	1
1527815456.191180000	69.5218	1412	1
1527815456.192817000	69.5234	1412	1
1527815456.192844000	69.5234	1412	1
1527815456.192863000	69.5234	133	1
1527815456.197900000	69.5285	89	0
1527815456.208828000	69.5394	89	0
1527815456.212273000	69.5429	89	0
1527815456.215379000	69.546	89	0
1527815456.233024000	69.5636	90	0
1527815456.233880000	69.5645	112	1
1527815456.307864000	69.6384	255	0
1527815456.308813000	69.6394	100	1
1527815456.309387000	69.64	148	0
1527815456.309809000	69.6404	100	1
1527815456.312037000	69.6426	92	0
1527815456.312876000	69.6435	100	1
1527815456.313467000	69.644	235	0
1527815456.313928000	69.6445	100	1
1527815456.375858000	69.7064	385	0
1527815456.376893000	69.7075	100	1
1527815456.381463000	69.712	80	0
1527815456.381993000	69.7126	100	1
1527815456.975416000	70.306	396	1
1527815456.975512000	70.3061	260	1
1527815457.009964000	70.3405	396	1
1527815457.021143000	70.3517	89	0
1527815457.030398000	70.361	89	0
1527815457.372758000	70.7033	259	0
1527815457.373870000	70.7045	106	1
1527815457.374204000	70.7048	148	0
1527815457.374870000	70.7055	100	1
1527815457.376929000	70.7075	92	0
1527815457.377937000	70.7085	100	1
1527815457.378407000	70.709	282	0
1527815457.378914000	70.7095	100	1
1527815457.554639000	70.8852	393	1
1527815457.554714000	70.8853	266	1
1527815457.572886000	70.9035	89	0
1527815457.696406000	71.027	301	0
1527815457.697549000	71.0281	103	1
1527815457.700443000	71.031	148	0
1527815457.700921000	71.0315	100	1
1527815457.708384000	71.039	92	0
1527815457.708960000	71.0395	100	1
1527815457.710778000	71.0414	156	0
1527815457.711894000	71.0425	100	1
1527815458.024660000	71.3552	396	1
1527815458.024772000	71.3554	262	1
1527815458.044413000	71.375	89	0
1527815458.169919000	71.5005	301	0
1527815458.170958000	71.5015	103	1
1527815458.171358000	71.5019	148	0
1527815458.171917000	71.5025	100	1
1527815458.176233000	71.5068	92	0
1527815458.176983000	71.5076	100	1
1527815458.177690000	71.5083	236	0
1527815458.178186000	71.5088	100	1
1527815458.435168000	71.7657	391	1
1527815458.435260000	71.7658	260	1
1527815458.452439000	71.783	89	0
1527815458.783415000	72.114	233	0
1527815458.784488000	72.1151	103	1
1527815458.784918000	72.1155	148	0
1527815458.786019000	72.1166	100	1
1527815458.789902000	72.1205	92	0
1527815458.791024000	72.1216	100	1
1527815458.791367000	72.1219	246	0
1527815458.791937000	72.1225	100	1
1527815458.984573000	72.3152	391	1
1527815458.984661000	72.3152	266	1
1527815459.002856000	72.3334	89	0
1527815459.142596000	72.4732	256	0
1527815459.143616000	72.4742	103	1
1527815459.144029000	72.4746	148	0
1527815459.144980000	72.4756	100	1
1527815459.148299000	72.4789	92	0
1527815459.148960000	72.4795	100	1
1527815459.149825000	72.4804	339	0
1527815459.151014000	72.4816	100	1
1527815459.424369000	72.755	396	1
1527815459.424428000	72.755	265	1
1527815459.442721000	72.7733	89	0
1527815459.451001000	72.7816	89	0
1527815459.560284000	72.8909	235	0
1527815459.561220000	72.8918	106	1
1527815459.561753000	72.8923	148	0
1527815459.562093000	72.8927	100	1
1527815459.566717000	72.8973	92	0
1527815459.566996000	72.8976	100	1
1527815459.568182000	72.8988	259	0
1527815459.568994000	72.8996	100	1
1527815460.465959000	73.7965	392	1
1527815460.466033000	73.7966	264	1
1527815460.503218000	73.8338	392	1
1527815460.516652000	73.8472	89	0
1527815460.521804000	73.8524	89	0
1527815460.650423000	73.981	282	0
1527815460.651473000	73.9821	106	1
1527815460.651936000	73.9825	148	0
1527815460.653128000	73.9837	100	1
1527815460.653363000	73.9839	92	0
1527815460.654123000	73.9847	100	1
1527815460.656291000	73.9869	306	0
1527815460.657058000	73.9876	100	1
1527815460.744364000	74.0749	394	1
1527815460.744460000	74.075	258	1
1527815460.762385000	74.093	89	0
1527815460.875260000	74.2058	239	0
1527815460.876432000	74.207	103	1
1527815460.876637000	74.2072	148	0
1527815460.877062000	74.2076	100	1
1527815460.881099000	74.2117	92	0
1527815460.882139000	74.2127	100	1
1527815460.882497000	74.2131	143	0
1527815460.883080000	74.2137	100	1
1527815461.021250000	74.3518	393	1
1527815461.021329000	74.3519	262	1
1527815461.038795000	74.3694	89	0
1527815461.160139000	74.4907	288	0
1527815461.161146000	74.4917	103	1
1527815461.161596000	74.4922	148	0
1527815461.162084000	74.4927	100	1
1527815461.163928000	74.4945	92	0
1527815461.164080000	74.4947	100	1
1527815461.183935000	74.5145	269	0
1527815461.185082000	74.5157	100	1
1527815461.446008000	74.7766	996	1
1527815461.446068000	74.7766	269	1
1527815461.465050000	74.7956	89	0
1527815461.577163000	74.9077	233	0
1527815461.578163000	74.9087	103	1
1527815461.578621000	74.9092	148	0
1527815461.579139000	74.9097	100	1
1527815461.582615000	74.9132	92	0
1527815461.583177000	74.9138	100	1
1527815461.584071000	74.9147	110	0
1527815461.585117000	74.9157	100	1
1527815461.883334000	75.2139	404	1
1527815461.883416000	75.214	258	1
1527815461.908335000	75.2389	89	0
1527815461.913796000	75.2444	89	0
1527815462.064005000	75.3946	374	0
1527815462.065225000	75.3958	106	1
1527815462.065470000	75.3961	148	0
1527815462.066206000	75.3968	100	1
1527815462.069889000	75.4005	92	0
1527815462.070163000	75.4007	100	1
1527815462.071356000	75.4019	151	0
1527815462.072130000	75.4027	100	1
1527815462.323619000	75.6542	398	1
1527815462.323690000	75.6543	261	1
1527815462.341779000	75.6724	89	0
1527815462.458201000	75.7888	233	0
1527815462.459167000	75.7897	103	1
1527815462.459693000	75.7903	148	0
1527815462.460157000	75.7907	100	1
1527815462.464368000	75.7949	92	0
1527815462.465156000	75.7957	100	1
1527815462.465845000	75.7964	145	0
1527815462.466272000	75.7969	100	1
1527815462.742825000	76.0734	978	1
1527815462.742915000	76.0735	266	1
1527815462.760978000	76.0916	89	0
1527815462.867838000	76.1984	235	0
1527815462.869256000	76.1998	148	0
1527815462.869336000	76.1999	103	1
1527815462.870254000	76.2008	100	1
1527815462.872009000	76.2026	92	0
1527815462.872235000	76.2028	100	1
1527815462.873423000	76.204	243	0
1527815462.874163000	76.2047	100	1
1527815462.983389000	76.314	393	1
1527815462.983488000	76.3141	261	1
1527815463.001544000	76.3321	89	0
1527815463.138478000	76.4691	255	0
1527815463.139338000	76.4699	103	1
1527815463.140025000	76.4706	148	0
1527815463.141268000	76.4718	100	1
1527815463.142386000	76.473	92	0
1527815463.143288000	76.4739	100	1
1527815463.143861000	76.4744	115	0
1527815463.144327000	76.4749	100	1
1527815463.353894000	76.6845	394	1
1527815463.353955000	76.6845	260	1
1527815463.372405000	76.703	89	0
1527815463.507630000	76.8382	233	0
1527815463.508807000	76.8394	103	1
1527815463.509146000	76.8397	148	0
1527815463.510293000	76.8409	100	1
1527815463.513269000	76.8438	92	0
1527815463.514288000	76.8449	100	1
1527815463.514716000	76.8453	118	0
1527815463.515220000	76.8458	100	1
1527815463.632814000	76.9634	392	1
1527815463.632907000	76.9635	261	1
1527815463.652288000	76.9829	89	0
1527815463.785934000	77.1165	235	0
1527815463.787293000	77.1179	148	0
1527815463.787388000	77.118	103	1
1527815463.788306000	77.1189	100	1
1527815463.801726000	77.1323	92	0
1527815463.802315000	77.1329	100	1
1527815463.803258000	77.1338	253	0
1527815463.804262000	77.1348	100	1
1527815463.827483000	77.1581	92	0
1527815463.828327000	77.1589	100	1
1527815463.895743000	77.2263	392	1
1527815463.895836000	77.2264	266	1
1527815463.914892000	77.2455	89	0
1527815464.029153000	77.3597	299	0
1527815464.030264000	77.3608	103	1
1527815464.030659000	77.3612	148	0
1527815464.031232000	77.3618	100	1
1527815464.034836000	77.3654	92	0
1527815464.035323000	77.3659	100	1
1527815464.036297000	77.3669	340	0
1527815464.037248000	77.3678	100	1
1527815464.137845000	77.4684	392	1
1527815464.137904000	77.4685	260	1
1527815464.173332000	77.5039	392	1
1527815464.177381000	77.508	89	0
1527815464.191638000	77.5222	89	0
1527815464.301823000	77.6324	302	0
1527815464.302763000	77.6333	106	1
1527815464.303253000	77.6338	148	0
1527815464.304281000	77.6349	100	1
1527815464.306748000	77.6373	92	0
1527815464.307269000	77.6379	100	1
1527815464.308221000	77.6388	247	0
1527815464.309266000	77.6398	100	1
1527815464.547480000	77.8781	392	1
1527815464.547577000	77.8782	261	1
1527815464.565873000	77.8965	89	0
1527815464.695773000	78.0264	235	0
1527815464.696810000	78.0274	103	1
1527815464.699809000	78.0304	148	0
1527815464.700324000	78.0309	100	1
1527815464.701244000	78.0318	92	0
1527815464.702387000	78.033	100	1
1527815464.702678000	78.0333	129	0
1527815464.703277000	78.0339	100	1
1527815465.027915000	78.3585	397	1
1527815465.027979000	78.3586	262	1
1527815465.044963000	78.3755	89	0
1527815465.361886000	78.6925	256	0
1527815465.362871000	78.6935	103	1
1527815465.363343000	78.6939	148	0
1527815465.364414000	78.695	100	1
1527815465.367518000	78.6981	92	0
1527815465.368398000	78.699	100	1
1527815465.369052000	78.6996	322	0
1527815465.369543000	78.7001	100	1
1527815467.543255000	80.8738	395	1
1527815467.543352000	80.8739	259	1
1527815467.561038000	80.8916	89	0
1527815467.701656000	81.0322	256	0
1527815467.702675000	81.0333	103	1
1527815467.703096000	81.0337	148	0
1527815467.703629000	81.0342	100	1
1527815467.707687000	81.0383	92	0
1527815467.708711000	81.0393	100	1
1527815467.709226000	81.0398	335	0
1527815467.709720000	81.0403	100	1
1527815467.981920000	81.3125	993	1
1527815467.981977000	81.3126	261	1
1527815467.999439000	81.33	89	0
1527815468.131334000	81.4619	289	0
1527815468.132708000	81.4633	148	0
1527815468.132807000	81.4634	103	1
1527815468.133730000	81.4643	100	1
1527815468.135325000	81.4659	92	0
1527815468.135646000	81.4662	100	1
1527815468.136804000	81.4674	326	0
1527815468.137677000	81.4683	100	1
1527815468.255586000	81.5862	409	1
1527815468.255661000	81.5862	263	1
1527815468.275841000	81.6064	89	0
1527815468.394056000	81.7246	264	0
1527815468.395140000	81.7257	103	1
1527815468.395422000	81.726	148	0
1527815468.395703000	81.7263	100	1
1527815468.398712000	81.7293	92	0
1527815468.399746000	81.7303	100	1
1527815468.400233000	81.7308	338	0
1527815468.400721000	81.7313	100	1
1527815468.522104000	81.8527	391	1
1527815468.522166000	81.8527	263	1
1527815468.537207000	81.8678	102	0
1527815468.537756000	81.8683	100	1
1527815468.540384000	81.871	89	0
1527815468.658863000	81.9894	235	0
1527815468.659832000	81.9904	103	1
1527815468.660371000	81.991	148	0
1527815468.660866000	81.9914	100	1
1527815468.662598000	81.9932	92	0
1527815468.663758000	81.9943	100	1
1527815468.664061000	81.9946	93	0
1527815468.664678000	81.9953	100	1
1527815468.952742000	82.2833	979	1
1527815468.952893000	82.2835	271	1
1527815468.972104000	82.3027	89	0
1527815469.106694000	82.4373	258	0
1527815469.107736000	82.4383	103	1
1527815469.108154000	82.4387	148	0
1527815469.108708000	82.4393	100	1
1527815469.112531000	82.4431	92	0
1527815469.112708000	82.4433	100	1
1527815469.114009000	82.4446	110	0
1527815469.114715000	82.4453	100	1
1527815469.432242000	82.7628	397	1
1527815469.432335000	82.7629	270	1
1527815469.449970000	82.7806	89	0
1527815469.455616000	82.7862	89	0
1527815469.582597000	82.9132	350	0
1527815469.583762000	82.9143	106	1
1527815469.583984000	82.9146	148	0
1527815469.584829000	82.9154	100	1
1527815469.587329000	82.9179	92	0
1527815469.587813000	82.9184	100	1
1527815469.588778000	82.9194	122	0
1527815469.589745000	82.9203	100	1
1527815469.682174000	83.0128	392	1
1527815469.682269000	83.0129	262	1
1527815469.700914000	83.0315	89	0
1527815469.838532000	83.1691	235	0
1527815469.839761000	83.1703	103	1
1527815469.840060000	83.1706	148	0
1527815469.840756000	83.1713	100	1
1527815469.843013000	83.1736	92	0
1527815469.843825000	83.1744	100	1
1527815469.844428000	83.175	243	0
1527815469.844915000	83.1755	100	1
1527815470.073164000	83.4037	393	1
1527815470.073257000	83.4038	263	1
1527815470.090827000	83.4214	89	0
1527815470.208337000	83.5389	259	0
1527815470.209325000	83.5399	103	1
1527815470.209828000	83.5404	148	0
1527815470.210869000	83.5415	100	1
1527815470.213177000	83.5438	92	0
1527815470.213864000	83.5444	100	1
1527815470.214637000	83.5452	102	0
1527815470.215785000	83.5464	100	1
1527815470.506150000	83.8367	397	1
1527815470.506243000	83.8368	264	1
1527815470.523915000	83.8545	89	0
1527815470.632230000	83.9628	235	0
1527815470.633245000	83.9638	103	1
1527815470.633677000	83.9643	148	0
1527815470.634877000	83.9655	100	1
1527815470.635103000	83.9657	92	0
1527815470.635873000	83.9665	100	1
1527815470.636544000	83.9671	329	0
1527815470.637020000	83.9676	100	1
1527815470.725139000	84.0557	393	1
1527815470.725205000	84.0558	259	1
1527815470.742495000	84.0731	89	0
1527815470.873170000	84.2038	235	0
1527815470.874220000	84.2048	103	1
1527815470.874617000	84.2052	148	0
1527815470.874966000	84.2055	100	1
1527815470.877285000	84.2079	92	0
1527815470.877807000	84.2084	100	1
1527815470.878751000	84.2093	331	0
1527815470.879801000	84.2104	100	1
1527815471.031804000	84.3624	393	1
1527815471.031877000	84.3625	262	1
1527815471.050523000	84.3811	89	0
1527815471.347229000	84.6778	322	0
1527815471.348274000	84.6789	103	1
1527815471.348672000	84.6793	148	0
1527815471.349936000	84.6805	100	1
1527815471.351096000	84.6817	92	0
1527815471.351932000	84.6825	100	1
1527815471.352540000	84.6831	214	0
1527815471.353041000	84.6836	100	1
1527815471.461675000	84.7923	392	1
1527815471.461768000	84.7923	271	1
1527815471.479608000	84.8102	89	0
1527815471.589379000	84.92	233	0
1527815471.590424000	84.921	103	1
1527815471.590881000	84.9215	148	0
1527815471.591929000	84.9225	100	1
1527815471.594887000	84.9255	92	0
1527815471.595929000	84.9265	100	1
1527815471.596323000	84.9269	273	0
1527815471.596857000	84.9274	100	1
1527815471.695720000	85.0263	394	1
1527815471.695814000	85.0264	267	1
1527815471.714149000	85.0447	89	0
1527815471.841953000	85.1725	281	0
1527815471.842910000	85.1735	103	1
1527815471.843371000	85.174	148	0
1527815471.843858000	85.1744	100	1
1527815471.845907000	85.1765	92	0
1527815471.846879000	85.1775	100	1
1527815471.847371000	85.178	147	0
1527815471.847894000	85.1785	100	1
1527815471.917296000	85.2479	998	1
1527815471.917386000	85.248	260	1
1527815471.937339000	85.2679	89	0
1527815472.248688000	85.5793	255	0
1527815472.249923000	85.5805	103	1
1527815472.250120000	85.5807	148	0
1527815472.250967000	85.5815	100	1
1527815472.256158000	85.5867	92	0
1527815472.256965000	85.5875	100	1
1527815472.257624000	85.5882	198	0
1527815472.258082000	85.5887	100	1
1527815472.390838000	85.7214	407	1
1527815472.390938000	85.7215	265	1
1527815472.409246000	85.7398	89	0
1527815472.539473000	85.8701	235	0
1527815472.540434000	85.871	103	1
1527815472.540963000	85.8715	148	0
1527815472.541987000	85.8726	100	1
1527815472.545941000	85.8765	92	0
1527815472.546981000	85.8776	100	1
1527815472.547390000	85.878	277	0
1527815472.547912000	85.8785	100	1
1527815472.810394000	86.141	392	1
1527815472.810442000	86.141	270	1
1527815472.827598000	86.1582	89	0
1527815472.945701000	86.2763	232	0
1527815472.946984000	86.2776	103	1
1527815472.947101000	86.2777	148	0
1527815472.948009000	86.2786	100	1
1527815472.951713000	86.2823	92	0
1527815472.951973000	86.2826	100	1
1527815472.953173000	86.2838	270	0
1527815472.953930000	86.2845	100	1
1527815473.219855000	86.5504	977	1
1527815473.219910000	86.5505	266	1
1527815473.238630000	86.5692	89	0
1527815473.353673000	86.6843	289	0
1527815473.355022000	86.6856	148	0
1527815473.355117000	86.6857	103	1
1527815473.356030000	86.6866	100	1
1527815473.358027000	86.6886	92	0
1527815473.359027000	86.6896	100	1
1527815473.359635000	86.6902	304	0
1527815473.360118000	86.6907	100	1
1527815473.654739000	86.9853	397	1
1527815473.654815000	86.9854	262	1
1527815473.672155000	87.0027	89	0
1527815473.986001000	87.3166	264	0
1527815473.987004000	87.3176	103	1
1527815473.987442000	87.318	148	0
1527815473.987978000	87.3186	100	1
1527815473.989763000	87.3203	92	0
1527815473.989983000	87.3206	100	1
1527815473.991255000	87.3218	207	0
1527815473.992002000	87.3226	100	1
1527815474.100534000	87.4311	395	1
1527815474.100611000	87.4312	271	1
1527815474.117917000	87.4485	89	0
1527815474.245500000	87.5761	256	0
1527815474.246392000	87.577	103	1
1527815474.246943000	87.5775	148	0
1527815474.248000000	87.5786	100	1
1527815474.250706000	87.5813	92	0
1527815474.251016000	87.5816	100	1
1527815474.253595000	87.5842	214	0
1527815474.254067000	87.5846	100	1
1527815474.343004000	87.6736	395	1
1527815474.343105000	87.6737	264	1
1527815474.361395000	87.692	89	0
1527815474.498663000	87.8292	233	0
1527815474.499682000	87.8303	103	1
1527815474.500163000	87.8307	148	0
1527815474.501013000	87.8316	100	1
1527815474.503617000	87.8342	92	0
1527815474.504011000	87.8346	100	1
1527815474.505142000	87.8357	273	0
1527815474.506044000	87.8366	100	1
1527815474.592611000	87.9232	391	1
1527815474.592699000	87.9233	264	1
1527815474.610712000	87.9413	89	0
1527815474.914182000	88.2448	348	0
1527815474.915283000	88.2459	103	1
1527815474.915661000	88.2462	148	0
1527815474.916076000	88.2467	100	1
1527815474.919805000	88.2504	92	0
1527815474.920043000	88.2506	100	1
1527815474.921267000	88.2518	149	0
1527815474.922031000	88.2526	100	1
1527815475.019653000	88.3502	395	1
1527815475.019729000	88.3503	268	1
1527815475.036900000	88.3675	89	0
1527815475.158424000	88.489	254	0
1527815475.159428000	88.49	103	1
1527815475.159901000	88.4905	148	0
1527815475.161053000	88.4916	100	1
1527815475.164095000	88.4947	92	0
1527815475.165063000	88.4956	100	1
1527815475.165555000	88.4961	244	0
1527815475.166135000	88.4967	100	1
1527815475.237542000	88.5681	394	1
1527815475.237633000	88.5682	263	1
1527815475.255853000	88.5864	89	0
1527815475.372782000	88.7034	232	0
1527815475.374141000	88.7047	148	0
1527815475.374213000	88.7048	103	1
1527815475.375146000	88.7057	100	1
1527815475.377926000	88.7085	92	0
1527815475.379144000	88.7097	100	1
1527815475.380879000	88.7115	286	0
1527815475.382152000	88.7127	100	1
1527815475.861144000	89.1917	391	1
1527815475.861232000	89.1918	263	1
1527815475.878662000	89.2092	89	0
1527815475.995907000	89.3265	233	0
1527815475.997126000	89.3277	103	1
1527815475.997335000	89.3279	148	0
1527815475.998108000	89.3287	100	1
1527815476.001478000	89.3321	92	0
1527815476.002106000	89.3327	100	1
1527815476.002940000	89.3335	141	0
1527815476.003347000	89.3339	100	1
1527815476.088343000	89.4189	993	1
1527815476.088438000	89.419	264	1
1527815476.106040000	89.4366	89	0
1527815476.227430000	89.558	256	0
1527815476.228337000	89.5589	103	1
1527815476.228871000	89.5595	148	0
1527815476.229102000	89.5597	100	1
1527815476.233543000	89.5641	92	0
1527815476.234122000	89.5647	100	1
1527815476.235006000	89.5656	289	0
1527815476.236118000	89.5667	100	1
1527815476.286625000	89.6172	407	1
1527815476.286700000	89.6173	265	1
1527815476.306124000	89.6367	89	0
1527815476.428519000	89.7591	299	0
1527815476.429519000	89.7601	103	1
1527815476.430021000	89.7606	148	0
1527815476.431125000	89.7617	100	1
1527815476.434621000	89.7652	92	0
1527815476.435130000	89.7657	100	1
1527815476.436074000	89.7667	99	0
1527815476.437132000	89.7677	100	1
1527815476.501234000	89.8318	396	1
1527815476.501312000	89.8319	270	1
1527815476.529528000	89.8601	89	0
1527815476.668989000	89.9996	232	0
1527815476.670150000	90.0007	103	1
1527815476.670492000	90.0011	148	0
1527815476.671137000	90.0017	100	1
1527815476.675994000	90.0066	92	0
1527815476.676181000	90.0068	100	1
1527815476.677478000	90.0081	177	0
1527815476.678139000	90.0087	100	1
1527815476.799762000	90.1303	972	1
1527815476.799855000	90.1304	264	1
1527815476.818996000	90.1496	89	0
1527815476.824908000	90.1555	89	0
1527815476.948518000	90.2791	279	0
1527815476.949567000	90.2801	106	1
1527815476.950073000	90.2807	148	0
1527815476.951242000	90.2818	100	1
1527815476.954180000	90.2848	92	0
1527815476.955238000	90.2858	100	1
1527815476.955617000	90.2862	196	0
1527815476.956196000	90.2868	100	1
1527815477.016749000	90.3473	396	1
1527815477.016810000	90.3474	261	1
1527815477.034874000	90.3655	89	0
1527815477.167330000	90.4979	256	0
1527815477.168386000	90.499	103	1
1527815477.168764000	90.4993	148	0
1527815477.170177000	90.5008	100	1
1527815477.172318000	90.5029	92	0
1527815477.173267000	90.5038	100	1
1527815477.173834000	90.5044	280	0
1527815477.174414000	90.505	100	1
1527815477.475603000	90.8062	395	1
1527815477.475681000	90.8063	267	1
1527815477.493390000	90.824	89	0
1527815477.654729000	90.9853	232	0
1527815477.655702000	90.9863	103	1
1527815477.656186000	90.9868	148	0
1527815477.657278000	90.9879	100	1
1527815477.659828000	90.9904	92	0
1527815477.660274000	90.9909	100	1
1527815477.661264000	90.9918	196	0
1527815477.662206000	90.9928	100	1
1527815478.023426000	91.354	391	1
1527815478.023502000	91.3541	261	1
1527815478.041070000	91.3717	89	0
1527815478.157620000	91.4882	259	0
1527815478.158649000	91.4892	103	1
1527815478.159112000	91.4897	148	0
1527815478.160310000	91.4909	100	1
1527815478.161626000	91.4922	92	0
1527815478.162308000	91.4929	100	1
1527815478.163072000	91.4937	199	0
1527815478.163519000	91.4941	100	1
1527815478.271025000	91.6016	394	1
1527815478.271114000	91.6017	261	1
1527815478.288652000	91.6192	89	0
1527815478.406256000	91.7368	266	0
1527815478.407258000	91.7378	103	1
1527815478.407731000	91.7383	148	0
1527815478.408237000	91.7388	100	1
1527815478.410571000	91.7412	92	0
1527815478.411261000	91.7418	100	1
1527815478.412039000	91.7426	215	0
1527815478.412503000	91.7431	100	1
1527815478.712515000	92.0431	372	1
1527815478.712611000	92.0432	1412	1
1527815478.712637000	92.0432	1412	1
1527815478.712678000	92.0433	1412	1
1527815478.712700000	92.0433	842	1
1527815478.731946000	92.0625	89	0
1527815479.031735000	92.3623	389	0
1527815479.032625000	92.3632	103	1
1527815479.037939000	92.3685	80	0
1527815479.038445000	92.369	100	1
1527815482.036364000	95.3669	396	1
1527815482.036453000	95.367	264	1
1527815482.054845000	95.3854	89	0
1527815482.161275000	95.4919	288	0
1527815482.162153000	95.4927	103	1
1527815482.162708000	95.4933	148	0
1527815482.163733000	95.4943	100	1
1527815482.166211000	95.4968	92	0
1527815482.166750000	95.4973	100	1
1527815482.167678000	95.4983	143	0
1527815482.168666000	95.4992	100	1
1527815482.491665000	95.8222	392	1
1527815482.491764000	95.8223	264	1
1527815482.508858000	95.8394	89	0
1527815482.620008000	95.9506	348	0
1527815482.621053000	95.9516	103	1
1527815482.621397000	95.952	148	0
1527815482.621770000	95.9524	100	1
1527815482.624144000	95.9547	92	0
1527815482.624758000	95.9553	100	1
1527815482.625607000	95.9562	126	0
1527815482.626689000	95.9573	100	1
1527815482.717022000	96.0476	997	1
1527815482.717111000	96.0477	260	1
1527815482.735233000	96.0658	89	0
1527815482.852391000	96.183	235	0
1527815482.853247000	96.1838	103	1
1527815482.853850000	96.1844	148	0
1527815482.854772000	96.1854	100	1
1527815482.858052000	96.1886	92	0
1527815482.858770000	96.1894	100	1
1527815482.859563000	96.1901	227	0
1527815482.860702000	96.1913	100	1
1527815485.139121000	98.4697	403	1
1527815485.139189000	98.4698	264	1
1527815485.159053000	98.4896	89	0
1527815485.277408000	98.608	256	0
1527815485.278509000	98.6091	103	1
1527815485.278835000	98.6094	148	0
1527815485.279428000	98.61	100	1
1527815485.281120000	98.6117	92	0
1527815485.281431000	98.612	100	1
1527815485.282521000	98.6131	318	0
1527815485.283449000	98.614	100	1
1527815485.359636000	98.6902	395	1
1527815485.359724000	98.6903	265	1
1527815485.378752000	98.7093	89	0
1527815485.503209000	98.8338	233	0
1527815485.504469000	98.835	103	1
1527815485.504646000	98.8352	148	0
1527815485.505430000	98.836	100	1
1527815485.506301000	98.8369	92	0
1527815485.507484000	98.8381	100	1
1527815485.507751000	98.8383	172	0
1527815485.508434000	98.839	100	1
1527815485.701109000	99.0317	392	1
1527815485.701185000	99.0318	265	1
1527815485.719350000	99.0499	89	0
1527815486.040497000	99.3711	232	0
1527815486.041524000	99.3721	103	1
1527815486.041985000	99.3726	148	0
1527815486.042465000	99.373	100	1
1527815486.044222000	99.3748	92	0
1527815486.044488000	99.3751	100	1
1527815486.045685000	99.3763	97	0
1527815486.046469000	99.377	100	1
1527815486.125455000	99.456	976	1
1527815486.125609000	99.4562	272	1
1527815486.144381000	99.475	89	0
1527815486.297673000	99.6283	325	0
1527815486.298573000	99.6292	103	1
1527815486.299139000	99.6297	148	0
1527815486.299563000	99.6301	100	1
1527815486.302452000	99.633	92	0
1527815486.303500000	99.6341	100	1
1527815486.303907000	99.6345	233	0
1527815486.304505000	99.6351	100	1
1527815486.391737000	99.7223	394	1
1527815486.391811000	99.7224	265	1
1527815486.411458000	99.742	89	0
1527815486.523616000	99.8542	305	1
1527815486.523718000	99.8543	1412	1
1527815486.523758000	99.8543	1412	1
1527815486.523792000	99.8544	1412	1
1527815486.523825000	99.8544	563	1
1527815486.542756000	99.8733	89	0
1527815486.553545000	99.8841	233	0
1527815486.554505000	99.8851	106	1
1527815486.554982000	99.8856	148	0
1527815486.555487000	99.8861	100	1
1527815486.559472000	99.8901	92	0
1527815486.560489000	99.8911	100	1
1527815486.560928000	99.8915	162	0
1527815486.561481000	99.8921	100	1
1527815486.646794000	99.9774	385	0
1527815486.647648000	99.9782	100	1
1527815486.654621000	99.9852	80	0
1527815486.655506000	99.9861	100	1
1527815486.812883000	100.143	392	1
1527815486.812943000	100.144	272	1
1527815486.840322000	100.171	89	0
1527815487.180303000	100.511	302	0
1527815487.181544000	100.512	103	1
1527815487.181750000	100.512	148	0
1527815487.182610000	100.513	100	1
1527815487.186305000	100.517	92	0
1527815487.187622000	100.518	100	1
1527815487.187660000	100.518	202	0
1527815487.188536000	100.519	100	1
1527815487.252173000	100.583	396	1
1527815487.252262000	100.583	262	1
1527815487.270344000	100.601	89	0
1527815487.378908000	100.709	233	0
1527815487.379801000	100.71	103	1
1527815487.380417000	100.711	148	0
1527815487.381551000	100.712	100	1
1527815487.383253000	100.714	92	0
1527815487.383634000	100.714	100	1
1527815487.384663000	100.715	206	0
1527815487.385557000	100.716	100	1
1527815487.581753000	100.912	394	1
1527815487.581829000	100.912	267	1
1527815487.599637000	100.93	89	0
1527815487.969248000	101.3	267	0
1527815487.970200000	101.301	103	1
1527815487.970692000	101.301	148	0
1527815487.971592000	101.302	100	1
1527815487.975471000	101.306	92	0
1527815487.976588000	101.307	100	1
1527815487.976925000	101.308	314	0
1527815487.977566000	101.308	100	1
1527815488.041770000	101.372	397	1
1527815488.041845000	101.372	270	1
1527815488.059656000	101.39	89	0
1527815488.236169000	101.567	258	0
1527815488.237109000	101.568	103	1
1527815488.237609000	101.568	148	0
1527815488.238582000	101.569	100	1
1527815488.240667000	101.571	92	0
1527815488.241678000	101.572	100	1
1527815488.242160000	101.573	149	0
1527815488.242768000	101.573	100	1
1527815488.276039000	101.607	393	1
1527815488.276100000	101.607	265	1
1527815488.294914000	101.625	89	0
1527815488.416680000	101.747	235	0
1527815488.417665000	101.748	103	1
1527815488.418165000	101.749	148	0
1527815488.418646000	101.749	100	1
1527815488.422775000	101.753	92	0
1527815488.423676000	101.754	100	1
1527815488.424237000	101.755	244	0
1527815488.424721000	101.755	100	1
1527815488.504772000	101.835	393	1
1527815488.504866000	101.835	262	1
1527815488.522659000	101.853	89	0
1527815488.653214000	101.984	267	0
1527815488.654231000	101.985	103	1
1527815488.654651000	101.985	148	0
1527815488.655690000	101.986	100	1
1527815488.657899000	101.988	92	0
1527815488.658691000	101.989	100	1
1527815488.659393000	101.99	111	0
1527815488.659851000	101.99	100	1
1527815488.944864000	102.275	998	1
1527815488.944937000	102.276	271	1
1527815488.963500000	102.294	89	0
1527815489.079979000	102.411	371	0
1527815489.081118000	102.412	103	1
1527815489.081438000	102.412	148	0
1527815489.081698000	102.412	100	1
1527815489.086195000	102.417	92	0
1527815489.086645000	102.417	100	1
1527815489.087668000	102.418	132	0
1527815489.088647000	102.419	100	1
1527815489.359859000	102.69	408	1
1527815489.359914000	102.69	274	1
1527815489.378848000	102.709	89	0
1527815489.505422000	102.836	233	0
1527815489.506677000	102.837	103	1
1527815489.506894000	102.837	148	0
1527815489.507651000	102.838	100	1
1527815489.511063000	102.842	92	0
1527815489.511668000	102.842	100	1
1527815489.512505000	102.843	86	0
1527815489.512925000	102.844	100	1
1527815489.768115000	103.099	391	1
1527815489.768190000	103.099	271	1
1527815489.788084000	103.119	89	0
1527815489.931108000	103.262	233	0
1527815489.931990000	103.263	103	1
1527815489.932555000	103.263	148	0
1527815489.932779000	103.263	100	1
1527815489.937429000	103.268	92	0
1527815489.937692000	103.268	100	1
1527815489.938946000	103.27	98	0
1527815489.939690000	103.27	100	1
1527815490.178273000	103.509	978	1
1527815490.178367000	103.509	272	1
1527815490.196719000	103.527	89	0
1527815490.322394000	103.653	258	0
1527815490.323284000	103.654	103	1
1527815490.323838000	103.654	148	0
1527815490.324696000	103.655	100	1
1527815490.325655000	103.656	92	0
1527815490.326694000	103.657	100	1
1527815490.328596000	103.659	296	0
1527815490.328929000	103.66	100	1
1527815490.599935000	103.931	395	1
1527815490.600016000	103.931	269	1
1527815490.619407000	103.95	89	0
1527815490.739307000	104.07	232	0
1527815490.740330000	104.071	103	1
1527815490.740760000	104.071	148	0
1527815490.741816000	104.072	100	1
1527815490.744149000	104.075	92	0
1527815490.744810000	104.075	100	1
1527815490.745615000	104.076	212	0
1527815490.746744000	104.077	100	1
1527815494.820594000	108.151	394	1
1527815494.820683000	108.151	259	1
1527815494.838717000	108.169	89	0
1527815494.960030000	108.291	324	0
1527815494.961024000	108.292	103	1
1527815494.961447000	108.292	148	0
1527815494.961991000	108.293	100	1
1527815494.966041000	108.297	92	0
1527815494.967089000	108.298	100	1
1527815494.967565000	108.298	125	0
1527815494.968088000	108.299	100	1
1527815495.610324000	108.941	396	1
1527815495.610393000	108.941	258	1
1527815495.629913000	108.96	89	0
1527815495.765399000	109.096	258	0
1527815495.766382000	109.097	103	1
1527815495.766914000	109.097	148	0
1527815495.768102000	109.099	100	1
1527815495.772825000	109.103	92	0
1527815495.773099000	109.104	100	1
1527815495.774348000	109.105	139	0
1527815495.775007000	109.106	100	1
1527815496.080582000	109.411	397	1
1527815496.080664000	109.411	260	1
1527815496.099973000	109.431	89	0
1527815496.105280000	109.436	89	0
1527815496.213103000	109.544	256	0
1527815496.214057000	109.545	106	1
1527815496.214630000	109.545	148	0
1527815496.215032000	109.546	100	1
1527815496.217039000	109.548	92	0
1527815496.218137000	109.549	100	1
1527815496.220052000	109.551	281	0
1527815496.221056000	109.552	100	1
1527815496.880495000	110.211	392	1
1527815496.880553000	110.211	259	1
1527815496.899264000	110.23	89	0
1527815497.009507000	110.34	233	0
1527815497.010336000	110.341	103	1
1527815497.011008000	110.342	148	0
1527815497.012170000	110.343	100	1
1527815497.013599000	110.344	92	0
1527815497.014084000	110.345	100	1
1527815497.015039000	110.346	168	0
1527815497.016125000	110.347	100	1
1527815497.221744000	110.552	392	1
1527815497.221811000	110.552	260	1
1527815497.241632000	110.572	89	0
1527815497.352780000	110.683	302	0
1527815497.354169000	110.685	148	0
1527815497.354247000	110.685	103	1
1527815497.355190000	110.686	100	1
1527815497.358229000	110.689	92	0
1527815497.359189000	110.69	100	1
1527815497.359817000	110.69	224	0
1527815497.360310000	110.691	100	1
1527815497.695957000	111.027	396	1
1527815497.696043000	111.027	265	1
1527815497.722837000	111.053	89	0
1527815497.728126000	111.059	89	0
1527815498.033249000	111.364	266	0
1527815498.034289000	111.365	106	1
1527815498.034771000	111.365	148	0
1527815498.035171000	111.366	100	1
1527815498.036197000	111.367	92	0
1527815498.037227000	111.368	100	1
1527815498.039134000	111.37	318	0
1527815498.040163000	111.371	100	1
1527815498.152451000	111.483	994	1
1527815498.152535000	111.483	265	1
1527815498.171608000	111.502	89	0
1527815498.289818000	111.62	259	0
1527815498.290771000	111.621	103	1
1527815498.291225000	111.622	148	0
1527815498.292245000	111.623	100	1
1527815498.295713000	111.626	92	0
1527815498.296243000	111.627	100	1
1527815498.297175000	111.628	260	0
1527815498.298173000	111.629	100	1
1527815498.360324000	111.691	409	1
1527815498.360417000	111.691	262	1
1527815498.378947000	111.71	89	0
1527815498.499184000	111.83	235	0
1527815498.500192000	111.831	103	1
1527815498.500635000	111.831	148	0
1527815498.501178000	111.832	100	1
1527815498.504605000	111.835	92	0
1527815498.505178000	111.836	100	1
1527815498.506066000	111.837	202	0
1527815498.507171000	111.838	100	1
1527815498.571831000	111.902	392	1
1527815498.571923000	111.903	262	1
1527815498.599435000	111.93	89	0
1527815498.715506000	112.046	267	0
1527815498.716414000	112.047	103	1
1527815498.716952000	112.048	148	0
1527815498.717199000	112.048	100	1
1527815498.719959000	112.051	92	0
1527815498.720206000	112.051	100	1
1527815498.721422000	112.052	184	0
1527815498.722183000	112.053	100	1
1527815498.804140000	112.135	978	1
1527815498.804312000	112.135	264	1
1527815498.822332000	112.153	89	0
1527815498.942729000	112.273	326	0
1527815498.943719000	112.274	103	1
1527815498.944188000	112.275	148	0
1527815498.945289000	112.276	100	1
1527815498.947203000	112.278	92	0
1527815498.948280000	112.279	100	1
1527815498.948675000	112.279	320	0
1527815498.949189000	112.28	100	1
1527815499.861147000	113.192	392	1
1527815499.861214000	113.192	262	1
1527815499.879925000	113.211	89	0
1527815500.033824000	113.364	280	0
1527815500.034800000	113.365	103	1
1527815500.035269000	113.366	148	0
1527815500.036343000	113.367	100	1
1527815500.038213000	113.369	92	0
1527815500.039337000	113.37	100	1
1527815500.039741000	113.37	111	0
1527815500.040249000	113.371	100	1
1527815500.355564000	113.686	393	1
1527815500.355644000	113.686	258	1
1527815500.373653000	113.704	89	0
1527815500.487878000	113.818	258	0
1527815500.488904000	113.819	103	1
1527815500.489372000	113.82	148	0
1527815500.490309000	113.821	100	1
1527815500.492455000	113.823	92	0
1527815500.493375000	113.824	100	1
1527815500.495356000	113.826	294	0
1527815500.496301000	113.827	100	1
1527815500.641679000	113.972	393	1
1527815500.641739000	113.972	262	1
1527815500.659866000	113.99	89	0
1527815500.774772000	114.105	235	0
1527815500.775731000	114.106	103	1
1527815500.776229000	114.107	148	0
1527815500.777384000	114.108	100	1
1527815500.777660000	114.108	92	0
1527815500.778396000	114.109	100	1
1527815500.779159000	114.11	288	0
1527815500.780334000	114.111	100	1
1527815501.150059000	114.481	392	1
1527815501.150132000	114.481	260	1
1527815501.168613000	114.499	89	0
1527815501.279744000	114.61	256	0
1527815501.280843000	114.611	103	1
1527815501.281157000	114.612	148	0
1527815501.281432000	114.612	100	1
1527815501.283844000	114.614	92	0
1527815501.284414000	114.615	100	1
1527815501.285376000	114.616	119	0
1527815501.286350000	114.617	100	1
1527815501.470451000	114.801	392	1
1527815501.470518000	114.801	260	1
1527815501.488368000	114.819	89	0
1527815501.622932000	114.954	301	0
1527815501.623933000	114.955	103	1
1527815501.624372000	114.955	148	0
1527815501.625414000	114.956	100	1
1527815501.626680000	114.957	92	0
1527815501.627413000	114.958	100	1
1527815501.628120000	114.959	190	0
1527815501.628575000	114.959	100	1
1527815501.899741000	115.23	393	1
1527815501.899825000	115.23	264	1
1527815501.918917000	115.249	89	0
1527815502.024400000	115.355	233	0
1527815502.025381000	115.356	103	1
1527815502.025868000	115.356	148	0
1527815502.026378000	115.357	100	1
1527815502.028716000	115.359	92	0
1527815502.029410000	115.36	100	1
1527815502.030241000	115.361	125	0
1527815502.031387000	115.362	100	1
1527815502.399879000	115.73	396	1
1527815502.399966000	115.731	261	1
1527815502.418346000	115.749	89	0
1527815502.532795000	115.863	258	0
1527815502.534096000	115.865	103	1
1527815502.534239000	115.865	148	0
1527815502.534495000	115.865	100	1
1527815502.535797000	115.866	92	0
1527815502.536432000	115.867	100	1
1527815502.537240000	115.868	253	0
1527815502.537719000	115.868	100	1
1527815502.695245000	116.026	393	1
1527815502.695334000	116.026	261	1
1527815502.713940000	116.045	89	0
1527815502.822967000	116.154	232	0
1527815502.823920000	116.155	103	1
1527815502.824397000	116.155	148	0
1527815502.825449000	116.156	100	1
1527815502.826654000	116.157	92	0
1527815502.827446000	116.158	100	1
1527815502.828156000	116.159	233	0
1527815502.828600000	116.159	100	1
1527815503.155852000	116.486	391	1
1527815503.155944000	116.487	261	1
1527815503.174236000	116.505	89	0
1527815503.283316000	116.614	256	0
