1527761993.728856000	0	301	1
1527761993.728925000	6.8903e-05	112	1
1527761993.746204000	0.0173478	74	0
1527761993.747553000	0.018697	74	0
1527761993.748902000	0.020046	112	0
1527761993.948816000	0.21996	74	1
1527761994.004724000	0.275868	282	0
1527761994.006128000	0.277272	1294	0
1527761994.006154000	0.277298	74	1
1527761994.007478000	0.278622	1294	0
1527761994.008825000	0.279969	1294	0
1527761994.008854000	0.279998	74	1
1527761994.010179000	0.281323	1294	0
1527761994.011518000	0.282662	798	0
1527761994.011543000	0.282687	74	1
1527761994.012882000	0.284026	1294	0
1527761994.014285000	0.285429	1294	0
1527761994.014306000	0.28545	74	1
1527761994.015686000	0.28683	1294	0
1527761994.017066000	0.28821	409	0
1527761994.017087000	0.288231	74	1
1527761994.018391000	0.289535	1294	0
1527761994.019721000	0.290865	1294	0
1527761994.019742000	0.290886	74	1
1527761994.021115000	0.292259	1200	0
1527761994.022407000	0.293551	1294	0
1527761994.022425000	0.293569	74	1
1527761994.023821000	0.294965	1294	0
1527761994.025227000	0.296371	1294	0
1527761994.025247000	0.296391	74	1
1527761994.026509000	0.297653	674	0
1527761994.045397000	0.316541	1220	0
1527761994.045458000	0.316602	74	1
1527761994.046880000	0.318024	1294	0
1527761994.048234000	0.319378	1294	0
1527761994.048262000	0.319406	74	1
1527761994.049584000	0.320728	1294	0
1527761994.050917000	0.322061	787	0
1527761994.050945000	0.322089	74	1
1527761994.052274000	0.323418	1294	0
1527761994.053615000	0.324759	1294	0
1527761994.053632000	0.324776	74	1
1527761994.055012000	0.326156	577	0
1527761994.056382000	0.327526	1294	0
1527761994.056410000	0.327554	74	1
1527761994.057726000	0.32887	1170	0
1527761994.059083000	0.330227	1294	0
1527761994.059117000	0.330261	74	1
1527761994.060426000	0.33157	1252	0
1527761994.061772000	0.332916	1294	0
1527761994.061801000	0.332945	74	1
1527761994.063117000	0.334261	1294	0
1527761994.064468000	0.335612	1294	0
1527761994.064488000	0.335632	74	1
1527761994.065968000	0.337112	836	0
1527761994.067328000	0.338472	1294	0
1527761994.067345000	0.338489	74	1
1527761994.068656000	0.3398	502	0
1527761994.070025000	0.341169	1294	0
1527761994.070049000	0.341193	74	1
1527761994.071369000	0.342513	1294	0
1527761994.072711000	0.343855	1294	0
1527761994.072727000	0.343871	74	1
1527761994.074050000	0.345194	1022	0
1527761994.075455000	0.346599	1294	0
1527761994.075467000	0.346611	74	1
1527761994.076781000	0.347925	378	0
1527761994.078149000	0.349293	1294	0
1527761994.078163000	0.349307	74	1
1527761994.079493000	0.350637	1294	0
1527761994.080837000	0.351981	1294	0
1527761994.080851000	0.351995	74	1
1527761994.082198000	0.353342	1294	0
1527761994.083519000	0.354663	418	0
1527761994.083531000	0.354675	74	1
1527761994.084933000	0.356077	1294	0
1527761994.086270000	0.357414	1294	0
1527761994.086285000	0.357429	74	1
1527761994.087618000	0.358762	1294	0
1527761994.088952000	0.360096	926	0
1527761994.088966000	0.36011	74	1
1527761994.090298000	0.361442	880	0
1527761994.091636000	0.36278	529	0
1527761994.091649000	0.362793	74	1
1527761994.102303000	0.373447	74	1
1527761994.103953000	0.375097	112	1
1527761994.159518000	0.430662	74	0
1527761994.504840000	0.775984	323	1
1527761994.504942000	0.776086	1434	1
1527761994.504947000	0.776091	896	1
1527761994.513947000	0.785091	338	1
1527761994.521100000	0.792244	74	0
1527761994.522400000	0.793544	74	0
1527761994.527764000	0.798908	74	0
1527761994.679211000	0.950355	419	0
1527761994.680603000	0.951747	104	0
1527761994.680624000	0.951768	74	1
1527761994.681971000	0.953115	112	0
1527761994.709983000	0.981127	112	1
1527761994.724033000	0.995177	74	0
1527761994.826219000	1.09736	222	1
1527761994.840058000	1.1112	74	0
1527761994.881656000	1.1528	282	0
1527761994.883033000	1.15418	1294	0
1527761994.883057000	1.1542	74	1
1527761994.884404000	1.15555	1294	0
1527761994.885876000	1.15702	1294	0
1527761994.885888000	1.15703	74	1
1527761994.887222000	1.15837	1294	0
1527761994.888569000	1.15971	1294	0
1527761994.888578000	1.15972	74	1
1527761994.889931000	1.16107	1294	0
1527761994.891271000	1.16242	792	0
1527761994.891282000	1.16243	74	1
1527761994.892599000	1.16374	240	0
1527761994.893939000	1.16508	357	0
1527761994.893948000	1.16509	74	1
1527761994.895331000	1.16647	112	0
1527761994.907540000	1.17868	112	1
1527761994.918799000	1.18994	74	0
1527761995.066290000	1.33743	425	0
1527761995.067638000	1.33878	1167	0
1527761995.067666000	1.33881	74	1
1527761995.069102000	1.34025	289	0
1527761995.070445000	1.34159	316	0
1527761995.070476000	1.34162	74	1
1527761995.071785000	1.34293	112	0
1527761995.073695000	1.34484	112	1
1527761995.087712000	1.35886	74	0
1527761997.362505000	3.63365	1118	1
1527761997.377439000	3.64858	74	0
1527761997.723981000	3.99512	283	0
1527761997.725410000	3.99655	1294	0
1527761997.725445000	3.99659	74	1
1527761997.726763000	3.99791	1187	0
1527761997.728088000	3.99923	188	0
1527761997.728136000	3.99928	74	1
1527761997.729437000	4.00058	275	0
1527761997.730783000	4.00193	112	0
1527761997.730812000	4.00196	74	1
1527761997.731030000	4.00217	112	1
1527761997.750259000	4.0214	74	0
1527761997.795925000	4.06707	360	1
1527761997.796034000	4.06718	1434	1
1527761997.796039000	4.06718	1434	1
1527761997.796043000	4.06719	236	1
1527761997.796074000	4.06722	776	1
1527761997.815371000	4.08651	74	0
1527761997.816703000	4.08785	74	0
1527761997.818044000	4.08919	74	0
1527761997.819387000	4.09053	74	0
1527761997.912413000	4.18356	420	0
1527761997.914947000	4.18609	104	0
1527761997.914977000	4.18612	74	1
1527761997.916317000	4.18746	112	0
1527761997.916464000	4.18761	112	1
1527761997.939054000	4.2102	74	0
1527761999.614014000	5.88516	332	1
1527761999.614109000	5.88525	1434	1
1527761999.614115000	5.88526	968	1
1527761999.619947000	5.89109	231	1
1527761999.620042000	5.89119	1434	1
1527761999.620047000	5.89119	1434	1
1527761999.620050000	5.89119	236	1
1527761999.620107000	5.89125	1434	1
1527761999.620113000	5.89126	1434	1
1527761999.620116000	5.89126	236	1
1527761999.620171000	5.89131	1434	1
1527761999.620176000	5.89132	1434	1
1527761999.620179000	5.89132	236	1
1527761999.620231000	5.89137	1434	1
1527761999.620236000	5.89138	1434	1
1527761999.620239000	5.89138	236	1
1527761999.620293000	5.89144	1434	1
1527761999.620298000	5.89144	1434	1
1527761999.620301000	5.89144	236	1
1527761999.620346000	5.89149	1434	1
1527761999.620354000	5.8915	804	1
1527761999.635797000	5.90694	74	0
1527761999.637194000	5.90834	74	0
1527761999.637732000	5.90888	171	1
1527761999.639855000	5.911	74	0
1527761999.641199000	5.91234	74	0
1527761999.642541000	5.91368	74	0
1527761999.643882000	5.91503	74	0
1527761999.645288000	5.91643	74	0
1527761999.646692000	5.91784	74	0
1527761999.648038000	5.91918	74	0
1527761999.649389000	5.92053	74	0
1527761999.650732000	5.92188	74	0
1527761999.652073000	5.92322	74	0
1527761999.653138000	5.92428	108	1
1527761999.653439000	5.92458	74	0
1527761999.654795000	5.92594	74	0
1527761999.663912000	5.93506	74	0
1527761999.665391000	5.93653	74	0
1527761999.668900000	5.94004	74	0
1527761999.919926000	6.19107	423	0
1527761999.923340000	6.19448	104	0
1527761999.923405000	6.19455	74	1
1527761999.924737000	6.19588	112	0
1527761999.924882000	6.19603	112	1
1527761999.938861000	6.21	74	0
1527762000.021592000	6.29274	515	0
1527762000.022925000	6.29407	466	0
1527762000.022954000	6.2941	74	1
1527762000.024295000	6.29544	112	0
1527762000.025343000	6.29649	112	1
1527762000.029050000	6.30019	258	1
1527762000.039501000	6.31064	74	0
1527762000.043681000	6.31482	74	0
1527762000.433107000	6.70425	687	0
1527762000.434389000	6.70553	1294	0
1527762000.434418000	6.70556	74	1
1527762000.435817000	6.70696	1294	0
1527762000.437187000	6.70833	1294	0
1527762000.437244000	6.70839	74	1
1527762000.438525000	6.70967	1294	0
1527762000.439870000	6.71101	1294	0
1527762000.439914000	6.71106	74	1
1527762000.441212000	6.71236	1125	0
1527762000.442639000	6.71378	1294	0
1527762000.442668000	6.71381	74	1
1527762000.443969000	6.71511	1294	0
1527762000.445384000	6.71653	1294	0
1527762000.445408000	6.71655	74	1
1527762000.446729000	6.71787	1294	0
1527762000.448065000	6.71921	763	0
1527762000.448091000	6.71923	74	1
1527762000.476876000	6.74802	1294	0
1527762000.478215000	6.74936	1294	0
1527762000.478245000	6.74939	74	1
1527762000.479592000	6.75074	1294	0
1527762000.480929000	6.75207	951	0
1527762000.480960000	6.7521	74	1
1527762000.482286000	6.75343	1294	0
1527762000.483635000	6.75478	1294	0
1527762000.483666000	6.75481	74	1
1527762000.485036000	6.75618	951	0
1527762000.486394000	6.75754	1294	0
1527762000.486423000	6.75757	74	1
1527762000.487743000	6.75889	1294	0
1527762000.489070000	6.76021	679	0
1527762000.489093000	6.76024	74	1
1527762000.490426000	6.76157	985	0
1527762000.491780000	6.76292	1294	0
1527762000.491805000	6.76295	74	1
1527762000.493132000	6.76428	1294	0
1527762000.494480000	6.76562	1294	0
1527762000.494514000	6.76566	74	1
1527762000.495872000	6.76702	739	0
1527762000.497225000	6.76837	1124	0
1527762000.497258000	6.7684	74	1
1527762000.498581000	6.76972	1294	0
1527762000.499927000	6.77107	1294	0
1527762000.499954000	6.7711	74	1
1527762000.501273000	6.77242	1294	0
1527762000.502606000	6.77375	792	0
1527762000.502633000	6.77378	74	1
1527762000.503963000	6.77511	1294	0
1527762000.505349000	6.77649	469	0
1527762000.505391000	6.77653	74	1
1527762000.506894000	6.77804	1294	0
1527762000.508236000	6.77938	1294	0
1527762000.508255000	6.7794	74	1
1527762000.509581000	6.78073	1294	0
1527762000.510930000	6.78207	1294	0
1527762000.510958000	6.7821	74	1
1527762000.512271000	6.78341	903	0
1527762000.513621000	6.78477	1294	0
1527762000.513663000	6.78481	74	1
1527762000.515029000	6.78617	1294	0
1527762000.516358000	6.7875	1294	0
1527762000.516397000	6.78754	74	1
1527762000.517707000	6.78885	1294	0
1527762000.519028000	6.79017	479	0
1527762000.519058000	6.7902	74	1
1527762000.520392000	6.79154	1294	0
1527762000.521735000	6.79288	1294	0
1527762000.521754000	6.7929	74	1
1527762000.523079000	6.79422	487	0
1527762000.524433000	6.79558	937	0
1527762000.524496000	6.79564	74	1
1527762000.525835000	6.79698	1294	0
1527762000.527176000	6.79832	1294	0
1527762000.527216000	6.79836	74	1
1527762000.528498000	6.79964	311	0
1527762000.529867000	6.80101	1294	0
1527762000.529899000	6.80104	74	1
1527762000.531215000	6.80236	1294	0
1527762000.532545000	6.80369	750	0
1527762000.532577000	6.80372	74	1
1527762000.533884000	6.80503	496	0
1527762000.535267000	6.80641	112	0
1527762000.535300000	6.80644	74	1
1527762000.535448000	6.80659	112	1
1527762000.550998000	6.82214	74	0
1527762002.928832000	9.19998	518	1
1527762002.928904000	9.20005	311	1
1527762002.929954000	9.2011	310	1
1527762002.930012000	9.20116	1434	1
1527762002.930017000	9.20116	1434	1
1527762002.930020000	9.20116	236	1
1527762002.930063000	9.20121	790	1
1527762002.943498000	9.21464	74	0
1527762002.944896000	9.21604	74	0
1527762002.946238000	9.21738	74	0
1527762002.947584000	9.21873	74	0
1527762002.948928000	9.22007	74	0
1527762002.950268000	9.22141	74	0
1527762002.988518000	9.25966	390	1
1527762003.006489000	9.27763	74	0
1527762003.243880000	9.51502	286	0
1527762003.245299000	9.51644	1294	0
1527762003.245329000	9.51647	74	1
1527762003.246648000	9.51779	322	0
1527762003.248006000	9.51915	694	0
1527762003.248025000	9.51917	74	1
1527762003.249348000	9.52049	701	0
1527762003.250696000	9.52184	855	0
1527762003.250714000	9.52186	74	1
1527762003.252035000	9.52318	607	0
1527762003.253381000	9.52452	750	0
1527762003.253401000	9.52454	74	1
1527762003.254718000	9.52586	425	0
1527762003.256126000	9.52727	753	0
1527762003.256150000	9.52729	74	1
1527762003.257484000	9.52863	945	0
1527762003.260164000	9.53131	699	0
1527762003.260196000	9.53134	74	1
1527762003.265345000	9.53649	662	0
1527762003.266671000	9.53781	104	0
1527762003.266692000	9.53784	74	1
1527762003.268041000	9.53918	112	0
1527762003.268161000	9.5393	112	1
1527762003.269398000	9.54054	574	0
1527762003.270763000	9.54191	910	0
1527762003.270784000	9.54193	74	1
1527762003.272093000	9.54324	747	0
1527762003.273438000	9.54458	744	0
1527762003.273461000	9.54461	74	1
1527762003.274785000	9.54593	872	0
1527762003.276184000	9.54733	820	0
1527762003.276208000	9.54735	74	1
1527762003.277535000	9.54868	955	0
1527762003.289193000	9.56034	349	0
1527762003.289248000	9.56039	74	1
1527762003.290550000	9.56169	326	0
1527762003.307074000	9.57822	74	0
1527762003.313325000	9.58447	286	0
1527762003.313349000	9.58449	74	1
1527762003.314694000	9.58584	244	0
1527762003.318332000	9.58948	207	0
1527762003.318348000	9.58949	74	1
1527762003.319704000	9.59085	112	0
1527762003.319851000	9.59099	112	1
1527762003.379384000	9.65053	74	0
1527762003.855419000	10.1266	405	1
1527762003.855494000	10.1266	126	1
1527762003.860703000	10.1318	310	1
1527762003.862857000	10.134	486	1
1527762003.870011000	10.1412	74	0
1527762003.871348000	10.1425	74	0
1527762003.876634000	10.1478	74	0
1527762003.877987000	10.1491	74	0
1527762004.137117000	10.4083	285	0
1527762004.138452000	10.4096	236	0
1527762004.138482000	10.4096	74	1
1527762004.142344000	10.4135	295	0
1527762004.143677000	10.4148	280	0
1527762004.143708000	10.4149	74	1
1527762004.145096000	10.4162	112	0
1527762004.145312000	10.4165	112	1
1527762004.160958000	10.4321	74	0
1527762004.241346000	10.5125	285	0
1527762004.242675000	10.5138	252	0
1527762004.242701000	10.5138	74	1
1527762004.246430000	10.5176	270	0
1527762004.247772000	10.5189	175	0
1527762004.247804000	10.5189	74	1
1527762004.249139000	10.5203	112	0
1527762004.249286000	10.5204	112	1
1527762004.263647000	10.5348	74	0
1527762004.339515000	10.6107	287	0
1527762004.340875000	10.612	285	0
1527762004.340907000	10.6121	74	1
1527762004.344688000	10.6158	364	0
1527762004.346073000	10.6172	181	0
1527762004.346106000	10.6172	74	1
1527762004.347442000	10.6186	112	0
1527762004.348784000	10.6199	112	1
1527762004.362241000	10.6334	74	0
1527762005.094356000	11.3655	401	1
1527762005.094399000	11.3655	272	1
1527762005.100476000	11.3716	426	1
1527762005.100522000	11.3717	111	1
1527762005.110052000	11.3812	74	0
1527762005.111385000	11.3825	74	0
1527762005.116240000	11.3874	74	0
1527762005.117595000	11.3887	74	0
1527762005.401439000	11.6726	289	0
1527762005.402775000	11.6739	462	0
1527762005.402802000	11.6739	74	1
1527762005.406934000	11.6781	163	0
1527762005.408279000	11.6794	112	0
1527762005.408310000	11.6795	74	1
1527762005.408452000	11.6796	112	1
1527762005.422959000	11.6941	74	0
1527762005.855848000	12.127	287	0
1527762005.857113000	12.1283	267	0
1527762005.857142000	12.1283	74	1
1527762005.861215000	12.1324	260	0
1527762005.862524000	12.1337	284	0
1527762005.862546000	12.1337	74	1
1527762005.863874000	12.135	112	0
1527762005.864002000	12.1351	112	1
1527762005.878726000	12.1499	378	1
1527762005.878828000	12.15	1434	1
1527762005.878833000	12.15	1434	1
1527762005.878836000	12.15	236	1
1527762005.878893000	12.15	1434	1
1527762005.878897000	12.15	1434	1
1527762005.878900000	12.15	236	1
1527762005.878948000	12.1501	1434	1
1527762005.878954000	12.1501	1434	1
1527762005.878957000	12.1501	236	1
1527762005.879007000	12.1502	1434	1
1527762005.879013000	12.1502	1434	1
1527762005.879016000	12.1502	236	1
1527762005.879068000	12.1502	1434	1
1527762005.879072000	12.1502	1434	1
1527762005.879075000	12.1502	236	1
1527762005.879124000	12.1503	1434	1
1527762005.879147000	12.1503	868	1
1527762005.879193000	12.1503	1434	1
1527762005.879197000	12.1503	1434	1
1527762005.879201000	12.1503	236	1
1527762005.879252000	12.1504	1434	1
1527762005.879256000	12.1504	1434	1
1527762005.879259000	12.1504	236	1
1527762005.879308000	12.1505	1434	1
1527762005.879316000	12.1505	1434	1
1527762005.879319000	12.1505	236	1
1527762005.879370000	12.1505	1434	1
1527762005.879373000	12.1505	1434	1
1527762005.879376000	12.1505	236	1
1527762005.879425000	12.1506	1434	1
1527762005.879429000	12.1506	1434	1
1527762005.879432000	12.1506	236	1
1527762005.879467000	12.1506	1434	1
1527762005.879472000	12.1506	868	1
1527762005.879531000	12.1507	1434	1
1527762005.879536000	12.1507	1434	1
1527762005.879539000	12.1507	236	1
1527762005.879587000	12.1507	1434	1
1527762005.879592000	12.1507	1434	1
1527762005.879595000	12.1507	236	1
1527762005.879648000	12.1508	1434	1
1527762005.879652000	12.1508	1434	1
1527762005.879656000	12.1508	236	1
1527762005.879718000	12.1509	1434	1
1527762005.879722000	12.1509	1251	1
1527762005.879851000	12.151	74	0
1527762005.894290000	12.1654	74	0
1527762005.895701000	12.1668	74	0
1527762005.897189000	12.1683	74	0
1527762005.898547000	12.1697	74	0
1527762005.900023000	12.1712	74	0
1527762005.901348000	12.1725	74	0
1527762005.902689000	12.1738	74	0
1527762005.904163000	12.1753	74	0
1527762005.905556000	12.1767	74	0
1527762005.906902000	12.178	74	0
1527762005.908245000	12.1794	74	0
1527762005.909586000	12.1807	74	0
1527762005.910926000	12.1821	74	0
1527762005.912511000	12.1837	74	0
1527762005.913852000	12.185	74	0
1527762005.915255000	12.1864	74	0
1527762005.916600000	12.1877	74	0
1527762005.917958000	12.1891	74	0
1527762005.919424000	12.1906	74	0
1527762005.920933000	12.1921	74	0
1527762005.922276000	12.1934	74	0
1527762005.923619000	12.1948	74	0
1527762005.925034000	12.1962	74	0
1527762005.926374000	12.1975	74	0
1527762005.927715000	12.1989	74	0
1527762005.978273000	12.2494	1297	1
1527762005.978827000	12.25	303	1
1527762005.993504000	12.2646	74	0
1527762005.993819000	12.265	383	1
1527762006.008823000	12.28	74	0
1527762006.059672000	12.3308	396	1
1527762006.059718000	12.3309	280	1
1527762006.076497000	12.3476	74	0
1527762006.112090000	12.3832	289	0
1527762006.113419000	12.3846	204	0
1527762006.113452000	12.3846	74	1
1527762006.118878000	12.39	229	0
1527762006.120225000	12.3914	281	0
1527762006.120248000	12.3914	74	1
1527762006.121593000	12.3927	112	0
1527762006.121726000	12.3929	112	1
1527762006.177129000	12.4483	74	0
1527762006.178639000	12.4498	287	0
1527762006.179989000	12.4511	404	0
1527762006.180014000	12.4512	74	1
1527762006.183337000	12.4545	590	0
1527762006.184683000	12.4558	878	0
1527762006.184722000	12.4559	74	1
1527762006.186093000	12.4572	467	0
1527762006.186767000	12.4579	112	1
1527762006.187435000	12.4586	203	0
1527762006.188783000	12.4599	210	0
1527762006.188817000	12.46	74	1
1527762006.206410000	12.4776	74	0
1527762006.212335000	12.4835	424	0
1527762006.220197000	12.4913	104	0
1527762006.220263000	12.4914	74	1
1527762006.221559000	12.4927	112	0
1527762006.221779000	12.4929	112	1
1527762006.252368000	12.5235	287	0
1527762006.253700000	12.5248	283	0
1527762006.253740000	12.5249	74	1
1527762006.259796000	12.5309	216	0
1527762006.261138000	12.5323	221	0
1527762006.261156000	12.5323	74	1
1527762006.262510000	12.5337	112	0
1527762006.262637000	12.5338	112	1
1527762006.316435000	12.5876	74	0
1527762006.957929000	13.2291	399	1
1527762006.958016000	13.2292	274	1
1527762006.974330000	13.2455	74	0
1527762006.975759000	13.2469	74	0
1527762007.258528000	13.5297	286	0
1527762007.259932000	13.5311	346	0
1527762007.259969000	13.5311	74	1
1527762007.264425000	13.5356	118	0
1527762007.265838000	13.537	108	0
1527762007.265859000	13.537	74	1
1527762007.267168000	13.5383	112	0
1527762007.267375000	13.5385	112	1
1527762007.282367000	13.5535	74	0
1527762007.297389000	13.5685	395	1
1527762007.297467000	13.5686	272	1
1527762007.311819000	13.583	74	0
1527762007.313166000	13.5843	74	0
1527762007.600112000	13.8713	289	0
1527762007.601442000	13.8726	272	0
1527762007.601472000	13.8726	74	1
1527762007.606728000	13.8779	209	0
1527762007.608057000	13.8792	248	0
1527762007.608089000	13.8792	74	1
1527762007.609421000	13.8806	112	0
1527762007.609555000	13.8807	112	1
1527762007.661175000	13.9323	74	0
1527762007.738709000	14.0099	396	1
1527762007.738754000	14.0099	272	1
1527762007.753731000	14.0249	74	0
1527762007.755107000	14.0263	74	0
1527762008.109020000	14.3802	289	0
1527762008.110348000	14.3815	330	0
1527762008.110372000	14.3815	74	1
1527762008.113860000	14.385	349	0
1527762008.115235000	14.3864	136	0
1527762008.115262000	14.3864	74	1
1527762008.116605000	14.3877	112	0
1527762008.116755000	14.3879	112	1
1527762008.139772000	14.4109	74	0
1527762008.157770000	14.4289	397	1
1527762008.157829000	14.429	274	1
1527762008.172974000	14.4441	74	0
1527762008.174321000	14.4455	74	0
1527762008.450753000	14.7219	285	0
1527762008.452156000	14.7233	376	0
1527762008.452193000	14.7233	74	1
1527762008.457720000	14.7289	220	0
1527762008.459071000	14.7302	339	0
1527762008.459099000	14.7302	74	1
1527762008.460371000	14.7315	112	0
1527762008.460546000	14.7317	112	1
1527762008.476241000	14.7474	74	0
1527762008.655763000	14.9269	538	1
1527762008.655815000	14.927	276	1
1527762008.670392000	14.9415	74	0
1527762008.671789000	14.9429	74	0
1527762008.951705000	15.2228	287	0
1527762008.953041000	15.2242	252	0
1527762008.953076000	15.2242	74	1
1527762008.957531000	15.2287	233	0
1527762008.958919000	15.2301	268	0
1527762008.958944000	15.2301	74	1
1527762008.960256000	15.2314	112	0
1527762008.960459000	15.2316	112	1
1527762008.975175000	15.2463	74	0
1527762009.095376000	15.3665	396	1
1527762009.095418000	15.3666	276	1
1527762009.110733000	15.3819	74	0
1527762009.112424000	15.3836	74	0
1527762009.411917000	15.6831	287	0
1527762009.413251000	15.6844	187	0
1527762009.413284000	15.6844	74	1
1527762009.417239000	15.6884	275	0
1527762009.418585000	15.6897	194	0
1527762009.418608000	15.6898	74	1
1527762009.419958000	15.6911	112	0
1527762009.420194000	15.6913	112	1
1527762009.441157000	15.7123	74	0
1527762009.854777000	16.1259	400	1
1527762009.854860000	16.126	270	1
1527762009.869746000	16.1409	74	0
1527762009.871322000	16.1425	74	0
1527762009.987343000	16.2585	287	0
1527762009.988818000	16.26	277	0
1527762009.988847000	16.26	74	1
1527762009.992517000	16.2637	314	0
1527762009.993895000	16.265	222	0
1527762009.993918000	16.2651	74	1
1527762009.995314000	16.2665	112	0
1527762009.995582000	16.2667	112	1
1527762010.011268000	16.2824	74	0
1527762015.025866000	21.297	400	1
1527762015.025942000	21.2971	272	1
1527762015.041051000	21.3122	74	0
1527762015.042389000	21.3135	74	0
1527762015.322958000	21.5941	287	0
1527762015.324247000	21.5954	349	0
1527762015.324278000	21.5954	74	1
1527762015.325820000	21.597	191	0
1527762015.327164000	21.5983	252	0
1527762015.327187000	21.5983	74	1
1527762015.328439000	21.5996	112	0
1527762015.328615000	21.5998	112	1
1527762015.364697000	21.6358	74	0
1527762015.474350000	21.7455	400	1
1527762015.474404000	21.7455	277	1
1527762015.488976000	21.7601	74	0
1527762015.490318000	21.7615	74	0
1527762015.614040000	21.8852	287	0
1527762015.615446000	21.8866	283	0
1527762015.615471000	21.8866	74	1
1527762015.619153000	21.8903	285	0
1527762015.620530000	21.8917	133	0
1527762015.620555000	21.8917	74	1
1527762015.621939000	21.8931	112	0
1527762015.622183000	21.8933	112	1
1527762015.637472000	21.9086	74	0
1527762016.103995000	22.3751	396	1
1527762016.104084000	22.3752	277	1
1527762016.118206000	22.3893	74	0
1527762016.119539000	22.3907	74	0
1527762016.437722000	22.7089	289	0
1527762016.439130000	22.7103	261	0
1527762016.439148000	22.7103	74	1
1527762016.442766000	22.7139	367	0
1527762016.444109000	22.7153	209	0
1527762016.444130000	22.7153	74	1
1527762016.445545000	22.7167	112	0
1527762016.445688000	22.7168	112	1
1527762016.461421000	22.7326	74	0
1527762016.529876000	22.801	1393	1
1527762016.529925000	22.8011	274	1
1527762016.544926000	22.8161	74	0
1527762016.546259000	22.8174	74	0
1527762016.679006000	22.9502	289	0
1527762016.680282000	22.9514	267	0
1527762016.680306000	22.9514	74	1
1527762016.687820000	22.959	122	0
1527762016.689226000	22.9604	224	0
1527762016.689250000	22.9604	74	1
1527762016.690543000	22.9617	112	0
1527762016.690693000	22.9618	112	1
1527762016.705419000	22.9766	74	0
1527762016.858936000	23.1301	401	1
1527762016.858991000	23.1301	273	1
1527762016.874013000	23.1452	74	0
1527762016.884600000	23.1557	74	0
1527762017.151956000	23.4231	286	0
1527762017.153334000	23.4245	410	0
1527762017.153368000	23.4245	74	1
1527762017.156352000	23.4275	220	0
1527762017.157792000	23.4289	167	0
1527762017.157817000	23.429	74	1
1527762017.159107000	23.4303	112	0
1527762017.159247000	23.4304	112	1
1527762017.187055000	23.4582	74	0
1527762017.286346000	23.5575	458	1
1527762017.286389000	23.5575	273	1
1527762017.307233000	23.5784	74	0
1527762017.308543000	23.5797	74	0
1527762017.599250000	23.8704	287	0
1527762017.600594000	23.8717	254	0
1527762017.600624000	23.8718	74	1
1527762017.606523000	23.8777	300	0
1527762017.607936000	23.8791	178	0
1527762017.607962000	23.8791	74	1
1527762017.609231000	23.8804	112	0
1527762017.609384000	23.8805	112	1
1527762017.623592000	23.8947	74	0
1527762017.705662000	23.9768	399	1
1527762017.705748000	23.9769	274	1
1527762017.720256000	23.9914	74	0
1527762017.721600000	23.9927	74	0
1527762017.878172000	24.1493	287	0
1527762017.879456000	24.1506	292	0
1527762017.879490000	24.1506	74	1
1527762017.884397000	24.1555	144	0
1527762017.885924000	24.1571	330	0
1527762017.885948000	24.1571	74	1
1527762017.887295000	24.1584	112	0
1527762017.887554000	24.1587	112	1
1527762017.903453000	24.1746	74	0
1527762018.206830000	24.478	395	1
1527762018.206903000	24.478	276	1
1527762018.221386000	24.4925	74	0
1527762018.222678000	24.4938	74	0
1527762018.520424000	24.7916	286	0
1527762018.521842000	24.793	317	0
1527762018.521871000	24.793	74	1
1527762018.523211000	24.7944	236	0
1527762018.524517000	24.7957	206	0
1527762018.524541000	24.7957	74	1
1527762018.525962000	24.7971	112	0
1527762018.526208000	24.7974	112	1
1527762018.543104000	24.8142	74	0
1527762019.196821000	25.468	395	1
1527762019.196877000	25.468	274	1
1527762019.234404000	25.5055	74	0
1527762019.242851000	25.514	74	0
1527762019.491055000	25.7622	289	0
1527762019.492414000	25.7636	273	0
1527762019.492444000	25.7636	74	1
1527762019.495884000	25.767	184	0
1527762019.497220000	25.7684	189	0
1527762019.497284000	25.7684	74	1
1527762019.498560000	25.7697	112	0
1527762019.498726000	25.7699	112	1
1527762019.514541000	25.7857	74	0
1527762019.576008000	25.8472	541	1
1527762019.576090000	25.8472	275	1
1527762019.590803000	25.8619	74	0
1527762019.592149000	25.8633	74	0
1527762019.864646000	26.1358	287	0
1527762019.865988000	26.1371	265	0
1527762019.866016000	26.1372	74	1
1527762019.870310000	26.1415	270	0
1527762019.871653000	26.1428	299	0
1527762019.871682000	26.1428	74	1
1527762019.873012000	26.1442	112	0
1527762019.873155000	26.1443	112	1
1527762019.888311000	26.1595	74	0
1527762020.133256000	26.4044	400	1
1527762020.133307000	26.4045	282	1
1527762020.148618000	26.4198	74	0
1527762020.150021000	26.4212	74	0
1527762020.418137000	26.6893	287	0
1527762020.419429000	26.6906	335	0
1527762020.419463000	26.6906	74	1
1527762020.421888000	26.693	136	0
1527762020.423240000	26.6944	331	0
1527762020.423267000	26.6944	74	1
1527762020.424608000	26.6958	112	0
1527762020.424846000	26.696	112	1
1527762020.442891000	26.714	74	0
1527762020.557252000	26.8284	396	1
1527762020.557328000	26.8285	274	1
1527762020.571959000	26.8431	74	0
1527762020.573309000	26.8445	74	0
1527762020.865658000	27.1368	285	0
1527762020.867009000	27.1382	244	0
1527762020.867034000	27.1382	74	1
1527762020.870153000	27.1413	225	0
1527762020.871494000	27.1426	139	0
1527762020.871509000	27.1427	74	1
1527762020.872858000	27.144	112	0
1527762020.873018000	27.1442	112	1
1527762020.888857000	27.16	74	0
1527762021.027663000	27.2988	394	1
1527762021.027712000	27.2989	275	1
1527762021.062197000	27.3333	74	0
1527762021.063517000	27.3347	74	0
1527762021.187182000	27.4583	286	0
1527762021.188476000	27.4596	275	0
1527762021.188504000	27.4596	74	1
1527762021.192333000	27.4635	246	0
1527762021.193616000	27.4648	318	0
1527762021.193641000	27.4648	74	1
1527762021.195105000	27.4662	112	0
1527762021.195352000	27.4665	112	1
1527762021.210951000	27.4821	74	0
1527762021.496993000	27.7681	399	1
1527762021.497080000	27.7682	280	1
1527762021.511449000	27.7826	74	0
1527762021.512796000	27.7839	74	0
1527762021.632538000	27.9037	289	0
1527762021.633913000	27.9051	201	0
1527762021.633943000	27.9051	74	1
1527762021.636596000	27.9077	187	0
1527762021.637958000	27.9091	259	0
1527762021.637981000	27.9091	74	1
1527762021.639387000	27.9105	112	0
1527762021.639654000	27.9108	112	1
1527762021.655585000	27.9267	74	0
1527762021.885972000	28.1571	397	1
1527762021.886059000	28.1572	274	1
1527762021.900008000	28.1712	74	0
1527762021.901358000	28.1725	74	0
1527762022.177522000	28.4487	290	0
1527762022.178904000	28.45	420	0
1527762022.178939000	28.4501	74	1
1527762022.182622000	28.4538	280	0
1527762022.183988000	28.4551	291	0
1527762022.184013000	28.4552	74	1
1527762022.185414000	28.4566	112	0
1527762022.185656000	28.4568	112	1
1527762022.205315000	28.4765	74	0
1527762022.321123000	28.5923	1398	1
1527762022.321200000	28.5923	279	1
1527762022.336608000	28.6078	74	0
1527762022.337935000	28.6091	74	0
1527762022.640309000	28.9115	289	0
1527762022.641632000	28.9128	194	0
1527762022.641667000	28.9128	74	1
1527762022.643759000	28.9149	145	0
1527762022.645171000	28.9163	278	0
1527762022.645192000	28.9163	74	1
1527762022.646487000	28.9176	112	0
1527762022.646700000	28.9178	112	1
1527762022.661992000	28.9331	74	0
1527762022.721898000	28.993	401	1
1527762022.721955000	28.9931	273	1
1527762022.736649000	29.0078	74	0
1527762022.738871000	29.01	74	0
1527762023.011166000	29.2823	287	0
1527762023.012478000	29.2836	318	0
1527762023.012509000	29.2837	74	1
1527762023.016509000	29.2877	261	0
1527762023.017891000	29.289	121	0
1527762023.017911000	29.2891	74	1
1527762023.019238000	29.2904	112	0
1527762023.019507000	29.2907	112	1
1527762023.036804000	29.3079	74	0
1527762023.620082000	29.8912	463	1
1527762023.620164000	29.8913	272	1
1527762023.634519000	29.9057	74	0
1527762023.635967000	29.9071	74	0
1527762023.928523000	30.1997	289	0
1527762023.929903000	30.201	286	0
1527762023.929938000	30.2011	74	1
1527762023.934175000	30.2053	165	0
1527762023.935731000	30.2069	326	0
1527762023.935755000	30.2069	74	1
1527762023.937138000	30.2083	112	0
1527762023.937410000	30.2086	112	1
1527762023.953979000	30.2251	74	0
1527762024.261901000	30.533	400	1
1527762024.261985000	30.5331	274	1
1527762024.276898000	30.548	74	0
1527762024.278293000	30.5494	74	0
1527762024.552580000	30.8237	286	0
1527762024.553932000	30.8251	288	0
1527762024.553962000	30.8251	74	1
1527762024.558757000	30.8299	148	0
1527762024.560264000	30.8314	116	0
1527762024.560289000	30.8314	74	1
1527762024.561624000	30.8328	112	0
1527762024.561854000	30.833	112	1
1527762024.580867000	30.852	395	1
1527762024.580943000	30.8521	274	1
1527762024.581909000	30.8531	74	0
1527762024.596429000	30.8676	74	0
1527762024.597772000	30.8689	74	0
1527762024.870318000	31.1415	289	0
1527762024.871647000	31.1428	397	0
1527762024.871679000	31.1428	74	1
1527762024.875157000	31.1463	334	0
1527762024.876449000	31.1476	201	0
1527762024.876477000	31.1476	74	1
1527762024.877804000	31.1489	112	0
1527762024.878062000	31.1492	112	1
1527762024.893451000	31.1646	74	0
1527762025.302243000	31.5734	397	1
1527762025.302316000	31.5735	273	1
1527762025.319450000	31.5906	74	0
1527762025.320800000	31.5919	74	0
1527762025.591095000	31.8622	287	0
1527762025.592428000	31.8636	177	0
1527762025.592460000	31.8636	74	1
1527762025.599149000	31.8703	245	0
1527762025.600501000	31.8716	152	0
1527762025.600528000	31.8717	74	1
1527762025.601879000	31.873	112	0
1527762025.602028000	31.8732	112	1
1527762025.623668000	31.8948	74	0
1527762025.813290000	32.0844	540	1
1527762025.813371000	32.0845	276	1
1527762025.827839000	32.099	74	0
1527762025.829162000	32.1003	74	0
1527762026.117445000	32.3886	289	0
1527762026.118793000	32.3899	232	0
1527762026.118827000	32.39	74	1
1527762026.123030000	32.3942	211	0
1527762026.124428000	32.3956	311	0
1527762026.124451000	32.3956	74	1
1527762026.125846000	32.397	112	0
1527762026.126073000	32.3972	112	1
1527762026.141436000	32.4126	74	0
1527762026.561359000	32.8325	397	1
1527762026.561413000	32.8326	272	1
1527762026.575872000	32.847	74	0
1527762026.577297000	32.8484	74	0
1527762026.875442000	33.1466	287	0
1527762026.876841000	33.148	396	0
1527762026.876880000	33.148	74	1
1527762026.880428000	33.1516	219	0
1527762026.881794000	33.1529	160	0
1527762026.881821000	33.153	74	1
1527762026.883109000	33.1543	112	0
1527762026.883315000	33.1545	112	1
1527762026.901458000	33.1726	74	0
1527762027.061300000	33.3324	399	1
1527762027.061374000	33.3325	275	1
1527762027.075259000	33.3464	74	0
1527762027.076988000	33.3481	74	0
1527762027.341924000	33.6131	286	0
1527762027.343294000	33.6144	350	0
1527762027.343327000	33.6145	74	1
1527762027.347487000	33.6186	329	0
1527762027.349883000	33.621	174	0
1527762027.349906000	33.621	74	1
1527762027.353920000	33.6251	112	0
1527762027.354120000	33.6253	112	1
1527762027.371421000	33.6426	74	0
1527762027.480233000	33.7514	399	1
1527762027.480320000	33.7515	278	1
1527762027.494913000	33.7661	74	0
1527762027.496248000	33.7674	74	0
1527762027.646521000	33.9177	289	0
1527762027.647901000	33.919	283	0
1527762027.647931000	33.9191	74	1
1527762027.649712000	33.9209	136	0
1527762027.651003000	33.9221	276	0
1527762027.651023000	33.9222	74	1
1527762027.652427000	33.9236	112	0
1527762027.652695000	33.9238	112	1
1527762027.668470000	33.9396	74	0
1527762027.988329000	34.2595	401	1
1527762027.988411000	34.2596	277	1
1527762028.003062000	34.2742	74	0
1527762028.004411000	34.2756	74	0
1527762028.132094000	34.4032	287	0
1527762028.133431000	34.4046	385	0
1527762028.133463000	34.4046	74	1
1527762028.136969000	34.4081	232	0
1527762028.138318000	34.4095	346	0
1527762028.138344000	34.4095	74	1
1527762028.139612000	34.4108	112	0
1527762028.139772000	34.4109	112	1
1527762028.155441000	34.4266	74	0
1527762028.329316000	34.6005	1392	1
1527762028.329365000	34.6005	274	1
1527762028.344471000	34.6156	74	0
1527762028.353198000	34.6243	74	0
1527762028.639647000	34.9108	287	0
1527762028.640995000	34.9121	403	0
1527762028.641032000	34.9122	74	1
1527762028.650614000	34.9218	344	0
1527762028.651957000	34.9231	333	0
1527762028.651981000	34.9231	74	1
1527762028.653323000	34.9245	112	0
1527762028.653545000	34.9247	112	1
1527762028.667887000	34.939	74	0
1527762029.647445000	35.9186	396	1
1527762029.647500000	35.9186	277	1
1527762029.664455000	35.9356	74	0
1527762029.665984000	35.9371	74	0
1527762029.881659000	36.1528	289	0
1527762029.882992000	36.1541	209	0
1527762029.883025000	36.1542	74	1
1527762029.889608000	36.1608	145	0
1527762029.891022000	36.1622	356	0
1527762029.891048000	36.1622	74	1
1527762029.892389000	36.1635	112	0
1527762029.892619000	36.1638	112	1
1527762029.907232000	36.1784	74	0
1527762029.950852000	36.222	401	1
1527762029.950934000	36.2221	273	1
1527762029.965384000	36.2365	74	0
1527762029.973692000	36.2448	74	0
1527762030.256328000	36.5275	287	0
1527762030.257741000	36.5289	188	0
1527762030.257773000	36.5289	74	1
1527762030.260308000	36.5315	190	0
1527762030.261659000	36.5328	270	0
1527762030.261682000	36.5328	74	1
1527762030.263085000	36.5342	112	0
1527762030.263329000	36.5345	112	1
1527762030.278420000	36.5496	74	0
1527762030.418260000	36.6894	459	1
1527762030.418310000	36.6895	275	1
1527762030.432829000	36.704	74	0
1527762030.434170000	36.7053	74	0
1527762030.715436000	36.9866	287	0
1527762030.716770000	36.9879	201	0
1527762030.716802000	36.9879	74	1
1527762030.720875000	36.992	259	0
1527762030.722224000	36.9934	311	0
1527762030.722248000	36.9934	74	1
1527762030.723519000	36.9947	112	0
1527762030.723693000	36.9948	112	1
1527762030.741383000	37.0125	74	0
1527762030.779103000	37.0502	395	1
1527762030.779158000	37.0503	276	1
1527762030.793762000	37.0649	74	0
1527762030.795165000	37.0663	74	0
1527762030.944671000	37.2158	286	0
1527762030.946020000	37.2172	229	0
1527762030.946054000	37.2172	74	1
1527762030.948918000	37.2201	367	0
1527762030.950291000	37.2214	251	0
1527762030.950310000	37.2215	74	1
1527762030.951659000	37.2228	112	0
1527762030.951891000	37.223	112	1
1527762030.971382000	37.2425	74	0
1527762031.319356000	37.5905	398	1
1527762031.319413000	37.5906	274	1
1527762031.334113000	37.6053	74	0
1527762031.338939000	37.6101	74	0
1527762031.629755000	37.9009	286	0
1527762031.631086000	37.9022	255	0
1527762031.631120000	37.9023	74	1
1527762031.634585000	37.9057	139	0
1527762031.635956000	37.9071	194	0
1527762031.635980000	37.9071	74	1
1527762031.637371000	37.9085	112	0
1527762031.637610000	37.9088	112	1
1527762031.653421000	37.9246	74	0
1527762031.806414000	38.0776	395	1
1527762031.806488000	38.0776	275	1
1527762031.821130000	38.0923	74	0
1527762031.826083000	38.0972	74	0
1527762031.996133000	38.2673	287	0
1527762031.997433000	38.2686	305	0
1527762031.997463000	38.2686	74	1
1527762032.030977000	38.3021	181	0
1527762032.032378000	38.3035	188	0
1527762032.032402000	38.3035	74	1
1527762032.033746000	38.3049	112	0
1527762032.033977000	38.3051	112	1
1527762032.047858000	38.319	74	0
1527762032.583789000	38.8549	537	1
1527762032.583849000	38.855	275	1
1527762032.597651000	38.8688	74	0
1527762032.599005000	38.8701	74	0
1527762032.873253000	39.1444	287	0
1527762032.874625000	39.1458	323	0
1527762032.874659000	39.1458	74	1
1527762032.877295000	39.1484	287	0
1527762032.878634000	39.1498	338	0
1527762032.878655000	39.1498	74	1
1527762032.879955000	39.1511	112	0
1527762032.880089000	39.1512	112	1
1527762032.896380000	39.1675	74	0
1527762033.000171000	39.2713	395	1
1527762033.000213000	39.2714	273	1
1527762033.029334000	39.3005	74	0
1527762033.030715000	39.3019	74	0
1527762033.301879000	39.573	286	0
1527762033.303226000	39.5744	344	0
1527762033.303256000	39.5744	74	1
1527762033.306593000	39.5777	271	0
1527762033.307939000	39.5791	198	0
1527762033.307963000	39.5791	74	1
1527762033.309308000	39.5805	112	0
1527762033.309550000	39.5807	112	1
1527762033.324427000	39.5956	74	0
1527762033.552336000	39.8235	398	1
1527762033.552423000	39.8236	275	1
1527762033.567025000	39.8382	74	0
1527762033.569066000	39.8402	74	0
1527762033.867413000	40.1386	287	0
1527762033.868757000	40.1399	394	0
1527762033.868781000	40.1399	74	1
1527762033.872035000	40.1432	226	0
1527762033.873382000	40.1445	166	0
1527762033.873399000	40.1445	74	1
1527762033.874802000	40.1459	112	0
1527762033.875008000	40.1462	112	1
1527762033.889795000	40.1609	74	0
1527762034.297255000	40.5684	396	1
1527762034.297332000	40.5685	277	1
1527762034.311310000	40.5825	74	0
1527762034.317019000	40.5882	74	0
1527762034.583425000	40.8546	289	0
1527762034.584836000	40.856	409	0
1527762034.584868000	40.856	74	1
1527762034.589408000	40.8606	139	0
1527762034.590762000	40.8619	311	0
1527762034.590786000	40.8619	74	1
1527762034.592027000	40.8632	112	0
1527762034.592203000	40.8633	112	1
1527762034.608095000	40.8792	74	0
1527762034.719515000	40.9907	400	1
1527762034.719571000	40.9907	282	1
1527762034.733984000	41.0051	74	0
1527762034.735703000	41.0068	74	0
1527762035.006597000	41.2777	286	0
1527762035.007931000	41.2791	227	0
1527762035.007965000	41.2791	74	1
1527762035.012006000	41.2831	153	0
1527762035.013347000	41.2845	221	0
1527762035.013373000	41.2845	74	1
1527762035.014773000	41.2859	112	0
1527762035.014921000	41.2861	112	1
1527762035.035935000	41.3071	74	0
1527762035.223418000	41.4946	1394	1
1527762035.223501000	41.4946	276	1
1527762035.248190000	41.5193	74	0
1527762035.249602000	41.5207	74	0
1527762035.531986000	41.8031	289	0
1527762035.533325000	41.8045	380	0
1527762035.533357000	41.8045	74	1
1527762035.538656000	41.8098	261	0
1527762035.540061000	41.8112	260	0
1527762035.540090000	41.8112	74	1
1527762035.542771000	41.8139	112	0
1527762035.543010000	41.8142	112	1
1527762035.557949000	41.8291	74	0
1527762035.706908000	41.9781	401	1
1527762035.706985000	41.9781	277	1
1527762035.720934000	41.9921	74	0
1527762035.722211000	41.9934	74	0
1527762035.855239000	42.1264	287	0
1527762035.856563000	42.1277	190	0
1527762035.856598000	42.1277	74	1
1527762035.864021000	42.1352	175	0
1527762035.865430000	42.1366	285	0
1527762035.865457000	42.1366	74	1
1527762035.866748000	42.1379	112	0
1527762035.867051000	42.1382	112	1
1527762035.882610000	42.1538	74	0
1527762036.181525000	42.4527	400	1
1527762036.181581000	42.4527	278	1
1527762036.196433000	42.4676	74	0
1527762036.197751000	42.4689	74	0
1527762036.322874000	42.594	287	0
1527762036.324207000	42.5954	413	0
1527762036.324237000	42.5954	74	1
1527762036.326866000	42.598	212	0
1527762036.328202000	42.5993	105	0
1527762036.328229000	42.5994	74	1
1527762036.329575000	42.6007	112	0
1527762036.329745000	42.6009	112	1
1527762036.345108000	42.6163	74	0
1527762036.422663000	42.6938	462	1
1527762036.422739000	42.6939	279	1
1527762036.437274000	42.7084	74	0
1527762036.438609000	42.7098	74	0
1527762036.565059000	42.8362	286	0
1527762036.566414000	42.8376	326	0
1527762036.566445000	42.8376	74	1
1527762036.570393000	42.8415	281	0
1527762036.571736000	42.8429	256	0
1527762036.571760000	42.8429	74	1
1527762036.573032000	42.8442	112	0
1527762036.573180000	42.8443	112	1
1527762036.588369000	42.8595	74	0
1527762036.836522000	43.1077	397	1
1527762036.836597000	43.1077	274	1
1527762036.853195000	43.1243	74	0
1527762036.854487000	43.1256	74	0
1527762037.009569000	43.2807	289	0
1527762037.011031000	43.2822	359	0
1527762037.011060000	43.2822	74	1
1527762037.018355000	43.2895	348	0
1527762037.019693000	43.2908	131	0
1527762037.019726000	43.2909	74	1
1527762037.021119000	43.2923	112	0
1527762037.021297000	43.2924	112	1
1527762037.050608000	43.3218	74	0
1527762037.064454000	43.3356	397	1
1527762037.064537000	43.3357	276	1
1527762037.078516000	43.3497	74	0
1527762037.079899000	43.351	74	0
1527762037.345938000	43.6171	289	0
1527762037.347283000	43.6184	414	0
1527762037.347314000	43.6185	74	1
1527762037.348598000	43.6197	335	0
1527762037.353683000	43.6248	239	0
1527762037.353705000	43.6248	74	1
1527762037.355090000	43.6262	112	0
1527762037.355327000	43.6265	112	1
1527762037.370812000	43.642	74	0
1527762037.575007000	43.8462	538	1
1527762037.575051000	43.8462	278	1
1527762037.590019000	43.8612	74	0
1527762037.591294000	43.8624	74	0
1527762037.711733000	43.9829	287	0
1527762037.713092000	43.9842	343	0
1527762037.713126000	43.9843	74	1
1527762037.717985000	43.9891	251	0
1527762037.719301000	43.9904	265	0
1527762037.719324000	43.9905	74	1
1527762037.720700000	43.9918	112	0
1527762037.720936000	43.9921	112	1
1527762037.736842000	44.008	74	0
1527762038.014453000	44.2856	400	1
1527762038.014495000	44.2856	273	1
1527762038.030176000	44.3013	74	0
1527762038.031466000	44.3026	74	0
1527762038.147825000	44.419	289	0
1527762038.149168000	44.4203	265	0
1527762038.149200000	44.4203	74	1
1527762038.151930000	44.4231	296	0
1527762038.153272000	44.4244	296	0
1527762038.153292000	44.4244	74	1
1527762038.154645000	44.4258	112	0
1527762038.154884000	44.426	112	1
1527762038.179077000	44.4502	74	0
1527762038.383704000	44.6548	397	1
1527762038.383792000	44.6549	274	1
1527762038.397949000	44.6691	74	0
1527762038.402340000	44.6735	74	0
1527762038.531779000	44.8029	287	0
1527762038.533177000	44.8043	294	0
1527762038.533216000	44.8044	74	1
1527762038.537782000	44.8089	248	0
1527762038.539137000	44.8103	330	0
1527762038.539162000	44.8103	74	1
1527762038.540444000	44.8116	112	0
1527762038.540650000	44.8118	112	1
1527762038.561233000	44.8324	74	0
1527762038.704292000	44.9754	395	1
1527762038.704366000	44.9755	276	1
1527762038.718902000	44.99	74	0
1527762038.831282000	45.1024	287	0
1527762038.832629000	45.1038	336	0
1527762038.832658000	45.1038	74	1
1527762038.836479000	45.1076	195	0
1527762038.837882000	45.109	328	0
1527762038.837907000	45.1091	74	1
1527762038.839178000	45.1103	112	0
1527762038.839331000	45.1105	112	1
1527762038.855572000	45.1267	74	0
1527762039.203491000	45.4746	395	1
1527762039.203566000	45.4747	273	1
1527762039.217625000	45.4888	74	0
1527762039.218970000	45.4901	74	0
1527762039.341981000	45.6131	287	0
1527762039.343336000	45.6145	387	0
1527762039.343366000	45.6145	74	1
1527762039.348125000	45.6193	320	0
1527762039.353128000	45.6243	268	0
1527762039.353153000	45.6243	74	1
1527762039.354424000	45.6256	112	0
1527762039.354642000	45.6258	112	1
1527762039.372753000	45.6439	74	0
1527762039.934085000	46.2052	396	1
1527762039.934171000	46.2053	273	1
1527762039.947982000	46.2191	74	0
1527762039.949332000	46.2205	74	0
1527762040.217824000	46.489	289	0
1527762040.219168000	46.4903	407	0
1527762040.219200000	46.4903	74	1
1527762040.222867000	46.494	262	0
1527762040.224306000	46.4955	277	0
1527762040.224329000	46.4955	74	1
1527762040.225643000	46.4968	112	0
1527762040.225798000	46.4969	112	1
1527762040.241148000	46.5123	74	0
1527762040.408104000	46.6792	1397	1
1527762040.408153000	46.6793	281	1
1527762040.423444000	46.6946	74	0
1527762040.424861000	46.696	74	0
1527762040.542752000	46.8139	287	0
1527762040.544075000	46.8152	262	0
1527762040.544106000	46.8152	74	1
1527762040.550999000	46.8221	328	0
1527762040.552335000	46.8235	126	0
1527762040.552365000	46.8235	74	1
1527762040.553653000	46.8248	112	0
1527762040.553784000	46.8249	112	1
1527762040.569775000	46.8409	74	0
1527762040.739601000	47.0107	399	1
1527762040.740156000	47.0113	276	1
1527762040.753933000	47.0251	74	0
1527762040.755329000	47.0265	74	0
1527762040.920452000	47.1916	287	0
1527762040.921759000	47.1929	377	0
1527762040.921789000	47.1929	74	1
1527762040.927356000	47.1985	252	0
1527762040.928735000	47.1999	210	0
1527762040.928760000	47.1999	74	1
1527762040.930122000	47.2013	112	0
1527762040.930359000	47.2015	112	1
1527762040.952811000	47.224	74	0
1527762041.151858000	47.423	395	1
1527762041.151933000	47.4231	276	1
1527762041.166962000	47.4381	74	0
1527762041.171795000	47.4429	74	0
1527762041.303017000	47.5742	287	0
1527762041.304351000	47.5755	276	0
1527762041.304383000	47.5755	74	1
1527762041.308190000	47.5793	284	0
1527762041.309469000	47.5806	202	0
1527762041.309497000	47.5806	74	1
1527762041.310882000	47.582	112	0
1527762041.311125000	47.5823	112	1
1527762041.326577000	47.5977	74	0
1527762041.569690000	47.8408	463	1
1527762041.569746000	47.8409	278	1
1527762041.583782000	47.8549	74	0
1527762041.585184000	47.8563	74	0
1527762041.727404000	47.9985	310	1
1527762041.727500000	47.9986	1434	1
1527762041.727505000	47.9986	1434	1
1527762041.727508000	47.9987	236	1
1527762041.727562000	47.9987	1434	1
1527762041.727567000	47.9987	1141	1
1527762041.742782000	48.0139	74	0
1527762041.744113000	48.0153	74	0
1527762041.745518000	48.0167	74	0
1527762041.746867000	48.018	74	0
1527762041.748210000	48.0194	74	0
1527762041.859996000	48.1311	421	0
1527762041.866189000	48.1373	104	0
1527762041.866220000	48.1374	74	1
1527762041.867500000	48.1386	112	0
1527762041.867656000	48.1388	112	1
1527762041.881117000	48.1523	74	0
1527762041.890183000	48.1613	289	0
1527762041.891505000	48.1626	412	0
1527762041.891536000	48.1627	74	1
1527762041.896229000	48.1674	192	0
1527762041.897505000	48.1686	299	0
1527762041.897539000	48.1687	74	1
1527762041.898862000	48.17	112	0
1527762041.899026000	48.1702	112	1
1527762041.954186000	48.2253	74	0
1527762042.020188000	48.2913	401	1
1527762042.020270000	48.2914	279	1
1527762042.035090000	48.3062	74	0
1527762042.039538000	48.3107	74	0
1527762042.173842000	48.445	287	0
1527762042.175258000	48.4464	418	0
1527762042.175287000	48.4464	74	1
1527762042.179823000	48.451	200	0
1527762042.181170000	48.4523	184	0
1527762042.181195000	48.4523	74	1
1527762042.182489000	48.4536	112	0
1527762042.182625000	48.4538	112	1
1527762042.198977000	48.4701	74	0
1527762042.445809000	48.717	540	1
1527762042.445873000	48.717	277	1
1527762042.460029000	48.7312	74	0
1527762042.461364000	48.7325	74	0
1527762042.607929000	48.8791	287	0
1527762042.609271000	48.8804	425	0
1527762042.609302000	48.8804	74	1
1527762042.613011000	48.8842	293	0
1527762042.614353000	48.8855	308	0
1527762042.614376000	48.8855	74	1
1527762042.615774000	48.8869	112	0
1527762042.616011000	48.8872	112	1
1527762042.636439000	48.9076	74	0
1527762042.865989000	49.1371	399	1
1527762042.866044000	49.1372	275	1
1527762042.881586000	49.1527	74	0
1527762042.882927000	49.1541	74	0
1527762043.040193000	49.3113	287	0
1527762043.041511000	49.3127	280	0
1527762043.041546000	49.3127	74	1
1527762043.048022000	49.3192	308	0
1527762043.049378000	49.3205	344	0
1527762043.049403000	49.3205	74	1
1527762043.050726000	49.3219	112	0
1527762043.050873000	49.322	112	1
1527762043.086632000	49.3578	74	0
1527762043.258648000	49.5298	395	1
1527762043.258732000	49.5299	278	1
1527762043.273812000	49.545	74	0
1527762043.275219000	49.5464	74	0
1527762043.551659000	49.8228	287	0
1527762043.553008000	49.8242	230	0
1527762043.553039000	49.8242	74	1
1527762043.556942000	49.8281	241	0
1527762043.558288000	49.8294	249	0
1527762043.558312000	49.8295	74	1
1527762043.559584000	49.8307	112	0
1527762043.559757000	49.8309	112	1
1527762043.576156000	49.8473	74	0
1527762043.691954000	49.9631	396	1
1527762043.692012000	49.9632	275	1
1527762043.706202000	49.9773	74	0
1527762043.707535000	49.9787	74	0
1527762043.822856000	50.094	287	0
1527762043.824185000	50.0953	200	0
1527762043.824209000	50.0954	74	1
1527762043.827614000	50.0988	229	0
1527762043.828943000	50.1001	223	0
1527762043.828973000	50.1001	74	1
1527762043.830280000	50.1014	112	0
1527762043.830406000	50.1015	112	1
1527762043.850771000	50.1219	74	0
1527762044.107054000	50.3782	395	1
1527762044.107094000	50.3782	278	1
1527762044.121602000	50.3927	74	0
1527762044.122952000	50.3941	74	0
1527762044.393709000	50.6649	289	0
1527762044.395126000	50.6663	316	0
1527762044.395159000	50.6663	74	1
1527762044.401001000	50.6721	202	0
1527762044.402346000	50.6735	259	0
1527762044.402367000	50.6735	74	1
1527762044.403656000	50.6748	112	0
1527762044.403859000	50.675	112	1
1527762044.422424000	50.6936	74	0
1527762044.577387000	50.8485	396	1
1527762044.577464000	50.8486	278	1
1527762044.592840000	50.864	74	0
1527762044.594168000	50.8653	74	0
1527762044.708548000	50.9797	289	0
1527762044.709898000	50.981	374	0
1527762044.709916000	50.9811	74	1
1527762044.713169000	50.9843	212	0
1527762044.714517000	50.9857	356	0
1527762044.714535000	50.9857	74	1
1527762044.715951000	50.9871	112	0
1527762044.716183000	50.9873	112	1
1527762044.736580000	51.0077	74	0
1527762049.198605000	55.4697	409	1
1527762049.198681000	55.4698	276	1
1527762049.213248000	55.4844	74	0
1527762049.214594000	55.4857	74	0
1527762049.551812000	55.823	289	0
1527762049.553160000	55.8243	314	0
1527762049.553181000	55.8243	74	1
1527762049.557272000	55.8284	126	0
1527762049.558630000	55.8298	336	0
1527762049.558645000	55.8298	74	1
1527762049.559985000	55.8311	112	0
1527762049.560187000	55.8313	112	1
1527762049.577313000	55.8485	74	0
1527762050.307661000	56.5788	1384	1
1527762050.307743000	56.5789	273	1
1527762050.323659000	56.5948	74	0
1527762050.325048000	56.5962	74	0
1527762050.646687000	56.9178	289	0
1527762050.648040000	56.9192	306	0
1527762050.648079000	56.9192	74	1
1527762050.654064000	56.9252	127	0
1527762050.655508000	56.9267	243	0
1527762050.655537000	56.9267	74	1
1527762050.656914000	56.9281	112	0
1527762050.657152000	56.9283	112	1
1527762050.675543000	56.9467	74	0
1527762050.717435000	56.9886	397	1
1527762050.717518000	56.9887	278	1
1527762050.732646000	57.0038	74	0
1527762050.734787000	57.0059	74	0
1527762051.070235000	57.3414	287	0
1527762051.071516000	57.3427	380	0
1527762051.071546000	57.3427	74	1
1527762051.073005000	57.3441	349	0
1527762051.074347000	57.3455	324	0
1527762051.074376000	57.3455	74	1
1527762051.075753000	57.3469	112	0
1527762051.075992000	57.3471	112	1
1527762051.091341000	57.3625	74	0
1527762051.215381000	57.4865	400	1
1527762051.215465000	57.4866	280	1
1527762051.229926000	57.5011	74	0
1527762051.231270000	57.5024	74	0
1527762051.545529000	57.8167	289	0
1527762051.546913000	57.8181	419	0
1527762051.546950000	57.8181	74	1
1527762051.551361000	57.8225	156	0
1527762051.552706000	57.8238	189	0
1527762051.552729000	57.8239	74	1
1527762051.554072000	57.8252	112	0
1527762051.554293000	57.8254	112	1
1527762051.570106000	57.8412	74	0
1527762051.849351000	58.1205	463	1
1527762051.849430000	58.1206	276	1
1527762051.863817000	58.135	74	0
1527762051.865225000	58.1364	74	0
1527762051.993367000	58.2645	287	0
1527762051.994754000	58.2659	217	0
1527762051.994794000	58.2659	74	1
1527762051.997140000	58.2683	283	0
1527762051.998506000	58.2696	127	0
1527762051.998530000	58.2697	74	1
1527762051.999917000	58.2711	112	0
1527762052.000158000	58.2713	112	1
1527762052.015537000	58.2867	74	0
1527762052.154596000	58.4257	396	1
1527762052.154677000	58.4258	275	1
1527762052.169330000	58.4405	74	0
1527762052.170675000	58.4418	74	0
1527762052.509153000	58.7803	287	0
1527762052.510471000	58.7816	398	0
1527762052.510506000	58.7816	74	1
1527762052.514538000	58.7857	364	0
1527762052.515935000	58.7871	154	0
1527762052.515952000	58.7871	74	1
1527762052.517286000	58.7884	112	0
1527762052.517456000	58.7886	112	1
1527762052.537748000	58.8089	74	0
1527762052.667074000	58.9382	537	1
1527762052.667167000	58.9383	276	1
1527762052.682317000	58.9535	74	0
1527762052.683656000	58.9548	74	0
1527762053.008495000	59.2796	289	0
1527762053.009888000	59.281	340	0
1527762053.009926000	59.2811	74	1
1527762053.013081000	59.2842	195	0
1527762053.014364000	59.2855	275	0
1527762053.014401000	59.2855	74	1
1527762053.015777000	59.2869	112	0
1527762053.015924000	59.2871	112	1
1527762053.060882000	59.332	74	0
1527762053.154668000	59.4258	401	1
1527762053.154732000	59.4259	277	1
1527762053.169433000	59.4406	74	0
1527762053.170818000	59.442	74	0
1527762053.485104000	59.7562	287	0
1527762053.486433000	59.7576	299	0
1527762053.486470000	59.7576	74	1
1527762053.490325000	59.7615	153	0
1527762053.491675000	59.7628	151	0
1527762053.491702000	59.7628	74	1
1527762053.493048000	59.7642	112	0
1527762053.493281000	59.7644	112	1
1527762053.509726000	59.7809	74	0
1527762053.614317000	59.8855	396	1
1527762053.614390000	59.8855	273	1
1527762053.628930000	59.9001	74	0
1527762053.630214000	59.9014	74	0
1527762053.958444000	60.2296	287	0
1527762053.959844000	60.231	199	0
1527762053.959880000	60.231	74	1
1527762053.964091000	60.2352	315	0
1527762053.965483000	60.2366	183	0
1527762053.965508000	60.2367	74	1
1527762053.966966000	60.2381	112	0
1527762053.967209000	60.2384	112	1
1527762053.982427000	60.2536	74	0
1527762054.510399000	60.7815	396	1
1527762054.510444000	60.7816	276	1
1527762054.525465000	60.7966	74	0
1527762054.526856000	60.798	74	0
1527762054.841278000	61.1124	286	0
1527762054.842623000	61.1138	367	0
1527762054.842650000	61.1138	74	1
1527762054.845201000	61.1163	189	0
1527762054.846550000	61.1177	174	0
1527762054.846569000	61.1177	74	1
1527762054.847914000	61.1191	112	0
1527762054.848122000	61.1193	112	1
1527762054.867749000	61.1389	74	0
1527762055.554879000	61.826	395	1
1527762055.554943000	61.8261	273	1
1527762055.568855000	61.84	74	0
1527762055.570202000	61.8413	74	0
1527762055.683691000	61.9548	287	0
1527762055.685094000	61.9562	186	0
1527762055.685129000	61.9563	74	1
1527762055.689747000	61.9609	267	0
1527762055.691092000	61.9622	119	0
1527762055.691116000	61.9623	74	1
1527762055.692361000	61.9635	112	0
1527762055.692548000	61.9637	112	1
1527762055.708332000	61.9795	74	0
1527762055.794719000	62.0659	396	1
1527762055.794774000	62.0659	277	1
1527762055.808950000	62.0801	74	0
1527762055.810300000	62.0814	74	0
1527762056.146601000	62.4177	287	0
1527762056.147952000	62.4191	231	0
1527762056.147980000	62.4191	74	1
1527762056.152328000	62.4235	270	0
1527762056.154032000	62.4252	259	0
1527762056.154056000	62.4252	74	1
1527762056.155453000	62.4266	112	0
1527762056.155677000	62.4268	112	1
1527762056.179632000	62.4508	74	0
1527762056.791993000	63.0631	411	1
1527762056.792048000	63.0632	274	1
1527762056.806446000	63.0776	74	0
1527762056.810586000	63.0817	74	0
1527762056.956684000	63.2278	286	0
1527762056.958056000	63.2292	329	0
1527762056.958090000	63.2292	74	1
1527762056.963699000	63.2348	329	0
1527762056.965221000	63.2364	337	0
1527762056.965242000	63.2364	74	1
1527762056.966546000	63.2377	112	0
1527762056.966743000	63.2379	112	1
1527762056.997824000	63.269	74	0
1527762057.014645000	63.2858	1382	1
1527762057.014694000	63.2858	275	1
1527762057.067795000	63.3389	74	0
1527762057.069203000	63.3403	74	0
1527762057.353743000	63.6249	289	0
1527762057.355169000	63.6263	407	0
1527762057.355204000	63.6263	74	1
1527762057.356553000	63.6277	158	0
1527762057.357965000	63.6291	200	0
1527762057.357989000	63.6291	74	1
1527762057.359317000	63.6305	112	0
1527762057.359590000	63.6307	112	1
1527762057.376793000	63.6479	74	0
1527762057.444409000	63.7156	397	1
1527762057.444490000	63.7156	275	1
1527762057.459977000	63.7311	74	0
1527762057.461322000	63.7325	74	0
1527762057.576735000	63.8479	289	0
1527762057.578069000	63.8492	186	0
1527762057.578106000	63.8492	74	1
1527762057.583175000	63.8543	145	0
1527762057.584457000	63.8556	200	0
1527762057.584488000	63.8556	74	1
1527762057.585892000	63.857	112	0
1527762057.586134000	63.8573	112	1
1527762057.602079000	63.8732	74	0
1527762057.765653000	64.0368	401	1
1527762057.765714000	64.0369	273	1
1527762057.781397000	64.0525	74	0
1527762057.782746000	64.0539	74	0
1527762057.899433000	64.1706	289	0
1527762057.900824000	64.172	252	0
1527762057.900852000	64.172	74	1
1527762057.904403000	64.1755	214	0
1527762057.905805000	64.1769	210	0
1527762057.905832000	64.177	74	1
1527762057.907177000	64.1783	112	0
1527762057.907423000	64.1786	112	1
1527762057.924021000	64.1952	74	0
1527762058.204683000	64.4758	460	1
1527762058.204756000	64.4759	273	1
1527762058.221197000	64.4923	74	0
1527762058.222508000	64.4937	74	0
1527762058.336368000	64.6075	287	0
1527762058.337629000	64.6088	212	0
1527762058.337653000	64.6088	74	1
1527762058.341852000	64.613	190	0
1527762058.343196000	64.6143	187	0
1527762058.343217000	64.6144	74	1
1527762058.344521000	64.6157	112	0
1527762058.344727000	64.6159	112	1
1527762058.360148000	64.6313	74	0
1527762058.884837000	65.156	396	1
1527762058.884893000	65.156	274	1
1527762058.903430000	65.1746	74	0
1527762058.904762000	65.1759	74	0
1527762059.188455000	65.4596	289	0
1527762059.189852000	65.461	279	0
1527762059.189883000	65.461	74	1
1527762059.192919000	65.4641	150	0
1527762059.194266000	65.4654	323	0
1527762059.194291000	65.4654	74	1
1527762059.195687000	65.4668	112	0
1527762059.195923000	65.4671	112	1
1527762059.210696000	65.4818	74	0
1527762059.244555000	65.5157	540	1
1527762059.244627000	65.5158	276	1
1527762059.259166000	65.5303	74	0
1527762059.260451000	65.5316	74	0
1527762059.657498000	65.9286	289	0
1527762059.658950000	65.9301	386	0
1527762059.658982000	65.9301	74	1
1527762059.662219000	65.9334	208	0
1527762059.663704000	65.9348	132	0
1527762059.663729000	65.9349	74	1
1527762059.665180000	65.9363	112	0
1527762059.665474000	65.9366	112	1
1527762059.684808000	65.956	74	0
1527762059.848740000	66.1199	401	1
1527762059.848795000	66.1199	277	1
1527762059.864855000	66.136	74	0
1527762059.866205000	66.1373	74	0
1527762060.135529000	66.4067	289	0
1527762060.136915000	66.4081	304	0
1527762060.136946000	66.4081	74	1
1527762060.140433000	66.4116	210	0
1527762060.141828000	66.413	269	0
1527762060.141854000	66.413	74	1
1527762060.143197000	66.4143	112	0
1527762060.143467000	66.4146	112	1
1527762060.159355000	66.4305	74	0
1527762060.715122000	66.9863	397	1
1527762060.715176000	66.9863	273	1
1527762060.730088000	67.0012	74	0
1527762060.731427000	67.0026	74	0
1527762061.006203000	67.2773	287	0
1527762061.007515000	67.2787	312	0
1527762061.007550000	67.2787	74	1
1527762061.010342000	67.2815	207	0
1527762061.011637000	67.2828	140	0
1527762061.011660000	67.2828	74	1
1527762061.013050000	67.2842	112	0
1527762061.013307000	67.2845	112	1
1527762061.037807000	67.309	74	0
1527762062.868503000	69.1396	377	1
1527762062.868840000	69.14	1434	1
1527762062.868846000	69.14	1434	1
1527762062.868853000	69.14	236	1
1527762062.868902000	69.14	1434	1
1527762062.868907000	69.1401	327	1
1527762062.886047000	69.1572	74	0
1527762062.887330000	69.1585	74	0
1527762062.888752000	69.1599	74	0
1527762062.890112000	69.1613	74	0
1527762063.003293000	69.2744	423	0
1527762063.007341000	69.2785	104	0
1527762063.007379000	69.2785	74	1
1527762063.008687000	69.2798	112	0
1527762063.008870000	69.28	112	1
1527762063.037327000	69.3085	74	0
1527762063.151829000	69.423	397	1
1527762063.151916000	69.4231	274	1
1527762063.165975000	69.4371	74	0
1527762063.170996000	69.4421	74	0
1527762063.279623000	69.5508	286	0
1527762063.280954000	69.5521	192	0
1527762063.280986000	69.5521	74	1
1527762063.284462000	69.5556	254	0
1527762063.285859000	69.557	307	0
1527762063.285885000	69.557	74	1
1527762063.287232000	69.5584	112	0
1527762063.287440000	69.5586	112	1
1527762063.303773000	69.5749	74	0
1527762063.391637000	69.6628	395	1
1527762063.391723000	69.6629	276	1
1527762063.406587000	69.6777	74	0
1527762063.407929000	69.6791	74	0
1527762063.548908000	69.8201	287	0
1527762063.550252000	69.8214	259	0
1527762063.550286000	69.8214	74	1
1527762063.554174000	69.8253	205	0
1527762063.555529000	69.8267	282	0
1527762063.555554000	69.8267	74	1
1527762063.556951000	69.8281	112	0
1527762063.557192000	69.8283	112	1
1527762063.572674000	69.8438	74	0
1527762064.554547000	70.8257	408	1
1527762064.554611000	70.8258	277	1
1527762064.570187000	70.8413	74	0
1527762064.571567000	70.8427	74	0
1527762064.687563000	70.9587	286	0
1527762064.688975000	70.9601	223	0
1527762064.689012000	70.9602	74	1
1527762064.692380000	70.9635	323	0
1527762064.693724000	70.9649	187	0
1527762064.693749000	70.9649	74	1
1527762064.695131000	70.9663	112	0
1527762064.695364000	70.9665	112	1
1527762064.711002000	70.9821	74	0
1527762064.814208000	71.0854	1382	1
1527762064.814257000	71.0854	274	1
1527762064.829655000	71.1008	74	0
1527762064.830988000	71.1021	74	0
1527762065.109844000	71.381	286	0
1527762065.111257000	71.3824	340	0
1527762065.111292000	71.3824	74	1
1527762065.113843000	71.385	139	0
1527762065.115244000	71.3864	203	0
1527762065.115268000	71.3864	74	1
1527762065.116549000	71.3877	112	0
1527762065.116707000	71.3879	112	1
1527762065.136750000	71.4079	74	0
1527762065.367322000	71.6385	395	1
1527762065.367410000	71.6386	277	1
1527762065.381464000	71.6526	74	0
1527762065.382878000	71.654	74	0
1527762065.649887000	71.921	287	0
1527762065.651225000	71.9224	374	0
1527762065.651256000	71.9224	74	1
1527762065.655018000	71.9262	332	0
1527762065.656360000	71.9275	149	0
1527762065.656384000	71.9275	74	1
1527762065.657727000	71.9289	112	0
1527762065.657954000	71.9291	112	1
1527762065.675095000	71.9462	74	0
1527762065.793294000	72.0644	396	1
1527762065.793349000	72.0645	274	1
1527762065.807938000	72.0791	74	0
1527762065.809286000	72.0804	74	0
1527762065.869837000	72.141	374	1
1527762065.869931000	72.1411	1434	1
1527762065.869936000	72.1411	1434	1
1527762065.869939000	72.1411	236	1
1527762065.869992000	72.1411	1434	1
1527762065.869997000	72.1411	1434	1
1527762065.870000000	72.1411	236	1
1527762065.870065000	72.1412	1434	1
1527762065.870071000	72.1412	1434	1
1527762065.870074000	72.1412	236	1
1527762065.870124000	72.1413	1434	1
1527762065.870128000	72.1413	1434	1
1527762065.870131000	72.1413	236	1
1527762065.870195000	72.1413	1434	1
1527762065.870199000	72.1413	1434	1
1527762065.870202000	72.1413	236	1
1527762065.870250000	72.1414	1434	1
1527762065.870254000	72.1414	868	1
1527762065.870290000	72.1414	961	1
1527762065.884800000	72.1559	74	0
1527762065.886100000	72.1572	74	0
1527762065.887418000	72.1586	74	0
1527762065.888835000	72.16	74	0
1527762065.890114000	72.1613	74	0
1527762065.891469000	72.1626	74	0
1527762065.892872000	72.164	74	0
1527762065.894149000	72.1653	74	0
1527762065.895613000	72.1668	74	0
1527762065.897027000	72.1682	74	0
1527762065.898376000	72.1695	74	0
1527762065.899721000	72.1709	74	0
1527762065.901064000	72.1722	74	0
1527762066.079955000	72.3511	289	0
1527762066.081293000	72.3524	316	0
1527762066.081326000	72.3525	74	1
1527762066.084637000	72.3558	346	0
1527762066.085986000	72.3571	181	0
1527762066.086010000	72.3572	74	1
1527762066.087307000	72.3585	112	0
1527762066.087445000	72.3586	112	1
1527762066.103640000	72.3748	74	0
1527762066.159450000	72.4306	422	0
1527762066.166853000	72.438	104	0
1527762066.166895000	72.438	74	1
1527762066.168219000	72.4394	112	0
1527762066.168362000	72.4395	112	1
1527762066.182082000	72.4532	74	0
1527762066.244457000	72.5156	396	1
1527762066.244517000	72.5157	277	1
1527762066.259128000	72.5303	74	0
1527762066.377630000	72.6488	289	0
1527762066.378980000	72.6501	255	0
1527762066.379008000	72.6502	74	1
1527762066.383855000	72.655	235	0
1527762066.385314000	72.6565	276	0
1527762066.385334000	72.6565	74	1
1527762066.386748000	72.6579	112	0
1527762066.386985000	72.6581	112	1
1527762066.402337000	72.6735	74	0
1527762066.713711000	72.9849	399	1
1527762066.713797000	72.9849	278	1
1527762066.727996000	72.9991	74	0
1527762066.729327000	73.0005	74	0
1527762067.012786000	73.2839	354	0
1527762067.014120000	73.2853	362	0
1527762067.014155000	73.2853	74	1
1527762067.015466000	73.2866	145	0
1527762067.016872000	73.288	238	0
1527762067.016896000	73.288	74	1
1527762067.018144000	73.2893	112	0
1527762067.018324000	73.2895	112	1
1527762067.035478000	73.3066	74	0
1527762067.124373000	73.3955	538	1
1527762067.124438000	73.3956	277	1
1527762067.140673000	73.4118	74	0
1527762067.142022000	73.4132	74	0
1527762067.432337000	73.7035	283	0
1527762067.436173000	73.7073	280	0
1527762067.436207000	73.7074	74	1
1527762067.439156000	73.7103	176	0
1527762067.440458000	73.7116	112	0
1527762067.440476000	73.7116	74	1
1527762067.440610000	73.7118	112	1
1527762067.455564000	73.7267	74	0
1527762067.667574000	73.9387	399	1
1527762067.667660000	73.9388	280	1
1527762067.691682000	73.9628	74	0
1527762067.693016000	73.9642	74	0
1527762067.844947000	74.1161	285	0
1527762067.846218000	74.1174	325	0
1527762067.846252000	74.1174	74	1
1527762067.852673000	74.1238	189	0
1527762067.854015000	74.1252	175	0
1527762067.854038000	74.1252	74	1
1527762067.855381000	74.1265	112	0
1527762067.855591000	74.1267	112	1
1527762067.869256000	74.1404	74	0
1527762067.979608000	74.2508	400	1
1527762067.979694000	74.2508	276	1
1527762067.993828000	74.265	74	0
1527762067.995227000	74.2664	74	0
1527762068.366267000	74.6374	283	0
1527762068.367669000	74.6388	173	0
1527762068.367702000	74.6388	74	1
1527762068.371794000	74.6429	246	0
1527762068.373142000	74.6443	219	0
1527762068.373166000	74.6443	74	1
1527762068.374456000	74.6456	112	0
1527762068.374649000	74.6458	112	1
1527762068.390315000	74.6615	74	0
1527762068.519927000	74.7911	399	1
1527762068.520003000	74.7911	279	1
1527762068.534877000	74.806	74	0
1527762068.536653000	74.8078	74	0
1527762068.866173000	75.1373	285	0
1527762068.867520000	75.1387	363	0
1527762068.867550000	75.1387	74	1
1527762068.871287000	75.1424	364	0
1527762068.872696000	75.1438	242	0
1527762068.872718000	75.1439	74	1
1527762068.874064000	75.1452	112	0
1527762068.874301000	75.1454	112	1
1527762068.894077000	75.1652	74	0
1527762068.947332000	75.2185	396	1
1527762068.947410000	75.2186	276	1
1527762068.969279000	75.2404	74	0
1527762068.970582000	75.2417	74	0
1527762069.272926000	75.5441	282	0
1527762069.274263000	75.5454	244	0
1527762069.274297000	75.5454	74	1
1527762069.278419000	75.5496	346	0
1527762069.279814000	75.551	114	0
1527762069.279835000	75.551	74	1
1527762069.281186000	75.5523	112	0
1527762069.281461000	75.5526	112	1
1527762069.297011000	75.5682	74	0
1527762069.448582000	75.7197	395	1
1527762069.448627000	75.7198	278	1
1527762069.462311000	75.7335	74	0
1527762069.463712000	75.7349	74	0
1527762069.798537000	76.0697	286	0
1527762069.799910000	76.0711	243	0
1527762069.799941000	76.0711	74	1
1527762069.804235000	76.0754	177	0
1527762069.805646000	76.0768	317	0
1527762069.805671000	76.0768	74	1
1527762069.807014000	76.0782	112	0
1527762069.807239000	76.0784	112	1
1527762069.823838000	76.095	74	0
1527762072.106533000	78.3777	413	1
1527762072.106588000	78.3777	275	1
1527762072.122030000	78.3932	74	0
1527762072.123379000	78.3945	74	0
1527762072.437715000	78.7089	285	0
1527762072.439069000	78.7102	418	0
1527762072.439105000	78.7102	74	1
1527762072.443674000	78.7148	337	0
1527762072.445042000	78.7162	239	0
1527762072.445079000	78.7162	74	1
1527762072.446439000	78.7176	112	0
1527762072.446682000	78.7178	112	1
1527762072.461831000	78.733	74	0
1527762072.635624000	78.9068	1381	1
1527762072.635706000	78.9068	276	1
1527762072.651533000	78.9227	74	0
1527762072.652876000	78.924	74	0
1527762072.979027000	79.2502	286	0
1527762072.980366000	79.2515	263	0
1527762072.980396000	79.2515	74	1
1527762072.984435000	79.2556	339	0
1527762072.985858000	79.257	179	0
1527762072.985879000	79.257	74	1
1527762072.987232000	79.2584	112	0
1527762072.987499000	79.2586	112	1
1527762073.003441000	79.2746	74	0
1527762073.333010000	79.6042	398	1
1527762073.333094000	79.6042	279	1
1527762073.351394000	79.6225	74	0
1527762073.352752000	79.6239	74	0
1527762073.467934000	79.7391	282	0
1527762073.469315000	79.7405	221	0
1527762073.469348000	79.7405	74	1
1527762073.474660000	79.7458	212	0
1527762073.475939000	79.7471	150	0
1527762073.475959000	79.7471	74	1
1527762073.477381000	79.7485	112	0
1527762073.477628000	79.7488	112	1
1527762073.502238000	79.7734	74	0
1527762073.658124000	79.9293	395	1
1527762073.658177000	79.9293	275	1
1527762073.673219000	79.9444	74	0
1527762073.674624000	79.9458	74	0
1527762073.995179000	80.2663	286	0
1527762073.996479000	80.2676	370	0
1527762073.996507000	80.2677	74	1
1527762073.999862000	80.271	297	0
1527762074.001208000	80.2724	285	0
1527762074.001231000	80.2724	74	1
1527762074.002501000	80.2736	112	0
1527762074.002693000	80.2738	112	1
1527762074.017879000	80.289	74	0
1527762074.087455000	80.3586	461	1
1527762074.087542000	80.3587	280	1
1527762074.103501000	80.3746	74	0
1527762074.104896000	80.376	74	0
1527762074.417263000	80.6884	281	0
1527762074.418601000	80.6897	213	0
1527762074.418632000	80.6898	74	1
1527762074.421358000	80.6925	144	0
1527762074.422768000	80.6939	231	0
1527762074.422794000	80.6939	74	1
1527762074.424133000	80.6953	112	0
1527762074.424404000	80.6955	112	1
1527762074.440208000	80.7114	74	0
1527762074.508039000	80.7792	394	1
1527762074.508121000	80.7793	276	1
1527762074.523727000	80.7949	74	0
1527762074.525138000	80.7963	74	0
1527762074.839241000	81.1104	285	0
1527762074.840542000	81.1117	405	0
1527762074.840567000	81.1117	74	1
1527762074.844202000	81.1153	194	0
1527762074.845615000	81.1168	200	0
1527762074.845640000	81.1168	74	1
1527762074.846914000	81.1181	112	0
1527762074.847050000	81.1182	112	1
1527762074.863315000	81.1345	74	0
1527762075.060041000	81.3312	538	1
1527762075.060128000	81.3313	280	1
1527762075.074262000	81.3454	74	0
1527762075.079725000	81.3509	74	0
1527762075.401889000	81.673	282	0
1527762075.403160000	81.6743	356	0
1527762075.403192000	81.6743	74	1
1527762075.406869000	81.678	341	0
1527762075.408215000	81.6794	347	0
1527762075.408240000	81.6794	74	1
1527762075.409546000	81.6807	112	0
1527762075.409766000	81.6809	112	1
1527762075.426590000	81.6977	74	0
1527762075.592165000	81.8633	395	1
1527762075.592209000	81.8634	279	1
1527762075.606397000	81.8775	74	0
1527762075.607737000	81.8789	74	0
1527762075.922209000	82.1934	282	0
1527762075.923502000	82.1946	305	0
1527762075.923531000	82.1947	74	1
1527762075.924993000	82.1961	141	0
1527762075.926419000	82.1976	241	0
1527762075.926444000	82.1976	74	1
1527762075.927694000	82.1988	112	0
1527762075.927896000	82.199	112	1
1527762075.952302000	82.2234	74	0
1527762076.060139000	82.3313	399	1
1527762076.060181000	82.3313	280	1
1527762076.078193000	82.3493	74	0
1527762076.079483000	82.3506	74	0
1527762076.211457000	82.4826	282	0
1527762076.212872000	82.484	206	0
1527762076.212899000	82.484	74	1
1527762076.216041000	82.4872	144	0
1527762076.217436000	82.4886	269	0
1527762076.217459000	82.4886	74	1
1527762076.218773000	82.4899	112	0
1527762076.218924000	82.4901	112	1
1527762076.235413000	82.5066	74	0
1527762076.609617000	82.8808	395	1
1527762076.609671000	82.8808	279	1
1527762076.644331000	82.9155	74	0
1527762076.645728000	82.9169	74	0
1527762076.957931000	83.2291	283	0
1527762076.959273000	83.2304	379	0
1527762076.959304000	83.2304	74	1
1527762076.961187000	83.2323	262	0
1527762076.962537000	83.2337	234	0
1527762076.962561000	83.2337	74	1
1527762076.963942000	83.2351	112	0
1527762076.964173000	83.2353	112	1
1527762076.984082000	83.2552	74	0
1527762077.260316000	83.5315	400	1
1527762077.260398000	83.5315	279	1
1527762077.275223000	83.5464	74	0
1527762077.276641000	83.5478	74	0
1527762077.402319000	83.6735	283	0
1527762077.403589000	83.6747	422	0
1527762077.403619000	83.6748	74	1
1527762077.406992000	83.6781	246	0
1527762077.408341000	83.6795	304	0
1527762077.408365000	83.6795	74	1
1527762077.409649000	83.6808	112	0
1527762077.409832000	83.681	112	1
1527762077.425281000	83.6964	74	0
1527762077.489216000	83.7604	396	1
1527762077.489291000	83.7604	275	1
1527762077.504104000	83.7752	74	0
1527762077.505451000	83.7766	74	0
1527762077.845633000	84.1168	285	0
1527762077.846973000	84.1181	316	0
1527762077.847008000	84.1182	74	1
1527762077.851969000	84.1231	337	0
1527762077.853249000	84.1244	174	0
1527762077.853281000	84.1244	74	1
1527762077.854797000	84.1259	112	0
1527762077.855081000	84.1262	112	1
1527762077.870181000	84.1413	74	0
1527762077.970280000	84.2414	400	1
1527762077.970343000	84.2415	276	1
1527762077.985007000	84.2562	74	0
1527762077.986358000	84.2575	74	0
1527762078.109169000	84.3803	283	0
1527762078.110505000	84.3816	422	0
1527762078.110529000	84.3817	74	1
1527762078.113922000	84.3851	329	0
1527762078.115328000	84.3865	254	0
1527762078.115367000	84.3865	74	1
1527762078.116692000	84.3878	112	0
1527762078.117023000	84.3882	112	1
1527762078.136092000	84.4072	74	0
1527762078.240855000	84.512	1396	1
1527762078.240938000	84.5121	277	1
1527762078.256904000	84.528	74	0
1527762078.258196000	84.5293	74	0
1527762078.376531000	84.6477	286	0
1527762078.377857000	84.649	248	0
1527762078.377883000	84.649	74	1
1527762078.381715000	84.6529	251	0
1527762078.383067000	84.6542	336	0
1527762078.383083000	84.6542	74	1
1527762078.384432000	84.6556	112	0
1527762078.384633000	84.6558	112	1
1527762078.419922000	84.6911	74	0
1527762078.481405000	84.7525	402	1
1527762078.481449000	84.7526	278	1
1527762078.496978000	84.7681	74	0
1527762078.613825000	84.885	281	0
1527762078.615210000	84.8864	203	0
1527762078.615237000	84.8864	74	1
1527762078.619230000	84.8904	195	0
1527762078.620591000	84.8917	242	0
1527762078.620615000	84.8918	74	1
1527762078.621961000	84.8931	112	0
1527762078.622158000	84.8933	112	1
1527762078.639832000	84.911	74	0
1527762078.730373000	85.0015	394	1
1527762078.730416000	85.0016	277	1
1527762078.745166000	85.0163	74	0
1527762078.867711000	85.1389	282	0
1527762078.869049000	85.1402	304	0
1527762078.869081000	85.1402	74	1
1527762078.873909000	85.1451	204	0
1527762078.875258000	85.1464	341	0
1527762078.875281000	85.1464	74	1
1527762078.876696000	85.1478	112	0
1527762078.876934000	85.1481	112	1
1527762078.892234000	85.1634	74	0
1527762079.540601000	85.8117	458	1
1527762079.540646000	85.8118	276	1
1527762079.556055000	85.8272	74	0
1527762079.557396000	85.8285	74	0
1527762079.867888000	86.139	285	0
1527762079.869219000	86.1404	206	0
1527762079.869251000	86.1404	74	1
1527762079.872492000	86.1436	205	0
1527762079.873896000	86.145	350	0
1527762079.873929000	86.1451	74	1
1527762079.875296000	86.1464	112	0
1527762079.875573000	86.1467	112	1
1527762079.890420000	86.1616	74	0
1527762080.000968000	86.2721	397	1
1527762080.001106000	86.2722	280	1
1527762080.015588000	86.2867	74	0
1527762080.016937000	86.2881	74	0
1527762080.137664000	86.4088	286	0
1527762080.138992000	86.4101	385	0
1527762080.139027000	86.4102	74	1
1527762080.144113000	86.4153	327	0
1527762080.145463000	86.4166	211	0
1527762080.145488000	86.4166	74	1
1527762080.146890000	86.418	112	0
1527762080.147163000	86.4183	112	1
1527762080.162835000	86.434	74	0
1527762080.270463000	86.5416	541	1
1527762080.270539000	86.5417	275	1
1527762080.285245000	86.5564	74	0
1527762080.286523000	86.5577	74	0
1527762080.602392000	86.8735	285	0
1527762080.603803000	86.8749	427	0
1527762080.603834000	86.875	74	1
1527762080.607802000	86.8789	143	0
1527762080.609155000	86.8803	200	0
1527762080.609178000	86.8803	74	1
1527762080.610465000	86.8816	112	0
1527762080.610701000	86.8818	112	1
1527762080.626923000	86.8981	74	0
1527762080.720010000	86.9912	396	1
1527762080.720097000	86.9912	279	1
1527762080.754030000	87.0252	74	0
1527762080.755396000	87.0265	74	0
1527762081.081375000	87.3525	283	0
1527762081.082748000	87.3539	178	0
1527762081.082780000	87.3539	74	1
1527762081.085361000	87.3565	340	0
1527762081.086700000	87.3578	297	0
1527762081.086716000	87.3579	74	1
1527762081.088134000	87.3593	112	0
1527762081.088376000	87.3595	112	1
1527762081.099302000	87.3704	396	1
1527762081.099364000	87.3705	275	1
1527762081.109888000	87.381	74	0
1527762081.115322000	87.3865	74	0
1527762081.116666000	87.3878	74	0
1527762081.432890000	87.704	283	0
1527762081.434237000	87.7054	174	0
1527762081.434269000	87.7054	74	1
1527762081.438861000	87.71	118	0
1527762081.440207000	87.7114	181	0
1527762081.440231000	87.7114	74	1
1527762081.441544000	87.7127	112	0
1527762081.441752000	87.7129	112	1
1527762081.458127000	87.7293	74	0
1527762081.741701000	88.0128	396	1
1527762081.741756000	88.0129	276	1
1527762081.757034000	88.0282	74	0
1527762081.758365000	88.0295	74	0
1527762082.081149000	88.3523	283	0
1527762082.082428000	88.3536	302	0
1527762082.082463000	88.3536	74	1
1527762082.086872000	88.358	330	0
1527762082.088292000	88.3594	243	0
1527762082.088316000	88.3595	74	1
1527762082.089608000	88.3608	112	0
1527762082.089892000	88.361	112	1
1527762082.124099000	88.3952	74	0
1527762082.166957000	88.4381	400	1
1527762082.167034000	88.4382	282	1
1527762082.181975000	88.4531	74	0
1527762082.183329000	88.4545	74	0
1527762082.492148000	88.7633	283	0
1527762082.493438000	88.7646	275	0
1527762082.493470000	88.7646	74	1
1527762082.495731000	88.7669	195	0
1527762082.497086000	88.7682	331	0
1527762082.497111000	88.7683	74	1
1527762082.498473000	88.7696	112	0
1527762082.498711000	88.7699	112	1
1527762082.513995000	88.7851	74	0
1527762082.663577000	88.9347	396	1
1527762082.663619000	88.9348	275	1
1527762082.677930000	88.9491	74	0
1527762082.679276000	88.9504	74	0
1527762082.792169000	89.0633	282	0
1527762082.793610000	89.0648	309	0
1527762082.793645000	89.0648	74	1
1527762082.796255000	89.0674	276	0
1527762082.797605000	89.0687	352	0
1527762082.797631000	89.0688	74	1
1527762082.798899000	89.07	112	0
1527762082.799066000	89.0702	112	1
1527762082.815977000	89.0871	74	0
1527762083.111597000	89.3827	395	1
1527762083.111682000	89.3828	277	1
1527762083.125997000	89.3971	74	0
1527762083.127346000	89.3985	74	0
1527762083.437645000	89.7088	282	0
1527762083.438992000	89.7101	272	0
1527762083.439022000	89.7102	74	1
1527762083.443636000	89.7148	151	0
1527762083.445060000	89.7162	222	0
1527762083.445085000	89.7162	74	1
1527762083.446433000	89.7176	112	0
1527762083.446660000	89.7178	112	1
1527762083.462445000	89.7336	74	0
1527762083.834028000	90.1052	1394	1
1527762083.834079000	90.1052	276	1
1527762083.849198000	90.1203	74	0
1527762083.850532000	90.1217	74	0
1527762083.962418000	90.2336	285	0
1527762083.963745000	90.2349	291	0
1527762083.963776000	90.2349	74	1
1527762083.966991000	90.2381	167	0
1527762083.968345000	90.2395	325	0
1527762083.968372000	90.2395	74	1
1527762083.969660000	90.2408	112	0
1527762083.969848000	90.241	112	1
1527762083.986821000	90.258	74	0
1527762084.057491000	90.3286	397	1
1527762084.057574000	90.3287	276	1
1527762084.072709000	90.3439	74	0
1527762084.075131000	90.3463	74	0
1527762084.186971000	90.4581	283	0
1527762084.188371000	90.4595	370	0
1527762084.188405000	90.4595	74	1
1527762084.192232000	90.4634	331	0
1527762084.193518000	90.4647	197	0
1527762084.193542000	90.4647	74	1
1527762084.195002000	90.4661	112	0
1527762084.195247000	90.4664	112	1
1527762084.211820000	90.483	74	0
1527762084.356043000	90.6272	396	1
1527762084.356118000	90.6273	276	1
1527762084.370518000	90.6417	74	0
1527762084.697557000	90.9687	283	0
1527762084.698954000	90.9701	385	0
1527762084.698985000	90.9701	74	1
1527762084.702720000	90.9739	239	0
1527762084.704006000	90.9751	180	0
1527762084.704034000	90.9752	74	1
1527762084.705434000	90.9766	112	0
1527762084.705676000	90.9768	112	1
1527762084.721253000	90.9924	74	0
1527762085.093800000	91.3649	463	1
1527762085.093855000	91.365	277	1
1527762085.126931000	91.3981	74	0
1527762085.128284000	91.3994	74	0
1527762085.240691000	91.5118	283	0
1527762085.242041000	91.5132	311	0
1527762085.242073000	91.5132	74	1
1527762085.247306000	91.5185	207	0
1527762085.248598000	91.5197	207	0
1527762085.248622000	91.5198	74	1
1527762085.250079000	91.5212	112	0
1527762085.250333000	91.5215	112	1
1527762085.270475000	91.5416	74	0
1527762085.303658000	91.5748	396	1
1527762085.303702000	91.5748	275	1
1527762085.317261000	91.5884	74	0
1527762085.318600000	91.5897	74	0
1527762085.421609000	91.6928	283	0
1527762085.422972000	91.6941	264	0
1527762085.423000000	91.6941	74	1
1527762085.426521000	91.6977	191	0
1527762085.427910000	91.6991	347	0
1527762085.427933000	91.6991	74	1
1527762085.429248000	91.7004	112	0
1527762085.429484000	91.7006	112	1
1527762085.446953000	91.7181	74	0
1527762085.831444000	92.1026	396	1
1527762085.831522000	92.1027	276	1
1527762085.847267000	92.1184	74	0
1527762085.848606000	92.1198	74	0
1527762086.173919000	92.4451	286	0
1527762086.175324000	92.4465	388	0
1527762086.175356000	92.4465	74	1
1527762086.179830000	92.451	159	0
1527762086.181186000	92.4523	333	0
1527762086.181213000	92.4524	74	1
1527762086.182518000	92.4537	112	0
1527762086.182729000	92.4539	112	1
1527762086.198512000	92.4697	74	0
1527762086.235318000	92.5065	542	1
1527762086.235399000	92.5065	279	1
1527762086.250455000	92.5216	74	0
1527762086.251863000	92.523	74	0
1527762086.427648000	92.6988	283	0
1527762086.428987000	92.7001	378	0
1527762086.429021000	92.7002	74	1
1527762086.430958000	92.7021	271	0
1527762086.432300000	92.7034	115	0
1527762086.432321000	92.7035	74	1
1527762086.433667000	92.7048	112	0
1527762086.433893000	92.705	112	1
1527762086.450663000	92.7218	74	0
1527762086.515355000	92.7865	396	1
1527762086.515412000	92.7866	279	1
1527762086.530995000	92.8021	74	0
1527762086.532369000	92.8035	74	0
1527762086.858325000	93.1295	283	0
1527762086.859688000	93.1308	395	0
1527762086.859721000	93.1309	74	1
1527762086.862327000	93.1335	341	0
1527762086.863682000	93.1348	196	0
1527762086.863707000	93.1349	74	1
1527762086.865158000	93.1363	112	0
1527762086.865423000	93.1366	112	1
1527762086.903920000	93.1751	74	0
1527762087.213928000	93.4851	396	1
1527762087.214007000	93.4852	277	1
1527762087.228362000	93.4995	74	0
1527762087.229709000	93.5009	74	0
1527762087.549340000	93.8205	285	0
1527762087.550683000	93.8218	234	0
1527762087.550711000	93.8219	74	1
1527762087.555680000	93.8268	242	0
1527762087.557036000	93.8282	274	0
1527762087.557063000	93.8282	74	1
1527762087.558404000	93.8295	112	0
1527762087.558551000	93.8297	112	1
1527762087.579091000	93.8502	74	0
