1527766024.232165000	0	297	1
1527766024.249303000	0.017138	87	0
1527766024.417943000	0.185778	373	0
1527766024.419287000	0.187122	1412	0
1527766024.420640000	0.188475	1412	0
1527766024.421668000	0.189503	103	1
1527766024.422023000	0.189858	1412	0
1527766024.441943000	0.209778	180	0
1527766024.441945000	0.20978	1412	0
1527766024.441948000	0.209783	1412	0
1527766024.441950000	0.209785	1412	0
1527766024.441954000	0.209789	188	0
1527766024.441956000	0.209791	1412	0
1527766024.441958000	0.209793	1412	0
1527766024.441962000	0.209797	1300	0
1527766024.441964000	0.209799	1412	0
1527766024.441967000	0.209802	1412	0
1527766024.441969000	0.209804	1412	0
1527766024.441972000	0.209807	188	0
1527766024.441974000	0.209809	1187	0
1527766024.442125000	0.20996	106	1
1527766024.442352000	0.210187	127	1
1527766024.445641000	0.213476	106	1
1527766024.453614000	0.221449	1412	0
1527766024.454972000	0.222807	1412	0
1527766024.456326000	0.224161	1412	0
1527766024.457642000	0.225477	106	1
1527766024.457765000	0.2256	1412	0
1527766024.459122000	0.226957	1412	0
1527766024.460476000	0.228311	1412	0
1527766024.461648000	0.229483	106	1
1527766024.461830000	0.229665	1412	0
1527766024.463184000	0.231019	1412	0
1527766024.464536000	0.232371	1412	0
1527766024.465647000	0.233482	106	1
1527766024.465891000	0.233726	1412	0
1527766024.467301000	0.235136	1412	0
1527766024.468656000	0.236491	1412	0
1527766024.469645000	0.23748	106	1
1527766024.470010000	0.237845	1412	0
1527766024.471362000	0.239197	1412	0
1527766024.472714000	0.240549	1412	0
1527766024.473646000	0.241481	106	1
1527766024.474050000	0.241885	806	0
1527766024.475416000	0.243251	1412	0
1527766024.476789000	0.244624	153	0
1527766024.477646000	0.245481	106	1
1527766024.478174000	0.246009	1412	0
1527766024.479526000	0.247361	1412	0
1527766024.480878000	0.248713	1412	0
1527766024.481647000	0.249482	106	1
1527766024.482217000	0.250052	900	0
1527766024.483580000	0.251415	1412	0
1527766024.484927000	0.252762	1412	0
1527766024.485642000	0.253477	106	1
1527766024.486281000	0.254116	1412	0
1527766024.487669000	0.255504	768	0
1527766024.489006000	0.256841	154	0
1527766024.489644000	0.257479	106	1
1527766025.771490000	1.53932	381	1
1527766025.771574000	1.53941	1412	1
1527766025.771598000	1.53943	918	1
1527766025.779276000	1.54711	219	1
1527766025.789545000	1.55738	87	0
1527766025.797452000	1.56529	87	0
1527766025.952232000	1.72007	397	0
1527766025.955768000	1.7236	106	1
1527766025.956032000	1.72387	80	0
1527766025.959773000	1.72761	100	1
1527766025.975809000	1.74364	311	0
1527766025.977244000	1.74508	1412	0
1527766025.978603000	1.74644	1412	0
1527766025.979755000	1.74759	106	1
1527766025.979977000	1.74781	1412	0
1527766025.981297000	1.74913	180	0
1527766025.982678000	1.75051	1412	0
1527766025.983779000	1.75161	106	1
1527766025.984026000	1.75186	1412	0
1527766025.985371000	1.75321	1071	0
1527766025.986746000	1.75458	92	0
1527766025.987747000	1.75558	106	1
1527766025.988104000	1.75594	229	0
1527766025.991792000	1.75963	100	1
1527766026.021951000	1.78979	217	1
1527766026.040419000	1.80825	87	0
1527766026.385483000	2.15332	401	0
1527766026.386952000	2.15479	1114	0
1527766026.388279000	2.15611	92	0
1527766026.389629000	2.15746	107	0
1527766026.389788000	2.15762	103	1
1527766026.393798000	2.16163	106	1
1527766027.752012000	3.51985	233	1
1527766027.769825000	3.53766	87	0
1527766027.852624000	3.62046	278	0
1527766027.853995000	3.62183	1412	0
1527766027.855333000	3.62317	997	0
1527766027.856907000	3.62474	92	0
1527766027.857001000	3.62484	109	1
1527766027.858382000	3.62622	326	0
1527766027.860852000	3.62869	103	1
1527766028.780984000	4.54882	293	1
1527766028.781086000	4.54892	1412	1
1527766028.781111000	4.54895	1412	1
1527766028.781151000	4.54899	1412	1
1527766028.781173000	4.54901	1412	1
1527766028.781203000	4.54904	1412	1
1527766028.781242000	4.54908	1412	1
1527766028.781291000	4.54913	1412	1
1527766028.781326000	4.54916	1412	1
1527766028.781361000	4.5492	1412	1
1527766028.781412000	4.54925	1412	1
1527766028.781448000	4.54928	1412	1
1527766028.781501000	4.54934	1412	1
1527766028.781523000	4.54936	1294	1
1527766028.798415000	4.56625	87	0
1527766028.802112000	4.56995	87	0
1527766028.806962000	4.5748	87	0
1527766029.127782000	4.89562	398	0
1527766029.128935000	4.89677	109	1
1527766029.131456000	4.89929	80	0
1527766029.144550000	4.91238	100	1
1527766030.133673000	5.90151	326	1
1527766030.133766000	5.9016	1412	1
1527766030.133802000	5.90164	990	1
1527766030.139893000	5.90773	1149	1
1527766030.139973000	5.90781	1412	1
1527766030.139997000	5.90783	1412	1
1527766030.140019000	5.90785	770	1
1527766030.148834000	5.91667	166	1
1527766030.153618000	5.92145	87	0
1527766030.156611000	5.92445	87	0
1527766030.163762000	5.9316	120	1
1527766030.168718000	5.93655	87	0
1527766030.183032000	5.95087	94	0
1527766030.186554000	5.95439	103	1
1527766030.186891000	5.95473	87	0
1527766030.242520000	6.01035	398	0
1527766030.245745000	6.01358	80	0
1527766030.246976000	6.01481	106	1
1527766030.419458000	6.18729	609	0
1527766030.420812000	6.18865	492	0
1527766030.423184000	6.19102	120	1
1527766030.427261000	6.1951	252	1
1527766030.441816000	6.20965	87	0
1527766030.446536000	6.21437	87	0
1527766030.688675000	6.45651	945	0
1527766030.690043000	6.45788	1412	0
1527766030.691385000	6.45922	1412	0
1527766030.692617000	6.46045	112	1
1527766030.692757000	6.46059	1412	0
1527766030.694096000	6.46193	180	0
1527766030.695459000	6.46329	1412	0
1527766030.696577000	6.46441	106	1
1527766030.696868000	6.4647	1355	0
1527766030.698241000	6.46608	1412	0
1527766030.699596000	6.46743	1412	0
1527766030.700589000	6.46842	106	1
1527766030.700930000	6.46877	1412	0
1527766030.702246000	6.47008	188	0
1527766030.703598000	6.47143	84	0
1527766030.704546000	6.47238	106	1
1527766030.704975000	6.47281	1222	0
1527766030.710684000	6.47852	100	1
1527766030.723746000	6.49158	1412	0
1527766030.725088000	6.49292	1412	0
1527766030.726443000	6.49428	1412	0
1527766030.727569000	6.4954	106	1
1527766030.727878000	6.49571	1412	0
1527766030.729221000	6.49706	855	0
1527766030.730584000	6.49842	1412	0
1527766030.731596000	6.49943	100	1
1527766030.731957000	6.49979	1412	0
1527766030.733316000	6.50115	1412	0
1527766030.734657000	6.50249	890	0
1527766030.735576000	6.50341	106	1
1527766030.736019000	6.50385	1412	0
1527766030.737422000	6.50526	1412	0
1527766030.738779000	6.50661	1412	0
1527766030.740121000	6.50796	1085	0
1527766030.741483000	6.50932	1412	0
1527766030.742839000	6.51067	1412	0
1527766030.744195000	6.51203	1412	0
1527766030.745525000	6.51336	188	0
1527766030.745632000	6.51347	127	1
1527766030.746966000	6.5148	1412	0
1527766030.748295000	6.51613	208	0
1527766030.749740000	6.51757	1412	0
1527766030.750728000	6.51856	106	1
1527766030.751095000	6.51893	1412	0
1527766030.752453000	6.52029	1412	0
1527766030.753781000	6.52162	188	0
1527766030.754543000	6.52238	106	1
1527766030.755153000	6.52299	1186	0
1527766030.756560000	6.52439	1412	0
1527766030.757917000	6.52575	1412	0
1527766030.758560000	6.52639	106	1
1527766030.759267000	6.5271	1412	0
1527766030.760610000	6.52845	1103	0
1527766030.761971000	6.52981	1412	0
1527766030.762548000	6.53038	106	1
1527766030.763321000	6.53116	1412	0
1527766030.764656000	6.53249	583	0
1527766030.766028000	6.53386	1412	0
1527766030.766558000	6.53439	106	1
1527766030.767469000	6.5353	1327	0
1527766030.769056000	6.53689	1412	0
1527766030.770405000	6.53824	1412	0
1527766030.771556000	6.53939	106	1
1527766030.771904000	6.53974	571	0
1527766030.776598000	6.54443	100	1
1527766033.118846000	8.88668	581	1
1527766033.118924000	8.88676	295	1
1527766033.122046000	8.88988	304	1
1527766033.122133000	8.88997	1412	1
1527766033.122178000	8.89001	1412	1
1527766033.122200000	8.89003	982	1
1527766033.137371000	8.90521	87	0
1527766033.143209000	8.91104	87	0
1527766033.170233000	8.93807	401	1
1527766033.188322000	8.95616	87	0
1527766033.216871000	8.98471	399	0
1527766033.220702000	8.98854	103	1
1527766033.222322000	8.99016	80	0
1527766033.225715000	8.99355	100	1
1527766033.299601000	9.06744	357	0
1527766033.300975000	9.06881	1400	0
1527766033.302298000	9.07013	513	0
1527766033.303652000	9.07149	592	0
1527766033.303745000	9.07158	106	1
1527766033.305035000	9.07287	635	0
1527766033.306382000	9.07422	467	0
1527766033.307705000	9.07554	106	1
1527766033.308101000	9.07594	697	0
1527766033.309651000	9.07749	484	0
1527766033.311021000	9.07886	835	0
1527766033.311786000	9.07962	106	1
1527766033.312365000	9.0802	649	0
1527766033.313929000	9.08176	519	0
1527766033.315530000	9.08336	439	0
1527766033.315741000	9.08358	106	1
1527766033.317046000	9.08488	701	0
1527766033.318643000	9.08648	616	0
1527766033.320245000	9.08808	558	0
1527766033.320697000	9.08853	106	1
1527766033.321602000	9.08944	654	0
1527766033.323114000	9.09095	277	0
1527766033.324453000	9.09229	103	0
1527766033.325704000	9.09354	106	1
1527766033.325915000	9.09375	583	0
1527766033.327326000	9.09516	689	0
1527766033.329699000	9.09753	103	1
1527766033.332520000	9.10035	330	0
1527766033.333862000	9.1017	92	0
1527766033.335219000	9.10305	323	0
1527766033.336700000	9.10453	106	1
1527766034.075562000	9.8434	488	1
1527766034.075651000	9.84349	95	1
1527766034.094446000	9.86228	87	0
1527766034.231057000	9.99889	235	0
1527766034.232395000	10.0002	366	0
1527766034.234752000	10.0026	106	1
1527766034.235076000	10.0029	322	0
1527766034.238729000	10.0066	100	1
1527766034.980795000	10.7486	397	1
1527766034.980866000	10.7487	110	1
1527766034.985328000	10.7532	329	1
1527766034.986679000	10.7545	515	1
1527766034.986743000	10.7546	88	1
1527766034.998658000	10.7665	87	0
1527766035.005060000	10.7729	87	0
1527766035.136404000	10.9042	306	0
1527766035.137804000	10.9056	151	0
1527766035.140858000	10.9087	109	1
1527766035.141686000	10.9095	92	0
1527766035.143050000	10.9109	246	0
1527766035.149847000	10.9177	103	1
1527766035.168354000	10.9362	295	0
1527766035.169689000	10.9375	140	0
1527766035.172562000	10.9404	281	0
1527766035.172871000	10.9407	106	1
1527766035.173917000	10.9418	103	0
1527766035.175271000	10.9431	92	0
1527766035.176694000	10.9445	230	0
1527766035.177809000	10.9456	106	1
1527766035.178034000	10.9459	92	0
1527766035.179388000	10.9472	162	0
1527766035.183609000	10.9514	103	1
1527766035.470507000	11.2383	395	1
1527766035.470603000	11.2384	255	1
1527766035.492395000	11.2602	87	0
1527766036.063647000	11.8315	372	1
1527766036.063779000	11.8316	1412	1
1527766036.063805000	11.8316	1412	1
1527766036.063855000	11.8317	1412	1
1527766036.063891000	11.8317	1412	1
1527766036.063926000	11.8318	1412	1
1527766036.063963000	11.8318	1412	1
1527766036.064004000	11.8318	1412	1
1527766036.064032000	11.8319	1412	1
1527766036.064070000	11.8319	1412	1
1527766036.064104000	11.8319	1412	1
1527766036.064140000	11.832	1412	1
1527766036.064181000	11.832	1412	1
1527766036.064235000	11.8321	1412	1
1527766036.064261000	11.8321	1412	1
1527766036.064301000	11.8321	1412	1
1527766036.064335000	11.8322	1412	1
1527766036.064369000	11.8322	1412	1
1527766036.064393000	11.8322	1412	1
1527766036.065938000	11.8338	1412	1
1527766036.065984000	11.8338	1412	1
1527766036.066045000	11.8339	1412	1
1527766036.066081000	11.8339	1412	1
1527766036.066134000	11.834	1412	1
1527766036.066162000	11.834	1412	1
1527766036.066197000	11.834	1412	1
1527766036.066232000	11.8341	1412	1
1527766036.066267000	11.8341	1412	1
1527766036.066290000	11.8341	1412	1
1527766036.066330000	11.8342	1412	1
1527766036.066376000	11.8342	1412	1
1527766036.066410000	11.8342	1412	1
1527766036.066451000	11.8343	1412	1
1527766036.066473000	11.8343	1412	1
1527766036.066491000	11.8343	298	1
1527766036.082155000	11.85	87	0
1527766036.083846000	11.8517	87	0
1527766036.086156000	11.854	87	0
1527766036.090369000	11.8582	87	0
1527766036.165278000	11.9331	290	0
1527766036.166764000	11.9346	146	0
1527766036.168946000	11.9368	118	1
1527766036.171051000	11.9389	92	0
1527766036.172409000	11.9402	245	0
1527766036.174894000	11.9427	103	1
1527766036.208780000	11.9766	362	1
1527766036.209741000	11.9776	296	1
1527766036.228331000	11.9962	87	0
1527766036.245938000	12.0138	442	0
1527766036.249470000	12.0173	462	1
1527766036.252613000	12.0204	80	0
1527766036.255904000	12.0237	100	1
1527766036.267099000	12.0349	87	0
1527766036.345177000	12.113	326	1
1527766036.345274000	12.1131	260	1
1527766036.363914000	12.1317	266	0
1527766036.365249000	12.1331	118	0
1527766036.367874000	12.1357	106	1
1527766036.372641000	12.1405	233	0
1527766036.373984000	12.1418	279	0
1527766036.375326000	12.1432	92	0
1527766036.376745000	12.1446	121	0
1527766036.376909000	12.1447	109	1
1527766036.378118000	12.146	92	0
1527766036.379474000	12.1473	131	0
1527766036.381880000	12.1497	103	1
1527766036.431120000	12.199	587	0
1527766036.432464000	12.2003	801	0
1527766036.434096000	12.2019	92	0
1527766036.434886000	12.2027	106	1
1527766036.448368000	12.2162	299	0
1527766036.451868000	12.2197	100	1
1527766036.554783000	12.3226	312	0
1527766036.556116000	12.324	146	0
1527766036.559463000	12.3273	92	0
1527766036.560807000	12.3286	215	0
1527766036.560962000	12.3288	109	1
1527766036.762147000	12.53	1319	1
1527766036.762240000	12.5301	446	1
1527766036.781500000	12.5493	87	0
1527766036.950907000	12.7187	233	0
1527766036.952241000	12.7201	146	0
1527766036.954919000	12.7228	106	1
1527766036.956536000	12.7244	92	0
1527766036.957903000	12.7257	304	0
1527766036.959930000	12.7278	103	1
1527766037.198373000	12.9662	603	1
1527766037.198448000	12.9663	262	1
1527766037.216024000	12.9839	87	0
1527766037.382685000	13.1505	256	0
1527766037.383981000	13.1518	146	0
1527766037.387021000	13.1549	106	1
1527766037.387760000	13.1556	92	0
1527766037.389123000	13.157	234	0
1527766037.390953000	13.1588	103	1
1527766037.510182000	13.278	390	1
1527766037.510246000	13.2781	255	1
1527766037.529987000	13.2978	87	0
1527766037.691704000	13.4595	235	0
1527766037.692997000	13.4608	146	0
1527766037.695782000	13.4636	92	0
1527766037.696030000	13.4639	109	1
1527766037.697211000	13.465	165	0
1527766037.701099000	13.4689	100	1
1527766038.109854000	13.8777	394	1
1527766038.109952000	13.8778	261	1
1527766038.140026000	13.9079	87	0
1527766038.300311000	14.0681	308	0
1527766038.301649000	14.0695	146	0
1527766038.304073000	14.0719	106	1
1527766038.305554000	14.0734	92	0
1527766038.307006000	14.0748	174	0
1527766038.309064000	14.0769	103	1
1527766038.380134000	14.148	395	1
1527766038.380197000	14.148	254	1
1527766038.402260000	14.1701	100	0
1527766038.403680000	14.1715	87	0
1527766038.406060000	14.1739	103	1
1527766038.561991000	14.3298	281	0
1527766038.563322000	14.3312	146	0
1527766038.566006000	14.3338	103	1
1527766038.567387000	14.3352	92	0
1527766038.568744000	14.3366	167	0
1527766038.570984000	14.3388	103	1
1527766038.931295000	14.6991	416	1
1527766038.931360000	14.6992	255	1
1527766038.951398000	14.7192	87	0
1527766039.121936000	14.8898	268	0
1527766039.123229000	14.8911	146	0
1527766039.125455000	14.8933	92	0
1527766039.126100000	14.8939	109	1
1527766039.126888000	14.8947	139	0
1527766039.131105000	14.8989	100	1
1527766041.286123000	17.054	427	1
1527766041.286221000	17.0541	255	1
1527766041.304788000	17.0726	87	0
1527766041.491982000	17.2598	256	0
1527766041.493316000	17.2612	148	0
1527766041.495929000	17.2638	92	0
1527766041.495988000	17.2638	106	1
1527766041.497413000	17.2652	333	0
1527766041.500033000	17.2679	103	1
1527766041.548257000	17.3161	393	1
1527766041.548333000	17.3162	258	1
1527766041.567928000	17.3358	87	0
1527766041.572718000	17.3406	87	0
1527766041.730484000	17.4983	303	0
1527766041.731877000	17.4997	148	0
1527766041.734061000	17.5019	109	1
1527766041.735319000	17.5032	92	0
1527766041.736743000	17.5046	200	0
1527766041.739049000	17.5069	103	1
1527766042.169405000	17.9372	393	1
1527766042.169497000	17.9373	259	1
1527766042.187160000	17.955	87	0
1527766042.354959000	18.1228	256	0
1527766042.356305000	18.1241	148	0
1527766042.359094000	18.1269	106	1
1527766042.359285000	18.1271	92	0
1527766042.360642000	18.1285	277	0
1527766042.363105000	18.1309	103	1
1527766042.728380000	18.4962	394	1
1527766042.728444000	18.4963	257	1
1527766042.746080000	18.5139	87	0
1527766042.927338000	18.6952	233	0
1527766042.928695000	18.6965	148	0
1527766042.930937000	18.6988	92	0
1527766042.931131000	18.699	109	1
1527766042.936632000	18.7045	111	0
1527766042.940061000	18.7079	100	1
1527766043.168431000	18.9363	390	1
1527766043.168495000	18.9363	259	1
1527766043.186871000	18.9547	87	0
1527766043.191681000	18.9595	87	0
1527766043.288652000	19.0565	255	0
1527766043.290059000	19.0579	148	0
1527766043.292166000	19.06	109	1
1527766043.293356000	19.0612	92	0
1527766043.294709000	19.0625	239	0
1527766043.297156000	19.065	103	1
1527766043.528627000	19.2965	389	1
1527766043.528722000	19.2966	257	1
1527766043.548054000	19.3159	87	0
1527766043.720773000	19.4886	233	0
1527766043.722106000	19.4899	148	0
1527766043.724333000	19.4922	92	0
1527766043.725180000	19.493	109	1
1527766043.725706000	19.4935	103	0
1527766043.729165000	19.497	100	1
1527766043.820545000	19.5884	1314	1
1527766043.820638000	19.5885	259	1
1527766043.838745000	19.6066	87	0
1527766043.957150000	19.725	233	0
1527766043.958561000	19.7264	148	0
1527766043.960927000	19.7288	92	0
1527766043.961153000	19.729	109	1
1527766043.962311000	19.7301	131	0
1527766043.966176000	19.734	100	1
1527766044.378599000	20.1464	598	1
1527766044.378697000	20.1465	258	1
1527766044.397036000	20.1649	87	0
1527766044.567858000	20.3357	281	0
1527766044.569182000	20.337	148	0
1527766044.571216000	20.3391	106	1
1527766044.574181000	20.342	92	0
1527766044.575552000	20.3434	146	0
1527766044.578151000	20.346	103	1
1527766044.825128000	20.593	394	1
1527766044.825217000	20.5931	260	1
1527766044.858906000	20.6267	87	0
1527766045.015430000	20.7833	304	0
1527766045.016829000	20.7847	148	0
1527766045.019164000	20.787	106	1
1527766045.021005000	20.7888	92	0
1527766045.022386000	20.7902	335	0
1527766045.024187000	20.792	103	1
1527766045.334081000	21.1019	395	1
1527766045.334164000	21.102	262	1
1527766045.352586000	21.1204	87	0
1527766045.357147000	21.125	87	0
1527766045.521118000	21.289	256	0
1527766045.522454000	21.2903	148	0
1527766045.525202000	21.293	109	1
1527766045.525701000	21.2935	92	0
1527766045.527120000	21.295	199	0
1527766045.529214000	21.297	103	1
1527766045.586842000	21.3547	389	1
1527766045.586940000	21.3548	259	1
1527766045.605065000	21.3729	87	0
1527766045.773725000	21.5416	233	0
1527766045.775110000	21.5429	148	0
1527766045.777231000	21.5451	106	1
1527766045.778863000	21.5467	92	0
1527766045.780239000	21.5481	258	0
1527766045.783267000	21.5511	103	1
1527766046.008761000	21.7766	415	1
1527766046.008844000	21.7767	258	1
1527766046.030936000	21.7988	87	0
1527766046.193001000	21.9608	233	0
1527766046.194290000	21.9621	148	0
1527766046.197332000	21.9652	106	1
1527766046.201119000	21.969	92	0
1527766046.202460000	21.9703	228	0
1527766046.205377000	21.9732	103	1
1527766046.265343000	22.0332	430	1
1527766046.265434000	22.0333	256	1
1527766046.283099000	22.0509	87	0
1527766046.446750000	22.2146	308	0
1527766046.448097000	22.2159	148	0
1527766046.450330000	22.2182	106	1
1527766046.452124000	22.22	92	0
1527766046.453466000	22.2213	265	0
1527766046.456332000	22.2242	103	1
1527766046.836725000	22.6046	394	1
1527766046.836788000	22.6046	258	1
1527766046.867811000	22.6356	87	0
1527766047.026922000	22.7948	279	0
1527766047.028257000	22.7961	148	0
1527766047.030292000	22.7981	106	1
1527766047.031558000	22.7994	92	0
1527766047.032912000	22.8007	143	0
1527766047.035287000	22.8031	103	1
1527766047.195727000	22.9636	390	1
1527766047.195787000	22.9636	258	1
1527766047.214462000	22.9823	87	0
1527766047.337848000	23.1057	288	0
1527766047.339289000	23.1071	148	0
1527766047.341377000	23.1092	106	1
1527766047.343330000	23.1112	92	0
1527766047.344693000	23.1125	310	0
1527766047.347411000	23.1152	103	1
1527766048.166657000	23.9345	393	1
1527766048.166721000	23.9346	257	1
1527766048.185245000	23.9531	87	0
1527766048.189155000	23.957	87	0
1527766048.359814000	24.1276	256	0
1527766048.361156000	24.129	148	0
1527766048.363448000	24.1313	109	1
1527766048.364443000	24.1323	92	0
1527766048.365874000	24.1337	165	0
1527766048.368428000	24.1363	103	1
1527766048.385426000	24.1533	393	1
1527766048.385485000	24.1533	259	1
1527766048.402798000	24.1706	87	0
1527766048.414193000	24.182	87	0
1527766048.573481000	24.3413	303	0
1527766048.574818000	24.3427	148	0
1527766048.577382000	24.3452	109	1
1527766048.577577000	24.3454	92	0
1527766048.578946000	24.3468	292	0
1527766048.581395000	24.3492	103	1
1527766048.776833000	24.5447	389	1
1527766048.776926000	24.5448	257	1
1527766048.811875000	24.5797	87	0
1527766048.916235000	24.6841	233	0
1527766048.917651000	24.6855	148	0
1527766048.919001000	24.6868	92	0
1527766048.920435000	24.6883	109	1
1527766048.921365000	24.6892	298	0
1527766048.925460000	24.6933	100	1
1527766049.026732000	24.7946	1314	1
1527766049.026826000	24.7947	259	1
1527766049.050855000	24.8187	87	0
1527766049.215407000	24.9832	233	0
1527766049.216820000	24.9847	148	0
1527766049.219479000	24.9873	106	1
1527766049.220270000	24.9881	92	0
1527766049.221630000	24.9895	299	0
1527766049.224484000	24.9923	103	1
1527766049.560319000	25.3282	599	1
1527766049.560381000	25.3282	258	1
1527766049.578658000	25.3465	87	0
1527766049.746007000	25.5138	256	0
1527766049.747412000	25.5152	148	0
1527766049.749504000	25.5173	106	1
1527766049.750423000	25.5183	92	0
1527766049.751780000	25.5196	232	0
1527766049.754492000	25.5223	103	1
1527766049.999966000	25.7678	389	1
1527766050.000040000	25.7679	262	1
1527766050.039451000	25.8073	389	1
1527766050.052185000	25.82	87	0
1527766050.057958000	25.8258	87	0
1527766050.219598000	25.9874	236	0
1527766050.220995000	25.9888	148	0
1527766050.223510000	25.9913	109	1
1527766050.223602000	25.9914	92	0
1527766050.224972000	25.9928	246	0
1527766050.227475000	25.9953	103	1
1527766050.341763000	26.1096	391	1
1527766050.341829000	26.1097	257	1
1527766050.359792000	26.1276	87	0
1527766050.364883000	26.1327	87	0
1527766050.500288000	26.2681	256	0
1527766050.501632000	26.2695	148	0
1527766050.504499000	26.2723	109	1
1527766050.505473000	26.2733	92	0
1527766050.506903000	26.2747	256	0
1527766050.509487000	26.2773	103	1
1527766050.731444000	26.4993	390	1
1527766050.731544000	26.4994	257	1
1527766050.750237000	26.5181	87	0
1527766050.754683000	26.5225	87	0
1527766051.094515000	26.8623	256	0
1527766051.095949000	26.8638	148	0
1527766051.097462000	26.8653	92	0
1527766051.098542000	26.8664	112	1
1527766051.098884000	26.8667	132	0
1527766051.102531000	26.8704	100	1
1527766051.115268000	26.8831	256	0
1527766051.118523000	26.8864	100	1
1527766051.133532000	26.9014	418	1
1527766051.133624000	26.9015	260	1
1527766051.153186000	26.921	87	0
1527766051.157661000	26.9255	87	0
1527766051.263610000	27.0314	305	0
1527766051.264945000	27.0328	148	0
1527766051.267525000	27.0354	109	1
1527766051.268065000	27.0359	92	0
1527766051.269433000	27.0373	311	0
1527766051.271541000	27.0394	103	1
1527766051.390729000	27.1586	427	1
1527766051.390814000	27.1586	259	1
1527766051.410465000	27.1783	87	0
1527766051.523781000	27.2916	256	0
1527766051.525211000	27.293	148	0
1527766051.527577000	27.2954	106	1
1527766051.528749000	27.2966	92	0
1527766051.530111000	27.2979	324	0
1527766051.532574000	27.3004	103	1
1527766051.862900000	27.6307	394	1
1527766051.862964000	27.6308	262	1
1527766051.881040000	27.6489	87	0
1527766052.045498000	27.8133	235	0
1527766052.046960000	27.8148	148	0
1527766052.049614000	27.8174	106	1
1527766052.049644000	27.8175	92	0
1527766052.051089000	27.8189	328	0
1527766052.053640000	27.8215	103	1
1527766052.289898000	28.0577	391	1
1527766052.289984000	28.0578	259	1
1527766052.307423000	28.0753	87	0
1527766052.474899000	28.2427	258	0
1527766052.476253000	28.2441	148	0
1527766052.478597000	28.2464	106	1
1527766052.478619000	28.2465	92	0
1527766052.480012000	28.2478	335	0
1527766052.482655000	28.2505	103	1
1527766052.597887000	28.3657	394	1
1527766052.597951000	28.3658	261	1
1527766052.624483000	28.3923	87	0
1527766052.789101000	28.5569	282	0
1527766052.790466000	28.5583	148	0
1527766052.792618000	28.5605	106	1
1527766052.795261000	28.5631	92	0
1527766052.796690000	28.5645	138	0
1527766052.798685000	28.5665	103	1
1527766053.027708000	28.7955	392	1
1527766053.027800000	28.7956	263	1
1527766053.046246000	28.8141	87	0
1527766053.164686000	28.9325	278	0
1527766053.166085000	28.9339	148	0
1527766053.168717000	28.9366	106	1
1527766053.171228000	28.9391	92	0
1527766053.172559000	28.9404	160	0
1527766053.174724000	28.9426	103	1
1527766053.426200000	29.194	393	1
1527766053.426267000	29.1941	257	1
1527766053.445834000	29.2137	87	0
1527766053.610762000	29.3786	288	0
1527766053.612095000	29.3799	148	0
1527766053.614667000	29.3825	106	1
1527766053.615791000	29.3836	92	0
1527766053.617210000	29.385	280	0
1527766053.619655000	29.3875	103	1
1527766053.832848000	29.6007	1314	1
1527766053.832926000	29.6008	263	1
1527766053.852106000	29.6199	87	0
1527766054.019196000	29.787	233	0
1527766054.020482000	29.7883	148	0
1527766054.022765000	29.7906	106	1
1527766054.022988000	29.7908	92	0
1527766054.024282000	29.7921	195	0
1527766054.026757000	29.7946	103	1
1527766054.277334000	30.0452	603	1
1527766054.277410000	30.0452	265	1
1527766054.295534000	30.0634	87	0
1527766054.458762000	30.2266	328	0
1527766054.460125000	30.228	148	0
1527766054.462807000	30.2306	106	1
1527766054.463336000	30.2312	92	0
1527766054.464693000	30.2325	272	0
1527766054.466790000	30.2346	103	1
1527766054.692413000	30.4602	394	1
1527766054.692503000	30.4603	259	1
1527766054.710475000	30.4783	87	0
1527766054.716396000	30.4842	87	0
1527766054.885441000	30.6533	233	0
1527766054.886900000	30.6547	148	0
1527766054.888254000	30.6561	92	0
1527766054.889612000	30.6574	159	0
1527766054.889836000	30.6577	115	1
1527766055.457715000	31.2255	390	1
1527766055.457805000	31.2256	263	1
1527766055.476392000	31.2442	87	0
1527766055.642385000	31.4102	258	0
1527766055.643734000	31.4116	148	0
1527766055.646858000	31.4147	106	1
1527766055.647501000	31.4153	92	0
1527766055.648875000	31.4167	102	0
1527766055.650845000	31.4187	103	1
1527766055.828937000	31.5968	419	1
1527766055.829024000	31.5969	260	1
1527766055.848290000	31.6161	87	0
1527766056.016287000	31.7841	232	0
1527766056.017698000	31.7855	148	0
1527766056.019875000	31.7877	106	1
1527766056.020367000	31.7882	92	0
1527766056.021724000	31.7896	205	0
1527766056.023880000	31.7917	103	1
1527766056.245198000	32.013	428	1
1527766056.245258000	32.0131	258	1
1527766056.264332000	32.0322	87	0
1527766056.425379000	32.1932	255	0
1527766056.426798000	32.1946	148	0
1527766056.428900000	32.1967	106	1
1527766056.430713000	32.1985	92	0
1527766056.432071000	32.1999	310	0
1527766056.434890000	32.2027	103	1
1527766056.655290000	32.4231	388	1
1527766056.655386000	32.4232	257	1
1527766056.674075000	32.4419	87	0
1527766056.678633000	32.4465	87	0
1527766056.852820000	32.6207	232	0
1527766056.854172000	32.622	148	0
1527766056.856930000	32.6248	109	1
1527766056.857744000	32.6256	92	0
1527766056.859063000	32.6269	201	0
1527766056.861923000	32.6298	103	1
1527766057.089206000	32.857	392	1
1527766057.089298000	32.8571	262	1
1527766057.108798000	32.8766	87	0
1527766057.208898000	32.9767	256	0
1527766057.210251000	32.9781	148	0
1527766057.212674000	32.9805	92	0
1527766057.212884000	32.9807	109	1
1527766057.214048000	32.9819	123	0
1527766057.217936000	32.9858	100	1
1527766057.697569000	33.4654	390	1
1527766057.697656000	33.4655	260	1
1527766057.716881000	33.4847	87	0
1527766057.819483000	33.5873	327	0
1527766057.820812000	33.5886	148	0
1527766057.823683000	33.5915	92	0
1527766057.823943000	33.5918	109	1
1527766057.825059000	33.5929	89	0
1527766057.829005000	33.5968	100	1
1527766057.924176000	33.692	390	1
1527766057.924249000	33.6921	259	1
1527766057.941923000	33.7098	87	0
1527766058.101540000	33.8694	304	1
1527766058.101631000	33.8695	1412	1
1527766058.101670000	33.8695	1412	1
1527766058.101705000	33.8695	1412	1
1527766058.101740000	33.8696	837	1
1527766058.113167000	33.881	233	0
1527766058.114470000	33.8823	148	0
1527766058.116998000	33.8848	106	1
1527766058.118259000	33.8861	102	0
1527766058.119571000	33.8874	290	0
1527766058.120970000	33.8888	100	0
1527766058.121912000	33.8897	106	1
1527766058.256818000	34.0247	401	0
1527766058.261013000	34.0288	100	1
1527766058.264965000	34.0328	80	0
1527766058.268998000	34.0368	100	1
1527766058.381329000	34.1492	395	1
1527766058.381391000	34.1492	261	1
1527766058.400563000	34.1684	87	0
1527766058.515827000	34.2837	354	0
1527766058.517224000	34.2851	148	0
1527766058.519448000	34.2873	92	0
1527766058.520021000	34.2879	109	1
1527766058.520834000	34.2887	184	0
1527766058.524944000	34.2928	100	1
1527766058.853823000	34.6217	1319	1
1527766058.853883000	34.6217	266	1
1527766058.887065000	34.6549	1319	1
1527766058.887864000	34.6557	87	0
1527766058.915472000	34.6833	87	0
1527766058.995296000	34.7631	265	0
1527766058.996705000	34.7645	148	0
1527766058.999047000	34.7669	109	1
1527766058.999906000	34.7677	92	0
1527766059.001271000	34.7691	313	0
1527766059.004045000	34.7719	103	1
1527766059.246375000	35.0142	603	1
1527766059.246439000	35.0143	257	1
1527766059.263741000	35.0316	87	0
1527766059.644745000	35.4126	256	0
1527766059.646082000	35.4139	148	0
1527766059.648334000	35.4162	92	0
1527766059.649019000	35.4169	109	1
1527766059.649701000	35.4175	281	0
1527766059.653086000	35.4209	100	1
1527766059.816542000	35.5844	394	1
1527766059.816635000	35.5845	263	1
1527766059.835359000	35.6032	87	0
1527766060.000404000	35.7682	303	0
1527766060.001755000	35.7696	148	0
1527766060.004116000	35.772	106	1
1527766060.004655000	35.7725	92	0
1527766060.006013000	35.7738	280	0
1527766060.008101000	35.7759	103	1
1527766060.648489000	36.4163	390	1
1527766060.648581000	36.4164	258	1
1527766060.666732000	36.4346	87	0
1527766060.671118000	36.439	87	0
1527766060.831469000	36.5993	256	0
1527766060.832854000	36.6007	148	0
1527766060.835183000	36.603	109	1
1527766060.836934000	36.6048	92	0
1527766060.838385000	36.6062	227	0
1527766060.841160000	36.609	103	1
1527766060.881229000	36.6491	415	1
1527766060.881289000	36.6491	262	1
1527766060.900420000	36.6683	87	0
1527766061.020266000	36.7881	233	0
1527766061.021543000	36.7894	148	0
1527766061.022912000	36.7907	92	0
1527766061.024078000	36.7919	109	1
1527766061.024262000	36.7921	189	0
1527766061.028090000	36.7959	100	1
1527766061.111548000	36.8794	390	1
1527766061.111637000	36.8795	261	1
1527766061.129464000	36.8973	87	0
1527766061.231353000	36.9992	235	0
1527766061.232704000	37.0005	148	0
1527766061.235169000	37.003	106	1
1527766061.235481000	37.0033	92	0
1527766061.237014000	37.0048	193	0
1527766061.239183000	37.007	103	1
1527766061.494992000	37.2628	430	1
1527766061.495080000	37.2629	259	1
1527766061.512901000	37.2807	87	0
1527766061.638641000	37.4065	258	0
1527766061.639908000	37.4077	148	0
1527766061.642205000	37.41	106	1
1527766061.644702000	37.4125	92	0
1527766061.646404000	37.4142	223	0
1527766061.648189000	37.416	103	1
1527766061.904564000	37.6724	390	1
1527766061.904624000	37.6725	261	1
1527766061.924900000	37.6927	87	0
1527766061.927286000	37.6951	87	0
1527766062.033003000	37.8008	235	0
1527766062.034283000	37.8021	148	0
1527766062.037148000	37.805	109	1
1527766062.038463000	37.8063	92	0
1527766062.039832000	37.8077	310	0
1527766062.042147000	37.81	103	1
1527766062.248732000	38.0166	391	1
1527766062.248820000	38.0167	259	1
1527766062.266683000	38.0345	87	0
1527766062.271984000	38.0398	87	0
1527766062.371566000	38.1394	258	0
1527766062.372947000	38.1408	148	0
1527766062.375244000	38.1431	109	1
1527766062.376203000	38.144	92	0
1527766062.377615000	38.1454	329	0
1527766062.380166000	38.148	103	1
1527766062.589487000	38.3573	391	1
1527766062.589577000	38.3574	259	1
1527766062.607932000	38.3758	87	0
1527766062.789018000	38.5569	256	0
1527766062.790414000	38.5582	148	0
1527766062.791734000	38.5596	92	0
1527766062.793095000	38.5609	154	0
1527766062.793336000	38.5612	112	1
1527766063.026445000	38.7943	392	1
1527766063.026537000	38.7944	258	1
1527766063.044247000	38.8121	87	0
1527766063.210729000	38.9786	301	0
1527766063.212065000	38.9799	148	0
1527766063.213409000	38.9812	92	0
1527766063.214209000	38.982	109	1
1527766063.214759000	38.9826	190	0
1527766063.218393000	38.9862	100	1
1527766063.409743000	39.1776	392	1
1527766063.409838000	39.1777	262	1
1527766063.428630000	39.1965	87	0
1527766063.603092000	39.3709	256	0
1527766063.604434000	39.3723	148	0
1527766063.607324000	39.3752	106	1
1527766063.611014000	39.3788	92	0
1527766063.612463000	39.3803	227	0
1527766063.614243000	39.3821	103	1
1527766063.929749000	39.6976	1314	1
1527766063.929812000	39.6976	262	1
1527766063.948876000	39.7167	87	0
1527766064.066142000	39.834	236	0
1527766064.067496000	39.8353	148	0
1527766064.068897000	39.8367	92	0
1527766064.070252000	39.8381	233	0
1527766064.070295000	39.8381	109	1
1527766064.074339000	39.8422	100	1
1527766064.398743000	40.1666	601	1
1527766064.398805000	40.1666	258	1
1527766064.419132000	40.187	87	0
1527766064.424684000	40.1925	87	0
1527766064.590851000	40.3587	258	0
1527766064.592194000	40.36	148	0
1527766064.594381000	40.3622	109	1
1527766064.595020000	40.3629	92	0
1527766064.596326000	40.3642	101	0
1527766064.598363000	40.3662	103	1
1527766064.608449000	40.3763	395	1
1527766064.608515000	40.3763	261	1
1527766064.626577000	40.3944	87	0
1527766064.729849000	40.4977	332	0
1527766064.731234000	40.4991	148	0
1527766064.733385000	40.5012	106	1
1527766064.733937000	40.5018	92	0
1527766064.735306000	40.5031	129	0
1527766064.737369000	40.5052	103	1
1527766064.830738000	40.5986	392	1
1527766064.830801000	40.5986	258	1
1527766064.858642000	40.6265	87	0
1527766064.959768000	40.7276	265	0
1527766064.961115000	40.7289	148	0
1527766064.963404000	40.7312	106	1
1527766064.964754000	40.7326	92	0
1527766064.966105000	40.7339	94	0
1527766064.968381000	40.7362	103	1
1527766065.071723000	40.8396	418	1
1527766065.071803000	40.8396	260	1
1527766065.089444000	40.8573	87	0
1527766065.191941000	40.9598	233	0
1527766065.193297000	40.9611	148	0
1527766065.195407000	40.9632	106	1
1527766065.196492000	40.9643	92	0
1527766065.197907000	40.9657	283	0
1527766065.200416000	40.9683	103	1
1527766065.450766000	41.2186	390	1
1527766065.450866000	41.2187	258	1
1527766065.469512000	41.2373	87	0
1527766065.646642000	41.4145	325	0
1527766065.647928000	41.4158	148	0
1527766065.650444000	41.4183	106	1
1527766065.651085000	41.4189	92	0
1527766065.652449000	41.4203	245	0
1527766065.654345000	41.4222	103	1
1527766065.879670000	41.6475	425	1
1527766065.879762000	41.6476	258	1
1527766065.897990000	41.6658	87	0
1527766065.908984000	41.6768	87	0
1527766066.059093000	41.8269	233	0
1527766066.060418000	41.8283	148	0
1527766066.063463000	41.8313	109	1
1527766066.065472000	41.8333	92	0
1527766066.066960000	41.8348	158	0
1527766066.069449000	41.8373	103	1
1527766066.349660000	42.1175	389	1
1527766066.349753000	42.1176	262	1
1527766066.367406000	42.1352	87	0
1527766066.528266000	42.2961	255	0
1527766066.529565000	42.2974	148	0
1527766066.530944000	42.2988	92	0
1527766066.532303000	42.3001	229	0
1527766066.532548000	42.3004	112	1
1527766066.780824000	42.5487	393	1
1527766066.780918000	42.5488	266	1
1527766066.813620000	42.5815	87	0
1527766066.828747000	42.5966	87	0
1527766066.963010000	42.7308	236	0
1527766066.964344000	42.7322	148	0
1527766066.966435000	42.7343	109	1
1527766066.967214000	42.735	92	0
1527766066.968576000	42.7364	217	0
1527766066.970425000	42.7383	103	1
1527766067.126826000	42.8947	391	1
1527766067.126888000	42.8947	261	1
1527766067.144977000	42.9128	87	0
1527766067.425179000	43.193	258	0
1527766067.426540000	43.1944	148	0
1527766067.429366000	43.1972	92	0
1527766067.429593000	43.1974	109	1
1527766067.430750000	43.1986	297	0
1527766067.434496000	43.2023	100	1
1527766067.567838000	43.3357	394	1
1527766067.567924000	43.3358	258	1
1527766067.585700000	43.3535	87	0
1527766067.702247000	43.4701	233	0
1527766067.703525000	43.4714	148	0
1527766067.705729000	43.4736	92	0
1527766067.706522000	43.4744	109	1
1527766067.707171000	43.475	170	0
1527766067.710502000	43.4783	100	1
1527766067.808644000	43.5765	390	1
1527766067.808744000	43.5766	258	1
1527766067.827121000	43.595	87	0
1527766067.929179000	43.697	233	0
1527766067.930491000	43.6983	148	0
1527766067.932828000	43.7007	92	0
1527766067.933519000	43.7014	109	1
1527766067.934208000	43.702	148	0
1527766067.937518000	43.7054	100	1
1527766068.315898000	44.0837	1314	1
1527766068.315992000	44.0838	261	1
1527766068.333810000	44.1016	87	0
1527766068.447407000	44.2152	278	0
1527766068.448759000	44.2166	148	0
1527766068.450687000	44.2185	92	0
1527766068.451535000	44.2194	109	1
1527766068.452067000	44.2199	246	0
1527766068.455540000	44.2234	100	1
1527766069.036117000	44.804	598	1
1527766069.036207000	44.804	261	1
1527766069.055836000	44.8237	87	0
1527766069.183877000	44.9517	304	0
1527766069.185226000	44.9531	148	0
1527766069.187597000	44.9554	106	1
1527766069.188863000	44.9567	92	0
1527766069.190149000	44.958	176	0
1527766069.192596000	44.9604	103	1
1527766069.692154000	45.46	391	1
1527766069.692245000	45.4601	258	1
1527766069.710258000	45.4781	87	0
1527766069.872116000	45.64	258	0
1527766069.873395000	45.6412	148	0
1527766069.875689000	45.6435	106	1
1527766069.876012000	45.6438	92	0
1527766069.877441000	45.6453	157	0
1527766069.879641000	45.6475	103	1
1527766069.931994000	45.6998	391	1
1527766069.932055000	45.6999	260	1
1527766069.949743000	45.7176	87	0
1527766070.068361000	45.8362	235	0
1527766070.069771000	45.8376	148	0
1527766070.071820000	45.8397	92	0
1527766070.072699000	45.8405	109	1
1527766070.073133000	45.841	310	0
1527766070.076676000	45.8445	100	1
1527766070.240896000	46.0087	393	1
1527766070.240994000	46.0088	259	1
1527766070.261822000	46.0297	87	0
1527766070.379673000	46.1475	258	0
1527766070.381059000	46.1489	148	0
1527766070.383061000	46.1509	92	0
1527766070.383663000	46.1515	109	1
1527766070.384444000	46.1523	152	0
1527766070.388602000	46.1564	100	1
1527766070.694069000	46.4619	419	1
1527766070.694159000	46.462	257	1
1527766070.712744000	46.4806	87	0
1527766070.818538000	46.5864	329	0
1527766070.819890000	46.5877	148	0
1527766070.822714000	46.5905	106	1
1527766070.824762000	46.5926	92	0
1527766070.826116000	46.594	236	0
1527766070.828666000	46.5965	103	1
1527766070.966925000	46.7348	426	1
1527766070.966987000	46.7348	258	1
1527766070.992087000	46.7599	87	0
1527766071.151976000	46.9198	264	0
1527766071.153317000	46.9212	148	0
1527766071.155758000	46.9236	106	1
1527766071.156675000	46.9245	92	0
1527766071.158028000	46.9259	137	0
1527766071.160735000	46.9286	103	1
1527766071.505300000	47.2731	389	1
1527766071.505424000	47.2733	258	1
1527766071.524379000	47.2922	87	0
1527766071.629317000	47.3972	258	0
1527766071.630675000	47.3985	148	0
1527766071.633120000	47.401	92	0
1527766071.633686000	47.4015	109	1
1527766071.634501000	47.4023	318	0
1527766071.637781000	47.4056	100	1
1527766071.744980000	47.5128	395	1
1527766071.745041000	47.5129	261	1
1527766071.765230000	47.5331	87	0
1527766071.869290000	47.6371	303	0
1527766071.870630000	47.6385	148	0
1527766071.872791000	47.6406	106	1
1527766071.873460000	47.6413	92	0
1527766071.874866000	47.6427	210	0
1527766071.876779000	47.6446	103	1
1527766072.017862000	47.7857	390	1
1527766072.017924000	47.7858	257	1
1527766072.037129000	47.805	87	0
1527766072.138427000	47.9063	233	0
1527766072.139763000	47.9076	148	0
1527766072.141776000	47.9096	92	0
1527766072.142804000	47.9106	109	1
1527766072.143195000	47.911	166	0
1527766072.146787000	47.9146	100	1
1527766073.211018000	48.9789	390	1
1527766073.211115000	48.9789	257	1
1527766073.229734000	48.9976	87	0
1527766073.339695000	49.1075	256	0
1527766073.341091000	49.1089	148	0
1527766073.343474000	49.1113	106	1
1527766073.343879000	49.1117	92	0
1527766073.345238000	49.1131	281	0
1527766073.347455000	49.1153	103	1
1527766073.428651000	49.1965	393	1
1527766073.428727000	49.1966	260	1
1527766073.446714000	49.2145	87	0
1527766073.615271000	49.3831	235	0
1527766073.616668000	49.3845	148	0
1527766073.619478000	49.3873	106	1
1527766073.619834000	49.3877	92	0
1527766073.621196000	49.389	224	0
1527766073.623480000	49.3913	103	1
1527766073.705738000	49.4736	1314	1
1527766073.705827000	49.4737	257	1
1527766073.724897000	49.4927	87	0
1527766073.894462000	49.6623	235	0
1527766073.895820000	49.6637	148	0
1527766073.898503000	49.6663	106	1
1527766073.899446000	49.6673	92	0
1527766073.900812000	49.6686	312	0
1527766073.903486000	49.6713	103	1
1527766074.470685000	50.2385	599	1
1527766074.470746000	50.2386	261	1
1527766074.490017000	50.2579	87	0
1527766074.596899000	50.3647	256	0
1527766074.598242000	50.3661	148	0
1527766074.600519000	50.3684	106	1
1527766074.602319000	50.3702	92	0
1527766074.603680000	50.3715	159	0
1527766074.606497000	50.3743	103	1
1527766074.793287000	50.5611	389	1
1527766074.793378000	50.5612	260	1
1527766074.820466000	50.5883	87	0
1527766074.922469000	50.6903	232	0
1527766074.923852000	50.6917	148	0
1527766074.926499000	50.6943	106	1
1527766074.927082000	50.6949	92	0
1527766074.928447000	50.6963	147	0
1527766074.930492000	50.6983	103	1
1527766075.172768000	50.9406	389	1
1527766075.172846000	50.9407	259	1
1527766075.190992000	50.9588	87	0
1527766075.354613000	51.1224	281	0
1527766075.355962000	51.1238	148	0
1527766075.358506000	51.1263	106	1
1527766075.358774000	51.1266	92	0
1527766075.360133000	51.128	157	0
1527766075.362491000	51.1303	103	1
1527766075.913099000	51.6809	391	1
1527766075.913168000	51.681	261	1
1527766075.933658000	51.7015	87	0
1527766076.046595000	51.8144	304	0
1527766076.047931000	51.8158	148	0
1527766076.050545000	51.8184	106	1
1527766076.051117000	51.819	92	0
1527766076.052471000	51.8203	94	0
1527766076.054562000	51.8224	103	1
1527766076.254547000	52.0224	391	1
1527766076.254615000	52.0224	257	1
1527766076.274014000	52.0418	87	0
1527766076.377110000	52.1449	256	0
1527766076.378448000	52.1463	148	0
1527766076.380568000	52.1484	106	1
1527766076.381269000	52.1491	92	0
1527766076.382624000	52.1505	90	0
1527766076.384561000	52.1524	103	1
1527766076.549745000	52.3176	418	1
1527766076.549832000	52.3177	259	1
1527766076.566780000	52.3346	87	0
1527766076.676574000	52.4444	233	0
1527766076.677978000	52.4458	148	0
1527766076.680604000	52.4484	106	1
1527766076.681924000	52.4498	92	0
1527766076.685596000	52.4534	100	1
1527766076.712004000	52.4798	328	0
1527766076.715609000	52.4834	100	1
1527766076.763986000	52.5318	426	1
1527766076.764079000	52.5319	260	1
1527766076.781460000	52.5493	87	0
1527766076.996709000	52.7645	232	0
1527766076.998087000	52.7659	148	0
1527766077.000014000	52.7678	92	0
1527766077.000686000	52.7685	109	1
1527766077.001390000	52.7692	105	0
1527766077.004662000	52.7725	100	1
1527766077.023594000	52.7914	389	1
1527766077.023678000	52.7915	259	1
1527766077.041287000	52.8091	87	0
1527766077.160478000	52.9283	331	0
1527766077.161858000	52.9297	148	0
1527766077.163254000	52.9311	92	0
1527766077.164560000	52.9324	160	0
1527766077.164674000	52.9325	109	1
1527766077.168667000	52.9365	100	1
1527766077.326044000	53.0939	394	1
1527766077.326132000	53.094	258	1
1527766077.344787000	53.1126	87	0
1527766077.514179000	53.282	287	0
1527766077.515459000	53.2833	148	0
1527766077.517700000	53.2855	106	1
1527766077.519461000	53.2873	92	0
1527766077.520858000	53.2887	108	0
1527766077.523696000	53.2915	103	1
1527766077.813911000	53.5817	389	1
1527766077.813974000	53.5818	258	1
1527766077.832154000	53.6	87	0
1527766077.944483000	53.7123	233	0
1527766077.945887000	53.7137	148	0
1527766077.948026000	53.7159	92	0
1527766077.948726000	53.7166	109	1
1527766077.949408000	53.7172	182	0
1527766077.952711000	53.7205	100	1
1527766078.224282000	53.9921	390	1
1527766078.224340000	53.9922	260	1
1527766078.243271000	54.0111	87	0
1527766078.376588000	54.1444	326	0
1527766078.377965000	54.1458	148	0
1527766078.380762000	54.1486	106	1
1527766078.382684000	54.1505	92	0
1527766078.384040000	54.1519	119	0
1527766078.386753000	54.1546	103	1
1527766078.442851000	54.2107	392	1
1527766078.442945000	54.2108	260	1
1527766078.462995000	54.2308	87	0
1527766078.472452000	54.2403	87	0
1527766078.574971000	54.3428	237	0
1527766078.576329000	54.3442	148	0
1527766078.578755000	54.3466	109	1
1527766078.580060000	54.3479	92	0
1527766078.581423000	54.3493	287	0
1527766078.583764000	54.3516	103	1
1527766078.954014000	54.7218	1321	1
1527766078.954076000	54.7219	257	1
1527766078.972859000	54.7407	87	0
1527766079.082943000	54.8508	233	0
1527766079.084227000	54.8521	148	0
1527766079.086794000	54.8546	106	1
1527766079.087824000	54.8557	92	0
1527766079.089203000	54.857	158	0
1527766079.091796000	54.8596	103	1
1527766079.274425000	55.0423	602	1
1527766079.274509000	55.0423	261	1
1527766079.294297000	55.0621	87	0
1527766079.411438000	55.1793	256	0
1527766079.412769000	55.1806	148	0
1527766079.414459000	55.1823	92	0
1527766079.415804000	55.1836	255	0
1527766079.415821000	55.1837	109	1
1527766079.419794000	55.1876	100	1
1527766079.784016000	55.5519	390	1
1527766079.784109000	55.5519	261	1
1527766079.801853000	55.5697	87	0
1527766079.807922000	55.5758	87	0
1527766079.906539000	55.6744	235	0
1527766079.907889000	55.6757	148	0
1527766079.910766000	55.6786	109	1
1527766079.910983000	55.6788	92	0
1527766079.912347000	55.6802	201	0
1527766079.913740000	55.6816	103	1
1527766080.116970000	55.8848	390	1
1527766080.117064000	55.8849	259	1
1527766080.134467000	55.9023	87	0
1527766080.241998000	56.0098	233	0
1527766080.243332000	56.0112	148	0
1527766080.245671000	56.0135	92	0
1527766080.245855000	56.0137	109	1
1527766080.247112000	56.0149	205	0
1527766080.250818000	56.0187	100	1
1527766080.444318000	56.2122	389	1
1527766080.444416000	56.2123	261	1
1527766080.462748000	56.2306	87	0
1527766080.575955000	56.3438	256	0
1527766080.577378000	56.3452	148	0
1527766080.579866000	56.3477	106	1
1527766080.580372000	56.3482	92	0
1527766080.581730000	56.3496	316	0
1527766080.583880000	56.3517	103	1
1527766080.915256000	56.6831	414	1
1527766080.915349000	56.6832	260	1
1527766080.948906000	56.7167	414	1
1527766080.953814000	56.7216	87	0
1527766080.970498000	56.7383	87	0
1527766081.046791000	56.8146	256	0
1527766081.048134000	56.816	148	0
1527766081.050903000	56.8187	109	1
1527766081.051777000	56.8196	92	0
1527766081.053147000	56.821	254	0
1527766081.055897000	56.8237	103	1
1527766081.321933000	57.0898	426	1
1527766081.322033000	57.0899	261	1
1527766081.340497000	57.1083	87	0
1527766081.465905000	57.2337	325	0
1527766081.467323000	57.2352	148	0
1527766081.469926000	57.2378	106	1
1527766081.471919000	57.2398	92	0
1527766081.473455000	57.2413	181	0
1527766081.475935000	57.2438	103	1
1527766081.621293000	57.3891	394	1
1527766081.621354000	57.3892	264	1
1527766081.639827000	57.4077	87	0
1527766081.740766000	57.5086	235	0
1527766081.742106000	57.5099	148	0
1527766081.744943000	57.5128	106	1
1527766081.745353000	57.5132	92	0
1527766081.746768000	57.5146	179	0
1527766081.748929000	57.5168	103	1
1527766081.869911000	57.6377	394	1
1527766081.869999000	57.6378	259	1
1527766081.888163000	57.656	87	0
1527766081.996421000	57.7643	233	0
1527766081.997832000	57.7657	148	0
1527766081.999952000	57.7678	106	1
1527766082.001060000	57.7689	92	0
1527766082.002422000	57.7703	300	0
1527766082.004943000	57.7728	103	1
1527766082.493511000	58.2613	393	1
1527766082.493600000	58.2614	263	1
1527766082.512749000	58.2806	87	0
1527766082.621387000	58.3892	255	0
1527766082.622668000	58.3905	148	0
1527766082.624515000	58.3923	92	0
1527766082.624994000	58.3928	109	1
1527766082.625933000	58.3938	109	0
1527766082.630001000	58.3978	100	1
1527766082.811272000	58.5791	389	1
1527766082.811349000	58.5792	259	1
1527766082.838932000	58.6068	87	0
1527766082.842731000	58.6106	87	0
1527766083.005040000	58.7729	329	0
1527766083.006513000	58.7743	148	0
1527766083.009018000	58.7769	109	1
1527766083.010708000	58.7785	92	0
1527766083.012136000	58.78	87	0
1527766083.014004000	58.7818	103	1
1527766083.270496000	59.0383	393	1
1527766083.270594000	59.0384	262	1
1527766083.288934000	59.0568	87	0
1527766083.396147000	59.164	290	0
1527766083.397489000	59.1653	148	0
1527766083.400037000	59.1679	106	1
1527766083.401272000	59.1691	92	0
1527766083.403156000	59.171	267	0
1527766083.405022000	59.1729	103	1
1527766083.501751000	59.2696	1317	1
1527766083.501847000	59.2697	260	1
1527766083.520167000	59.288	87	0
1527766083.628480000	59.3963	236	0
1527766083.629858000	59.3977	148	0
1527766083.632058000	59.3999	106	1
1527766083.637056000	59.4049	92	0
1527766083.638415000	59.4062	216	0
1527766083.640964000	59.4088	103	1
1527766083.790282000	59.5581	600	1
1527766083.790376000	59.5582	263	1
1527766083.808304000	59.5761	87	0
1527766083.917061000	59.6849	303	0
1527766083.918411000	59.6862	148	0
1527766083.921073000	59.6889	106	1
1527766083.927167000	59.695	92	0
1527766083.928474000	59.6963	185	0
1527766083.931115000	59.6989	103	1
1527766084.111037000	59.8789	394	1
1527766084.111128000	59.879	261	1
1527766084.129145000	59.897	87	0
1527766084.239534000	60.0074	235	0
1527766084.240943000	60.0088	148	0
1527766084.243077000	60.0109	106	1
1527766084.244497000	60.0123	92	0
1527766084.245910000	60.0137	241	0
1527766084.248074000	60.0159	103	1
1527766084.590638000	60.3585	391	1
1527766084.590705000	60.3585	260	1
1527766084.609892000	60.3777	87	0
1527766084.736430000	60.5043	255	0
1527766084.737818000	60.5057	148	0
1527766084.739084000	60.5069	92	0
1527766084.740111000	60.5079	109	1
1527766084.740473000	60.5083	206	0
1527766084.744103000	60.5119	100	1
1527766085.060502000	60.8283	389	1
1527766085.060564000	60.8284	263	1
1527766085.078468000	60.8463	87	0
1527766085.186913000	60.9547	235	0
1527766085.188180000	60.956	148	0
1527766085.191143000	60.959	106	1
1527766085.191836000	60.9597	92	0
1527766085.193132000	60.961	210	0
1527766085.195127000	60.963	103	1
1527766085.311175000	61.079	416	1
1527766085.311239000	61.0791	260	1
1527766085.329960000	61.0978	87	0
1527766085.506060000	61.2739	256	0
1527766085.507445000	61.2753	148	0
1527766085.510102000	61.2779	106	1
1527766085.511209000	61.279	92	0
1527766085.512573000	61.2804	114	0
1527766085.515166000	61.283	103	1
1527766085.700626000	61.4685	426	1
1527766085.700722000	61.4686	260	1
1527766085.717845000	61.4857	87	0
1527766085.827292000	61.5951	235	0
1527766085.828647000	61.5965	148	0
1527766085.831163000	61.599	106	1
1527766085.832849000	61.6007	92	0
1527766085.834145000	61.602	257	0
1527766085.836161000	61.604	103	1
1527766086.242629000	62.0105	395	1
1527766086.242716000	62.0106	265	1
1527766086.260725000	62.0286	87	0
1527766086.476786000	62.2446	258	0
1527766086.478132000	62.246	148	0
1527766086.480212000	62.248	106	1
1527766086.481337000	62.2492	92	0
1527766086.482693000	62.2505	128	0
1527766086.485200000	62.253	103	1
1527766086.990728000	62.7586	395	1
1527766086.990815000	62.7586	264	1
1527766087.009458000	62.7773	87	0
1527766087.114916000	62.8828	255	0
1527766087.116300000	62.8841	148	0
1527766087.119178000	62.887	106	1
1527766087.119810000	62.8876	92	0
1527766087.121171000	62.889	276	0
1527766087.123174000	62.891	103	1
1527766087.240556000	63.0084	389	1
1527766087.240638000	63.0085	262	1
1527766087.260154000	63.028	87	0
1527766087.384243000	63.1521	323	0
1527766087.385546000	63.1534	148	0
1527766087.388283000	63.1561	106	1
1527766087.389055000	63.1569	92	0
1527766087.390432000	63.1583	111	0
1527766087.393203000	63.161	103	1
1527766087.581490000	63.3493	388	1
1527766087.581577000	63.3494	261	1
1527766087.599287000	63.3671	87	0
1527766087.705893000	63.4737	233	0
1527766087.707241000	63.4751	148	0
1527766087.710232000	63.4781	92	0
1527766087.710296000	63.4781	106	1
1527766087.711561000	63.4794	220	0
1527766087.714289000	63.4821	103	1
1527766087.996732000	63.7646	394	1
1527766087.996794000	63.7646	263	1
1527766088.014868000	63.7827	87	0
1527766088.125472000	63.8933	233	0
1527766088.126861000	63.8947	148	0
1527766088.129250000	63.8971	106	1
1527766088.129688000	63.8975	92	0
1527766088.131115000	63.8989	135	0
1527766088.133307000	63.9011	103	1
1527766088.321703000	64.0895	1318	1
1527766088.321780000	64.0896	267	1
1527766088.340840000	64.1087	87	0
1527766088.459262000	64.2271	254	0
1527766088.460596000	64.2284	148	0
1527766088.463270000	64.2311	106	1
1527766088.466395000	64.2342	92	0
1527766088.467736000	64.2356	121	0
1527766088.470331000	64.2382	103	1
1527766088.742699000	64.5105	600	1
1527766088.742759000	64.5106	262	1
1527766088.774346000	64.5422	600	1
1527766088.785020000	64.5529	87	0
1527766088.800934000	64.5688	87	0
1527766088.870031000	64.6379	331	0
1527766088.871354000	64.6392	148	0
1527766088.874282000	64.6421	109	1
1527766088.875361000	64.6432	92	0
1527766088.876801000	64.6446	305	0
1527766088.879295000	64.6471	103	1
1527766089.071720000	64.8396	395	1
1527766089.071807000	64.8396	261	1
1527766089.101709000	64.8695	87	0
1527766089.196811000	64.9646	267	0
1527766089.198153000	64.966	148	0
1527766089.200389000	64.9682	106	1
1527766089.202166000	64.97	92	0
1527766089.203466000	64.9713	91	0
1527766089.206288000	64.9741	103	1
1527766089.300669000	65.0685	391	1
1527766089.300729000	65.0686	263	1
1527766089.319467000	65.0873	87	0
1527766089.431038000	65.1989	256	0
1527766089.432348000	65.2002	148	0
1527766089.435379000	65.2032	106	1
1527766089.438118000	65.206	92	0
1527766089.439525000	65.2074	92	0
1527766089.441404000	65.2092	103	1
1527766089.671602000	65.4394	392	1
1527766089.671679000	65.4395	260	1
1527766089.690949000	65.4588	87	0
1527766089.798495000	65.5663	302	0
1527766089.799895000	65.5677	148	0
1527766089.802197000	65.57	92	0
1527766089.802432000	65.5703	109	1
1527766089.803523000	65.5714	280	0
1527766089.807396000	65.5752	100	1
1527766089.901563000	65.6694	450	1
1527766089.901653000	65.6695	262	1
1527766089.924733000	65.6926	87	0
1527766090.028068000	65.7959	232	0
1527766090.029380000	65.7972	148	0
1527766090.032413000	65.8002	106	1
1527766090.033429000	65.8013	92	0
1527766090.034841000	65.8027	185	0
1527766090.037372000	65.8052	103	1
1527766090.291120000	66.059	388	1
1527766090.291185000	66.059	263	1
1527766090.310721000	66.0786	87	0
1527766090.414458000	66.1823	255	0
1527766090.415864000	66.1837	148	0
1527766090.418287000	66.1861	92	0
1527766090.418506000	66.1863	109	1
1527766090.419655000	66.1875	91	0
1527766090.423434000	66.1913	100	1
1527766090.664775000	66.4326	389	1
1527766090.664869000	66.4327	262	1
1527766090.683350000	66.4512	87	0
1527766090.687775000	66.4556	87	0
1527766090.795055000	66.5629	233	0
1527766090.796481000	66.5643	148	0
1527766090.798393000	66.5662	109	1
1527766090.799589000	66.5674	92	0
1527766090.800945000	66.5688	86	0
1527766090.803379000	66.5712	103	1
1527766091.050855000	66.8187	390	1
1527766091.050938000	66.8188	262	1
1527766091.068440000	66.8363	87	0
1527766091.181465000	66.9493	233	0
1527766091.182867000	66.9507	148	0
1527766091.185483000	66.9533	106	1
1527766091.187234000	66.9551	92	0
1527766091.188517000	66.9564	91	0
1527766091.191519000	66.9594	103	1
1527766091.513068000	67.2809	394	1
1527766091.513134000	67.281	265	1
1527766091.531561000	67.2994	87	0
1527766091.641462000	67.4093	258	0
1527766091.642812000	67.4106	148	0
1527766091.645512000	67.4133	106	1
1527766091.647006000	67.4148	92	0
1527766091.648364000	67.4162	215	0
1527766091.650502000	67.4183	103	1
1527766091.722793000	67.4906	394	1
1527766091.722885000	67.4907	259	1
1527766091.740616000	67.5085	87	0
1527766091.850064000	67.6179	236	0
1527766091.851419000	67.6193	148	0
1527766091.853499000	67.6213	106	1
1527766091.854979000	67.6228	92	0
1527766091.856397000	67.6242	251	0
1527766091.858498000	67.6263	103	1
1527766092.112648000	67.8805	391	1
1527766092.112746000	67.8806	265	1
1527766092.131542000	67.8994	87	0
1527766092.239609000	68.0074	256	0
1527766092.240991000	68.0088	148	0
1527766092.243512000	68.0113	106	1
1527766092.243986000	68.0118	92	0
1527766092.245347000	68.0132	127	0
1527766092.247510000	68.0153	103	1
1527766092.333679000	68.1015	1313	1
1527766092.333774000	68.1016	261	1
1527766092.352891000	68.1207	87	0
1527766092.458075000	68.2259	323	0
1527766092.459417000	68.2273	148	0
1527766092.461510000	68.2293	106	1
1527766092.463191000	68.231	92	0
1527766092.464484000	68.2323	246	0
1527766092.466494000	68.2343	103	1
1527766092.625337000	68.3932	601	1
1527766092.625417000	68.3933	266	1
1527766092.644088000	68.4119	87	0
1527766092.649756000	68.4176	87	0
1527766092.757962000	68.5258	236	0
1527766092.759305000	68.5271	148	0
1527766092.760645000	68.5285	92	0
1527766092.761528000	68.5294	112	1
1527766092.762008000	68.5298	283	0
1527766092.765510000	68.5333	100	1
1527766093.056240000	68.8241	372	1
1527766093.056336000	68.8242	1412	1
1527766093.056384000	68.8242	1412	1
1527766093.056424000	68.8243	1412	1
1527766093.056475000	68.8243	660	1
1527766093.073670000	68.8415	87	0
1527766093.078318000	68.8462	87	0
1527766093.150594000	68.9184	391	0
1527766093.153888000	68.9217	415	1
1527766093.153948000	68.9218	261	1
1527766093.159419000	68.9273	80	0
1527766093.163538000	68.9314	100	1
1527766093.173145000	68.941	87	0
1527766093.282036000	69.0499	354	0
1527766093.283369000	69.0512	148	0
1527766093.285559000	69.0534	106	1
1527766093.286198000	69.054	92	0
1527766093.287561000	69.0554	139	0
1527766093.289549000	69.0574	103	1
1527766093.443827000	69.2117	393	1
1527766093.443891000	69.2117	260	1
1527766093.462958000	69.2308	87	0
1527766093.571127000	69.339	265	0
1527766093.572393000	69.3402	148	0
1527766093.574579000	69.3424	106	1
1527766093.576075000	69.3439	92	0
1527766093.577461000	69.3453	85	0
1527766093.579558000	69.3474	103	1
1527766093.684186000	69.452	451	1
1527766093.684290000	69.4521	260	1
1527766093.702086000	69.4699	87	0
1527766093.806855000	69.5747	231	0
1527766093.808254000	69.5761	148	0
1527766093.810565000	69.5784	106	1
1527766093.811453000	69.5793	92	0
1527766093.812822000	69.5807	320	0
1527766093.815560000	69.5834	103	1
1527766094.123956000	69.8918	388	1
1527766094.124035000	69.8919	261	1
1527766094.142575000	69.9104	87	0
1527766094.256479000	70.0243	305	0
1527766094.257840000	70.0257	148	0
1527766094.260674000	70.0285	106	1
1527766094.261725000	70.0296	92	0
1527766094.263084000	70.0309	128	0
1527766094.265667000	70.0335	103	1
1527766094.556184000	70.324	395	1
1527766094.556261000	70.3241	262	1
1527766094.579642000	70.3475	87	0
1527766094.683044000	70.4509	258	0
1527766094.684380000	70.4522	148	0
1527766094.686637000	70.4545	106	1
1527766094.687157000	70.455	92	0
1527766094.688498000	70.4563	227	0
1527766094.690747000	70.4586	103	1
1527766094.966190000	70.734	391	1
1527766094.966251000	70.7341	261	1
1527766094.985084000	70.7529	87	0
1527766095.088027000	70.8559	233	0
1527766095.089383000	70.8572	148	0
1527766095.091711000	70.8595	106	1
1527766095.093119000	70.861	92	0
1527766095.094469000	70.8623	179	0
1527766095.096696000	70.8645	103	1
1527766095.503874000	71.2717	390	1
1527766095.503971000	71.2718	259	1
1527766095.521755000	71.2896	87	0
1527766095.631700000	71.3995	258	0
1527766095.633071000	71.4009	148	0
1527766095.635738000	71.4036	106	1
1527766095.636395000	71.4042	92	0
1527766095.637696000	71.4055	172	0
1527766095.639735000	71.4076	103	1
1527766096.058033000	71.8259	373	1
1527766096.058131000	71.826	1412	1
1527766096.058159000	71.826	1412	1
1527766096.058210000	71.826	1412	1
1527766096.058235000	71.8261	1412	1
1527766096.058283000	71.8261	1412	1
1527766096.058331000	71.8262	1412	1
1527766096.058356000	71.8262	1412	1
1527766096.058398000	71.8262	1412	1
1527766096.058430000	71.8263	1412	1
1527766096.058467000	71.8263	1412	1
1527766096.058518000	71.8264	1412	1
1527766096.058543000	71.8264	1412	1
1527766096.058595000	71.8264	1412	1
1527766096.058620000	71.8265	1139	1
1527766096.076488000	71.8443	87	0
1527766096.079102000	71.8469	87	0
1527766096.167488000	71.9353	375	0
1527766096.171786000	71.9396	106	1
1527766096.174659000	71.9425	80	0
1527766096.178771000	71.9466	100	1
1527766096.314489000	72.0823	391	1
1527766096.314566000	72.0824	262	1
1527766096.332579000	72.1004	87	0
1527766096.456635000	72.2245	256	0
1527766096.457988000	72.2258	148	0
1527766096.460792000	72.2286	106	1
1527766096.461655000	72.2295	92	0
1527766096.463019000	72.2309	316	0
1527766096.465827000	72.2337	103	1
1527766096.834223000	72.6021	1318	1
1527766096.834287000	72.6021	263	1
1527766096.853076000	72.6209	87	0
1527766097.020323000	72.7882	258	0
1527766097.021724000	72.7896	148	0
1527766097.023830000	72.7917	106	1
1527766097.024558000	72.7924	92	0
1527766097.025960000	72.7938	260	0
1527766097.027808000	72.7956	103	1
1527766097.094371000	72.8622	603	1
1527766097.094444000	72.8623	259	1
1527766097.128141000	72.896	603	1
1527766097.147340000	72.9152	87	0
1527766097.163126000	72.931	87	0
1527766097.252480000	73.0203	302	0
1527766097.253791000	73.0216	148	0
1527766097.256841000	73.0247	109	1
1527766097.257210000	73.025	92	0
1527766097.258520000	73.0264	324	0
1527766097.260822000	73.0287	103	1
1527766097.325085000	73.0929	390	1
1527766097.325173000	73.093	260	1
1527766097.343175000	73.111	87	0
1527766097.508676000	73.2765	256	0
1527766097.510014000	73.2778	148	0
1527766097.512878000	73.2807	106	1
1527766097.513341000	73.2812	92	0
1527766097.514682000	73.2825	290	0
1527766097.516854000	73.2847	103	1
1527766097.836465000	73.6043	394	1
1527766097.836525000	73.6044	265	1
1527766097.854469000	73.6223	87	0
1527766097.859345000	73.6272	87	0
1527766097.971632000	73.7395	235	0
1527766097.972964000	73.7408	148	0
1527766097.975353000	73.7432	92	0
1527766097.975790000	73.7436	112	1
1527766097.976791000	73.7446	318	0
1527766097.980856000	73.7487	100	1
1527766101.059508000	76.8273	395	1
1527766101.059571000	76.8274	264	1
1527766101.080757000	76.8486	87	0
1527766101.184016000	76.9519	255	0
1527766101.185372000	76.9532	148	0
1527766101.187560000	76.9554	92	0
1527766101.188067000	76.9559	109	1
1527766101.188975000	76.9568	97	0
1527766101.193013000	76.9608	100	1
1527766101.320862000	77.0887	454	1
1527766101.320957000	77.0888	276	1
1527766101.339471000	77.1073	87	0
1527766101.448318000	77.2162	351	0
1527766101.449658000	77.2175	148	0
1527766101.452070000	77.2199	106	1
1527766101.452464000	77.2203	92	0
1527766101.453841000	77.2217	269	0
1527766101.456072000	77.2239	103	1
1527766103.667936000	79.4358	389	1
1527766103.668024000	79.4359	264	1
1527766103.706996000	79.4748	389	1
1527766103.745958000	79.5138	264	1
1527766103.946041000	79.7139	389	1
1527766103.946136000	79.714	264	1
1527766104.346052000	80.1139	389	1
1527766104.346140000	80.114	264	1
1527766105.146009000	80.9138	389	1
1527766105.146082000	80.9139	264	1
1527766106.746104000	82.5139	389	1
1527766106.746146000	82.514	264	1
1527766109.946295000	85.7141	147	1
