1527951151.438984000	0	288	1
1527951151.461816000	0.0228322	67	0
1527951151.570512000	0.131528	458	0
1527951151.571763000	0.132779	1392	0
1527951151.571930000	0.132946	974	0
1527951151.571932000	0.132948	72	0
1527951151.572004000	0.13302	179	0
1527951151.577977000	0.138993	93	1
1527951151.775971000	0.336987	344	1
1527951151.795364000	0.35638	67	0
1527951152.176668000	0.737684	213	0
1527951152.177200000	0.738216	1392	0
1527951152.177277000	0.738293	979	0
1527951152.178313000	0.739329	72	0
1527951152.178720000	0.739736	98	0
1527951152.188754000	0.74977	93	1
1527951152.340356000	0.901372	276	1
1527951152.359861000	0.920877	67	0
1527951152.700631000	1.26165	440	0
1527951152.700633000	1.26165	302	0
1527951152.700760000	1.26178	81	0
1527951152.701916000	1.26293	104	1
1527951152.704779000	1.26579	315	1
1527951152.722084000	1.2831	67	0
1527951153.069528000	1.63054	227	0
1527951153.070387000	1.6314	453	0
1527951153.071228000	1.63224	135	0
1527951153.083784000	1.6448	87	1
1527951153.098803000	1.65982	558	1
1527951153.119185000	1.6802	67	0
1527951153.496665000	2.05768	304	0
1527951153.497265000	2.05828	1392	0
1527951153.497338000	2.05835	813	0
1527951153.498695000	2.05971	72	0
1527951153.498772000	2.05979	187	0
1527951153.508045000	2.06906	93	1
1527951154.009006000	2.57002	302	1
1527951154.028096000	2.58911	67	0
1527951154.501422000	3.06244	227	1
1527951154.521074000	3.08209	67	0
1527951154.601480000	3.1625	340	0
1527951154.601483000	3.1625	489	0
1527951154.603286000	3.1643	87	1
1527951154.604810000	3.16583	72	0
1527951154.605229000	3.16624	167	0
1527951154.606138000	3.16715	81	1
1527951154.696319000	3.25734	251	0
1527951154.696572000	3.25759	1392	0
1527951154.696978000	3.25799	1392	0
1527951154.697237000	3.25825	1392	0
1527951154.697240000	3.25826	166	0
1527951154.697527000	3.25854	1392	0
1527951154.697842000	3.25886	1392	0
1527951154.698062000	3.25908	1392	0
1527951154.698065000	3.25908	168	0
1527951154.698139000	3.25916	704	0
1527951154.698299000	3.25932	84	1
1527951154.700709000	3.26173	96	1
1527951154.714303000	3.27532	1392	0
1527951154.714539000	3.27556	1392	0
1527951154.714699000	3.27572	674	0
1527951154.717555000	3.27857	1392	0
1527951154.717641000	3.27866	1392	0
1527951154.717643000	3.27866	1392	0
1527951154.717718000	3.27873	1280	0
1527951154.722185000	3.2832	96	1
1527951154.762745000	3.32376	1392	0
1527951154.762932000	3.32395	1392	0
1527951154.763164000	3.32418	1392	0
1527951154.763167000	3.32418	178	0
1527951154.763236000	3.32425	1219	0
1527951154.763460000	3.32448	1392	0
1527951154.763463000	3.32448	232	0
1527951154.765023000	3.32604	1392	0
1527951154.765182000	3.3262	782	0
1527951154.768206000	3.32922	102	1
1527951154.769271000	3.33029	1392	0
1527951154.769421000	3.33044	982	0
1527951154.771190000	3.33221	81	1
1527951154.773318000	3.33433	1392	0
1527951154.773578000	3.33459	1392	0
1527951154.773870000	3.33489	1392	0
1527951154.774250000	3.33527	170	0
1527951154.775195000	3.33621	87	1
1527951154.777304000	3.33832	1392	0
1527951154.777310000	3.33833	149	0
1527951154.779204000	3.34022	81	1
1527951154.783896000	3.34491	1392	0
1527951154.784165000	3.34518	1392	0
1527951154.784463000	3.34548	1392	0
1527951154.785150000	3.34617	84	1
1527951154.785188000	3.3462	1392	0
1527951154.785190000	3.34621	242	0
1527951154.787207000	3.34822	81	1
1527951154.790103000	3.35112	1392	0
1527951154.790363000	3.35138	1392	0
1527951154.790660000	3.35168	1392	0
1527951154.790663000	3.35168	178	0
1527951154.790814000	3.35183	771	0
1527951154.795059000	3.35608	90	1
1527951154.799212000	3.36023	1392	0
1527951154.799328000	3.36034	1392	0
1527951154.799331000	3.36035	1392	0
1527951154.799333000	3.36035	982	0
1527951154.805181000	3.3662	87	1
1527951158.072872000	6.63389	310	1
1527951158.072948000	6.63396	124	1
1527951158.073090000	6.63411	135	1
1527951158.073134000	6.63415	170	1
1527951158.073327000	6.63434	814	1
1527951158.073570000	6.63459	215	1
1527951158.073718000	6.63473	144	1
1527951158.073881000	6.6349	204	1
1527951158.073931000	6.63495	1392	1
1527951158.073969000	6.63498	886	1
1527951158.095127000	6.65614	67	0
1527951158.176621000	6.73764	1392	0
1527951158.176904000	6.73792	1392	0
1527951158.177288000	6.7383	1392	0
1527951158.177291000	6.73831	561	0
1527951158.177377000	6.73839	72	0
1527951158.177378000	6.73839	262	0
1527951158.177448000	6.73846	213	0
1527951158.177522000	6.73854	1392	0
1527951158.177677000	6.73869	977	0
1527951158.178937000	6.73995	72	0
1527951158.179007000	6.74002	218	0
1527951158.179345000	6.74036	105	1
1527951158.183372000	6.74439	81	1
1527951158.219634000	6.78065	677	0
1527951158.219731000	6.78075	72	0
1527951158.219733000	6.78075	197	0
1527951158.221396000	6.78241	84	1
1527951158.295040000	6.85606	684	1
1527951158.300469000	6.86149	1303	1
1527951158.302584000	6.8636	1194	1
1527951158.314981000	6.876	67	0
1527951158.320589000	6.88161	67	0
1527951158.351197000	6.91221	716	1
1527951158.371620000	6.93264	67	0
1527951158.439228000	7.00024	353	0
1527951158.441377000	7.00239	81	1
1527951158.443949000	7.00497	60	0
1527951158.445349000	7.00637	78	1
1527951158.481290000	7.04231	584	0
1527951158.481505000	7.04252	1157	0
1527951158.483412000	7.04443	81	1
1527951158.514007000	7.07502	346	0
1527951158.516101000	7.07712	78	1
1527951158.543698000	7.10471	481	0
1527951158.543924000	7.10494	1095	0
1527951158.545892000	7.10691	81	1
1527951158.547306000	7.10832	235	0
1527951158.547861000	7.10888	1392	0
1527951158.548151000	7.10917	1392	0
1527951158.548341000	7.10936	1392	0
1527951158.548343000	7.10936	160	0
1527951158.548485000	7.1095	1392	0
1527951158.548634000	7.10965	1392	0
1527951158.548849000	7.10987	1051	0
1527951158.548852000	7.10987	72	0
1527951158.548922000	7.10994	245	0
1527951158.549129000	7.11015	105	1
1527951158.549699000	7.11072	72	0
1527951158.550174000	7.11119	302	0
1527951158.551375000	7.11239	81	1
1527951158.702834000	7.26385	1392	0
1527951158.703023000	7.26404	1392	0
1527951158.703345000	7.26436	1392	0
1527951158.703411000	7.26443	476	0
1527951158.703413000	7.26443	261	0
1527951158.709250000	7.27027	220	0
1527951158.709440000	7.27046	854	0
1527951158.709443000	7.27046	163	0
1527951158.712095000	7.27311	99	1
1527951158.856050000	7.41707	343	1
1527951158.856137000	7.41715	1392	1
1527951158.856168000	7.41718	1392	1
1527951158.856206000	7.41722	935	1
1527951158.878242000	7.43926	67	0
1527951159.339084000	7.9001	355	0
1527951159.340434000	7.90145	81	1
1527951159.344049000	7.90507	60	0
1527951159.345421000	7.90644	78	1
1527951159.387213000	7.94823	1392	1
1527951159.387257000	7.94827	1392	1
1527951159.387295000	7.94831	288	1
1527951159.387371000	7.94839	823	1
1527951159.408101000	7.96912	67	0
1527951159.428158000	7.98917	468	0
1527951159.428161000	7.98918	174	0
1527951159.430445000	7.99146	84	1
1527951162.534986000	11.096	766	1
1527951162.535192000	11.0962	458	1
1527951162.535235000	11.0963	1392	1
1527951162.535272000	11.0963	962	1
1527951162.535607000	11.0966	145	1
1527951162.556853000	11.1179	67	0
1527951162.608757000	11.1698	1392	0
1527951162.608887000	11.1699	1392	0
1527951162.608957000	11.17	723	0
1527951162.609308000	11.1703	1392	0
1527951162.609377000	11.1704	1392	0
1527951162.609607000	11.1706	1392	0
1527951162.609610000	11.1706	168	0
1527951162.609939000	11.171	1392	0
1527951162.610012000	11.171	822	0
1527951162.610308000	11.1713	1392	0
1527951162.610375000	11.1714	1392	0
1527951162.610555000	11.1716	1392	0
1527951162.610558000	11.1716	162	0
1527951162.610631000	11.1716	1392	0
1527951162.610845000	11.1719	99	1
1527951162.610902000	11.1719	1392	0
1527951162.611776000	11.1728	1392	0
1527951162.612044000	11.1731	1392	0
1527951162.612046000	11.1731	326	0
1527951162.612140000	11.1732	105	1
1527951162.612451000	11.1735	1392	0
1527951162.612678000	11.1737	1392	0
1527951162.612748000	11.1738	1392	0
1527951162.613454000	11.1745	87	1
1527951162.613926000	11.1749	1392	0
1527951162.613999000	11.175	1392	0
1527951162.614222000	11.1752	1392	0
1527951162.614293000	11.1753	1392	0
1527951162.614787000	11.1758	1190	0
1527951162.618539000	11.1796	90	1
1527951162.618726000	11.1797	1392	0
1527951162.618729000	11.1797	1392	0
1527951162.619005000	11.18	1392	0
1527951162.619075000	11.1801	1392	0
1527951162.619291000	11.1803	1392	0
1527951162.619365000	11.1804	1392	0
1527951162.619368000	11.1804	275	0
1527951162.619714000	11.1807	1392	0
1527951162.620175000	11.1812	1392	0
1527951162.620390000	11.1814	102	1
1527951162.620423000	11.1814	1392	0
1527951162.620492000	11.1815	1392	0
1527951162.620737000	11.1818	1392	0
1527951162.620809000	11.1818	1392	0
1527951162.621919000	11.1829	1392	0
1527951162.622229000	11.1832	1392	0
1527951162.622300000	11.1833	1392	0
1527951162.622388000	11.1834	93	1
1527951162.622511000	11.1835	1392	0
1527951162.622821000	11.1838	1392	0
1527951162.622936000	11.184	1392	0
1527951162.623126000	11.1841	1392	0
1527951162.623440000	11.1845	1392	0
1527951162.624389000	11.1854	90	1
1527951162.624462000	11.1855	1392	0
1527951162.624638000	11.1857	1392	0
1527951162.624763000	11.1858	1392	0
1527951162.624912000	11.1859	1392	0
1527951162.625057000	11.1861	1392	0
1527951162.626056000	11.1871	1111	0
1527951162.627408000	11.1884	96	1
1527951162.635381000	11.1964	667	0
1527951162.635702000	11.1967	1392	0
1527951162.635946000	11.197	1392	0
1527951162.636018000	11.197	1392	0
1527951162.637353000	11.1984	1392	0
1527951162.637428000	11.1984	1392	0
1527951162.637435000	11.1985	87	1
1527951162.637758000	11.1988	1392	0
1527951162.637962000	11.199	1093	0
1527951162.639392000	11.2004	87	1
1527951162.713182000	11.2742	93	0
1527951162.714371000	11.2754	257	0
1527951162.714452000	11.2755	73	0
1527951162.714454000	11.2755	224	0
1527951162.715417000	11.2764	87	1
1527951162.891170000	11.4522	608	0
1527951162.891289000	11.4523	287	0
1527951162.891292000	11.4523	108	0
1527951162.893090000	11.4541	101	1
1527951162.897603000	11.4586	230	1
1527951162.912968000	11.474	67	0
1527951162.917532000	11.4785	67	0
1527951163.012933000	11.5739	353	0
1527951163.014424000	11.5754	84	1
1527951163.016588000	11.5776	60	0
1527951163.018437000	11.5795	78	1
1527951163.516766000	12.0778	837	0
1527951163.516874000	12.0779	1392	0
1527951163.516963000	12.078	1392	0
1527951163.517119000	12.0781	1392	0
1527951163.517121000	12.0781	160	0
1527951163.517299000	12.0783	1392	0
1527951163.517390000	12.0784	1332	0
1527951163.520201000	12.0812	90	1
1527951163.521814000	12.0828	81	1
1527951163.533683000	12.0947	1392	0
1527951163.533956000	12.095	1392	0
1527951163.534026000	12.095	1392	0
1527951163.534029000	12.095	168	0
1527951163.534253000	12.0953	1392	0
1527951163.534319000	12.0953	1392	0
1527951163.534571000	12.0956	1392	0
1527951163.534638000	12.0957	1306	0
1527951163.534861000	12.0959	1392	0
1527951163.535803000	12.0968	715	0
1527951163.535953000	12.097	105	1
1527951163.572024000	12.133	1392	0
1527951163.572229000	12.1332	1392	0
1527951163.572545000	12.1336	1392	0
1527951163.572548000	12.1336	178	0
1527951163.572899000	12.1339	1392	0
1527951163.573088000	12.1341	1392	0
1527951163.573236000	12.1343	1392	0
1527951163.573238000	12.1343	160	0
1527951163.573428000	12.1344	1392	0
1527951163.573430000	12.1344	345	0
1527951163.573463000	12.1345	99	1
1527951163.575447000	12.1365	81	1
1527951163.576054000	12.1371	1392	0
1527951163.576148000	12.1372	1392	0
1527951163.576151000	12.1372	1392	0
1527951163.576153000	12.1372	168	0
1527951163.576228000	12.1372	1392	0
1527951163.576231000	12.1372	162	0
1527951163.577446000	12.1385	93	1
1527951163.578602000	12.1396	1392	0
1527951163.578740000	12.1398	1392	0
1527951163.579028000	12.14	1392	0
1527951163.579031000	12.14	168	0
1527951163.579101000	12.1401	64	0
1527951163.580429000	12.1414	90	1
1527951163.580759000	12.1418	1177	0
1527951163.583864000	12.1449	1392	0
1527951163.584204000	12.1452	1392	0
1527951163.584274000	12.1453	1392	0
1527951163.584277000	12.1453	168	0
1527951163.584283000	12.1453	64	0
1527951163.585022000	12.146	78	1
1527951163.585275000	12.1463	941	0
1527951163.587470000	12.1485	93	1
1527951163.587778000	12.1488	1392	0
1527951163.587897000	12.1489	1286	0
1527951163.588211000	12.1492	1392	0
1527951163.588508000	12.1495	1392	0
1527951163.588607000	12.1496	645	0
1527951163.590222000	12.1512	1392	0
1527951163.590528000	12.1515	1392	0
1527951163.590531000	12.1515	327	0
1527951163.590602000	12.1516	90	1
1527951163.590606000	12.1516	72	0
1527951163.590973000	12.152	180	0
1527951163.592451000	12.1535	90	1
1527951164.855858000	13.4169	325	1
1527951164.855939000	13.417	124	1
1527951164.875461000	13.4365	67	0
1527951164.953585000	13.5146	1392	0
1527951164.953819000	13.5148	1392	0
1527951164.954436000	13.5155	1392	0
1527951164.954501000	13.5155	596	0
1527951164.954574000	13.5156	72	0
1527951164.954576000	13.5156	274	0
1527951164.955532000	13.5165	96	1
1527951165.209568000	13.7706	1392	1
1527951165.209652000	13.7707	1392	1
1527951165.209674000	13.7707	173	1
1527951165.209748000	13.7708	824	1
1527951165.231943000	13.793	67	0
1527951165.254084000	13.8151	442	0
1527951165.254173000	13.8152	177	0
1527951165.255548000	13.8166	84	1
1527951166.423582000	14.9846	943	1
1527951166.423667000	14.9847	274	1
1527951166.428088000	14.9891	283	1
1527951166.428169000	14.9892	1392	1
1527951166.428197000	14.9892	1392	1
1527951166.428238000	14.9893	969	1
1527951166.444600000	15.0056	67	0
1527951166.451580000	15.0126	67	0
1527951166.482751000	15.0438	380	1
1527951166.504822000	15.0658	67	0
1527951166.563547000	15.1246	417	0
1527951166.565688000	15.1267	81	1
1527951166.568416000	15.1294	60	0
1527951166.569615000	15.1306	78	1
1527951166.698203000	15.2592	364	0
1527951166.698322000	15.2593	83	0
1527951166.699638000	15.2607	81	1
1527951166.700629000	15.2616	112	0
1527951166.702600000	15.2636	78	1
1527951166.899416000	15.4604	290	0
1527951166.899691000	15.4607	1380	0
1527951166.900149000	15.4612	493	0
1527951166.900995000	15.462	572	0
1527951166.901635000	15.4627	87	1
1527951166.901950000	15.463	615	0
1527951166.902851000	15.4639	447	0
1527951166.903622000	15.4646	81	1
1527951166.903873000	15.4649	677	0
1527951166.904900000	15.4659	464	0
1527951166.905619000	15.4666	81	1
1527951166.906430000	15.4674	815	0
1527951166.907620000	15.4686	78	1
1527951166.908425000	15.4694	629	0
1527951166.908497000	15.4695	499	0
1527951166.909493000	15.4705	419	0
1527951166.909657000	15.4707	84	1
1527951166.911311000	15.4723	681	0
1527951166.912623000	15.4736	78	1
1527951166.916307000	15.4773	596	0
1527951166.916405000	15.4774	538	0
1527951166.917394000	15.4784	634	0
1527951166.917629000	15.4786	84	1
1527951166.918913000	15.4799	1170	0
1527951166.920627000	15.4816	78	1
1527951166.920851000	15.4819	82	0
1527951166.922622000	15.4836	78	1
1527951166.954579000	15.5156	327	0
1527951166.956668000	15.5177	78	1
1527951167.524595000	16.0856	376	1
1527951167.524699000	16.0857	89	1
1527951167.525920000	16.0869	283	1
1527951167.527226000	16.0882	458	1
1527951167.527276000	16.0883	67	1
1527951167.544809000	16.1058	67	0
1527951167.549329000	16.1103	67	0
1527951167.559992000	16.121	453	1
1527951167.560080000	16.1211	890	1
1527951167.580076000	16.1411	67	0
1527951167.739574000	16.3006	305	1
1527951167.739641000	16.3007	277	1
1527951167.759198000	16.3202	67	0
1527951167.808124000	16.3691	238	0
1527951167.808217000	16.3692	83	0
1527951167.809681000	16.3707	87	1
1527951167.812027000	16.373	72	0
1527951167.812513000	16.3735	275	0
1527951167.813683000	16.3747	81	1
1527951167.985895000	16.5469	219	0
1527951167.987804000	16.5488	60	0
1527951167.987935000	16.549	78	1
1527951167.989025000	16.55	245	0
1527951167.989107000	16.5501	131	0
1527951167.989976000	16.551	84	1
1527951167.993411000	16.5544	72	0
1527951167.993511000	16.5545	156	0
1527951167.995717000	16.5567	81	1
1527951168.074652000	16.6357	223	0
1527951168.074758000	16.6358	120	0
1527951168.076712000	16.6377	81	1
1527951168.080024000	16.641	72	0
1527951168.080401000	16.6414	138	0
1527951168.081736000	16.6428	81	1
1527951168.313009000	16.874	451	1
1527951168.332733000	16.8937	67	0
1527951168.370235000	16.9313	481	0
1527951168.370237000	16.9313	60	0
1527951168.372036000	16.9331	84	1
1527951168.583765000	17.1448	265	0
1527951168.583862000	17.1449	126	0
1527951168.585731000	17.1467	81	1
1527951168.588386000	17.1494	72	0
1527951168.588462000	17.1495	118	0
1527951168.589713000	17.1507	81	1
1527951169.064967000	17.626	465	1
1527951169.065045000	17.6261	74	1
1527951169.085169000	17.6462	67	0
1527951169.208461000	17.7695	406	1
1527951169.208618000	17.7696	1392	1
1527951169.208665000	17.7697	1392	1
1527951169.208705000	17.7697	1392	1
1527951169.208763000	17.7698	1392	1
1527951169.208789000	17.7698	1392	1
1527951169.208834000	17.7699	1392	1
1527951169.208870000	17.7699	1392	1
1527951169.208909000	17.7699	1392	1
1527951169.208958000	17.77	1392	1
1527951169.208996000	17.77	1392	1
1527951169.209030000	17.77	1392	1
1527951169.209070000	17.7701	1392	1
1527951169.209119000	17.7701	1392	1
1527951169.209144000	17.7702	1392	1
1527951169.210798000	17.7718	1392	1
1527951169.210863000	17.7719	1392	1
1527951169.210905000	17.7719	1392	1
1527951169.210939000	17.772	1392	1
1527951169.210979000	17.772	1392	1
1527951169.211027000	17.772	1392	1
1527951169.211053000	17.7721	1392	1
1527951169.211105000	17.7721	1392	1
1527951169.212769000	17.7738	1392	1
1527951169.212829000	17.7738	1392	1
1527951169.212909000	17.7739	1392	1
1527951169.212936000	17.774	1392	1
1527951169.212988000	17.774	1392	1
1527951169.213015000	17.774	1392	1
1527951169.213063000	17.7741	1392	1
1527951169.213175000	17.7742	1392	1
1527951169.213202000	17.7742	1392	1
1527951169.214766000	17.7758	1392	1
1527951169.214809000	17.7758	1392	1
1527951169.214844000	17.7759	1392	1
1527951169.214878000	17.7759	96	1
1527951169.228471000	17.7895	67	0
1527951169.231739000	17.7928	67	0
1527951169.233830000	17.7948	67	0
1527951169.236694000	17.7977	67	0
1527951169.479037000	18.0401	352	0
1527951169.480804000	18.0418	93	1
1527951169.483950000	18.045	60	0
1527951169.485788000	18.0468	78	1
1527951169.524061000	18.0851	293	0
1527951169.524147000	18.0852	545	0
1527951169.525804000	18.0868	81	1
1527951169.528028000	18.089	249	0
1527951169.529795000	18.0908	78	1
1527951169.567881000	18.1289	341	1
1527951169.568655000	18.1297	756	1
1527951169.587454000	18.1485	67	0
1527951169.684665000	18.2457	369	1
1527951169.705145000	18.2662	67	0
1527951169.740611000	18.3016	903	1
1527951169.740703000	18.3017	588	1
1527951169.759974000	18.321	67	0
1527951169.776676000	18.3377	287	0
1527951169.776779000	18.3378	259	0
1527951169.778833000	18.3398	84	1
1527951169.780908000	18.3419	72	0
1527951169.781426000	18.3424	319	0
1527951169.782869000	18.3439	81	1
1527951169.878676000	18.4397	593	0
1527951169.878781000	18.4398	783	0
1527951169.880844000	18.4419	72	0
1527951169.880887000	18.4419	81	1
1527951169.882886000	18.4439	78	1
1527951169.895873000	18.4569	290	0
1527951169.897815000	18.4588	78	1
1527951169.943432000	18.5044	1108	1
1527951169.963343000	18.5244	67	0
1527951170.036243000	18.5973	262	0
1527951170.036246000	18.5973	98	0
1527951170.037832000	18.5988	84	1
1527951170.041856000	18.6029	72	0
1527951170.042271000	18.6033	228	0
1527951170.043901000	18.6049	81	1
1527951170.082507000	18.6435	325	0
1527951170.082641000	18.6437	678	0
1527951170.084861000	18.6459	81	1
1527951170.096353000	18.6574	573	1
1527951170.116110000	18.6771	67	0
1527951170.233600000	18.7946	244	0
1527951170.233603000	18.7946	126	0
1527951170.235915000	18.7969	84	1
1527951170.236531000	18.7975	72	0
1527951170.236533000	18.7975	159	0
1527951170.237841000	18.7989	81	1
1527951170.267496000	18.8285	550	0
1527951170.269856000	18.8309	78	1
1527951172.914500000	21.4755	855	1
1527951172.914581000	21.4756	235	1
1527951172.935118000	21.4961	67	0
1527951173.412810000	21.9738	262	0
1527951173.412813000	21.9738	126	0
1527951173.414872000	21.9759	84	1
1527951173.416570000	21.9776	72	0
1527951173.416657000	21.9777	82	0
1527951173.417862000	21.9789	81	1
1527951173.584503000	22.1455	381	1
1527951173.584565000	22.1456	235	1
1527951173.604507000	22.1655	67	0
1527951174.057440000	22.6185	263	0
1527951174.057442000	22.6185	126	0
1527951174.059842000	22.6209	84	1
1527951174.064241000	22.6253	72	0
1527951174.064628000	22.6256	150	0
1527951174.065827000	22.6268	81	1
1527951174.200609000	22.7616	952	1
1527951174.200666000	22.7617	237	1
1527951174.220878000	22.7819	67	0
1527951174.667795000	23.2288	238	0
1527951174.667797000	23.2288	126	0
1527951174.669967000	23.231	84	1
1527951174.671692000	23.2327	72	0
1527951174.672115000	23.2331	112	0
1527951174.673881000	23.2349	81	1
1527951174.850272000	23.4113	374	1
1527951174.850365000	23.4114	234	1
1527951174.870487000	23.4315	67	0
1527951175.323753000	23.8848	215	0
1527951175.323756000	23.8848	126	0
1527951175.325932000	23.8869	84	1
1527951175.327539000	23.8886	72	0
1527951175.327932000	23.8889	157	0
1527951175.328898000	23.8899	81	1
1527951175.505807000	24.0668	369	1
1527951175.505868000	24.0669	237	1
1527951175.526061000	24.0871	67	0
1527951175.973852000	24.5349	278	0
1527951175.974028000	24.535	126	0
1527951175.975970000	24.537	84	1
1527951175.978336000	24.5394	72	0
1527951175.978424000	24.5394	252	0
1527951175.980015000	24.541	81	1
1527951176.126335000	24.6874	368	1
1527951176.126397000	24.6874	237	1
1527951176.146739000	24.7078	67	0
1527951176.591907000	25.1529	306	0
1527951176.591909000	25.1529	126	0
1527951176.594051000	25.1551	84	1
1527951176.595439000	25.1565	72	0
1527951176.595442000	25.1565	276	0
1527951176.596979000	25.158	81	1
1527951176.747426000	25.3084	369	1
1527951176.747505000	25.3085	235	1
1527951176.767872000	25.3289	67	0
1527951177.249170000	25.8102	213	0
1527951177.249321000	25.8103	128	0
1527951177.251029000	25.812	84	1
1527951177.253044000	25.8141	72	0
1527951177.253047000	25.8141	99	0
1527951177.255072000	25.8161	81	1
1527951177.407381000	25.9684	368	1
1527951177.407462000	25.9685	235	1
1527951177.427222000	25.9882	67	0
1527951177.876972000	26.438	238	0
1527951177.876974000	26.438	128	0
1527951177.879130000	26.4401	84	1
1527951177.880893000	26.4419	72	0
1527951177.880895000	26.4419	222	0
1527951177.883117000	26.4441	81	1
1527951178.047239000	26.6083	372	1
1527951178.047330000	26.6083	238	1
1527951178.066769000	26.6278	67	0
1527951178.528132000	27.0891	287	0
1527951178.528135000	27.0892	128	0
1527951178.530171000	27.0912	84	1
1527951178.638589000	27.1996	72	0
1527951178.638704000	27.1997	94	0
1527951178.640088000	27.2011	81	1
1527951178.718998000	27.28	369	1
1527951178.719092000	27.2801	237	1
1527951178.738015000	27.299	67	0
1527951179.187911000	27.7489	259	0
1527951179.188037000	27.7491	128	0
1527951179.190204000	27.7512	84	1
1527951179.191131000	27.7521	72	0
1527951179.191592000	27.7526	267	0
1527951179.193132000	27.7541	81	1
1527951179.262550000	27.8236	368	1
1527951179.262641000	27.8237	238	1
1527951179.282219000	27.8432	67	0
1527951179.737221000	28.2982	238	0
1527951179.737340000	28.2984	128	0
1527951179.739173000	28.3002	84	1
1527951179.741915000	28.3029	72	0
1527951179.742326000	28.3033	104	0
1527951179.743150000	28.3042	81	1
1527951179.923129000	28.4841	496	1
1527951179.923186000	28.4842	236	1
1527951179.943613000	28.5046	67	0
1527951180.401275000	28.9623	213	0
1527951180.401403000	28.9624	128	0
1527951180.403271000	28.9643	84	1
1527951180.405846000	28.9669	72	0
1527951180.405848000	28.9669	258	0
1527951180.407260000	28.9683	81	1
1527951180.548960000	29.11	852	1
1527951180.549053000	29.1101	239	1
1527951180.569753000	29.1308	67	0
1527951181.036976000	29.598	268	0
1527951181.036979000	29.598	128	0
1527951181.039306000	29.6003	84	1
1527951181.041039000	29.6021	72	0
1527951181.041409000	29.6024	73	0
1527951181.043272000	29.6043	81	1
1527951181.117445000	29.6785	380	1
1527951181.117541000	29.6786	238	1
1527951181.137892000	29.6989	67	0
1527951181.590418000	30.1514	236	0
1527951181.590420000	30.1514	128	0
1527951181.592281000	30.1533	84	1
1527951181.594242000	30.1553	72	0
1527951181.594675000	30.1557	182	0
1527951181.596270000	30.1573	81	1
1527951181.820705000	30.3817	954	1
1527951181.820800000	30.3818	235	1
1527951181.840953000	30.402	67	0
1527951182.287976000	30.849	236	0
1527951182.287979000	30.849	128	0
1527951182.290327000	30.8513	84	1
1527951182.291526000	30.8525	72	0
1527951182.291917000	30.8529	112	0
1527951182.293311000	30.8543	81	1
1527951182.394520000	30.9555	368	1
1527951182.394595000	30.9556	238	1
1527951182.414783000	30.9758	67	0
1527951182.537307000	31.0983	266	0
1527951182.537309000	31.0983	128	0
1527951182.539351000	31.1004	84	1
1527951182.541560000	31.1026	72	0
1527951182.542075000	31.1031	193	0
1527951182.543311000	31.1043	81	1
1527951182.676177000	31.2372	370	1
1527951182.676284000	31.2373	235	1
1527951182.698034000	31.2591	67	0
1527951182.829704000	31.3907	215	0
1527951182.829706000	31.3907	128	0
1527951182.831373000	31.3924	84	1
1527951182.833015000	31.394	72	0
1527951182.833335000	31.3944	311	0
1527951182.834328000	31.3953	81	1
1527951183.122516000	31.6835	369	1
1527951183.122586000	31.6836	235	1
1527951183.152758000	31.7138	67	0
1527951183.608833000	32.1698	235	0
1527951183.609053000	32.1701	128	0
1527951183.610481000	32.1715	84	1
1527951183.612391000	32.1734	72	0
1527951183.612466000	32.1735	173	0
1527951183.614416000	32.1754	81	1
1527951183.637980000	32.199	368	1
1527951183.638065000	32.1991	236	1
1527951183.657932000	32.2189	67	0
1527951183.835097000	32.3961	255	0
1527951183.835100000	32.3961	128	0
1527951183.837469000	32.3985	84	1
1527951183.839689000	32.4007	72	0
1527951183.840114000	32.4011	129	0
1527951183.841449000	32.4025	81	1
1527951183.855424000	32.4164	368	1
1527951183.855508000	32.4165	235	1
1527951183.878959000	32.44	67	0
1527951184.336705000	32.8977	285	0
1527951184.336820000	32.8978	128	0
1527951184.338451000	32.8995	84	1
1527951184.341301000	32.9023	72	0
1527951184.341659000	32.9027	128	0
1527951184.343433000	32.9044	81	1
1527951184.508859000	33.0699	370	1
1527951184.508952000	33.07	239	1
1527951184.529397000	33.0904	67	0
1527951185.004537000	33.5656	236	0
1527951185.004540000	33.5656	128	0
1527951185.006557000	33.5676	84	1
1527951185.007569000	33.5686	72	0
1527951185.007639000	33.5687	88	0
1527951185.009519000	33.5705	81	1
1527951185.178626000	33.7396	368	1
1527951185.178693000	33.7397	236	1
1527951185.198950000	33.76	67	0
1527951185.647432000	34.2084	238	0
1527951185.647434000	34.2085	128	0
1527951185.649574000	34.2106	84	1
1527951185.651267000	34.2123	72	0
1527951185.651358000	34.2124	249	0
1527951185.653552000	34.2146	81	1
1527951186.528547000	35.0896	372	1
1527951186.528608000	35.0896	237	1
1527951186.549235000	35.1103	67	0
1527951186.996800000	35.5578	287	0
1527951186.997003000	35.558	128	0
1527951186.998995000	35.56	84	1
1527951187.000916000	35.5619	72	0
1527951187.001000000	35.562	68	0
1527951187.002957000	35.564	81	1
1527951187.200365000	35.7614	370	1
1527951187.200427000	35.7614	235	1
1527951187.221604000	35.7826	67	0
1527951187.670267000	36.2313	281	0
1527951187.670269000	36.2313	128	0
1527951187.672066000	36.2331	84	1
1527951187.673694000	36.2347	72	0
1527951187.674118000	36.2351	234	0
1527951187.674992000	36.236	81	1
1527951187.826352000	36.3874	494	1
1527951187.826415000	36.3874	236	1
1527951187.846035000	36.4071	67	0
1527951188.296724000	36.8577	216	0
1527951188.296727000	36.8577	128	0
1527951188.299113000	36.8601	84	1
1527951188.301084000	36.8621	72	0
1527951188.301177000	36.8622	315	0
1527951188.303090000	36.8641	81	1
1527951188.320113000	36.8811	851	1
1527951188.320198000	36.8812	235	1
1527951188.341514000	36.9025	67	0
1527951188.349777000	36.9108	67	0
1527951188.817516000	37.3785	236	0
1527951188.817519000	37.3785	128	0
1527951188.819064000	37.3801	87	1
1527951188.823461000	37.3845	72	0
1527951188.824473000	37.3855	69	0
1527951188.825045000	37.3861	81	1
1527951188.978503000	37.5395	380	1
1527951188.978565000	37.5396	236	1
1527951188.998102000	37.5591	67	0
1527951189.469638000	38.0307	247	0
1527951189.469864000	38.0309	128	0
1527951189.471120000	38.0321	84	1
1527951189.473307000	38.0343	72	0
1527951189.474017000	38.035	76	0
1527951189.475089000	38.0361	81	1
1527951189.533372000	38.0944	951	1
1527951189.533434000	38.0944	236	1
1527951189.553835000	38.1149	67	0
1527951189.748650000	38.3097	236	0
1527951189.748653000	38.3097	128	0
1527951189.750210000	38.3112	84	1
1527951189.752622000	38.3136	72	0
1527951189.752795000	38.3138	314	0
1527951189.754170000	38.3152	81	1
1527951189.831617000	38.3926	369	1
1527951189.831692000	38.3927	237	1
1527951189.852155000	38.4132	67	0
1527951190.298351000	38.8594	237	0
1527951190.298354000	38.8594	128	0
1527951190.300220000	38.8612	84	1
1527951190.301721000	38.8627	72	0
1527951190.302170000	38.8632	238	0
1527951190.303135000	38.8642	81	1
1527951190.443577000	39.0046	369	1
1527951190.443638000	39.0047	237	1
1527951190.463003000	39.024	67	0
1527951190.939714000	39.5007	263	0
1527951190.939717000	39.5007	128	0
1527951190.941171000	39.5022	84	1
1527951190.944050000	39.5051	72	0
1527951190.944469000	39.5055	162	0
1527951190.946238000	39.5073	81	1
1527951191.022378000	39.5834	369	1
1527951191.022469000	39.5835	236	1
1527951191.042392000	39.6034	67	0
1527951191.489279000	40.0503	238	0
1527951191.489281000	40.0503	128	0
1527951191.491309000	40.0523	84	1
1527951191.492528000	40.0535	72	0
1527951191.493216000	40.0542	96	0
1527951191.494204000	40.0552	81	1
1527951191.517480000	40.0785	372	1
1527951191.517539000	40.0786	238	1
1527951191.537106000	40.0981	67	0
1527951191.548149000	40.1092	67	0
1527951192.059104000	40.6201	215	0
1527951192.059106000	40.6201	128	0
1527951192.061307000	40.6223	87	1
1527951192.062859000	40.6239	72	0
1527951192.063296000	40.6243	308	0
1527951192.064235000	40.6253	81	1
1527951192.163352000	40.7244	370	1
1527951192.163457000	40.7245	236	1
1527951192.184004000	40.745	67	0
1527951192.652277000	41.2133	278	0
1527951192.652395000	41.2134	128	0
1527951192.654499000	41.2155	84	1
1527951192.654978000	41.216	72	0
1527951192.655423000	41.2164	254	0
1527951192.656266000	41.2173	81	1
1527951192.686521000	41.2475	369	1
1527951192.686583000	41.2476	238	1
1527951192.707375000	41.2684	67	0
1527951193.176894000	41.7379	285	0
1527951193.176897000	41.7379	128	0
1527951193.179330000	41.7403	84	1
1527951193.180307000	41.7413	72	0
1527951193.180735000	41.7418	102	0
1527951193.182319000	41.7433	81	1
1527951193.349984000	41.911	370	1
1527951193.350041000	41.9111	237	1
1527951193.372000000	41.933	67	0
1527951193.834661000	42.3957	236	0
1527951193.834664000	42.3957	128	0
1527951193.836411000	42.3974	84	1
1527951193.837458000	42.3985	72	0
1527951193.837525000	42.3985	259	0
1527951193.839369000	42.4004	81	1
1527951193.910932000	42.4719	368	1
1527951193.911054000	42.4721	238	1
1527951193.930472000	42.4915	67	0
1527951194.085827000	42.6468	215	0
1527951194.085830000	42.6468	128	0
1527951194.087411000	42.6484	84	1
1527951194.089953000	42.651	72	0
1527951194.089956000	42.651	309	0
1527951194.091352000	42.6524	81	1
1527951194.322892000	42.8839	373	1
1527951194.322954000	42.884	235	1
1527951194.344240000	42.9053	67	0
1527951194.795616000	43.3566	284	0
1527951194.795730000	43.3567	128	0
1527951194.797426000	43.3584	84	1
1527951194.798776000	43.3598	72	0
1527951194.798862000	43.3599	154	0
1527951194.800398000	43.3614	81	1
1527951194.819671000	43.3807	493	1
1527951194.819769000	43.3808	239	1
1527951194.839626000	43.4006	67	0
1527951195.301708000	43.8627	262	0
1527951195.301934000	43.863	128	0
1527951195.303513000	43.8645	84	1
1527951195.305403000	43.8664	72	0
1527951195.305480000	43.8665	78	0
1527951195.307488000	43.8685	81	1
1527951195.409140000	43.9702	856	1
1527951195.409214000	43.9702	240	1
1527951195.430079000	43.9911	67	0
1527951195.879573000	44.4406	236	0
1527951195.879666000	44.4407	128	0
1527951195.881548000	44.4426	84	1
1527951195.884048000	44.4451	72	0
1527951195.884050000	44.4451	137	0
1527951195.885532000	44.4465	81	1
1527951196.083958000	44.645	966	1
1527951196.084053000	44.6451	245	1
1527951196.104346000	44.6654	67	0
1527951196.235287000	44.7963	215	0
1527951196.235289000	44.7963	128	0
1527951196.237580000	44.7986	84	1
1527951196.238470000	44.7995	72	0
1527951196.238569000	44.7996	214	0
1527951196.240538000	44.8016	81	1
1527951196.836114000	45.3971	374	1
1527951196.836207000	45.3972	236	1
1527951196.856284000	45.4173	67	0
1527951197.329632000	45.8906	267	0
1527951197.329635000	45.8907	128	0
1527951197.331582000	45.8926	84	1
1527951197.333410000	45.8944	72	0
1527951197.333815000	45.8948	138	0
1527951197.335604000	45.8966	81	1
1527951197.522941000	46.084	371	1
1527951197.523036000	46.0841	248	1
1527951197.543299000	46.1043	67	0
1527951198.018543000	46.5796	236	0
1527951198.018546000	46.5796	128	0
1527951198.020658000	46.5817	84	1
1527951198.023267000	46.5843	72	0
1527951198.023966000	46.585	128	0
1527951198.024557000	46.5856	81	1
1527951198.135050000	46.6961	369	1
1527951198.135144000	46.6962	240	1
1527951198.155054000	46.7161	67	0
1527951198.600263000	47.1613	262	0
1527951198.600267000	47.1613	128	0
1527951198.602522000	47.1635	72	0
1527951198.602597000	47.1636	215	0
1527951198.602629000	47.1636	84	1
1527951198.604677000	47.1657	81	1
1527951198.645959000	47.207	373	1
1527951198.646051000	47.2071	418	1
1527951198.666650000	47.2277	67	0
1527951199.114864000	47.6759	243	0
1527951199.114979000	47.676	128	0
1527951199.116748000	47.6778	84	1
1527951199.117734000	47.6788	72	0
1527951199.118026000	47.679	309	0
1527951199.119704000	47.6807	81	1
1527951201.405226000	49.9662	351	1
1527951201.405333000	49.9663	1392	1
1527951201.405372000	49.9664	1392	1
1527951201.405403000	49.9664	1392	1
1527951201.405424000	49.9664	242	1
1527951201.427811000	49.9888	67	0
1527951201.605770000	50.1668	302	1
1527951201.605859000	50.1669	236	1
1527951201.624875000	50.1859	67	0
1527951201.721638000	50.2827	392	0
1527951201.723661000	50.2847	84	1
1527951201.728391000	50.2894	60	0
1527951201.730655000	50.2917	78	1
1527951202.068895000	50.6299	265	0
1527951202.069012000	50.63	128	0
1527951202.070610000	50.6316	81	1
1527951202.075125000	50.6361	72	0
1527951202.075127000	50.6361	281	0
1527951202.076668000	50.6377	81	1
1527951202.092740000	50.6538	368	1
1527951202.092832000	50.6538	240	1
1527951202.113209000	50.6742	67	0
1527951202.134494000	50.6955	67	0
1527951202.577927000	51.1389	308	0
1527951202.577930000	51.1389	128	0
1527951202.579634000	51.1407	87	1
1527951202.581241000	51.1423	72	0
1527951202.581619000	51.1426	212	0
1527951202.582629000	51.1436	81	1
1527951202.633986000	51.195	373	1
1527951202.634077000	51.1951	238	1
1527951202.657025000	51.218	67	0
1527951203.102248000	51.6633	215	0
1527951203.102251000	51.6633	128	0
1527951203.103681000	51.6647	84	1
1527951203.105809000	51.6668	72	0
1527951203.105883000	51.6669	294	0
1527951203.107720000	51.6687	81	1
1527951203.272824000	51.8338	369	1
1527951203.272919000	51.8339	236	1
1527951203.291898000	51.8529	67	0
1527951203.739909000	52.3009	238	0
1527951203.739911000	52.3009	128	0
1527951203.741765000	52.3028	84	1
1527951203.741981000	52.303	72	0
1527951203.742079000	52.3031	192	0
1527951203.743690000	52.3047	81	1
1527951203.768862000	52.3299	494	1
1527951203.768948000	52.33	237	1
1527951203.789904000	52.3509	67	0
1527951204.248075000	52.8091	264	0
1527951204.248187000	52.8092	128	0
1527951204.249802000	52.8108	84	1
1527951204.252639000	52.8137	72	0
1527951204.252641000	52.8137	166	0
1527951204.254785000	52.8158	81	1
1527951205.220115000	53.7811	851	1
1527951205.220178000	53.7812	238	1
1527951205.240754000	53.8018	67	0
1527951205.691254000	54.2523	282	0
1527951205.691548000	54.2526	128	0
1527951205.693689000	54.2547	84	1
1527951205.695063000	54.2561	72	0
1527951205.695594000	54.2566	298	0
1527951205.696582000	54.2576	81	1
1527951205.871116000	54.4321	966	1
1527951205.871211000	54.4322	240	1
1527951205.891215000	54.4522	67	0
1527951206.368009000	54.929	215	0
1527951206.368125000	54.9291	128	0
1527951206.369679000	54.9307	84	1
1527951206.371390000	54.9324	72	0
1527951206.371470000	54.9325	311	0
1527951206.373649000	54.9347	81	1
1527951206.483317000	55.0443	373	1
1527951206.483379000	55.0444	246	1
1527951206.504271000	55.0653	67	0
1527951206.967230000	55.5282	239	0
1527951206.967232000	55.5282	128	0
1527951206.968663000	55.5297	84	1
1527951206.971691000	55.5327	72	0
1527951206.971791000	55.5328	143	0
1527951206.973734000	55.5347	81	1
1527951206.995759000	55.5568	370	1
1527951206.995853000	55.5569	240	1
1527951207.016247000	55.5773	67	0
1527951207.460313000	56.0213	245	0
1527951207.460316000	56.0213	128	0
1527951207.462787000	56.0238	84	1
1527951207.463777000	56.0248	72	0
1527951207.463853000	56.0249	248	0
1527951207.465760000	56.0268	81	1
1527951207.606144000	56.1672	372	1
1527951207.606205000	56.1672	245	1
1527951207.626587000	56.1876	67	0
1527951208.073746000	56.6348	238	0
1527951208.073860000	56.6349	128	0
1527951208.075718000	56.6367	84	1
1527951208.077831000	56.6388	72	0
1527951208.078174000	56.6392	106	0
1527951208.079738000	56.6408	81	1
1527951208.257088000	56.8181	369	1
1527951208.257180000	56.8182	240	1
1527951208.277264000	56.8383	67	0
1527951208.835636000	57.3967	262	0
1527951208.835638000	57.3967	128	0
1527951208.837841000	57.3989	84	1
1527951208.839237000	57.4003	72	0
1527951208.839633000	57.4006	105	0
1527951208.840781000	57.4018	81	1
1527951208.926127000	57.4871	373	1
1527951208.926221000	57.4872	241	1
1527951208.945451000	57.5065	67	0
1527951209.416423000	57.9774	242	0
1527951209.416426000	57.9774	128	0
1527951209.418831000	57.9798	84	1
1527951209.420574000	57.9816	72	0
1527951209.421002000	57.982	260	0
1527951209.421778000	57.9828	81	1
1527951209.568118000	58.1291	372	1
1527951209.568213000	58.1292	239	1
1527951209.588227000	58.1492	67	0
1527951210.038163000	58.5992	238	0
1527951210.038166000	58.5992	128	0
1527951210.039907000	58.6009	84	1
1527951210.042244000	58.6033	72	0
1527951210.042766000	58.6038	284	0
1527951210.043830000	58.6048	81	1
1527951210.229386000	58.7904	369	1
1527951210.229481000	58.7905	241	1
1527951210.249879000	58.8109	67	0
1527951210.378125000	58.9391	215	0
1527951210.378128000	58.9391	128	0
1527951210.379925000	58.9409	84	1
1527951210.381878000	58.9429	72	0
1527951210.382215000	58.9432	160	0
1527951210.383916000	58.9449	81	1
1527951210.646130000	59.2071	373	1
1527951210.646223000	59.2072	236	1
1527951210.667119000	59.2281	67	0
1527951210.807113000	59.3681	278	0
1527951210.807240000	59.3683	128	0
1527951210.808923000	59.3699	84	1
1527951210.811662000	59.3727	72	0
1527951210.812067000	59.3731	202	0
1527951210.813958000	59.375	81	1
1527951211.060463000	59.6215	368	1
1527951211.060519000	59.6215	240	1
1527951211.081185000	59.6422	67	0
1527951211.189956000	59.751	283	0
1527951211.190068000	59.7511	128	0
1527951211.191978000	59.753	84	1
1527951211.194112000	59.7551	72	0
1527951211.194114000	59.7551	206	0
1527951211.195959000	59.757	81	1
1527951211.612439000	60.1735	974	1
1527951211.612503000	60.1735	237	1
1527951211.632329000	60.1933	67	0
1527951211.806623000	60.3676	238	0
1527951211.806626000	60.3676	128	0
1527951211.809017000	60.37	84	1
1527951211.810660000	60.3717	72	0
1527951211.811518000	60.3725	289	0
1527951211.812036000	60.3731	81	1
1527951211.989317000	60.5503	382	1
1527951211.989379000	60.5504	239	1
1527951212.009487000	60.5705	67	0
1527951212.120989000	60.682	216	0
1527951212.120992000	60.682	128	0
1527951212.123023000	60.684	84	1
1527951212.123065000	60.6841	72	0
1527951212.123581000	60.6846	285	0
1527951212.125012000	60.686	81	1
1527951212.368423000	60.9294	951	1
1527951212.368519000	60.9295	237	1
1527951212.388389000	60.9494	67	0
1527951212.906512000	61.4675	285	0
1527951212.906515000	61.4675	128	0
1527951212.908081000	61.4691	84	1
1527951212.911191000	61.4722	72	0
1527951212.911193000	61.4722	288	0
1527951212.913068000	61.4741	81	1
1527951213.094592000	61.6556	370	1
1527951213.094691000	61.6557	237	1
1527951213.115888000	61.6769	67	0
1527951213.248294000	61.8093	261	0
1527951213.250124000	61.8111	81	1
1527951213.250429000	61.8114	128	0
1527951213.252093000	61.8131	78	1
1527951213.253250000	61.8143	72	0
1527951213.253678000	61.8147	125	0
1527951213.255016000	61.816	81	1
1527951213.495449000	62.0565	373	1
1527951213.495543000	62.0566	242	1
1527951213.514985000	62.076	67	0
1527951213.646208000	62.2072	239	0
1527951213.646210000	62.2072	128	0
1527951213.648069000	62.2091	84	1
1527951213.650465000	62.2115	72	0
1527951213.652029000	62.213	78	1
1527951213.663531000	62.2245	93	0
1527951213.665035000	62.2261	78	1
1527951213.939376000	62.5004	371	1
1527951213.939464000	62.5005	239	1
1527951213.958756000	62.5198	67	0
1527951214.073124000	62.6341	215	0
1527951214.073250000	62.6343	128	0
1527951214.075145000	62.6362	84	1
1527951214.075561000	62.6366	72	0
1527951214.075897000	62.6369	218	0
1527951214.077055000	62.6381	81	1
1527951214.426897000	62.9879	369	1
1527951214.426958000	62.988	237	1
1527951214.447677000	63.0087	67	0
1527951214.562961000	63.124	268	0
1527951214.562963000	63.124	128	0
1527951214.564296000	63.1253	72	0
1527951214.564375000	63.1254	243	0
1527951214.565107000	63.1261	90	1
1527951214.886326000	63.4473	372	1
1527951214.886420000	63.4474	238	1
1527951214.907322000	63.4683	67	0
1527951215.019658000	63.5807	215	0
1527951215.019660000	63.5807	128	0
1527951215.021139000	63.5822	84	1
1527951215.024598000	63.5856	72	0
1527951215.025069000	63.5861	279	0
1527951215.026120000	63.5871	81	1
1527951215.158518000	63.7195	369	1
1527951215.158612000	63.7196	237	1
1527951215.178609000	63.7396	67	0
1527951215.297591000	63.8586	215	0
1527951215.297699000	63.8587	128	0
1527951215.299150000	63.8602	84	1
1527951215.302556000	63.8636	72	0
1527951215.302920000	63.8639	87	0
1527951215.304212000	63.8652	81	1
1527951215.497631000	64.0586	370	1
1527951215.497697000	64.0587	237	1
1527951215.517576000	64.0786	67	0
1527951216.232964000	64.794	262	0
1527951216.232967000	64.794	128	0
1527951216.235272000	64.7963	84	1
1527951216.238318000	64.7993	72	0
1527951216.238320000	64.7993	158	0
1527951216.240252000	64.8013	81	1
1527951216.436677000	64.9977	374	1
1527951216.436771000	64.9978	241	1
1527951216.456685000	65.0177	67	0
1527951216.945075000	65.5061	265	0
1527951216.945078000	65.5061	128	0
1527951216.947297000	65.5083	84	1
1527951216.948905000	65.5099	72	0
1527951216.948907000	65.5099	262	0
1527951216.950273000	65.5113	81	1
1527951217.074104000	65.6351	369	1
1527951217.074184000	65.6352	238	1
1527951217.094525000	65.6555	67	0
1527951217.249065000	65.8101	212	0
1527951217.249068000	65.8101	128	0
1527951217.251319000	65.8123	84	1
1527951217.253177000	65.8142	72	0
1527951217.254247000	65.8153	297	0
1527951217.255246000	65.8163	81	1
1527951217.389369000	65.9504	370	1
1527951217.389448000	65.9505	239	1
1527951217.409022000	65.97	67	0
1527951217.859477000	66.4205	280	0
1527951217.859480000	66.4205	128	0
1527951217.861321000	66.4223	84	1
1527951217.864162000	66.4252	72	0
1527951217.864246000	66.4253	79	0
1527951217.866284000	66.4273	81	1
1527951217.889341000	66.4504	977	1
1527951217.889435000	66.4505	418	1
1527951217.909922000	66.4709	67	0
1527951218.019625000	66.5806	283	0
1527951218.019628000	66.5806	128	0
1527951218.021304000	66.5823	84	1
1527951218.024589000	66.5856	72	0
1527951218.024591000	66.5856	123	0
1527951218.026297000	66.5873	81	1
1527951218.141545000	66.7026	964	1
1527951218.141606000	66.7026	294	1
1527951218.161851000	66.7229	67	0
1527951218.277633000	66.8386	213	0
1527951218.277747000	66.8388	128	0
1527951218.279346000	66.8404	84	1
1527951218.281562000	66.8426	72	0
1527951218.281945000	66.843	71	0
1527951218.283354000	66.8444	81	1
1527951218.567545000	67.1286	369	1
1527951218.567639000	67.1287	294	1
1527951218.588475000	67.1495	67	0
1527951219.038267000	67.5993	236	0
1527951219.038269000	67.5993	128	0
1527951219.040390000	67.6014	84	1
1527951219.043246000	67.6043	72	0
1527951219.043248000	67.6043	207	0
1527951219.045373000	67.6064	81	1
1527951219.186497000	67.7475	372	1
1527951219.186552000	67.7476	236	1
1527951219.206732000	67.7677	67	0
1527951219.210352000	67.7714	67	0
1527951219.369635000	67.9307	236	0
1527951219.369637000	67.9307	128	0
1527951219.371387000	67.9324	87	1
1527951219.373008000	67.934	72	0
1527951219.373105000	67.9341	69	0
1527951219.374357000	67.9354	81	1
1527951219.685351000	68.2464	368	1
1527951219.685440000	68.2465	238	1
1527951219.705631000	68.2666	67	0
1527951219.830419000	68.3914	262	0
1527951219.830422000	68.3914	128	0
1527951219.832480000	68.3935	84	1
1527951219.834601000	68.3956	72	0
1527951219.835054000	68.3961	195	0
1527951219.836390000	68.3974	81	1
1527951220.010538000	68.5716	368	1
1527951220.010634000	68.5717	236	1
1527951220.029626000	68.5906	67	0
1527951220.482251000	69.0433	259	0
1527951220.482378000	69.0434	128	0
1527951220.484504000	69.0455	84	1
1527951220.485449000	69.0465	72	0
1527951220.485525000	69.0465	276	0
1527951220.487497000	69.0485	81	1
1527951220.514624000	69.0756	373	1
1527951220.514710000	69.0757	240	1
1527951220.534953000	69.096	67	0
1527951220.988457000	69.5495	235	0
1527951220.988461000	69.5495	128	0
1527951220.990580000	69.5516	84	1
1527951220.991464000	69.5525	72	0
1527951220.991743000	69.5528	240	0
1527951220.993522000	69.5545	81	1
1527951221.057208000	69.6182	368	1
1527951221.057285000	69.6183	240	1
1527951221.076736000	69.6378	67	0
1527951221.204482000	69.7655	247	0
1527951221.206551000	69.7676	81	1
1527951221.211508000	69.7725	128	0
1527951221.213527000	69.7745	78	1
1527951221.215538000	69.7766	72	0
1527951221.215641000	69.7767	66	0
1527951221.217523000	69.7785	81	1
1527951221.328931000	69.8899	372	1
1527951221.328993000	69.89	237	1
1527951221.349017000	69.91	67	0
1527951221.453165000	70.0142	213	0
1527951221.453167000	70.0142	128	0
1527951221.455563000	70.0166	84	1
1527951221.456469000	70.0175	72	0
1527951221.456566000	70.0176	305	0
1527951221.458551000	70.0196	81	1
1527951221.750115000	70.3111	350	1
1527951221.750200000	70.3112	1392	1
1527951221.750227000	70.3112	1392	1
1527951221.750267000	70.3113	1392	1
1527951221.750323000	70.3113	1357	1
1527951221.768854000	70.3299	80	0
1527951221.770532000	70.3315	78	1
1527951221.816756000	70.3778	305	1
1527951221.816845000	70.3779	238	1
1527951221.836727000	70.3977	67	0
1527951221.952107000	70.5131	236	0
1527951221.952110000	70.5131	128	0
1527951221.953536000	70.5146	84	1
1527951221.955312000	70.5163	72	0
1527951221.955709000	70.5167	168	0
1527951221.956498000	70.5175	81	1
1527951222.031878000	70.5929	369	1
1527951222.031939000	70.593	237	1
1527951222.048230000	70.6092	80	0
1527951222.049576000	70.6106	78	1
1527951222.051518000	70.6125	67	0
1527951222.157966000	70.719	216	0
1527951222.157968000	70.719	128	0
1527951222.159602000	70.7206	84	1
1527951222.161090000	70.7221	72	0
1527951222.161162000	70.7222	306	0
1527951222.162587000	70.7236	81	1
1527951222.208564000	70.7696	379	0
1527951222.210614000	70.7716	78	1
1527951222.213478000	70.7745	60	0
1527951222.215598000	70.7766	78	1
1527951222.560012000	71.121	369	1
1527951222.560075000	71.1211	237	1
1527951222.583253000	71.1443	67	0
1527951222.692850000	71.2539	289	0
1527951222.692853000	71.2539	128	0
1527951222.694648000	71.2557	84	1
1527951222.696157000	71.2572	72	0
1527951222.696259000	71.2573	127	0
1527951222.697560000	71.2586	81	1
1527951222.806937000	71.368	972	1
1527951222.807026000	71.368	238	1
1527951222.826940000	71.388	67	0
1527951222.934806000	71.4958	255	0
1527951222.935112000	71.4961	128	0
1527951222.936570000	71.4976	84	1
1527951222.939271000	71.5003	72	0
1527951222.939345000	71.5004	290	0
1527951222.940549000	71.5016	81	1
1527951223.091513000	71.6525	962	1
1527951223.091603000	71.6526	237	1
1527951223.111088000	71.6721	67	0
1527951223.224699000	71.7857	285	0
1527951223.224805000	71.7858	128	0
1527951223.226648000	71.7877	84	1
1527951223.229675000	71.7907	72	0
1527951223.230107000	71.7911	254	0
1527951223.231655000	71.7927	81	1
1527951223.659116000	72.2201	370	1
1527951223.659210000	72.2202	238	1
1527951223.679061000	72.2401	67	0
1527951223.789869000	72.3509	238	0
1527951223.789872000	72.3509	128	0
1527951223.791699000	72.3527	84	1
1527951223.794061000	72.3551	72	0
1527951223.794492000	72.3555	213	0
1527951223.795688000	72.3567	81	1
1527951224.134042000	72.6951	373	1
1527951224.134111000	72.6951	236	1
1527951224.154681000	72.7157	67	0
1527951224.269745000	72.8308	216	0
1527951224.269883000	72.8309	128	0
1527951224.271732000	72.8327	84	1
1527951224.273147000	72.8342	72	0
1527951224.273245000	72.8343	297	0
1527951224.274629000	72.8356	81	1
1527951224.380413000	72.9414	371	1
1527951224.380504000	72.9415	237	1
1527951224.400081000	72.9611	67	0
1527951224.530843000	73.0919	259	0
1527951224.530846000	73.0919	128	0
1527951224.532692000	73.0937	84	1
1527951224.535408000	73.0964	72	0
1527951224.535490000	73.0965	242	0
1527951224.536658000	73.0977	81	1
1527951224.734266000	73.2953	369	1
1527951224.734361000	73.2954	238	1
1527951224.753982000	73.315	67	0
1527951224.860150000	73.4212	241	0
1527951224.860152000	73.4212	128	0
1527951224.861700000	73.4227	84	1
1527951224.863797000	73.4248	72	0
1527951224.863871000	73.4249	238	0
1527951224.865683000	73.4267	81	1
1527951224.988260000	73.5493	370	1
1527951224.988359000	73.5494	237	1
1527951225.008178000	73.5692	67	0
1527951225.118083000	73.6791	258	0
1527951225.118194000	73.6792	128	0
1527951225.119698000	73.6807	84	1
1527951225.121572000	73.6826	72	0
1527951225.121641000	73.6827	293	0
1527951225.123861000	73.6849	81	1
1527951225.328110000	73.8891	367	1
1527951225.328197000	73.8892	237	1
1527951225.347339000	73.9084	67	0
1527951225.456002000	74.017	215	0
1527951225.456004000	74.017	128	0
1527951225.457792000	74.0188	84	1
1527951225.459670000	74.0207	72	0
1527951225.459770000	74.0208	139	0
1527951225.461777000	74.0228	81	1
1527951225.672137000	74.2332	372	1
1527951225.672220000	74.2332	237	1
1527951225.692248000	74.2533	67	0
1527951225.797318000	74.3583	270	0
1527951225.797652000	74.3587	128	0
1527951225.798758000	74.3598	84	1
1527951225.800903000	74.3619	72	0
1527951225.801254000	74.3623	180	0
1527951225.802794000	74.3638	81	1
1527951226.121747000	74.6828	350	1
1527951226.121840000	74.6829	1392	1
1527951226.121879000	74.6829	1392	1
1527951226.121910000	74.6829	1134	1
1527951226.143371000	74.7044	67	0
1527951226.237285000	74.7983	354	0
1527951226.238840000	74.7999	81	1
1527951226.242242000	74.8033	60	0
1527951226.243822000	74.8048	78	1
1527951226.625207000	75.1862	368	1
1527951226.625288000	75.1863	237	1
1527951226.651848000	75.2129	67	0
1527951226.761761000	75.3228	238	0
1527951226.761764000	75.3228	128	0
1527951226.763880000	75.3249	84	1
1527951226.765864000	75.3269	72	0
1527951226.765953000	75.327	164	0
1527951226.767862000	75.3289	81	1
1527951226.988238000	75.5493	372	1
1527951226.988333000	75.5493	239	1
1527951227.008605000	75.5696	67	0
1527951227.126344000	75.6874	213	0
1527951227.126637000	75.6877	128	0
1527951227.127829000	75.6888	84	1
1527951227.130489000	75.6915	72	0
1527951227.130491000	75.6915	319	0
1527951227.131812000	75.6928	81	1
1527951227.476124000	76.0371	972	1
1527951227.476189000	76.0372	236	1
1527951227.496294000	76.0573	67	0
1527951227.624521000	76.1855	238	0
1527951227.624655000	76.1857	128	0
1527951227.626849000	76.1879	84	1
1527951227.627734000	76.1888	72	0
1527951227.627812000	76.1888	194	0
1527951227.629853000	76.1909	81	1
1527951227.790423000	76.3514	962	1
1527951227.790484000	76.3515	237	1
1527951227.810641000	76.3717	67	0
1527951227.931026000	76.492	266	0
1527951227.931029000	76.492	128	0
1527951227.932933000	76.4939	84	1
1527951227.933539000	76.4946	72	0
1527951227.934006000	76.495	271	0
1527951227.934848000	76.4959	81	1
1527951228.264208000	76.8252	373	1
1527951228.264298000	76.8253	241	1
1527951228.283694000	76.8447	67	0
1527951228.402885000	76.9639	258	0
1527951228.402887000	76.9639	128	0
1527951228.404966000	76.966	84	1
1527951228.405836000	76.9669	72	0
1527951228.405838000	76.9669	188	0
1527951228.408042000	76.9691	81	1
1527951228.525134000	77.0862	373	1
1527951228.525226000	77.0862	238	1
1527951228.544844000	77.1059	67	0
1527951228.652207000	77.2132	306	0
1527951228.652210000	77.2132	128	0
1527951228.653977000	77.215	84	1
1527951228.655864000	77.2169	72	0
1527951228.655964000	77.217	177	0
1527951228.657960000	77.219	81	1
1527951228.886385000	77.4474	368	1
1527951228.886478000	77.4475	238	1
1527951228.907494000	77.4685	67	0
1527951229.023645000	77.5847	215	0
1527951229.023647000	77.5847	128	0
1527951229.026001000	77.587	84	1
1527951229.027137000	77.5882	72	0
1527951229.027236000	77.5883	87	0
1527951229.028981000	77.59	81	1
1527951229.123555000	77.6846	352	1
1527951229.123656000	77.6847	1392	1
1527951229.123683000	77.6847	1392	1
1527951229.123724000	77.6847	1392	1
1527951229.123755000	77.6848	1392	1
1527951229.123808000	77.6848	1392	1
1527951229.123831000	77.6848	1392	1
1527951229.123880000	77.6849	1392	1
1527951229.123940000	77.685	1392	1
1527951229.123965000	77.685	1392	1
1527951229.124009000	77.685	1392	1
1527951229.124063000	77.6851	1392	1
1527951229.124097000	77.6851	1392	1
1527951229.124168000	77.6852	1392	1
1527951229.124205000	77.6852	1271	1
1527951229.139965000	77.701	302	1
1527951229.140060000	77.7011	239	1
1527951229.143763000	77.7048	67	0
1527951229.149218000	77.7102	67	0
1527951229.158629000	77.7196	67	0
1527951229.262294000	77.8233	216	0
1527951229.262404000	77.8234	128	0
1527951229.263970000	77.825	90	1
1527951229.265230000	77.8262	72	0
1527951229.265232000	77.8262	144	0
1527951229.266947000	77.828	81	1
1527951229.469321000	78.0303	371	0
1527951229.470638000	78.0317	383	1
1527951229.470716000	78.0317	238	1
1527951229.474245000	78.0353	60	0
1527951229.476019000	78.037	78	1
1527951229.493272000	78.0543	67	0
1527951229.598556000	78.1596	326	0
1527951229.598559000	78.1596	128	0
1527951229.600031000	78.161	84	1
1527951229.601943000	78.163	72	0
1527951229.602047000	78.1631	118	0
1527951229.604014000	78.165	81	1
1527951229.842408000	78.4034	368	1
1527951229.842503000	78.4035	241	1
1527951229.864948000	78.426	67	0
1527951229.988891000	78.5499	247	0
1527951229.988894000	78.5499	128	0
1527951229.991056000	78.5521	84	1
1527951229.993006000	78.554	72	0
1527951229.993460000	78.5545	109	0
1527951229.995036000	78.5561	81	1
1527951230.220319000	78.7813	369	1
1527951230.220407000	78.7814	241	1
1527951230.240743000	78.8018	67	0
1527951230.359224000	78.9202	211	0
1527951230.359227000	78.9202	128	0
1527951230.361090000	78.9221	84	1
1527951230.362566000	78.9236	72	0
1527951230.362661000	78.9237	93	0
1527951230.363997000	78.925	81	1
1527951230.608535000	79.1696	366	1
1527951230.608598000	79.1696	239	1
1527951230.630065000	79.1911	67	0
1527951231.089728000	79.6507	235	0
1527951231.089731000	79.6507	128	0
1527951231.092117000	79.6531	84	1
1527951231.093229000	79.6542	72	0
1527951231.093618000	79.6546	243	0
1527951231.095100000	79.6561	81	1
1527951231.189415000	79.7504	367	1
1527951231.189477000	79.7505	241	1
1527951231.209243000	79.7703	67	0
1527951231.656774000	80.2178	239	0
1527951231.657060000	80.2181	128	0
1527951231.659072000	80.2201	84	1
1527951231.659700000	80.2207	72	0
1527951231.659771000	80.2208	138	0
1527951231.661070000	80.2221	81	1
1527951231.867645000	80.4287	373	1
1527951231.867729000	80.4287	239	1
1527951231.903170000	80.4642	373	1
1527951231.922978000	80.484	67	0
1527951231.925148000	80.4862	67	0
1527951232.033485000	80.5945	215	0
1527951232.033487000	80.5945	128	0
1527951232.035167000	80.5962	87	1
1527951232.040964000	80.602	72	0
1527951232.040966000	80.602	261	0
1527951232.043159000	80.6042	81	1
1527951233.432978000	81.994	972	1
1527951233.433058000	81.9941	239	1
1527951233.454708000	82.0157	67	0
1527951233.559782000	82.1208	238	0
1527951233.559785000	82.1208	128	0
1527951233.561284000	82.1223	84	1
1527951233.564746000	82.1258	72	0
1527951233.564856000	82.1259	275	0
1527951233.566168000	82.1272	81	1
1527951233.780818000	82.3418	963	1
1527951233.780912000	82.3419	239	1
1527951233.801755000	82.3628	67	0
1527951233.913673000	82.4747	215	0
1527951233.913675000	82.4747	128	0
1527951233.915295000	82.4763	84	1
1527951233.919280000	82.4803	72	0
1527951233.919793000	82.4808	257	0
1527951233.921260000	82.4823	81	1
1527951234.238480000	82.7995	370	1
1527951234.238567000	82.7996	238	1
1527951234.258838000	82.8199	67	0
1527951234.713013000	83.274	331	0
1527951234.713016000	83.274	128	0
1527951234.715293000	83.2763	84	1
1527951234.716821000	83.2778	72	0
1527951234.716896000	83.2779	122	0
1527951234.718278000	83.2793	81	1
1527951234.884856000	83.4459	374	1
1527951234.884950000	83.446	241	1
1527951234.904477000	83.4655	67	0
1527951235.018117000	83.5791	285	0
1527951235.018119000	83.5791	128	0
1527951235.020310000	83.5813	84	1
1527951235.022940000	83.584	72	0
1527951235.022942000	83.584	86	0
1527951235.024257000	83.5853	81	1
1527951235.294829000	83.8558	373	1
1527951235.294910000	83.8559	240	1
1527951235.315972000	83.877	67	0
1527951235.425849000	83.9869	215	0
1527951235.426093000	83.9871	128	0
1527951235.427316000	83.9883	84	1
1527951235.429080000	83.9901	72	0
1527951235.429149000	83.9902	315	0
1527951235.430287000	83.9913	81	1
1527951235.698101000	84.2591	373	1
1527951235.698186000	84.2592	238	1
1527951235.719283000	84.2803	67	0
1527951235.842288000	84.4033	236	0
1527951235.842294000	84.4033	128	0
1527951235.843214000	84.4042	72	0
1527951235.843216000	84.4042	256	0
1527951235.844306000	84.4053	90	1
1527951236.802901000	85.3639	369	1
1527951236.802995000	85.364	238	1
1527951236.822776000	85.3838	67	0
1527951236.931937000	85.493	236	0
1527951236.931940000	85.493	128	0
1527951236.933644000	85.4947	84	1
1527951236.935865000	85.4969	72	0
1527951236.935947000	85.497	202	0
1527951236.937635000	85.4987	81	1
1527951237.349013000	85.91	368	1
1527951237.349106000	85.9101	239	1
1527951237.369678000	85.9307	67	0
1527951237.857269000	86.4183	242	0
1527951237.857271000	86.4183	128	0
1527951237.859724000	86.4207	84	1
1527951237.864583000	86.4256	72	0
1527951237.864658000	86.4257	319	0
1527951237.866686000	86.4277	81	1
1527951237.875636000	86.4367	369	1
1527951237.875721000	86.4367	239	1
1527951237.911178000	86.4722	242	0
1527951237.912675000	86.4737	78	1
1527951237.913681000	86.4747	369	1
1527951237.914192000	86.4752	67	0
1527951237.934558000	86.4956	67	0
1527951238.009196000	86.5702	306	0
1527951238.009315000	86.5703	128	0
1527951238.010097000	86.5711	72	0
1527951238.010171000	86.5712	92	0
1527951238.011692000	86.5727	93	1
1527951238.205034000	86.7661	373	1
1527951238.205128000	86.7661	202	1
1527951238.231375000	86.7924	67	0
1527951238.700365000	87.2614	271	0
1527951238.700368000	87.2614	128	0
1527951238.702776000	87.2638	84	1
1527951238.704212000	87.2652	72	0
1527951238.704287000	87.2653	195	0
1527951238.705735000	87.2668	81	1
1527951238.833345000	87.3944	374	1
1527951238.833438000	87.3945	234	1
1527951238.853204000	87.4142	67	0
1527951238.968727000	87.5297	212	0
1527951238.968730000	87.5297	128	0
1527951238.970787000	87.5318	84	1
1527951238.971199000	87.5322	72	0
1527951238.971638000	87.5327	218	0
1527951238.972684000	87.5337	81	1
1527951239.267754000	87.8288	367	1
1527951239.267846000	87.8289	241	1
1527951239.288541000	87.8496	67	0
1527951239.422678000	87.9837	213	0
1527951239.422681000	87.9837	128	0
1527951239.423551000	87.9846	72	0
1527951239.423553000	87.9846	313	0
1527951239.424728000	87.9857	90	1
1527951239.779252000	88.3403	975	1
1527951239.779313000	88.3403	239	1
1527951239.798738000	88.3598	67	0
1527951239.903229000	88.4642	236	0
1527951239.903232000	88.4642	128	0
1527951239.904835000	88.4659	84	1
1527951239.906786000	88.4678	72	0
1527951239.907463000	88.4685	274	0
1527951239.908724000	88.4697	81	1
1527951240.120142000	88.6812	962	1
1527951240.120207000	88.6812	241	1
1527951240.139701000	88.7007	67	0
1527951240.633665000	89.1947	236	0
1527951240.633668000	89.1947	128	0
1527951240.635797000	89.1968	84	1
1527951240.637709000	89.1987	72	0
1527951240.637841000	89.1989	180	0
1527951240.639776000	89.2008	81	1
1527951240.764099000	89.3251	369	1
1527951240.764194000	89.3252	240	1
1527951240.783860000	89.3449	67	0
1527951241.269490000	89.8305	215	0
1527951241.269493000	89.8305	128	0
1527951241.271920000	89.8329	84	1
1527951241.274034000	89.8351	72	0
1527951241.274126000	89.8351	81	0
1527951241.277900000	89.8389	81	1
1527951241.286946000	89.848	374	1
1527951241.287010000	89.848	242	1
1527951241.305118000	89.8661	215	0
1527951241.306895000	89.8679	78	1
1527951241.309211000	89.8702	67	0
1527951241.756891000	90.3179	236	0
1527951241.757028000	90.318	128	0
1527951241.758935000	90.32	84	1
1527951241.761044000	90.3221	72	0
1527951241.761046000	90.3221	124	0
1527951241.762926000	90.3239	81	1
1527951241.798109000	90.3591	369	1
1527951241.798204000	90.3592	239	1
1527951241.817245000	90.3783	67	0
1527951241.923560000	90.4846	306	0
1527951241.923563000	90.4846	128	0
1527951241.925931000	90.4869	84	1
1527951241.927344000	90.4884	72	0
1527951241.927347000	90.4884	250	0
1527951241.928848000	90.4899	81	1
1527951242.071618000	90.6326	372	1
1527951242.071746000	90.6328	241	1
1527951242.092184000	90.6532	67	0
1527951242.199662000	90.7607	286	0
1527951242.199777000	90.7608	128	0
1527951242.201894000	90.7629	84	1
1527951242.202931000	90.7639	72	0
1527951242.202932000	90.7639	281	0
1527951242.204890000	90.7659	81	1
1527951242.394122000	90.9551	371	1
1527951242.394216000	90.9552	241	1
1527951242.416209000	90.9772	67	0
1527951242.520870000	91.0819	238	0
1527951242.520873000	91.0819	128	0
1527951242.522960000	91.084	84	1
1527951242.524921000	91.0859	72	0
1527951242.525012000	91.086	260	0
1527951242.526879000	91.0879	81	1
1527951242.793284000	91.3543	372	1
1527951242.793351000	91.3544	238	1
1527951242.813492000	91.3745	67	0
1527951242.923533000	91.4845	215	0
1527951242.923536000	91.4846	128	0
1527951242.925993000	91.487	84	1
1527951242.926855000	91.4879	72	0
1527951242.928960000	91.49	78	1
1527951242.940813000	91.5018	171	0
1527951242.942982000	91.504	78	1
1527951243.087264000	91.6483	369	1
1527951243.087327000	91.6483	239	1
1527951243.123997000	91.685	369	1
1527951243.128499000	91.6895	67	0
1527951243.144629000	91.7056	67	0
1527951243.222226000	91.7832	215	0
1527951243.222495000	91.7835	128	0
1527951243.223993000	91.785	87	1
1527951243.225508000	91.7865	72	0
1527951243.225949000	91.787	247	0
1527951243.226918000	91.7879	81	1
1527951243.514327000	92.0753	370	1
1527951243.514417000	92.0754	241	1
1527951243.534558000	92.0956	67	0
1527951243.657625000	92.2186	236	0
1527951243.657931000	92.2189	128	0
1527951243.660030000	92.221	84	1
1527951243.660739000	92.2218	72	0
1527951243.660837000	92.2219	310	0
1527951243.663037000	92.2241	81	1
1527951243.963588000	92.5246	368	1
1527951243.963675000	92.5247	242	1
1527951243.983817000	92.5448	67	0
1527951244.102057000	92.6631	219	0
1527951244.102059000	92.6631	128	0
1527951244.104056000	92.6651	84	1
1527951244.105170000	92.6662	72	0
1527951244.105493000	92.6665	161	0
1527951244.107039000	92.6681	81	1
1527951244.334222000	92.8952	369	1
1527951244.334308000	92.8953	238	1
1527951244.353663000	92.9147	67	0
1527951244.485748000	93.0468	329	0
1527951244.485750000	93.0468	128	0
1527951244.488093000	93.0491	84	1
1527951244.488949000	93.05	72	0
1527951244.489024000	93.05	252	0
1527951244.491069000	93.0521	81	1
1527951244.618159000	93.1792	369	1
1527951244.618255000	93.1793	238	1
1527951244.646666000	93.2077	67	0
1527951244.833906000	93.3949	247	0
1527951244.833909000	93.3949	128	0
1527951244.836089000	93.3971	84	1
1527951244.838515000	93.3995	72	0
1527951244.838599000	93.3996	264	0
1527951244.840008000	93.401	81	1
1527951245.073735000	93.6348	973	1
1527951245.073800000	93.6348	242	1
1527951245.093936000	93.655	67	0
1527951245.207900000	93.7689	215	0
1527951245.207902000	93.7689	128	0
1527951245.210143000	93.7712	84	1
1527951245.212534000	93.7736	72	0
1527951245.212805000	93.7738	66	0
1527951245.214046000	93.7751	81	1
1527951245.325065000	93.8861	965	1
1527951245.325177000	93.8862	239	1
1527951245.354003000	93.915	67	0
1527951245.459003000	94.02	215	0
1527951245.459005000	94.02	128	0
1527951245.461155000	94.0222	84	1
1527951245.465065000	94.0261	72	0
1527951245.465068000	94.0261	203	0
1527951245.467130000	94.0281	81	1
1527951245.762359000	94.3234	370	1
1527951245.762433000	94.3234	239	1
1527951245.782377000	94.3434	67	0
1527951245.895689000	94.4567	238	0
1527951245.895691000	94.4567	128	0
1527951245.897123000	94.4581	84	1
1527951245.901116000	94.4621	72	0
1527951245.901118000	94.4621	175	0
1527951245.903144000	94.4642	81	1
1527951246.072700000	94.6337	374	1
1527951246.072789000	94.6338	240	1
1527951246.092922000	94.6539	67	0
1527951246.225585000	94.7866	212	0
1527951246.225587000	94.7866	128	0
1527951246.226460000	94.7875	72	0
1527951246.226462000	94.7875	202	0
1527951246.227097000	94.7881	90	1
1527951246.245456000	94.8065	212	0
1527951246.247181000	94.8082	78	1
1527951246.284231000	94.8452	368	1
1527951246.284330000	94.8453	238	1
1527951246.311463000	94.8725	67	0
1527951246.439651000	95.0007	215	0
1527951246.439655000	95.0007	128	0
1527951246.441137000	95.0022	84	1
1527951246.445148000	95.0062	72	0
1527951246.445154000	95.0062	162	0
1527951246.447127000	95.0081	81	1
1527951246.460749000	95.0218	215	0
1527951246.462108000	95.0231	78	1
1527951246.623554000	95.1846	370	1
1527951246.623616000	95.1846	239	1
1527951246.642969000	95.204	67	0
1527951246.766940000	95.328	236	0
1527951246.766943000	95.328	128	0
1527951246.769172000	95.3302	84	1
1527951246.769211000	95.3302	72	0
1527951246.769212000	95.3302	222	0
1527951246.771138000	95.3322	81	1
1527951246.971384000	95.5324	369	1
1527951246.971483000	95.5325	240	1
1527951246.991495000	95.5525	67	0
1527951247.129868000	95.6909	308	0
1527951247.129870000	95.6909	128	0
1527951247.132233000	95.6932	84	1
1527951247.136151000	95.6972	72	0
1527951247.136252000	95.6973	273	0
1527951247.138212000	95.6992	81	1
1527951247.395612000	95.9566	373	1
1527951247.395699000	95.9567	238	1
1527951247.435240000	95.9963	373	1
1527951247.462426000	96.0234	67	0
1527951247.466767000	96.0278	67	0
1527951247.529877000	96.0909	308	0
1527951247.529879000	96.0909	128	0
1527951247.532253000	96.0933	87	1
1527951247.533678000	96.0947	72	0
1527951247.533680000	96.0947	251	0
1527951247.535234000	96.0963	81	1
1527951247.758529000	96.3195	369	1
1527951247.758592000	96.3196	239	1
1527951247.780072000	96.3411	67	0
1527951247.916470000	96.4775	216	0
1527951247.916473000	96.4775	128	0
1527951247.918277000	96.4793	84	1
1527951247.920159000	96.4812	72	0
1527951247.920229000	96.4812	254	0
1527951247.922256000	96.4833	81	1
1527951248.289360000	96.8504	370	1
1527951248.289428000	96.8504	238	1
1527951248.309903000	96.8709	67	0
1527951248.439898000	97.0009	215	0
1527951248.439901000	97.0009	128	0
1527951248.442293000	97.0033	84	1
1527951248.443411000	97.0044	72	0
1527951248.443871000	97.0049	114	0
1527951248.445278000	97.0063	81	1
1527951248.590679000	97.1517	374	1
1527951248.590738000	97.1518	241	1
1527951248.610563000	97.1716	67	0
1527951248.723662000	97.2847	238	0
1527951248.723665000	97.2847	128	0
1527951248.725293000	97.2863	84	1
1527951248.726999000	97.288	72	0
1527951248.727088000	97.2881	124	0
1527951248.728279000	97.2893	81	1
1527951249.080630000	97.6416	369	1
1527951249.080724000	97.6417	240	1
1527951249.100465000	97.6615	67	0
1527951249.209764000	97.7708	216	0
1527951249.210035000	97.7711	128	0
1527951249.211298000	97.7723	84	1
1527951249.213418000	97.7744	72	0
1527951249.213931000	97.7749	247	0
1527951249.215270000	97.7763	81	1
1527951249.702172000	98.2632	370	1
1527951249.702249000	98.2633	238	1
1527951249.740493000	98.3015	67	0
1527951249.843705000	98.4047	240	0
1527951249.843822000	98.4048	128	0
1527951249.845452000	98.4065	84	1
1527951249.847035000	98.4081	72	0
1527951249.847122000	98.4081	263	0
1527951249.849313000	98.4103	81	1
1527951250.035635000	98.5967	971	1
1527951250.035699000	98.5967	240	1
1527951250.055360000	98.6164	67	0
1527951250.164140000	98.7252	306	0
1527951250.164142000	98.7252	128	0
1527951250.166374000	98.7274	84	1
1527951250.167561000	98.7286	72	0
1527951250.167914000	98.7289	117	0
1527951250.169335000	98.7304	81	1
1527951250.509140000	99.0702	963	1
1527951250.509233000	99.0702	240	1
1527951250.530027000	99.091	67	0
1527951250.663612000	99.2246	271	0
1527951250.663728000	99.2247	128	0
1527951250.665345000	99.2264	84	1
1527951250.668425000	99.2294	72	0
1527951250.670345000	99.2314	78	1
1527951250.671217000	99.2322	108	0
1527951250.673384000	99.2344	78	1
1527951250.750921000	99.3119	370	1
1527951250.751004000	99.312	241	1
1527951250.770973000	99.332	67	0
1527951250.902408000	99.4634	215	0
1527951250.902513000	99.4635	128	0
1527951250.904465000	99.4655	84	1
1527951250.906482000	99.4675	72	0
1527951250.906484000	99.4675	149	0
1527951250.908379000	99.4694	81	1
1527951251.177519000	99.7385	369	1
1527951251.177594000	99.7386	238	1
1527951251.198538000	99.7596	67	0
1527951251.309277000	99.8703	213	0
1527951251.309280000	99.8703	128	0
1527951251.311479000	99.8725	84	1
1527951251.312949000	99.874	72	0
1527951251.313030000	99.874	198	0
1527951251.314392000	99.8754	81	1
1527951251.713411000	100.274	373	1
1527951251.713486000	100.275	242	1
1527951251.733257000	100.294	67	0
1527951251.840730000	100.402	236	0
1527951251.840999000	100.402	128	0
1527951251.842413000	100.403	84	1
1527951251.842794000	100.404	72	0
1527951251.842797000	100.404	300	0
1527951251.844483000	100.405	81	1
1527951251.974603000	100.536	368	1
1527951251.974703000	100.536	238	1
1527951251.995274000	100.556	67	0
1527951252.103227000	100.664	212	0
1527951252.103229000	100.664	128	0
1527951252.105540000	100.667	84	1
1527951252.107514000	100.669	72	0
1527951252.107757000	100.669	94	0
1527951252.109429000	100.67	81	1
1527951252.409900000	100.971	372	1
1527951252.409993000	100.971	240	1
1527951252.429686000	100.991	67	0
1527951252.530835000	101.092	234	0
1527951252.531075000	101.092	128	0
1527951252.532563000	101.094	84	1
1527951252.533724000	101.095	72	0
1527951252.533726000	101.095	258	0
1527951252.535520000	101.097	81	1
1527951252.861033000	101.422	370	1
1527951252.861128000	101.422	239	1
1527951252.879645000	101.441	67	0
1527951252.988242000	101.549	215	0
1527951252.988244000	101.549	128	0
1527951252.990557000	101.552	84	1
1527951252.991876000	101.553	72	0
1527951252.991878000	101.553	252	0
1527951252.993569000	101.555	81	1
1527951253.249613000	101.811	370	1
1527951253.249696000	101.811	239	1
1527951253.269057000	101.83	67	0
1527951253.381238000	101.942	306	0
1527951253.381241000	101.942	128	0
1527951253.383592000	101.945	84	1
1527951253.386224000	101.947	72	0
1527951253.386226000	101.947	91	0
1527951253.387505000	101.949	81	1
1527951253.546719000	102.108	372	1
1527951253.546786000	102.108	238	1
1527951253.566930000	102.128	67	0
1527951253.670709000	102.232	308	0
1527951253.671004000	102.232	128	0
1527951253.672606000	102.234	84	1
1527951253.675289000	102.236	72	0
1527951253.675779000	102.237	208	0
1527951253.677594000	102.239	81	1
1527951253.800989000	102.362	374	1
1527951253.801051000	102.362	241	1
1527951253.820463000	102.381	67	0
1527951253.926265000	102.487	213	0
1527951253.926267000	102.487	128	0
1527951253.928716000	102.49	84	1
1527951253.929476000	102.49	72	0
1527951253.929561000	102.491	111	0
1527951253.931556000	102.493	81	1
1527951254.144733000	102.706	368	1
1527951254.144833000	102.706	238	1
1527951254.165345000	102.726	67	0
1527951254.270209000	102.831	213	0
1527951254.270212000	102.831	128	0
1527951254.272735000	102.834	84	1
1527951254.273901000	102.835	72	0
1527951254.274290000	102.835	124	0
1527951254.275538000	102.837	81	1
1527951254.377791000	102.939	972	1
1527951254.377884000	102.939	238	1
1527951254.397621000	102.959	67	0
1527951254.527796000	103.089	238	0
1527951254.527798000	103.089	128	0
1527951254.529656000	103.091	84	1
1527951254.530744000	103.092	72	0
1527951254.531185000	103.092	235	0
1527951254.532641000	103.094	81	1
1527951254.622071000	103.183	962	1
1527951254.622164000	103.183	241	1
1527951254.651504000	103.213	67	0
1527951254.755209000	103.316	215	0
1527951254.755894000	103.317	128	0
1527951254.757670000	103.319	84	1
1527951254.758492000	103.32	72	0
1527951254.758836000	103.32	106	0
1527951254.760650000	103.322	81	1
1527951254.929860000	103.491	369	1
1527951254.929950000	103.491	238	1
1527951254.949760000	103.511	67	0
1527951255.060690000	103.622	219	0
1527951255.060693000	103.622	128	0
1527951255.062632000	103.624	84	1
1527951255.064668000	103.626	72	0
1527951255.065170000	103.626	297	0
1527951255.066607000	103.628	81	1
1527951255.285168000	103.846	369	1
1527951255.285245000	103.846	238	1
1527951255.305511000	103.867	67	0
1527951255.416353000	103.977	304	0
1527951255.416355000	103.977	128	0
1527951255.418630000	103.98	84	1
1527951255.419889000	103.981	72	0
1527951255.420358000	103.981	173	0
1527951255.421628000	103.983	81	1
1527951255.737355000	104.298	373	1
1527951255.737444000	104.298	242	1
1527951255.759652000	104.321	67	0
1527951255.898895000	104.46	270	0
1527951255.898898000	104.46	128	0
1527951255.900736000	104.462	84	1
1527951255.904326000	104.465	72	0
1527951255.904328000	104.465	194	0
1527951255.905656000	104.467	81	1
1527951256.202145000	104.763	370	1
1527951256.202242000	104.763	239	1
1527951256.222714000	104.784	67	0
1527951256.331085000	104.892	213	0
1527951256.331088000	104.892	128	0
1527951256.332759000	104.894	84	1
1527951256.334671000	104.896	72	0
1527951256.334674000	104.896	117	0
1527951256.336739000	104.898	81	1
1527951256.489128000	105.05	368	1
1527951256.489221000	105.05	239	1
1527951256.526761000	105.088	368	1
1527951256.527215000	105.088	67	0
1527951256.549080000	105.11	67	0
1527951256.619088000	105.18	239	0
1527951256.619090000	105.18	128	0
1527951256.620777000	105.182	87	1
1527951256.624749000	105.186	72	0
1527951256.624847000	105.186	102	0
1527951256.626751000	105.188	81	1
1527951256.846976000	105.408	374	1
1527951256.847038000	105.408	240	1
1527951256.867995000	105.429	67	0
1527951256.989287000	105.55	213	0
1527951256.989289000	105.55	128	0
1527951256.990714000	105.552	84	1
1527951256.993538000	105.555	72	0
1527951256.993540000	105.555	79	0
1527951256.995781000	105.557	81	1
1527951257.166011000	105.727	369	1
1527951257.166080000	105.727	238	1
1527951257.190979000	105.752	67	0
1527951257.295266000	105.856	215	0
1527951257.295268000	105.856	128	0
1527951257.296750000	105.858	84	1
1527951257.298147000	105.859	72	0
1527951257.298538000	105.86	86	0
1527951257.299730000	105.861	81	1
1527951257.549043000	106.11	369	1
1527951257.549110000	106.11	238	1
1527951257.570479000	106.131	67	0
1527951257.688113000	106.249	236	0
1527951257.688115000	106.249	128	0
1527951257.689863000	106.251	84	1
1527951257.691500000	106.253	72	0
1527951257.691503000	106.253	201	0
1527951257.692751000	106.254	81	1
1527951258.013323000	106.574	369	1
1527951258.013417000	106.574	242	1
1527951258.052873000	106.614	369	1
1527951258.052926000	106.614	67	0
1527951258.077464000	106.638	67	0
1527951258.200256000	106.761	216	0
1527951258.200258000	106.761	128	0
1527951258.201792000	106.763	87	1
1527951258.204221000	106.765	72	0
1527951258.205836000	106.767	78	1
1527951258.217799000	106.779	243	0
1527951258.219852000	106.781	78	1
1527951258.465637000	107.027	374	1
1527951258.465701000	107.027	241	1
1527951258.487654000	107.049	67	0
1527951258.593749000	107.155	332	0
1527951258.593754000	107.155	128	0
1527951258.595904000	107.157	84	1
1527951258.597665000	107.159	72	0
1527951258.597667000	107.159	272	0
1527951258.599872000	107.161	81	1
1527951258.854096000	107.415	373	1
1527951258.854171000	107.415	238	1
1527951258.874223000	107.435	67	0
1527951258.996560000	107.558	283	0
1527951258.996563000	107.558	128	0
1527951258.998907000	107.56	84	1
1527951259.003973000	107.565	72	0
1527951259.005254000	107.566	172	0
1527951259.005817000	107.567	81	1
1527951259.218251000	107.779	974	1
1527951259.218316000	107.779	239	1
1527951259.238418000	107.799	67	0
1527951259.396891000	107.958	213	0
1527951259.397012000	107.958	128	0
1527951259.398880000	107.96	84	1
1527951259.404399000	107.965	72	0
1527951259.404401000	107.965	84	0
1527951259.405875000	107.967	81	1
1527951259.666698000	108.228	962	1
1527951259.666781000	108.228	242	1
1527951259.707008000	108.268	962	1
1527951259.747936000	108.309	242	1
1527951259.749562000	108.311	67	0
1527951259.749564000	108.311	67	0
1527951259.768429000	108.329	67	0
1527951259.790448000	108.351	238	0
1527951259.790450000	108.351	128	0
1527951259.791957000	108.353	90	1
1527951259.792893000	108.354	72	0
1527951259.792895000	108.354	201	0
1527951259.794935000	108.356	81	1
1527951260.007318000	108.568	370	1
1527951260.007401000	108.568	241	1
1527951260.062983000	108.624	370	1
1527951260.087039000	108.648	67	0
1527951260.087131000	108.648	67	0
1527951260.142255000	108.703	215	0
1527951260.142257000	108.703	128	0
1527951260.143919000	108.705	87	1
1527951260.146766000	108.708	72	0
1527951260.146767000	108.708	211	0
1527951260.148900000	108.71	81	1
1527951260.665387000	109.226	370	1
1527951260.665449000	109.226	239	1
1527951260.686645000	109.248	67	0
1527951260.811162000	109.372	238	0
1527951260.811275000	109.372	128	0
1527951260.812930000	109.374	84	1
1527951260.814444000	109.375	72	0
1527951260.814529000	109.376	286	0
1527951260.815948000	109.377	81	1
1527951260.913398000	109.474	373	1
1527951260.913493000	109.475	296	1
1527951260.933105000	109.494	67	0
1527951261.043044000	109.604	217	0
1527951261.043047000	109.604	128	0
1527951261.044963000	109.606	84	1
1527951261.046745000	109.608	72	0
1527951261.047647000	109.609	175	0
1527951261.048949000	109.61	81	1
1527951261.132324000	109.693	369	1
1527951261.132418000	109.693	296	1
1527951261.151917000	109.713	67	0
1527951261.265686000	109.827	304	0
1527951261.265804000	109.827	128	0
1527951261.267956000	109.829	84	1
1527951261.268924000	109.83	72	0
1527951261.269271000	109.83	282	0
1527951261.270971000	109.832	81	1
1527951261.360361000	109.921	368	1
1527951261.360423000	109.921	296	1
1527951261.381871000	109.943	67	0
1527951261.504087000	110.065	270	0
1527951261.504218000	110.065	128	0
1527951261.506006000	110.067	84	1
1527951261.507488000	110.069	72	0
1527951261.507586000	110.069	245	0
1527951261.509057000	110.07	81	1
1527951261.595376000	110.156	369	1
1527951261.595437000	110.156	296	1
1527951261.617084000	110.178	67	0
1527951261.727397000	110.288	215	0
1527951261.727515000	110.289	128	0
1527951261.728999000	110.29	84	1
1527951261.730253000	110.291	72	0
1527951261.730698000	110.292	75	0
1527951261.731986000	110.293	81	1
1527951261.816580000	110.378	369	1
1527951261.816664000	110.378	296	1
1527951261.838796000	110.4	67	0
1527951261.940001000	110.501	213	0
1527951261.940235000	110.501	128	0
1527951261.942093000	110.503	84	1
1527951261.946234000	110.507	72	0
1527951261.946695000	110.508	206	0
1527951261.948074000	110.509	81	1
1527951262.620464000	111.181	368	1
1527951262.620543000	111.182	241	1
1527951262.640881000	111.202	67	0
1527951262.744745000	111.306	239	0
1527951262.744748000	111.306	128	0
1527951262.747088000	111.308	84	1
1527951262.748701000	111.31	72	0
1527951262.749253000	111.31	240	0
1527951262.750034000	111.311	81	1
1527951262.912560000	111.474	370	1
1527951262.912626000	111.474	238	1
1527951262.931931000	111.493	67	0
1527951263.053345000	111.614	216	0
1527951263.053347000	111.614	128	0
1527951263.055235000	111.616	84	1
1527951263.058473000	111.619	72	0
1527951263.059483000	111.62	259	0
1527951263.060061000	111.621	81	1
1527951263.334394000	111.895	374	1
1527951263.334456000	111.895	242	1
1527951263.354250000	111.915	67	0
1527951263.464128000	112.025	213	0
1527951263.464131000	112.025	128	0
1527951263.466191000	112.027	84	1
1527951263.467123000	112.028	72	0
1527951263.467525000	112.029	306	0
1527951263.469152000	112.03	81	1
1527951263.789456000	112.35	371	1
1527951263.789550000	112.351	238	1
1527951263.808664000	112.37	67	0
1527951263.914840000	112.476	239	0
1527951263.914843000	112.476	128	0
1527951263.916795000	112.478	72	0
1527951263.916797000	112.478	162	0
1527951263.917097000	112.478	90	1
1527951264.061454000	112.622	973	1
1527951264.061531000	112.623	238	1
1527951264.082159000	112.643	67	0
1527951264.192418000	112.753	306	0
1527951264.192421000	112.753	128	0
1527951264.194217000	112.755	84	1
1527951264.194919000	112.756	72	0
1527951264.195044000	112.756	210	0
1527951264.197192000	112.758	81	1
1527951264.223290000	112.784	943	1
1527951264.223393000	112.784	1392	1
1527951264.223433000	112.784	1392	1
1527951264.223467000	112.784	1392	1
1527951264.223504000	112.785	832	1
1527951264.243976000	112.805	67	0
1527951264.315313000	112.876	302	1
1527951264.315413000	112.876	238	1
1527951264.336173000	112.897	67	0
1527951264.342928000	112.904	438	0
1527951264.345197000	112.906	84	1
1527951264.347544000	112.909	60	0
1527951264.349195000	112.91	78	1
1527951264.439139000	113	225	0
1527951264.439407000	113	128	0
1527951264.441243000	113.002	81	1
1527951264.441783000	113.003	72	0
1527951264.442295000	113.003	281	0
1527951264.443133000	113.004	81	1
1527951264.701520000	113.263	373	1
1527951264.701610000	113.263	240	1
1527951264.721287000	113.282	67	0
1527951264.842332000	113.403	236	0
1527951264.842442000	113.403	128	0
1527951264.844209000	113.405	84	1
1527951264.846005000	113.407	72	0
1527951264.846084000	113.407	240	0
1527951264.848159000	113.409	81	1
1527951265.158142000	113.719	372	1
1527951265.158234000	113.719	239	1
1527951265.179708000	113.741	67	0
1527951265.286370000	113.847	215	0
1527951265.286373000	113.847	128	0
1527951265.288276000	113.849	84	1
1527951265.290998000	113.852	72	0
1527951265.291324000	113.852	162	0
1527951265.293265000	113.854	81	1
1527951265.443563000	114.005	369	1
1527951265.443666000	114.005	239	1
1527951265.466189000	114.027	67	0
1527951265.594548000	114.156	243	0
1527951265.594551000	114.156	128	0
1527951265.596214000	114.157	84	1
1527951265.598229000	114.159	72	0
1527951265.598449000	114.159	153	0
1527951265.600222000	114.161	81	1
1527951265.781813000	114.343	374	1
1527951265.781898000	114.343	241	1
1527951265.810997000	114.372	67	0
1527951265.937279000	114.498	304	0
1527951265.937282000	114.498	128	0
1527951265.939299000	114.5	84	1
1527951265.941305000	114.502	72	0
1527951265.941402000	114.502	293	0
1527951265.943280000	114.504	81	1
1527951266.129624000	114.691	368	1
1527951266.129699000	114.691	239	1
1527951266.150163000	114.711	67	0
1527951266.296788000	114.858	245	0
1527951266.296790000	114.858	128	0
1527951266.298286000	114.859	84	1
1527951266.299670000	114.861	72	0
1527951266.299672000	114.861	67	0
1527951266.301281000	114.862	81	1
1527951266.617665000	115.179	369	1
1527951266.617727000	115.179	241	1
1527951266.637549000	115.199	67	0
1527951266.790444000	115.351	236	0
1527951266.790446000	115.351	128	0
1527951266.792287000	115.353	84	1
1527951266.793275000	115.354	72	0
1527951266.793351000	115.354	182	0
1527951266.795284000	115.356	81	1
1527951267.015468000	115.576	368	1
1527951267.015555000	115.577	238	1
1527951267.040781000	115.602	67	0
1527951267.155472000	115.716	213	0
1527951267.155474000	115.716	128	0
1527951267.155475000	115.716	72	0
1527951267.155574000	115.717	111	0
1527951267.157305000	115.718	90	1
1527951267.365512000	115.927	369	1
1527951267.365610000	115.927	239	1
1527951267.394342000	115.955	67	0
1527951267.525979000	116.087	236	0
1527951267.525981000	116.087	128	0
1527951267.528358000	116.089	84	1
1527951267.531550000	116.093	72	0
1527951267.531553000	116.093	117	0
1527951267.533329000	116.094	81	1
1527951267.591360000	116.152	236	0
1527951267.593324000	116.154	78	1
1527951267.880178000	116.441	369	1
1527951267.880257000	116.441	239	1
1527951267.901120000	116.462	67	0
1527951268.016124000	116.577	215	0
1527951268.016127000	116.577	128	0
1527951268.018423000	116.579	84	1
1527951268.020906000	116.582	72	0
1527951268.021282000	116.582	208	0
1527951268.022343000	116.583	81	1
1527951268.132895000	116.694	369	1
1527951268.132963000	116.694	241	1
1527951268.152955000	116.714	67	0
1527951268.257256000	116.818	213	0
1527951268.257429000	116.818	128	0
1527951268.259398000	116.82	84	1
1527951268.260343000	116.821	72	0
1527951268.260345000	116.821	133	0
1527951268.262385000	116.823	81	1
1527951268.445887000	117.007	975	1
1527951268.445981000	117.007	238	1
1527951268.466119000	117.027	67	0
1527951268.670282000	117.231	238	0
1527951268.670285000	117.231	128	0
1527951268.672406000	117.233	84	1
1527951268.673270000	117.234	72	0
1527951268.673596000	117.235	207	0
1527951268.675417000	117.236	81	1
1527951268.916689000	117.478	381	1
1527951268.916788000	117.478	240	1
1527951268.936103000	117.497	67	0
1527951269.063598000	117.625	308	0
1527951269.063601000	117.625	128	0
1527951269.064228000	117.625	72	0
1527951269.064310000	117.625	235	0
1527951269.065401000	117.626	90	1
1527951269.327655000	117.889	951	1
1527951269.327719000	117.889	238	1
1527951269.348599000	117.91	67	0
1527951269.458084000	118.019	285	0
1527951269.458086000	118.019	128	0
1527951269.458195000	118.019	72	0
1527951269.458197000	118.019	223	0
1527951269.459626000	118.021	90	1
1527951269.600509000	118.162	369	1
1527951269.600577000	118.162	238	1
1527951269.620171000	118.181	67	0
1527951269.725607000	118.287	238	0
1527951269.725609000	118.287	128	0
1527951269.727526000	118.289	84	1
1527951269.736949000	118.298	72	0
1527951269.736951000	118.298	117	0
1527951269.738446000	118.299	81	1
1527951269.905794000	118.467	369	1
1527951269.905886000	118.467	238	1
1527951269.925747000	118.487	67	0
1527951270.031512000	118.593	215	0
1527951270.031514000	118.593	128	0
1527951270.033552000	118.595	84	1
1527951270.034810000	118.596	72	0
1527951270.035252000	118.596	292	0
1527951270.036462000	118.597	81	1
