1527862831.893673000	0	301	1
1527862831.893708000	3.50475e-05	112	1
1527862831.908187000	0.014514	74	0
1527862831.908381000	0.014708	74	0
1527862831.908578000	0.014905	112	0
1527862832.103315000	0.209642	74	1
1527862832.463352000	0.569679	282	0
1527862832.463568000	0.569895	1294	0
1527862832.463589000	0.569916	74	1
1527862832.463780000	0.570107	1294	0
1527862832.464212000	0.570539	1294	0
1527862832.464229000	0.570556	74	1
1527862832.464409000	0.570736	658	0
1527862832.464625000	0.570952	1294	0
1527862832.464638000	0.570965	74	1
1527862832.464821000	0.571148	1294	0
1527862832.465276000	0.571603	1294	0
1527862832.465291000	0.571618	74	1
1527862832.465489000	0.571816	1294	0
1527862832.465659000	0.571986	264	0
1527862832.465673000	0.572	74	1
1527862832.469167000	0.575494	1294	0
1527862832.469374000	0.575701	1294	0
1527862832.469407000	0.575734	74	1
1527862832.469628000	0.575955	1193	0
1527862832.477769000	0.584096	1294	0
1527862832.477816000	0.584143	74	1
1527862832.477971000	0.584298	1294	0
1527862832.478385000	0.584712	1294	0
1527862832.478398000	0.584725	74	1
1527862832.478586000	0.584913	790	0
1527862832.478799000	0.585126	1294	0
1527862832.478812000	0.585139	74	1
1527862832.478965000	0.585292	205	0
1527862832.518882000	0.625209	1294	0
1527862832.518945000	0.625272	74	1
1527862832.519090000	0.625417	1294	0
1527862832.519502000	0.625829	1294	0
1527862832.519518000	0.625845	74	1
1527862832.519720000	0.626047	1294	0
1527862832.519961000	0.626288	914	0
1527862832.519978000	0.626305	74	1
1527862832.520992000	0.627319	1294	0
1527862832.521177000	0.627504	1294	0
1527862832.521204000	0.627531	74	1
1527862832.521370000	0.627697	575	0
1527862832.521577000	0.627904	994	0
1527862832.521590000	0.627917	74	1
1527862832.524707000	0.631034	1294	0
1527862832.524974000	0.631301	1294	0
1527862832.524997000	0.631324	74	1
1527862832.525165000	0.631492	193	0
1527862832.531881000	0.638208	1294	0
1527862832.531942000	0.638269	74	1
1527862832.532187000	0.638514	1294	0
1527862832.532592000	0.638919	1294	0
1527862832.532616000	0.638943	74	1
1527862832.532789000	0.639116	622	0
1527862832.533005000	0.639332	1294	0
1527862832.533018000	0.639345	74	1
1527862832.533181000	0.639508	568	0
1527862832.534985000	0.641312	1294	0
1527862832.535008000	0.641335	74	1
1527862832.535224000	0.641551	1294	0
1527862832.535601000	0.641928	1294	0
1527862832.535617000	0.641944	74	1
1527862832.535799000	0.642126	711	0
1527862832.535981000	0.642308	269	0
1527862832.535993000	0.64232	74	1
1527862832.537660000	0.643987	1294	0
1527862832.537832000	0.644159	435	0
1527862832.537851000	0.644178	74	1
1527862832.540170000	0.646497	1294	0
1527862832.540365000	0.646692	1294	0
1527862832.540390000	0.646717	74	1
1527862832.540678000	0.647005	1294	0
1527862832.540859000	0.647186	686	0
1527862832.540874000	0.647201	74	1
1527862832.541043000	0.64737	351	0
1527862832.542820000	0.649147	1049	0
1527862832.542849000	0.649176	74	1
1527862832.545353000	0.65168	1294	0
1527862832.545597000	0.651924	1294	0
1527862832.545622000	0.651949	74	1
1527862832.545900000	0.652227	1294	0
1527862832.546080000	0.652407	670	0
1527862832.546098000	0.652425	74	1
1527862832.546277000	0.652604	905	0
1527862832.550036000	0.656363	245	0
1527862832.550098000	0.656425	74	1
1527862832.550237000	0.656564	178	0
1527862832.550437000	0.656764	112	0
1527862832.550456000	0.656783	74	1
1527862832.563430000	0.669757	112	1
1527862832.618020000	0.724347	74	0
1527862833.026874000	1.1332	449	1
1527862833.026968000	1.1333	1434	1
1527862833.026973000	1.1333	896	1
1527862833.028596000	1.13492	1122	1
1527862833.042722000	1.14905	74	0
1527862833.042901000	1.14923	74	0
1527862833.043092000	1.14942	74	0
1527862833.052059000	1.15839	74	0
1527862833.370078000	1.47641	282	0
1527862833.370315000	1.47664	1294	0
1527862833.370344000	1.47667	74	1
1527862833.370517000	1.47684	1294	0
1527862833.371137000	1.47746	1294	0
1527862833.371149000	1.47748	74	1
1527862833.371408000	1.47774	1294	0
1527862833.371603000	1.47793	1294	0
1527862833.371616000	1.47794	74	1
1527862833.373409000	1.47974	1294	0
1527862833.373610000	1.47994	921	0
1527862833.373624000	1.47995	74	1
1527862833.373807000	1.48013	151	0
1527862833.373993000	1.48032	111	0
1527862833.374005000	1.48033	74	1
1527862833.374193000	1.48052	112	0
1527862833.507278000	1.61361	420	0
1527862833.507321000	1.61365	74	1
1527862833.509668000	1.616	104	0
1527862833.713410000	1.81974	74	1
1527862834.279542000	2.38587	112	1
1527862834.292803000	2.39913	74	0
1527862834.550492000	2.65682	221	1
1527862834.563616000	2.66994	74	0
1527862835.022922000	3.12925	427	0
1527862835.023496000	3.12982	1294	0
1527862835.023518000	3.12985	74	1
1527862835.023682000	3.13001	122	0
1527862835.026053000	3.13238	237	0
1527862835.026080000	3.13241	74	1
1527862835.026261000	3.13259	271	0
1527862835.026457000	3.13278	112	0
1527862835.026468000	3.1328	74	1
1527862835.026774000	3.1331	112	1
1527862835.041094000	3.14742	74	0
1527862835.981621000	4.08795	237	1
1527862835.994457000	4.10078	74	0
1527862836.084944000	4.19127	280	0
1527862836.085151000	4.19148	1294	0
1527862836.085171000	4.1915	74	1
1527862836.085434000	4.19176	1294	0
1527862836.085600000	4.19193	116	0
1527862836.085610000	4.19194	74	1
1527862836.087511000	4.19384	129	0
1527862836.126816000	4.23314	146	0
1527862836.126883000	4.23321	74	1
1527862836.127008000	4.23334	112	0
1527862836.127648000	4.23398	112	1
1527862836.142796000	4.24912	74	0
1527862836.424780000	4.53111	333	1
1527862836.424850000	4.53118	1434	1
1527862836.424856000	4.53118	1434	1
1527862836.424860000	4.53119	236	1
1527862836.424903000	4.53123	776	1
1527862836.439551000	4.54588	74	0
1527862836.439728000	4.54606	74	0
1527862836.439973000	4.5463	74	0
1527862836.440175000	4.5465	74	0
1527862836.811388000	4.91772	419	0
1527862836.813776000	4.9201	104	0
1527862836.813792000	4.92012	74	1
1527862836.813997000	4.92032	112	0
1527862836.814331000	4.92066	112	1
1527862836.826673000	4.933	74	0
1527862837.786259000	5.89259	330	1
1527862837.786354000	5.89268	1434	1
1527862837.786359000	5.89269	969	1
1527862837.800646000	5.90697	74	0
1527862837.800822000	5.90715	74	0
1527862837.810394000	5.91672	171	1
1527862837.823665000	5.92999	74	0
1527862838.161610000	6.26794	423	0
1527862838.163028000	6.26936	104	0
1527862838.163069000	6.2694	74	1
1527862838.163580000	6.26991	112	0
1527862838.164078000	6.27041	112	1
1527862838.177151000	6.28348	74	0
1527862838.188149000	6.29448	512	0
1527862838.188271000	6.2946	746	0
1527862838.188297000	6.29462	74	1
1527862838.188462000	6.29479	112	0
1527862838.189744000	6.29607	112	1
1527862838.192519000	6.29885	258	1
1527862838.206607000	6.31293	74	0
1527862838.434299000	6.54063	683	0
1527862838.434418000	6.54075	1294	0
1527862838.434443000	6.54077	74	1
1527862838.434648000	6.54098	1294	0
1527862838.435096000	6.54142	1294	0
1527862838.435118000	6.54145	74	1
1527862838.435389000	6.54172	1294	0
1527862838.435709000	6.54204	1294	0
1527862838.435727000	6.54205	74	1
1527862838.435904000	6.54223	1088	0
1527862838.437771000	6.5441	1294	0
1527862838.437805000	6.54413	74	1
1527862838.438003000	6.54433	1294	0
1527862838.438400000	6.54473	1294	0
1527862838.438418000	6.54474	74	1
1527862838.438611000	6.54494	1294	0
1527862838.438799000	6.54513	665	0
1527862838.438812000	6.54514	74	1
1527862838.451922000	6.55825	1294	0
1527862838.452103000	6.55843	1294	0
1527862838.452134000	6.55846	74	1
1527862838.452379000	6.55871	1294	0
1527862838.452797000	6.55912	1294	0
1527862838.452810000	6.55914	74	1
1527862838.453011000	6.55934	1294	0
1527862838.453189000	6.55952	569	0
1527862838.453202000	6.55953	74	1
1527862838.469159000	6.57549	1294	0
1527862838.469338000	6.57566	1294	0
1527862838.469364000	6.57569	74	1
1527862838.469638000	6.57597	1294	0
1527862838.469873000	6.5762	752	0
1527862838.469886000	6.57621	74	1
1527862838.470095000	6.57642	896	0
1527862838.471517000	6.57784	1294	0
1527862838.471539000	6.57787	74	1
1527862838.471776000	6.5781	1294	0
1527862838.472176000	6.5785	1294	0
1527862838.472190000	6.57852	74	1
1527862838.472376000	6.5787	776	0
1527862838.472582000	6.57891	1158	0
1527862838.472595000	6.57892	74	1
1527862838.475286000	6.58161	1294	0
1527862838.475495000	6.58182	1294	0
1527862838.475518000	6.58185	74	1
1527862838.475781000	6.58211	1294	0
1527862838.476159000	6.58249	1294	0
1527862838.476171000	6.5825	74	1
1527862838.476368000	6.5827	1169	0
1527862838.476941000	6.58327	74	1
1527862838.478226000	6.58455	1294	0
1527862838.478463000	6.58479	1294	0
1527862838.478478000	6.58481	74	1
1527862838.478764000	6.58509	1294	0
1527862838.478948000	6.58528	845	0
1527862838.478959000	6.58529	74	1
1527862838.479126000	6.58545	229	0
1527862838.479344000	6.58567	1294	0
1527862838.479357000	6.58568	74	1
1527862838.479508000	6.58583	113	0
1527862838.481470000	6.5878	1294	0
1527862838.481493000	6.58782	74	1
1527862838.481679000	6.58801	1294	0
1527862838.482080000	6.58841	1294	0
1527862838.482094000	6.58842	74	1
1527862838.482288000	6.58861	961	0
1527862838.482488000	6.58881	1050	0
1527862838.482502000	6.58883	74	1
1527862838.483996000	6.59032	1294	0
1527862838.484217000	6.59054	1294	0
1527862838.484233000	6.59056	74	1
1527862838.484411000	6.59074	442	0
1527862838.484618000	6.59095	767	0
1527862838.484638000	6.59097	74	1
1527862838.485679000	6.59201	1294	0
1527862838.485931000	6.59226	1294	0
1527862838.485950000	6.59228	74	1
1527862838.486119000	6.59245	313	0
1527862838.487187000	6.59351	1294	0
1527862838.487213000	6.59354	74	1
1527862838.487442000	6.59377	1294	0
1527862838.487627000	6.59395	696	0
1527862838.487643000	6.59397	74	1
1527862838.487813000	6.59414	295	0
1527862838.487990000	6.59432	112	0
1527862838.488001000	6.59433	74	1
1527862838.488773000	6.5951	112	1
1527862838.551966000	6.65829	74	0
1527862840.860967000	8.96729	518	1
1527862840.861046000	8.96737	311	1
1527862840.861735000	8.96806	308	1
1527862840.861788000	8.96812	1434	1
1527862840.861793000	8.96812	1434	1
1527862840.861797000	8.96812	236	1
1527862840.861845000	8.96817	800	1
1527862840.874300000	8.98063	74	0
1527862840.874462000	8.98079	74	0
1527862840.878632000	8.98496	74	0
1527862840.878817000	8.98514	74	0
1527862840.879008000	8.98534	74	0
1527862840.923232000	9.02956	387	1
1527862840.937226000	9.04355	74	0
1527862840.974749000	9.08108	280	0
1527862840.975478000	9.0818	1294	0
1527862840.975500000	9.08183	74	1
1527862840.975662000	9.08199	365	0
1527862840.975872000	9.0822	608	0
1527862840.975894000	9.08222	74	1
1527862840.976701000	9.08303	847	0
1527862840.977972000	9.0843	745	0
1527862840.977993000	9.08432	74	1
1527862840.978935000	9.08526	583	0
1527862840.980787000	9.08711	768	0
1527862840.980813000	9.08714	74	1
1527862840.982205000	9.08853	514	0
1527862840.984243000	9.09057	873	0
1527862840.984285000	9.09061	74	1
1527862840.986224000	9.09255	736	0
1527862840.986413000	9.09274	616	0
1527862840.986433000	9.09276	74	1
1527862840.987893000	9.09422	466	0
1527862840.989128000	9.09546	787	0
1527862840.989156000	9.09548	74	1
1527862841.009668000	9.116	657	0
1527862841.009922000	9.11625	1294	0
1527862841.009948000	9.11628	74	1
1527862841.010144000	9.11647	1204	0
1527862841.010316000	9.11664	164	0
1527862841.010331000	9.11666	74	1
1527862841.010507000	9.11683	112	0
1527862841.010730000	9.11706	112	1
1527862841.062562000	9.16889	74	0
1527862841.152399000	9.25873	281	0
1527862841.152712000	9.25904	353	0
1527862841.152738000	9.25907	74	1
1527862841.156539000	9.26287	114	0
1527862841.156936000	9.26326	112	0
1527862841.156958000	9.26329	74	1
1527862841.157242000	9.26357	112	1
1527862841.161052000	9.26738	420	0
1527862841.171508000	9.27784	104	0
1527862841.171572000	9.2779	74	1
1527862841.171698000	9.27803	74	0
1527862841.935652000	10.042	491	1
1527862841.935695000	10.042	111	1
1527862841.948724000	10.0551	74	0
1527862841.948892000	10.0552	74	0
1527862842.033851000	10.1402	286	0
1527862842.034036000	10.1404	474	0
1527862842.034056000	10.1404	74	1
1527862842.038193000	10.1445	149	0
1527862842.038384000	10.1447	112	0
1527862842.038401000	10.1447	74	1
1527862842.038910000	10.1452	112	1
1527862842.051289000	10.1576	74	0
1527862842.727894000	10.8342	403	1
1527862842.727938000	10.8343	126	1
1527862842.739969000	10.8463	320	1
1527862842.741565000	10.8479	74	0
1527862842.741756000	10.8481	74	0
1527862842.743182000	10.8495	595	1
1527862842.753139000	10.8595	74	0
1527862842.760109000	10.8664	74	0
1527862842.823380000	10.9297	282	0
1527862842.823558000	10.9299	188	0
1527862842.823580000	10.9299	74	1
1527862842.827874000	10.9342	120	0
1527862842.828053000	10.9344	277	0
1527862842.828078000	10.9344	74	1
1527862842.828262000	10.9346	112	0
1527862842.828571000	10.9349	112	1
1527862842.842484000	10.9488	74	0
1527862842.901871000	11.0082	283	0
1527862842.902048000	11.0084	242	0
1527862842.902069000	11.0084	74	1
1527862842.906172000	11.0125	239	0
1527862842.906358000	11.0127	358	0
1527862842.906380000	11.0127	74	1
1527862842.906567000	11.0129	112	0
1527862842.906813000	11.0131	112	1
1527862842.919557000	11.0259	74	0
1527862842.940662000	11.047	283	0
1527862842.940838000	11.0472	278	0
1527862842.940867000	11.0472	74	1
1527862842.943831000	11.0502	238	0
1527862842.944180000	11.0505	327	0
1527862842.944201000	11.0505	74	1
1527862842.944655000	11.051	112	0
1527862842.944964000	11.0513	112	1
1527862842.999524000	11.1059	74	0
1527862843.211576000	11.3179	398	1
1527862843.211622000	11.3179	273	1
1527862843.224238000	11.3306	74	0
1527862843.225670000	11.332	74	0
1527862843.727699000	11.834	1274	1
1527862843.727806000	11.8341	1434	1
1527862843.727811000	11.8341	1434	1
1527862843.727815000	11.8341	236	1
1527862843.727856000	11.8342	1434	1
1527862843.727862000	11.8342	1434	1
1527862843.727865000	11.8342	236	1
1527862843.727935000	11.8343	1434	1
1527862843.727953000	11.8343	1434	1
1527862843.727957000	11.8343	236	1
1527862843.728007000	11.8343	1434	1
1527862843.728011000	11.8343	1434	1
1527862843.728014000	11.8343	236	1
1527862843.728075000	11.8344	1434	1
1527862843.728079000	11.8344	1434	1
1527862843.728082000	11.8344	236	1
1527862843.728135000	11.8345	1434	1
1527862843.728139000	11.8345	868	1
1527862843.728206000	11.8345	1434	1
1527862843.728210000	11.8345	1434	1
1527862843.728219000	11.8345	236	1
1527862843.728255000	11.8346	1434	1
1527862843.728270000	11.8346	1434	1
1527862843.728282000	11.8346	236	1
1527862843.728344000	11.8347	1434	1
1527862843.728347000	11.8347	1434	1
1527862843.728355000	11.8347	236	1
1527862843.728412000	11.8347	1434	1
1527862843.728419000	11.8347	1434	1
1527862843.728436000	11.8348	236	1
1527862843.728483000	11.8348	1434	1
1527862843.728487000	11.8348	1434	1
1527862843.728490000	11.8348	236	1
1527862843.728537000	11.8349	1434	1
1527862843.728553000	11.8349	868	1
1527862843.728595000	11.8349	1434	1
1527862843.728599000	11.8349	1434	1
1527862843.728602000	11.8349	236	1
1527862843.728654000	11.835	1434	1
1527862843.728675000	11.835	1434	1
1527862843.728679000	11.835	236	1
1527862843.728736000	11.8351	1434	1
1527862843.728740000	11.8351	1434	1
1527862843.728743000	11.8351	236	1
1527862843.728793000	11.8351	1434	1
1527862843.728799000	11.8351	1434	1
1527862843.728802000	11.8351	236	1
1527862843.728838000	11.8352	262	1
1527862843.745361000	11.8517	74	0
1527862843.745512000	11.8518	74	0
1527862843.745748000	11.8521	74	0
1527862843.745879000	11.8522	74	0
1527862843.746077000	11.8524	74	0
1527862843.746325000	11.8527	74	0
1527862843.746467000	11.8528	74	0
1527862843.746651000	11.853	74	0
1527862843.746896000	11.8532	74	0
1527862843.747035000	11.8534	74	0
1527862843.747282000	11.8536	74	0
1527862843.752122000	11.8584	74	0
1527862843.752260000	11.8586	74	0
1527862843.752508000	11.8588	74	0
1527862843.752661000	11.859	74	0
1527862843.752890000	11.8592	74	0
1527862843.753025000	11.8594	74	0
1527862843.753271000	11.8596	74	0
1527862843.753408000	11.8597	74	0
1527862843.753598000	11.8599	74	0
1527862843.753791000	11.8601	74	0
1527862843.754036000	11.8604	74	0
1527862843.754172000	11.8605	74	0
1527862843.754414000	11.8607	74	0
1527862843.754552000	11.8609	74	0
1527862843.903401000	12.0097	422	0
1527862843.909034000	12.0154	104	0
1527862843.909067000	12.0154	74	1
1527862843.909181000	12.0155	112	0
1527862843.909616000	12.0159	112	1
1527862843.922424000	12.0288	74	0
1527862844.141782000	12.2481	284	0
1527862844.141965000	12.2483	291	0
1527862844.141992000	12.2483	74	1
1527862844.145164000	12.2515	300	0
1527862844.145376000	12.2517	350	0
1527862844.145395000	12.2517	74	1
1527862844.145585000	12.2519	112	0
1527862844.146084000	12.2524	112	1
1527862844.159583000	12.2659	74	0
1527862844.190231000	12.2966	365	1
1527862844.191511000	12.2978	301	1
1527862844.203295000	12.3096	74	0
1527862844.204377000	12.3107	74	0
1527862844.260208000	12.3665	382	1
1527862844.273452000	12.3798	74	0
1527862844.274236000	12.3806	284	0
1527862844.274651000	12.381	180	0
1527862844.274676000	12.381	74	1
1527862844.277678000	12.384	240	0
1527862844.278068000	12.3844	280	0
1527862844.278092000	12.3844	74	1
1527862844.278277000	12.3846	112	0
1527862844.280002000	12.3863	112	1
1527862844.311080000	12.4174	433	1
1527862844.311125000	12.4175	283	1
1527862844.324182000	12.4305	74	0
1527862844.363595000	12.4699	74	0
1527862844.456643000	12.563	585	0
1527862844.456836000	12.5632	958	0
1527862844.456864000	12.5632	74	1
1527862844.458442000	12.5648	365	0
1527862844.458627000	12.565	109	0
1527862844.458643000	12.565	74	1
1527862844.458835000	12.5652	112	0
1527862844.459962000	12.5663	112	1
1527862844.474391000	12.5807	74	0
1527862844.493127000	12.5995	288	0
1527862844.493497000	12.5998	444	0
1527862844.493524000	12.5999	74	1
1527862844.509194000	12.6155	230	0
1527862844.509375000	12.6157	346	0
1527862844.509401000	12.6157	74	1
1527862844.509581000	12.6159	112	0
1527862844.509939000	12.6163	112	1
1527862844.531538000	12.6379	285	0
1527862844.531714000	12.638	173	0
1527862844.531746000	12.6381	74	1
1527862844.536075000	12.6424	116	0
1527862844.536253000	12.6426	340	0
1527862844.536277000	12.6426	74	1
1527862844.536469000	12.6428	112	0
1527862844.537559000	12.6439	112	1
1527862844.591597000	12.6979	74	0
1527862844.859816000	12.9661	397	1
1527862844.859895000	12.9662	276	1
1527862844.872973000	12.9793	74	0
1527862844.873150000	12.9795	74	0
1527862844.988038000	13.0944	285	0
1527862844.988207000	13.0945	213	0
1527862844.988224000	13.0946	74	1
1527862844.992690000	13.099	156	0
1527862844.992876000	13.0992	319	0
1527862844.992891000	13.0992	74	1
1527862844.993074000	13.0994	112	0
1527862844.993345000	13.0997	112	1
1527862845.006625000	13.113	74	0
1527862849.065666000	17.172	539	1
1527862849.065740000	17.1721	277	1
1527862849.078932000	17.1853	74	0
1527862849.079130000	17.1855	74	0
1527862849.200450000	17.3068	287	0
1527862849.200599000	17.3069	414	0
1527862849.200623000	17.307	74	1
1527862849.204805000	17.3111	258	0
1527862849.204980000	17.3113	105	0
1527862849.205003000	17.3113	74	1
1527862849.205197000	17.3115	112	0
1527862849.205534000	17.3119	112	1
1527862849.218683000	17.325	74	0
1527862849.415070000	17.5214	394	1
1527862849.415126000	17.5215	273	1
1527862849.428554000	17.5349	74	0
1527862849.428669000	17.535	74	0
1527862849.518465000	17.6248	287	0
1527862849.518678000	17.625	356	0
1527862849.518694000	17.625	74	1
1527862849.524264000	17.6306	158	0
1527862849.524652000	17.631	168	0
1527862849.524670000	17.631	74	1
1527862849.524865000	17.6312	112	0
1527862849.525143000	17.6315	112	1
1527862849.537658000	17.644	74	0
1527862849.787091000	17.8934	395	1
1527862849.787142000	17.8935	276	1
1527862849.800794000	17.9071	74	0
1527862849.800976000	17.9073	74	0
1527862849.942467000	18.0488	287	0
1527862849.942641000	18.049	341	0
1527862849.942662000	18.049	74	1
1527862849.946220000	18.0525	360	0
1527862849.946407000	18.0527	185	0
1527862849.946418000	18.0527	74	1
1527862849.946612000	18.0529	112	0
1527862849.946868000	18.0532	112	1
1527862849.961075000	18.0674	74	0
1527862850.207285000	18.3136	394	1
1527862850.207340000	18.3137	273	1
1527862850.221150000	18.3275	74	0
1527862850.221303000	18.3276	74	0
1527862850.569312000	18.6756	285	0
1527862850.569453000	18.6758	321	0
1527862850.569480000	18.6758	74	1
1527862850.573425000	18.6798	253	0
1527862850.573564000	18.6799	279	0
1527862850.573587000	18.6799	74	1
1527862850.573764000	18.6801	112	0
1527862850.574067000	18.6804	112	1
1527862850.587318000	18.6936	74	0
1527862850.653195000	18.7595	398	1
1527862850.653251000	18.7596	271	1
1527862850.666547000	18.7729	74	0
1527862850.666690000	18.773	74	0
1527862850.998912000	19.1052	287	0
1527862850.999094000	19.1054	367	0
1527862850.999113000	19.1054	74	1
1527862851.002612000	19.1089	160	0
1527862851.002934000	19.1093	164	0
1527862851.002955000	19.1093	74	1
1527862851.003149000	19.1095	112	0
1527862851.003625000	19.11	112	1
1527862851.017883000	19.1242	74	0
1527862851.125228000	19.2316	521	1
1527862851.125279000	19.2316	275	1
1527862851.138595000	19.2449	74	0
1527862851.138847000	19.2452	74	0
1527862851.598598000	19.7049	285	0
1527862851.598763000	19.7051	200	0
1527862851.598788000	19.7051	74	1
1527862851.604820000	19.7111	190	0
1527862851.605023000	19.7113	333	0
1527862851.605040000	19.7114	74	1
1527862851.605224000	19.7116	112	0
1527862851.605524000	19.7119	112	1
1527862851.618945000	19.7253	74	0
1527862851.793234000	19.8996	1296	1
1527862851.793285000	19.8996	272	1
1527862851.807592000	19.9139	74	0
1527862851.807764000	19.9141	74	0
1527862852.122920000	20.2292	284	0
1527862852.123087000	20.2294	388	0
1527862852.123109000	20.2294	74	1
1527862852.127440000	20.2338	241	0
1527862852.127646000	20.234	224	0
1527862852.127664000	20.234	74	1
1527862852.127843000	20.2342	112	0
1527862852.128146000	20.2345	112	1
1527862852.142613000	20.2489	74	0
1527862852.237040000	20.3434	393	1
1527862852.237117000	20.3434	277	1
1527862852.250919000	20.3572	74	0
1527862852.251068000	20.3574	74	0
1527862852.576714000	20.683	285	0
1527862852.576874000	20.6832	324	0
1527862852.576916000	20.6832	74	1
1527862852.580323000	20.6867	213	0
1527862852.580444000	20.6868	178	0
1527862852.580461000	20.6868	74	1
1527862852.580660000	20.687	112	0
1527862852.580901000	20.6872	112	1
1527862852.595849000	20.7022	74	0
1527862852.690490000	20.7968	393	1
1527862852.690553000	20.7969	277	1
1527862852.703493000	20.8098	74	0
1527862852.703739000	20.8101	74	0
1527862853.035314000	21.1416	288	0
1527862853.035433000	21.1418	237	0
1527862853.035459000	21.1418	74	1
1527862853.038855000	21.1452	256	0
1527862853.039228000	21.1456	236	0
1527862853.039254000	21.1456	74	1
1527862853.039378000	21.1457	112	0
1527862853.039765000	21.1461	112	1
1527862853.054109000	21.1604	74	0
1527862853.319545000	21.4259	396	1
1527862853.319612000	21.4259	272	1
1527862853.334456000	21.4408	74	0
1527862853.334728000	21.4411	74	0
1527862853.655535000	21.7619	287	0
1527862853.655719000	21.762	371	0
1527862853.655749000	21.7621	74	1
1527862853.660613000	21.7669	242	0
1527862853.660801000	21.7671	291	0
1527862853.660826000	21.7672	74	1
1527862853.661010000	21.7673	112	0
1527862853.661553000	21.7679	112	1
1527862853.678490000	21.7848	74	0
1527862853.757040000	21.8634	431	1
1527862853.757124000	21.8635	276	1
1527862853.780248000	21.8866	74	0
1527862853.780450000	21.8868	74	0
1527862853.899555000	22.0059	287	0
1527862853.899714000	22.006	259	0
1527862853.899754000	22.0061	74	1
1527862853.902970000	22.0093	352	0
1527862853.903168000	22.0095	168	0
1527862853.903183000	22.0095	74	1
1527862853.903376000	22.0097	112	0
1527862853.903663000	22.01	112	1
1527862853.917591000	22.0239	74	0
1527862853.975237000	22.0816	399	1
1527862853.975292000	22.0816	273	1
1527862853.988369000	22.0947	74	0
1527862853.988530000	22.0949	74	0
1527862854.322666000	22.429	287	0
1527862854.322847000	22.4292	218	0
1527862854.322870000	22.4292	74	1
1527862854.326099000	22.4324	187	0
1527862854.326228000	22.4326	278	0
1527862854.326253000	22.4326	74	1
1527862854.326428000	22.4328	112	0
1527862854.326649000	22.433	112	1
1527862854.342403000	22.4487	74	0
1527862854.445683000	22.552	539	1
1527862854.445735000	22.5521	276	1
1527862854.459191000	22.5655	74	0
1527862854.459358000	22.5657	74	0
1527862854.590879000	22.6972	285	0
1527862854.590999000	22.6973	229	0
1527862854.591035000	22.6974	74	1
1527862854.594496000	22.7008	361	0
1527862854.594625000	22.701	141	0
1527862854.594640000	22.701	74	1
1527862854.594826000	22.7012	112	0
1527862854.595146000	22.7015	112	1
1527862854.608942000	22.7153	74	0
1527862854.905096000	23.0114	393	1
1527862854.905140000	23.0115	275	1
1527862854.918261000	23.0246	74	0
1527862854.929212000	23.0355	74	0
1527862855.253275000	23.3596	287	0
1527862855.253399000	23.3597	323	0
1527862855.253422000	23.3597	74	1
1527862855.259011000	23.3653	130	0
1527862855.259555000	23.3659	288	0
1527862855.259579000	23.3659	74	1
1527862855.259760000	23.3661	112	0
1527862855.260046000	23.3664	112	1
1527862855.273107000	23.3794	74	0
1527862855.306183000	23.4125	394	1
1527862855.306225000	23.4126	273	1
1527862855.319434000	23.4258	74	0
1527862855.319586000	23.4259	74	0
1527862855.651293000	23.7576	284	0
1527862855.651419000	23.7577	245	0
1527862855.651445000	23.7578	74	1
1527862855.655521000	23.7618	117	0
1527862855.655947000	23.7623	335	0
1527862855.655968000	23.7623	74	1
1527862855.656420000	23.7627	112	0
1527862855.656549000	23.7629	112	1
1527862855.669230000	23.7756	74	0
1527862855.776856000	23.8832	396	1
1527862855.776904000	23.8832	280	1
1527862855.790661000	23.897	74	0
1527862855.790831000	23.8972	74	0
1527862856.112625000	24.219	287	0
1527862856.112809000	24.2191	392	0
1527862856.112840000	24.2192	74	1
1527862856.117086000	24.2234	224	0
1527862856.117299000	24.2236	296	0
1527862856.117315000	24.2236	74	1
1527862856.117508000	24.2238	112	0
1527862856.117785000	24.2241	112	1
1527862856.131372000	24.2377	74	0
1527862856.258211000	24.3645	399	1
1527862856.258260000	24.3646	277	1
1527862856.271312000	24.3776	74	0
1527862856.271401000	24.3777	74	0
1527862856.376491000	24.4828	287	0
1527862856.376632000	24.483	282	0
1527862856.376655000	24.483	74	1
1527862856.381004000	24.4873	263	0
1527862856.381134000	24.4875	286	0
1527862856.381157000	24.4875	74	1
1527862856.381341000	24.4877	112	0
1527862856.381534000	24.4879	112	1
1527862856.405105000	24.5114	74	0
1527862856.817524000	24.9239	519	1
1527862856.817575000	24.9239	277	1
1527862856.830796000	24.9371	74	0
1527862856.830950000	24.9373	74	0
1527862857.142212000	25.2485	287	0
1527862857.142373000	25.2487	260	0
1527862857.142395000	25.2487	74	1
1527862857.146244000	25.2526	224	0
1527862857.146437000	25.2528	303	0
1527862857.146455000	25.2528	74	1
1527862857.146648000	25.253	112	0
1527862857.146888000	25.2532	112	1
1527862857.159860000	25.2662	74	0
1527862857.287516000	25.3938	1292	1
1527862857.287594000	25.3939	277	1
1527862857.301616000	25.4079	74	0
1527862857.301807000	25.4081	74	0
1527862857.613528000	25.7199	285	0
1527862857.613706000	25.72	211	0
1527862857.613734000	25.7201	74	1
1527862857.618633000	25.725	221	0
1527862857.618822000	25.7251	163	0
1527862857.618856000	25.7252	74	1
1527862857.619019000	25.7253	112	0
1527862857.619217000	25.7255	112	1
1527862857.633055000	25.7394	74	0
1527862857.643493000	25.7498	394	1
1527862857.643545000	25.7499	273	1
1527862857.657468000	25.7638	74	0
1527862857.657684000	25.764	74	0
1527862857.990539000	26.0969	287	0
1527862857.990647000	26.097	181	0
1527862857.990667000	26.097	74	1
1527862857.997171000	26.1035	174	0
1527862857.997306000	26.1036	216	0
1527862857.997329000	26.1037	74	1
1527862857.997507000	26.1038	112	0
1527862857.997766000	26.1041	112	1
1527862858.010461000	26.1168	74	0
1527862858.276627000	26.383	398	1
1527862858.276711000	26.383	279	1
1527862858.289930000	26.3963	74	0
1527862858.290084000	26.3964	74	0
1527862858.428457000	26.5348	287	0
1527862858.428636000	26.535	191	0
1527862858.428663000	26.535	74	1
1527862858.433865000	26.5402	198	0
1527862858.434962000	26.5413	115	0
1527862858.434988000	26.5413	74	1
1527862858.435170000	26.5415	112	0
1527862858.435535000	26.5419	112	1
1527862858.448728000	26.5551	74	0
1527862858.639427000	26.7458	399	1
1527862858.639508000	26.7458	272	1
1527862858.652283000	26.7586	74	0
1527862858.654642000	26.761	74	0
1527862859.191197000	27.2975	287	0
1527862859.191310000	27.2976	291	0
1527862859.191334000	27.2977	74	1
1527862859.195253000	27.3016	136	0
1527862859.195434000	27.3018	190	0
1527862859.195458000	27.3018	74	1
1527862859.195642000	27.302	112	0
1527862859.195950000	27.3023	112	1
1527862859.209676000	27.316	74	0
1527862859.335818000	27.4421	430	1
1527862859.335903000	27.4422	277	1
1527862859.349879000	27.4562	74	0
1527862859.350033000	27.4564	74	0
1527862859.460805000	27.5671	285	0
1527862859.460926000	27.5673	177	0
1527862859.460949000	27.5673	74	1
1527862859.466179000	27.5725	345	0
1527862859.466278000	27.5726	303	0
1527862859.466301000	27.5726	74	1
1527862859.466505000	27.5728	112	0
1527862859.466832000	27.5732	112	1
1527862859.479541000	27.5859	74	0
1527862859.690683000	27.797	393	1
1527862859.690770000	27.7971	277	1
1527862859.704079000	27.8104	74	0
1527862859.704244000	27.8106	74	0
1527862859.855024000	27.9614	285	0
1527862859.855193000	27.9615	402	0
1527862859.855225000	27.9616	74	1
1527862859.859314000	27.9656	127	0
1527862859.859649000	27.966	149	0
1527862859.859667000	27.966	74	1
1527862859.860656000	27.967	112	0
1527862859.860778000	27.9671	112	1
1527862859.874192000	27.9805	74	0
1527862859.960484000	28.0668	539	1
1527862859.960560000	28.0669	278	1
1527862859.974311000	28.0806	74	0
1527862859.974505000	28.0808	74	0
1527862860.305054000	28.4114	288	0
1527862860.305174000	28.4115	230	0
1527862860.305199000	28.4115	74	1
1527862860.315324000	28.4217	213	0
1527862860.315500000	28.4218	240	0
1527862860.315535000	28.4219	74	1
1527862860.315705000	28.422	112	0
1527862860.315924000	28.4223	112	1
1527862860.329676000	28.436	74	0
1527862860.504523000	28.6109	395	1
1527862860.504573000	28.6109	277	1
1527862860.517622000	28.6239	74	0
1527862860.517815000	28.6241	74	0
1527862860.851975000	28.9583	285	0
1527862860.852159000	28.9585	229	0
1527862860.852179000	28.9585	74	1
1527862860.856002000	28.9623	142	0
1527862860.856129000	28.9625	270	0
1527862860.856147000	28.9625	74	1
1527862860.856336000	28.9627	112	0
1527862860.856551000	28.9629	112	1
1527862860.870857000	28.9772	74	0
1527862860.983820000	29.0901	393	1
1527862860.983898000	29.0902	278	1
1527862860.997258000	29.1036	74	0
1527862860.997438000	29.1038	74	0
1527862861.118874000	29.2252	285	0
1527862861.119000000	29.2253	332	0
1527862861.119023000	29.2254	74	1
1527862861.147087000	29.2534	170	0
1527862861.147229000	29.2536	242	0
1527862861.147250000	29.2536	74	1
1527862861.147421000	29.2537	112	0
1527862861.147781000	29.2541	112	1
1527862861.160814000	29.2671	74	0
1527862861.264816000	29.3711	397	1
1527862861.264904000	29.3712	276	1
1527862861.278761000	29.3851	74	0
1527862861.278945000	29.3853	74	0
1527862861.430573000	29.5369	285	0
1527862861.430733000	29.5371	283	0
1527862861.430763000	29.5371	74	1
1527862861.434995000	29.5413	358	0
1527862861.435171000	29.5415	117	0
1527862861.435188000	29.5415	74	1
1527862861.435385000	29.5417	112	0
1527862861.435671000	29.542	112	1
1527862861.449411000	29.5557	74	0
1527862861.686394000	29.7927	397	1
1527862861.686437000	29.7928	277	1
1527862861.699532000	29.8059	74	0
1527862861.699771000	29.8061	74	0
1527862861.796717000	29.903	287	0
1527862861.796872000	29.9032	283	0
1527862861.796910000	29.9032	74	1
1527862861.800480000	29.9068	352	0
1527862861.800679000	29.907	227	0
1527862861.800696000	29.907	74	1
1527862861.800884000	29.9072	112	0
1527862861.801121000	29.9074	112	1
1527862861.814474000	29.9208	74	0
1527862862.126596000	30.2329	523	1
1527862862.126679000	30.233	273	1
1527862862.139861000	30.2462	74	0
1527862862.140020000	30.2463	74	0
1527862862.316512000	30.4228	287	0
1527862862.316689000	30.423	216	0
1527862862.316712000	30.423	74	1
1527862862.321021000	30.4273	163	0
1527862862.321212000	30.4275	249	0
1527862862.321234000	30.4276	74	1
1527862862.321419000	30.4277	112	0
1527862862.321802000	30.4281	112	1
1527862862.334857000	30.4412	74	0
1527862862.499677000	30.606	1296	1
1527862862.499758000	30.6061	274	1
1527862862.514865000	30.6212	74	0
1527862862.515025000	30.6214	74	0
1527862862.847994000	30.9543	284	0
1527862862.848115000	30.9544	346	0
1527862862.848156000	30.9545	74	1
1527862862.852603000	30.9589	227	0
1527862862.852803000	30.9591	302	0
1527862862.852821000	30.9591	74	1
1527862862.853013000	30.9593	112	0
1527862862.853458000	30.9598	112	1
1527862862.866551000	30.9729	74	0
1527862862.876555000	30.9829	393	1
1527862862.876597000	30.9829	278	1
1527862862.889985000	30.9963	74	0
1527862862.890167000	30.9965	74	0
1527862863.230034000	31.3364	285	0
1527862863.230220000	31.3365	351	0
1527862863.230248000	31.3366	74	1
1527862863.236638000	31.343	165	0
1527862863.236809000	31.3431	105	0
1527862863.236834000	31.3432	74	1
1527862863.237025000	31.3434	112	0
1527862863.237386000	31.3437	112	1
1527862863.250501000	31.3568	74	0
1527862863.502055000	31.6084	397	1
1527862863.502140000	31.6085	279	1
1527862863.515578000	31.6219	74	0
1527862863.515773000	31.6221	74	0
1527862863.844807000	31.9511	287	0
1527862863.844971000	31.9513	274	0
1527862863.844996000	31.9513	74	1
1527862863.849277000	31.9556	130	0
1527862863.849461000	31.9558	183	0
1527862863.849488000	31.9558	74	1
1527862863.849739000	31.9561	112	0
1527862863.849980000	31.9563	112	1
1527862863.863084000	31.9694	74	0
1527862863.977313000	32.0836	395	1
1527862863.977388000	32.0837	279	1
1527862863.990903000	32.0972	74	0
1527862863.991056000	32.0974	74	0
1527862864.096413000	32.2027	284	0
1527862864.096531000	32.2029	283	0
1527862864.096564000	32.2029	74	1
1527862864.110312000	32.2166	159	0
1527862864.110560000	32.2169	124	0
1527862864.110586000	32.2169	74	1
1527862864.110790000	32.2171	112	0
1527862864.111176000	32.2175	112	1
1527862864.123661000	32.23	74	0
1527862864.207905000	32.3142	429	1
1527862864.207972000	32.3143	274	1
1527862864.220565000	32.3269	74	0
1527862864.221236000	32.3276	74	0
1527862864.552395000	32.6587	283	0
1527862864.552515000	32.6588	404	0
1527862864.552545000	32.6589	74	1
1527862864.556133000	32.6625	187	0
1527862864.556284000	32.6626	334	0
1527862864.556312000	32.6626	74	1
1527862864.556475000	32.6628	112	0
1527862864.556694000	32.663	112	1
1527862864.570453000	32.6768	74	0
1527862864.714963000	32.8213	392	1
1527862864.715030000	32.8214	278	1
1527862864.728879000	32.8352	74	0
1527862864.729048000	32.8354	74	0
1527862864.826600000	32.9329	284	0
1527862864.826788000	32.9331	338	0
1527862864.826814000	32.9331	74	1
1527862864.830372000	32.9367	169	0
1527862864.830549000	32.9369	180	0
1527862864.830570000	32.9369	74	1
1527862864.830759000	32.9371	112	0
1527862864.831108000	32.9374	112	1
1527862864.845603000	32.9519	74	0
1527862865.152083000	33.2584	537	1
1527862865.152161000	33.2585	275	1
1527862865.166116000	33.2724	74	0
1527862865.166272000	33.2726	74	0
1527862865.291135000	33.3975	284	0
1527862865.291255000	33.3976	368	0
1527862865.291283000	33.3976	74	1
1527862865.298658000	33.405	276	0
1527862865.298839000	33.4052	194	0
1527862865.298856000	33.4052	74	1
1527862865.299043000	33.4054	112	0
1527862865.299291000	33.4056	112	1
1527862865.312281000	33.4186	74	0
1527862865.626753000	33.7331	374	1
1527862865.626832000	33.7332	1434	1
1527862865.626837000	33.7332	1434	1
1527862865.626841000	33.7332	236	1
1527862865.626892000	33.7332	1434	1
1527862865.626902000	33.7332	1156	1
1527862865.642155000	33.7485	74	0
1527862865.642314000	33.7486	74	0
1527862865.642477000	33.7488	74	0
1527862865.642680000	33.749	74	0
1527862865.650811000	33.7571	74	0
1527862865.732890000	33.8392	420	0
1527862865.739820000	33.8461	104	0
1527862865.739859000	33.8462	74	1
1527862865.740122000	33.8464	112	0
1527862865.740417000	33.8467	112	1
1527862865.753110000	33.8594	74	0
1527862869.258340000	37.3647	394	1
1527862869.258427000	37.3648	273	1
1527862869.272318000	37.3786	74	0
1527862869.272518000	37.3788	74	0
1527862869.436612000	37.5429	288	0
1527862869.436851000	37.5432	356	0
1527862869.436873000	37.5432	74	1
1527862869.443608000	37.5499	146	0
1527862869.443804000	37.5501	289	0
1527862869.443836000	37.5502	74	1
1527862869.444039000	37.5504	112	0
1527862869.444316000	37.5506	112	1
1527862869.456980000	37.5633	74	0
1527862869.534308000	37.6406	395	1
1527862869.534364000	37.6407	274	1
1527862869.547564000	37.6539	74	0
1527862869.547680000	37.654	74	0
1527862869.877197000	37.9835	285	0
1527862869.877318000	37.9836	248	0
1527862869.877340000	37.9837	74	1
1527862869.881834000	37.9882	343	0
1527862869.881959000	37.9883	251	0
1527862869.881985000	37.9883	74	1
1527862869.882159000	37.9885	112	0
1527862869.882365000	37.9887	112	1
1527862869.896328000	38.0027	74	0
1527862870.027052000	38.1334	392	1
1527862870.027132000	38.1335	275	1
1527862870.040122000	38.1464	74	0
1527862870.040997000	38.1473	74	0
1527862870.357676000	38.464	288	0
1527862870.357860000	38.4642	349	0
1527862870.357878000	38.4642	74	1
1527862870.361633000	38.468	244	0
1527862870.361813000	38.4681	165	0
1527862870.361830000	38.4682	74	1
1527862870.362010000	38.4683	112	0
1527862870.362296000	38.4686	112	1
1527862870.375593000	38.4819	74	0
1527862870.510305000	38.6166	523	1
1527862870.510386000	38.6167	277	1
1527862870.525360000	38.6317	74	0
1527862870.525515000	38.6318	74	0
1527862870.681783000	38.7881	285	0
1527862870.681897000	38.7882	344	0
1527862870.681916000	38.7882	74	1
1527862870.689690000	38.796	258	0
1527862870.689868000	38.7962	338	0
1527862870.689893000	38.7962	74	1
1527862870.690070000	38.7964	112	0
1527862870.690288000	38.7966	112	1
1527862870.703239000	38.8096	74	0
1527862871.070158000	39.1765	1294	1
1527862871.070242000	39.1766	276	1
1527862871.084073000	39.1904	74	0
1527862871.084256000	39.1906	74	0
1527862871.402952000	39.5093	285	0
1527862871.403068000	39.5094	342	0
1527862871.403091000	39.5094	74	1
1527862871.407139000	39.5135	132	0
1527862871.407280000	39.5136	202	0
1527862871.407304000	39.5136	74	1
1527862871.407478000	39.5138	112	0
1527862871.407779000	39.5141	112	1
1527862871.421358000	39.5277	74	0
1527862871.486661000	39.593	396	1
1527862871.486735000	39.5931	274	1
1527862871.511252000	39.6176	74	0
1527862871.511420000	39.6177	74	0
1527862871.830312000	39.9366	288	0
1527862871.830490000	39.9368	176	0
1527862871.830517000	39.9368	74	1
1527862871.834449000	39.9408	360	0
1527862871.834640000	39.941	313	0
1527862871.834660000	39.941	74	1
1527862871.834849000	39.9412	112	0
1527862871.835189000	39.9415	112	1
1527862871.848980000	39.9553	74	0
1527862871.900176000	40.0065	399	1
1527862871.900227000	40.0066	278	1
1527862871.913857000	40.0202	74	0
1527862871.914017000	40.0203	74	0
1527862872.016748000	40.1231	288	0
1527862872.016929000	40.1233	412	0
1527862872.016955000	40.1233	74	1
1527862872.020827000	40.1272	302	0
1527862872.021046000	40.1274	203	0
1527862872.021070000	40.1274	74	1
1527862872.021228000	40.1276	112	0
1527862872.021612000	40.1279	112	1
1527862872.034276000	40.1406	74	0
1527862872.209431000	40.3158	394	1
1527862872.209488000	40.3158	278	1
1527862872.222987000	40.3293	74	0
1527862872.223158000	40.3295	74	0
1527862872.562987000	40.6693	288	0
1527862872.563110000	40.6694	256	0
1527862872.563134000	40.6695	74	1
1527862872.568012000	40.6743	330	0
1527862872.568208000	40.6745	295	0
1527862872.568225000	40.6746	74	1
1527862872.568402000	40.6747	112	0
1527862872.568706000	40.675	112	1
1527862872.581755000	40.6881	74	0
1527862872.726434000	40.8328	431	1
1527862872.726478000	40.8328	278	1
1527862872.740349000	40.8467	74	0
1527862872.740513000	40.8468	74	0
1527862872.852595000	40.9589	286	0
1527862872.852797000	40.9591	215	0
1527862872.852826000	40.9592	74	1
1527862872.856523000	40.9629	330	0
1527862872.856655000	40.963	194	0
1527862872.856672000	40.963	74	1
1527862872.856875000	40.9632	112	0
1527862872.857122000	40.9634	112	1
1527862872.871577000	40.9779	74	0
1527862873.185346000	41.2917	398	1
1527862873.185420000	41.2917	279	1
1527862873.199262000	41.3056	74	0
1527862873.199411000	41.3057	74	0
1527862873.693255000	41.7996	288	0
1527862873.693374000	41.7997	327	0
1527862873.693396000	41.7997	74	1
1527862873.697600000	41.8039	297	0
1527862873.697770000	41.8041	150	0
1527862873.697791000	41.8041	74	1
1527862873.697982000	41.8043	112	0
1527862873.698450000	41.8048	112	1
1527862873.711394000	41.8177	74	0
1527862873.815387000	41.9217	540	1
1527862873.815467000	41.9218	273	1
1527862873.829057000	41.9354	74	0
1527862873.829214000	41.9355	74	0
1527862874.134508000	42.2408	288	0
1527862874.134637000	42.241	281	0
1527862874.134660000	42.241	74	1
1527862874.139915000	42.2462	368	0
1527862874.140024000	42.2464	131	0
1527862874.140040000	42.2464	74	1
1527862874.140256000	42.2466	112	0
1527862874.140472000	42.2468	112	1
1527862874.153622000	42.2599	74	0
1527862874.265521000	42.3718	395	1
1527862874.265608000	42.3719	278	1
1527862874.278274000	42.3846	74	0
1527862874.278471000	42.3848	74	0
1527862874.628155000	42.7345	285	0
1527862874.628346000	42.7347	234	0
1527862874.628365000	42.7347	74	1
1527862874.633557000	42.7399	310	0
1527862874.633696000	42.74	259	0
1527862874.633719000	42.74	74	1
1527862874.633887000	42.7402	112	0
1527862874.634123000	42.7405	112	1
1527862874.647609000	42.7539	74	0
1527862874.690499000	42.7968	393	1
1527862874.690587000	42.7969	274	1
1527862874.704128000	42.8105	74	0
1527862874.704283000	42.8106	74	0
1527862875.035887000	43.1422	288	0
1527862875.036006000	43.1423	214	0
1527862875.036030000	43.1424	74	1
1527862875.040852000	43.1472	159	0
1527862875.040956000	43.1473	109	0
1527862875.040973000	43.1473	74	1
1527862875.041184000	43.1475	112	0
1527862875.041467000	43.1478	112	1
1527862875.054426000	43.1608	74	0
1527862875.171330000	43.2777	394	1
1527862875.171374000	43.2777	276	1
1527862875.184483000	43.2908	74	0
1527862875.184627000	43.291	74	0
1527862875.521841000	43.6282	288	0
1527862875.521947000	43.6283	241	0
1527862875.521967000	43.6283	74	1
1527862875.526156000	43.6325	315	0
1527862875.526296000	43.6326	152	0
1527862875.526319000	43.6326	74	1
1527862875.526563000	43.6329	112	0
1527862875.526788000	43.6331	112	1
1527862875.540315000	43.6466	74	0
1527862875.566244000	43.6726	394	1
1527862875.566326000	43.6727	274	1
1527862875.580301000	43.6866	74	0
1527862875.580464000	43.6868	74	0
1527862875.931979000	44.0383	288	0
1527862875.932104000	44.0384	408	0
1527862875.932129000	44.0385	74	1
1527862875.938089000	44.0444	194	0
1527862875.938223000	44.0445	133	0
1527862875.938242000	44.0446	74	1
1527862875.938427000	44.0448	112	0
1527862875.938628000	44.045	112	1
1527862875.952198000	44.0585	74	0
1527862876.061502000	44.1678	518	1
1527862876.061546000	44.1679	274	1
1527862876.075298000	44.1816	74	0
1527862876.075512000	44.1818	74	0
1527862876.188431000	44.2948	285	0
1527862876.188539000	44.2949	250	0
1527862876.188558000	44.2949	74	1
1527862876.193050000	44.2994	129	0
1527862876.193185000	44.2995	355	0
1527862876.193202000	44.2995	74	1
1527862876.193392000	44.2997	112	0
1527862876.193622000	44.2999	112	1
1527862876.206918000	44.3132	74	0
1527862876.544599000	44.6509	1294	1
1527862876.544681000	44.651	277	1
1527862876.559103000	44.6654	74	0
1527862876.559219000	44.6655	74	0
1527862876.683807000	44.7901	288	0
1527862876.683977000	44.7903	326	0
1527862876.684004000	44.7903	74	1
1527862876.687849000	44.7942	177	0
1527862876.688039000	44.7944	179	0
1527862876.688058000	44.7944	74	1
1527862876.688253000	44.7946	112	0
1527862876.688654000	44.795	112	1
1527862876.702199000	44.8085	74	0
1527862876.844810000	44.9511	398	1
1527862876.844899000	44.9512	276	1
1527862876.858834000	44.9652	74	0
1527862876.858999000	44.9653	74	0
1527862877.024981000	45.1313	285	0
1527862877.025096000	45.1314	378	0
1527862877.025114000	45.1314	74	1
1527862877.029600000	45.1359	162	0
1527862877.029969000	45.1363	117	0
1527862877.029998000	45.1363	74	1
1527862877.030100000	45.1364	112	0
1527862877.030590000	45.1369	112	1
1527862877.042812000	45.1491	74	0
1527862877.286896000	45.3932	393	1
1527862877.286971000	45.3933	273	1
1527862877.300267000	45.4066	74	0
1527862877.300386000	45.4067	74	0
1527862877.424566000	45.5309	286	0
1527862877.424692000	45.531	258	0
1527862877.424715000	45.531	74	1
1527862877.443884000	45.5502	332	0
1527862877.444014000	45.5503	281	0
1527862877.444030000	45.5504	74	1
1527862877.444222000	45.5505	112	0
1527862877.444531000	45.5509	112	1
1527862877.458595000	45.5649	74	0
1527862877.724600000	45.8309	393	1
1527862877.724654000	45.831	276	1
1527862877.737962000	45.8443	74	0
1527862877.738119000	45.8444	74	0
1527862878.054343000	46.1607	286	0
1527862878.054462000	46.1608	181	0
1527862878.054491000	46.1608	74	1
1527862878.057786000	46.1641	360	0
1527862878.057925000	46.1643	287	0
1527862878.057946000	46.1643	74	1
1527862878.058119000	46.1644	112	0
1527862878.058434000	46.1648	112	1
1527862878.072070000	46.1784	74	0
1527862878.235655000	46.342	430	1
1527862878.235743000	46.3421	277	1
1527862878.249370000	46.3557	74	0
1527862878.249692000	46.356	74	0
1527862878.604890000	46.7112	288	0
1527862878.605068000	46.7114	338	0
1527862878.605092000	46.7114	74	1
1527862878.609011000	46.7153	353	0
1527862878.609151000	46.7155	336	0
1527862878.609175000	46.7155	74	1
1527862878.609468000	46.7158	112	0
1527862878.609658000	46.716	112	1
1527862878.622409000	46.7287	74	0
1527862878.712727000	46.8191	395	1
1527862878.712814000	46.8191	277	1
1527862878.726349000	46.8327	74	0
1527862878.726510000	46.8328	74	0
1527862879.058277000	47.1646	288	0
1527862879.058484000	47.1648	186	0
1527862879.058501000	47.1648	74	1
1527862879.061971000	47.1683	229	0
1527862879.062088000	47.1684	144	0
1527862879.062108000	47.1684	74	1
1527862879.062315000	47.1686	112	0
1527862879.062646000	47.169	112	1
1527862879.076196000	47.1825	74	0
1527862879.154468000	47.2608	397	1
1527862879.154510000	47.2608	275	1
1527862879.167344000	47.2737	74	0
1527862879.167600000	47.2739	74	0
1527862879.505606000	47.6119	288	0
1527862879.505770000	47.6121	411	0
1527862879.505803000	47.6121	74	1
1527862879.509351000	47.6157	133	0
1527862879.509549000	47.6159	217	0
1527862879.509573000	47.6159	74	1
1527862879.509909000	47.6162	112	0
1527862879.510039000	47.6164	112	1
1527862879.524588000	47.6309	74	0
1527862880.318802000	48.4251	535	1
1527862880.318887000	48.4252	275	1
1527862880.333036000	48.4394	74	0
1527862880.333196000	48.4395	74	0
1527862880.815907000	48.9222	288	0
1527862880.816037000	48.9224	400	0
1527862880.816060000	48.9224	74	1
1527862880.820447000	48.9268	316	0
1527862880.820585000	48.9269	236	0
1527862880.820607000	48.9269	74	1
1527862880.820777000	48.9271	112	0
1527862880.821070000	48.9274	112	1
1527862880.834260000	48.9406	74	0
1527862881.025542000	49.1319	394	1
1527862881.025597000	49.1319	275	1
1527862881.038604000	49.1449	74	0
1527862881.038791000	49.1451	74	0
1527862881.381977000	49.4883	288	0
1527862881.382100000	49.4884	425	0
1527862881.382125000	49.4885	74	1
1527862881.386963000	49.4933	249	0
1527862881.387078000	49.4934	141	0
1527862881.387099000	49.4934	74	1
1527862881.387302000	49.4936	112	0
1527862881.387566000	49.4939	112	1
1527862881.401560000	49.5079	74	0
1527862881.475814000	49.5821	398	1
1527862881.475870000	49.5822	278	1
1527862881.490503000	49.5968	74	0
1527862881.490690000	49.597	74	0
1527862881.817249000	49.9236	286	0
1527862881.817356000	49.9237	192	0
1527862881.817382000	49.9237	74	1
1527862881.821470000	49.9278	141	0
1527862881.821610000	49.9279	162	0
1527862881.821633000	49.928	74	1
1527862881.821810000	49.9281	112	0
1527862881.822029000	49.9284	112	1
1527862881.835746000	49.9421	74	0
1527862881.886464000	49.9928	397	1
1527862881.886507000	49.9928	274	1
1527862881.901130000	50.0075	74	0
1527862881.901286000	50.0076	74	0
1527862882.061374000	50.1677	286	0
1527862882.061560000	50.1679	260	0
1527862882.061575000	50.1679	74	1
1527862882.066384000	50.1727	291	0
1527862882.066559000	50.1729	188	0
1527862882.066573000	50.1729	74	1
1527862882.066771000	50.1731	112	0
1527862882.066968000	50.1733	112	1
1527862882.079550000	50.1859	74	0
1527862882.322905000	50.4292	517	1
1527862882.322951000	50.4293	276	1
1527862882.336036000	50.4424	74	0
1527862882.336191000	50.4425	74	0
1527862882.452819000	50.5591	288	0
1527862882.452929000	50.5593	247	0
1527862882.452950000	50.5593	74	1
1527862882.455613000	50.5619	116	0
1527862882.456098000	50.5624	242	0
1527862882.456123000	50.5625	74	1
1527862882.456249000	50.5626	112	0
1527862882.456631000	50.563	112	1
1527862882.470644000	50.577	74	0
1527862882.938842000	51.0452	1296	1
1527862882.938892000	51.0452	277	1
1527862882.953174000	51.0595	74	0
1527862882.953334000	51.0597	74	0
1527862883.301555000	51.4079	290	0
1527862883.301658000	51.408	241	0
1527862883.301678000	51.408	74	1
1527862883.307523000	51.4139	261	0
1527862883.307968000	51.4143	317	0
1527862883.307993000	51.4143	74	1
1527862883.308091000	51.4144	112	0
1527862883.308530000	51.4149	112	1
1527862883.321814000	51.4281	74	0
1527862883.649400000	51.7557	396	1
1527862883.649444000	51.7558	274	1
1527862883.663971000	51.7703	74	0
1527862883.664158000	51.7705	74	0
1527862883.815926000	51.9223	288	0
1527862883.816089000	51.9224	389	0
1527862883.816111000	51.9224	74	1
1527862883.819773000	51.9261	126	0
1527862883.820112000	51.9264	250	0
1527862883.820135000	51.9265	74	1
1527862883.820296000	51.9266	112	0
1527862883.820756000	51.9271	112	1
1527862883.833850000	51.9402	74	0
1527862883.898744000	52.0051	398	1
1527862883.898799000	52.0051	273	1
1527862883.912045000	52.0184	74	0
1527862883.912240000	52.0186	74	0
1527862884.226389000	52.3327	288	0
1527862884.226505000	52.3328	215	0
1527862884.226525000	52.3329	74	1
1527862884.230452000	52.3368	308	0
1527862884.230594000	52.3369	243	0
1527862884.230617000	52.3369	74	1
1527862884.230804000	52.3371	112	0
1527862884.231090000	52.3374	112	1
1527862884.244874000	52.3512	74	0
1527862884.322980000	52.4293	394	1
1527862884.323058000	52.4294	277	1
1527862884.336882000	52.4432	74	0
1527862884.337037000	52.4434	74	0
1527862884.675395000	52.7817	288	0
1527862884.675522000	52.7818	398	0
1527862884.675547000	52.7819	74	1
1527862884.680009000	52.7863	336	0
1527862884.680138000	52.7865	113	0
1527862884.680160000	52.7865	74	1
1527862884.680339000	52.7867	112	0
1527862884.680657000	52.787	112	1
1527862884.693546000	52.7999	74	0
1527862884.842006000	52.9483	435	1
1527862884.842058000	52.9484	281	1
1527862884.855747000	52.9621	74	0
1527862884.855901000	52.9622	74	0
1527862885.205351000	53.3117	289	0
1527862885.205482000	53.3118	412	0
1527862885.205505000	53.3118	74	1
1527862885.214532000	53.3209	360	0
1527862885.214741000	53.3211	185	0
1527862885.214758000	53.3211	74	1
1527862885.214925000	53.3213	112	0
1527862885.215243000	53.3216	112	1
1527862885.227943000	53.3343	74	0
1527862885.266539000	53.3729	395	1
1527862885.266607000	53.3729	273	1
1527862885.281309000	53.3876	74	0
1527862885.281460000	53.3878	74	0
1527862885.612271000	53.7186	288	0
1527862885.612391000	53.7187	173	0
1527862885.612413000	53.7187	74	1
1527862885.617626000	53.724	279	0
1527862885.618024000	53.7244	115	0
1527862885.618051000	53.7244	74	1
1527862885.618150000	53.7245	112	0
1527862885.618598000	53.7249	112	1
1527862885.635923000	53.7422	74	0
1527862885.743205000	53.8495	398	1
1527862885.743260000	53.8496	279	1
1527862885.756506000	53.8628	74	0
1527862885.756700000	53.863	74	0
1527862886.066603000	54.1729	288	0
1527862886.066786000	54.1731	247	0
1527862886.066815000	54.1731	74	1
1527862886.070060000	54.1764	235	0
1527862886.070857000	54.1772	289	0
1527862886.070891000	54.1772	74	1
1527862886.071019000	54.1773	112	0
1527862886.071419000	54.1777	112	1
1527862886.085164000	54.1915	74	0
1527862886.222722000	54.329	538	1
1527862886.222768000	54.3291	275	1
1527862886.235616000	54.3419	74	0
1527862886.236309000	54.3426	74	0
1527862886.539036000	54.6454	286	0
1527862886.539161000	54.6455	331	0
1527862886.539186000	54.6455	74	1
1527862886.543340000	54.6497	330	0
1527862886.543701000	54.65	257	0
1527862886.543720000	54.65	74	1
1527862886.543879000	54.6502	112	0
1527862886.544146000	54.6505	112	1
1527862886.557321000	54.6636	74	0
1527862886.727988000	54.8343	393	1
1527862886.728042000	54.8344	273	1
1527862886.742176000	54.8485	74	0
1527862886.742329000	54.8487	74	0
1527862887.063081000	55.1694	286	0
1527862887.063289000	55.1696	300	0
1527862887.063307000	55.1696	74	1
1527862887.070053000	55.1764	308	0
1527862887.070183000	55.1765	195	0
1527862887.070206000	55.1765	74	1
1527862887.070383000	55.1767	112	0
1527862887.070701000	55.177	112	1
1527862887.082922000	55.1892	74	0
1527862887.206901000	55.3132	394	1
1527862887.206985000	55.3133	274	1
1527862887.220256000	55.3266	74	0
1527862887.220403000	55.3267	74	0
1527862887.549667000	55.656	288	0
1527862887.549853000	55.6562	257	0
1527862887.549873000	55.6562	74	1
1527862887.555468000	55.6618	196	0
1527862887.555596000	55.6619	158	0
1527862887.555618000	55.6619	74	1
1527862887.555806000	55.6621	112	0
1527862887.556007000	55.6623	112	1
1527862887.568899000	55.6752	74	0
1527862887.886808000	55.9931	393	1
1527862887.886850000	55.9932	281	1
1527862887.900012000	56.0063	74	0
1527862887.900163000	56.0065	74	0
1527862888.245493000	56.3518	286	0
1527862888.245623000	56.352	208	0
1527862888.245649000	56.352	74	1
1527862888.251203000	56.3575	192	0
1527862888.251341000	56.3577	176	0
1527862888.251363000	56.3577	74	1
1527862888.251535000	56.3579	112	0
1527862888.251855000	56.3582	112	1
1527862888.265190000	56.3715	74	0
1527862888.396278000	56.5026	520	1
1527862888.396360000	56.5027	276	1
1527862888.409788000	56.5161	74	0
1527862888.409960000	56.5163	74	0
1527862888.755984000	56.8623	288	0
1527862888.756112000	56.8624	271	0
1527862888.756136000	56.8625	74	1
1527862888.764464000	56.8708	304	0
1527862888.764590000	56.8709	310	0
1527862888.764614000	56.8709	74	1
1527862888.764792000	56.8711	112	0
1527862888.765103000	56.8714	112	1
1527862888.778518000	56.8848	74	0
1527862888.827155000	56.9335	1296	1
1527862888.827238000	56.9336	274	1
1527862888.841636000	56.948	74	0
1527862888.841834000	56.9482	74	0
1527862888.990370000	57.0967	286	0
1527862888.990494000	57.0968	214	0
1527862888.990515000	57.0968	74	1
1527862888.995613000	57.1019	181	0
1527862888.995799000	57.1021	128	0
1527862888.995830000	57.1022	74	1
1527862888.996051000	57.1024	112	0
1527862888.996315000	57.1026	112	1
1527862889.009518000	57.1158	74	0
1527862889.057820000	57.1641	393	1
1527862889.057862000	57.1642	273	1
1527862889.072127000	57.1785	74	0
1527862889.072279000	57.1786	74	0
1527862889.175095000	57.2814	286	0
1527862889.175214000	57.2815	183	0
1527862889.175240000	57.2816	74	1
1527862889.180108000	57.2864	339	0
1527862889.180515000	57.2868	338	0
1527862889.180539000	57.2869	74	1
1527862889.180633000	57.287	112	0
1527862889.181088000	57.2874	112	1
1527862889.195241000	57.3016	74	0
1527862889.288144000	57.3945	394	1
1527862889.288228000	57.3946	276	1
1527862889.301311000	57.4076	74	0
1527862889.302000000	57.4083	74	0
1527862889.570071000	57.6764	288	0
1527862889.570199000	57.6765	345	0
1527862889.570221000	57.6765	74	1
1527862889.576543000	57.6829	334	0
1527862889.576853000	57.6832	194	0
1527862889.576868000	57.6832	74	1
1527862889.577031000	57.6834	112	0
1527862889.577347000	57.6837	112	1
1527862889.590755000	57.6971	74	0
1527862890.397560000	58.5039	399	1
1527862890.397615000	58.5039	273	1
1527862890.410310000	58.5166	74	0
1527862890.411366000	58.5177	74	0
1527862890.502780000	58.6091	289	0
1527862890.502963000	58.6093	173	0
1527862890.502987000	58.6093	74	1
1527862890.507776000	58.6141	268	0
1527862890.507979000	58.6143	285	0
1527862890.507996000	58.6143	74	1
1527862890.508178000	58.6145	112	0
1527862890.508434000	58.6148	112	1
1527862890.525248000	58.6316	74	0
1527862890.687038000	58.7934	431	1
1527862890.687139000	58.7935	273	1
1527862890.700239000	58.8066	74	0
1527862890.700434000	58.8068	74	0
1527862890.802459000	58.9088	288	0
1527862890.802643000	58.909	207	0
1527862890.802661000	58.909	74	1
1527862890.806211000	58.9125	367	0
1527862890.806395000	58.9127	177	0
1527862890.806408000	58.9127	74	1
1527862890.806588000	58.9129	112	0
1527862890.806822000	58.9131	112	1
1527862890.820826000	58.9272	74	0
1527862891.156004000	59.2623	395	1
1527862891.156056000	59.2624	275	1
1527862891.169328000	59.2757	74	0
1527862891.169534000	59.2759	74	0
1527862891.286933000	59.3933	289	0
1527862891.287112000	59.3934	314	0
1527862891.287130000	59.3935	74	1
1527862891.293260000	59.3996	349	0
1527862891.293378000	59.3997	207	0
1527862891.293399000	59.3997	74	1
1527862891.293592000	59.3999	112	0
1527862891.293862000	59.4002	112	1
1527862891.306400000	59.4127	74	0
1527862891.577840000	59.6842	399	1
1527862891.577917000	59.6842	277	1
1527862891.590810000	59.6971	74	0
1527862891.590964000	59.6973	74	0
1527862891.689075000	59.7954	286	0
1527862891.689191000	59.7955	229	0
1527862891.689214000	59.7955	74	1
1527862891.694240000	59.8006	161	0
1527862891.694620000	59.8009	225	0
1527862891.694645000	59.801	74	1
1527862891.695090000	59.8014	112	0
1527862891.695283000	59.8016	112	1
1527862891.708011000	59.8143	74	0
1527862891.997063000	60.1034	534	1
1527862891.997119000	60.1034	273	1
1527862892.010595000	60.1169	74	0
1527862892.019619000	60.1259	74	0
1527862892.114862000	60.2212	285	0
1527862892.115007000	60.2213	326	0
1527862892.115030000	60.2214	74	1
1527862892.119885000	60.2262	164	0
1527862892.120144000	60.2265	105	0
1527862892.120160000	60.2265	74	1
1527862892.120350000	60.2267	112	0
1527862892.120591000	60.2269	112	1
1527862892.134152000	60.2405	74	0
1527862892.357201000	60.4635	395	1
1527862892.357289000	60.4636	275	1
1527862892.370473000	60.4768	74	0
1527862892.370619000	60.4769	74	0
1527862892.484458000	60.5908	286	0
1527862892.484616000	60.5909	421	0
1527862892.484644000	60.591	74	1
1527862892.488290000	60.5946	212	0
1527862892.488430000	60.5948	279	0
1527862892.488453000	60.5948	74	1
1527862892.488624000	60.595	112	0
1527862892.488830000	60.5952	112	1
1527862892.502172000	60.6085	74	0
1527862892.627313000	60.7336	394	1
1527862892.627389000	60.7337	274	1
1527862892.642109000	60.7484	74	0
1527862892.642301000	60.7486	74	0
1527862892.753647000	60.86	288	0
1527862892.753843000	60.8602	285	0
1527862892.753876000	60.8602	74	1
1527862892.757338000	60.8637	157	0
1527862892.757622000	60.8639	131	0
1527862892.757638000	60.864	74	1
1527862892.757820000	60.8641	112	0
1527862892.758056000	60.8644	112	1
1527862892.775877000	60.8822	74	0
1527862893.119152000	61.2255	395	1
1527862893.119196000	61.2255	273	1
1527862893.133205000	61.2395	74	0
1527862893.133361000	61.2397	74	0
1527862893.250614000	61.3569	288	0
1527862893.250774000	61.3571	225	0
1527862893.250817000	61.3571	74	1
1527862893.266694000	61.373	117	0
1527862893.266878000	61.3732	152	0
1527862893.266909000	61.3732	74	1
1527862893.267110000	61.3734	112	0
1527862893.267386000	61.3737	112	1
1527862893.280591000	61.3869	74	0
1527862893.357353000	61.4637	518	1
1527862893.357434000	61.4638	277	1
1527862893.371018000	61.4773	74	0
1527862893.371203000	61.4775	74	0
1527862893.486388000	61.5927	288	0
1527862893.486515000	61.5928	416	0
1527862893.486537000	61.5929	74	1
1527862893.491882000	61.5982	368	0
1527862893.491987000	61.5983	174	0
1527862893.492005000	61.5983	74	1
1527862893.492215000	61.5985	112	0
1527862893.492414000	61.5987	112	1
1527862893.505697000	61.612	74	0
1527862894.078099000	62.1844	1297	1
1527862894.078146000	62.1845	278	1
1527862894.092022000	62.1983	74	0
1527862894.092183000	62.1985	74	0
1527862894.184029000	62.2904	290	0
1527862894.185140000	62.2915	269	0
1527862894.185165000	62.2915	74	1
1527862894.190521000	62.2968	136	0
1527862894.192127000	62.2985	191	0
1527862894.192147000	62.2985	74	1
1527862894.192268000	62.2986	112	0
1527862894.192649000	62.299	112	1
1527862894.215486000	62.3218	74	0
1527862894.437301000	62.5436	399	1
1527862894.437388000	62.5437	274	1
1527862894.450209000	62.5565	74	0
1527862894.450427000	62.5568	74	0
1527862894.538761000	62.6451	286	0
1527862894.538919000	62.6452	240	0
1527862894.538945000	62.6453	74	1
1527862894.544483000	62.6508	192	0
1527862894.544756000	62.6511	292	0
1527862894.544782000	62.6511	74	1
1527862894.544893000	62.6512	112	0
1527862894.545345000	62.6517	112	1
1527862894.558874000	62.6652	74	0
1527862894.837384000	62.9437	394	1
1527862894.837459000	62.9438	273	1
1527862894.851537000	62.9579	74	0
1527862894.851669000	62.958	74	0
1527862894.944530000	63.0509	288	0
1527862894.944703000	63.051	371	0
1527862894.944734000	63.0511	74	1
1527862894.948475000	63.0548	200	0
1527862894.948578000	63.0549	164	0
1527862894.948595000	63.0549	74	1
1527862894.948809000	63.0551	112	0
1527862894.949044000	63.0554	112	1
1527862894.962390000	63.0687	74	0
1527862895.067254000	63.1736	395	1
1527862895.067310000	63.1736	277	1
1527862895.080373000	63.1867	74	0
1527862895.080527000	63.1869	74	0
1527862895.168105000	63.2744	286	0
1527862895.168281000	63.2746	181	0
1527862895.168309000	63.2746	74	1
1527862895.173462000	63.2798	276	0
1527862895.173600000	63.2799	173	0
1527862895.173624000	63.28	74	1
1527862895.173797000	63.2801	112	0
1527862895.174100000	63.2804	112	1
1527862895.187591000	63.2939	74	0
1527862895.308391000	63.4147	432	1
1527862895.308479000	63.4148	276	1
1527862895.322089000	63.4284	74	0
1527862895.424283000	63.5306	288	0
1527862895.424390000	63.5307	204	0
1527862895.424408000	63.5307	74	1
1527862895.428356000	63.5347	360	0
1527862895.428553000	63.5349	217	0
1527862895.428572000	63.5349	74	1
1527862895.428751000	63.5351	112	0
1527862895.429073000	63.5354	112	1
1527862895.442064000	63.5484	74	0
1527862895.788315000	63.8946	399	1
1527862895.788400000	63.8947	273	1
1527862895.802050000	63.9084	74	0
1527862895.802208000	63.9085	74	0
1527862895.917759000	64.0241	288	0
1527862895.917877000	64.0242	200	0
1527862895.917902000	64.0242	74	1
1527862895.923184000	64.0295	285	0
1527862895.923356000	64.0297	327	0
1527862895.923377000	64.0297	74	1
1527862895.923564000	64.0299	112	0
1527862895.923764000	64.0301	112	1
1527862895.937067000	64.0434	74	0
1527862896.518658000	64.625	398	1
1527862896.518713000	64.625	277	1
1527862896.532476000	64.6388	74	0
1527862896.532615000	64.6389	74	0
1527862896.657708000	64.764	286	0
1527862896.657917000	64.7642	426	0
1527862896.657939000	64.7643	74	1
1527862896.662141000	64.7685	344	0
1527862896.662280000	64.7686	148	0
1527862896.662305000	64.7686	74	1
1527862896.662472000	64.7688	112	0
1527862896.662837000	64.7692	112	1
1527862896.675547000	64.7819	74	0
1527862896.820574000	64.9269	535	1
1527862896.820625000	64.927	276	1
1527862896.834524000	64.9409	74	0
1527862896.834707000	64.941	74	0
1527862896.990195000	65.0965	284	0
1527862896.990376000	65.0967	426	0
1527862896.990407000	65.0967	74	1
1527862896.996962000	65.1033	266	0
1527862896.997731000	65.1041	193	0
1527862896.997754000	65.1041	74	1
1527862896.997924000	65.1043	112	0
1527862896.998232000	65.1046	112	1
1527862897.011188000	65.1175	74	0
1527862897.228410000	65.3347	395	1
1527862897.228460000	65.3348	275	1
1527862897.241520000	65.3478	74	0
1527862897.241632000	65.348	74	0
1527862897.351529000	65.4579	288	0
1527862897.351645000	65.458	234	0
1527862897.351668000	65.458	74	1
1527862897.358054000	65.4644	221	0
1527862897.358479000	65.4648	338	0
1527862897.358502000	65.4648	74	1
1527862897.358598000	65.4649	112	0
1527862897.359015000	65.4653	112	1
1527862897.371453000	65.4778	74	0
1527862897.639698000	65.746	395	1
1527862897.639752000	65.7461	278	1
1527862897.652910000	65.7592	74	0
1527862897.653066000	65.7594	74	0
1527862897.751425000	65.8578	286	0
1527862897.751610000	65.8579	380	0
1527862897.751629000	65.858	74	1
1527862897.755251000	65.8616	138	0
1527862897.755449000	65.8618	339	0
1527862897.755476000	65.8618	74	1
1527862897.755654000	65.862	112	0
1527862897.755957000	65.8623	112	1
1527862897.769264000	65.8756	74	0
1527862897.967431000	66.0738	397	1
1527862897.967518000	66.0738	280	1
1527862897.980745000	66.0871	74	0
1527862897.981718000	66.088	74	0
1527862898.108617000	66.2149	285	0
1527862898.108736000	66.2151	215	0
1527862898.108760000	66.2151	74	1
1527862898.116090000	66.2224	359	0
1527862898.116271000	66.2226	166	0
1527862898.116297000	66.2226	74	1
1527862898.116480000	66.2228	112	0
1527862898.117008000	66.2233	112	1
1527862898.130271000	66.2366	74	0
1527862898.179432000	66.2858	517	1
1527862898.179516000	66.2858	277	1
1527862898.193595000	66.2999	74	0
1527862898.313163000	66.4195	288	0
1527862898.313330000	66.4197	316	0
1527862898.313354000	66.4197	74	1
1527862898.317823000	66.4241	152	0
1527862898.317940000	66.4243	248	0
1527862898.317964000	66.4243	74	1
1527862898.318180000	66.4245	112	0
1527862898.318578000	66.4249	112	1
1527862898.331792000	66.4381	74	0
1527862898.494457000	66.6008	1293	1
1527862898.494507000	66.6008	277	1
1527862898.508833000	66.6152	74	0
1527862898.625239000	66.7316	286	0
1527862898.625404000	66.7317	180	0
1527862898.625440000	66.7318	74	1
1527862898.631413000	66.7377	290	0
1527862898.631511000	66.7378	201	0
1527862898.631537000	66.7379	74	1
1527862898.631735000	66.7381	112	0
1527862898.632155000	66.7385	112	1
1527862898.644619000	66.7509	74	0
1527862898.810626000	66.917	394	1
1527862898.810712000	66.917	277	1
1527862898.824819000	66.9311	74	0
1527862898.946302000	67.0526	285	0
1527862898.946417000	67.0527	329	0
1527862898.946443000	67.0528	74	1
1527862898.951556000	67.0579	323	0
1527862898.951954000	67.0583	348	0
1527862898.951977000	67.0583	74	1
1527862898.952089000	67.0584	112	0
1527862898.952515000	67.0588	112	1
1527862898.965593000	67.0719	74	0
1527862900.108060000	68.2144	393	1
1527862900.108117000	68.2144	277	1
1527862900.121754000	68.2281	74	0
1527862900.121911000	68.2282	74	0
1527862900.215830000	68.3222	286	0
1527862900.215931000	68.3223	219	0
1527862900.215951000	68.3223	74	1
1527862900.225132000	68.3315	173	0
1527862900.225518000	68.3318	268	0
1527862900.225541000	68.3319	74	1
1527862900.225848000	68.3322	112	0
1527862900.226196000	68.3325	112	1
1527862900.239565000	68.3459	74	0
1527862900.511883000	68.6182	394	1
1527862900.511923000	68.6183	277	1
1527862900.525088000	68.6314	74	0
1527862900.525248000	68.6316	74	0
1527862900.626336000	68.7327	288	0
1527862900.627041000	68.7334	388	0
1527862900.627064000	68.7334	74	1
1527862900.636288000	68.7426	239	0
1527862900.636426000	68.7428	302	0
1527862900.636454000	68.7428	74	1
1527862900.636636000	68.743	112	0
1527862900.637038000	68.7434	112	1
1527862900.650336000	68.7567	74	0
1527862945.655571000	113.762	75	1
1527862945.668575000	113.775	86	0
