1527937349.924017000	0	295	1
1527937349.939900000	0.015883	87	0
1527937350.158838000	0.234821	302	0
1527937350.159574000	0.235557	1412	0
1527937350.160356000	0.236339	1412	0
1527937350.161086000	0.237069	1412	0
1527937350.161773000	0.237756	180	0
1527937350.162522000	0.238505	1412	0
1527937350.163239000	0.239222	1412	0
1527937350.163351000	0.239334	116	1
1527937350.164795000	0.240778	1412	0
1527937350.165507000	0.24149	779	0
1527937350.166898000	0.242881	1412	0
1527937350.167096000	0.243079	107	1
1527937350.167650000	0.243633	1412	0
1527937350.168350000	0.244333	694	0
1527937350.169087000	0.24507	1412	0
1527937350.169868000	0.245851	1412	0
1527937350.170648000	0.246631	1412	0
1527937350.171338000	0.247321	188	0
1527937350.174848000	0.250831	107	1
1527937350.198531000	0.274514	101	1
1527937350.204908000	0.280891	1412	0
1527937350.209120000	0.285103	98	1
1527937350.213319000	0.289302	1204	0
1527937350.214045000	0.290028	1412	0
1527937350.214751000	0.290734	1412	0
1527937350.215472000	0.291455	1412	0
1527937350.216156000	0.292139	188	0
1527937350.216907000	0.29289	1412	0
1527937350.217627000	0.29361	1409	0
1527937350.218082000	0.294065	116	1
1527937350.218371000	0.294354	1412	0
1527937350.219075000	0.295058	802	0
1527937350.223332000	0.299315	1412	0
1527937350.224041000	0.300024	1412	0
1527937350.224097000	0.30008	104	1
1527937350.224788000	0.300771	1412	0
1527937350.225477000	0.30146	190	0
1527937350.226230000	0.302213	1412	0
1527937350.226946000	0.302929	1412	0
1527937350.227657000	0.30364	1093	0
1527937350.228114000	0.304097	113	1
1527937350.230309000	0.306292	1412	0
1527937350.231038000	0.307021	1412	0
1527937350.231757000	0.30774	1412	0
1527937350.232439000	0.308422	180	0
1527937350.233190000	0.309173	1412	0
1527937350.233876000	0.309859	164	0
1527937350.234071000	0.310054	113	1
1527937350.234652000	0.310635	1412	0
1527937350.235376000	0.311359	1412	0
1527937350.236094000	0.312077	1412	0
1527937350.236781000	0.312764	188	0
1527937350.237511000	0.313494	791	0
1527937350.238083000	0.314066	110	1
1527937350.239551000	0.315534	1412	0
1527937350.240380000	0.316363	1412	0
1527937350.241113000	0.317096	1412	0
1527937350.241798000	0.317781	188	0
1527937350.242527000	0.31851	689	0
1527937350.243272000	0.319255	110	1
1527937350.606233000	0.682216	320	1
1527937350.606320000	0.682303	1412	1
1527937350.606357000	0.68234	906	1
1527937350.609402000	0.685385	230	1
1527937350.624447000	0.70043	87	0
1527937350.918455000	0.994438	149	1
1527937350.935600000	1.01158	87	0
1527937350.953492000	1.02947	394	0
1527937350.956193000	1.03218	80	0
1527937350.966689000	1.04267	107	1
1527937351.003381000	1.07936	347	0
1527937351.004114000	1.0801	1412	0
1527937351.004836000	1.08082	1412	0
1527937351.005556000	1.08154	1412	0
1527937351.006332000	1.08231	180	0
1527937351.007086000	1.08307	1412	0
1527937351.007198000	1.08318	110	1
1527937351.007806000	1.08379	1412	0
1527937351.008514000	1.0845	1071	0
1527937351.009274000	1.08526	92	0
1527937351.009999000	1.08598	187	0
1527937351.011592000	1.08757	110	1
1527937351.046010000	1.12199	1412	0
1527937351.050330000	1.12631	98	1
1527937351.115362000	1.19134	386	0
1527937351.116085000	1.19207	1115	0
1527937351.119231000	1.19521	92	0
1527937351.119958000	1.19594	336	0
1527937351.122143000	1.19813	107	1
1527937352.600477000	2.67646	246	1
1527937352.617548000	2.69353	87	0
1527937352.968704000	3.04469	256	0
1527937352.969436000	3.04542	1412	0
1527937352.970201000	3.04618	996	0
1527937352.970901000	3.04688	92	0
1527937352.971623000	3.04761	206	0
1527937352.972228000	3.04821	113	1
1527937353.745955000	3.82194	560	1
1527937353.746117000	3.8221	1412	1
1527937353.746165000	3.82215	1412	1
1527937353.746239000	3.82222	1412	1
1527937353.746262000	3.82225	1412	1
1527937353.746285000	3.82227	1412	1
1527937353.746345000	3.82233	1412	1
1527937353.746382000	3.82237	1412	1
1527937353.746426000	3.82241	1412	1
1527937353.746460000	3.82244	1412	1
1527937353.746482000	3.82246	1412	1
1527937353.746544000	3.82253	1412	1
1527937353.746579000	3.82256	1412	1
1527937353.746612000	3.8226	1268	1
1527937353.762517000	3.8385	87	0
1527937353.763668000	3.83965	87	0
1527937354.161446000	4.23743	443	0
1527937354.166516000	4.2425	80	0
1527937354.174506000	4.25049	107	1
1527937355.816485000	5.89247	1086	1
1527937355.816593000	5.89258	1412	1
1527937355.816620000	5.8926	981	1
1527937355.818414000	5.8944	225	1
1527937355.818495000	5.89448	1412	1
1527937355.818534000	5.89452	1412	1
1527937355.818563000	5.89455	758	1
1527937355.831584000	5.90757	165	1
1527937355.835136000	5.91112	87	0
1527937355.847539000	5.92352	87	0
1527937355.847742000	5.92373	101	1
1527937355.861046000	5.93703	94	0
1527937355.864076000	5.94006	87	0
1527937355.864717000	5.9407	107	1
1527937355.934501000	6.01048	393	0
1527937355.938336000	6.01432	80	0
1527937355.939360000	6.01534	101	1
1527937356.061493000	6.13748	514	0
1527937356.062216000	6.1382	339	0
1527937356.098846000	6.17483	504	0
1527937356.101837000	6.17782	104	1
1527937356.108245000	6.18423	101	1
1527937356.111173000	6.18716	250	1
1527937356.124756000	6.20074	87	0
1527937356.129815000	6.2058	87	0
1527937356.486006000	6.56199	872	0
1527937356.486657000	6.56264	1412	0
1527937356.487377000	6.56336	1412	0
1527937356.488114000	6.5641	1412	0
1527937356.488824000	6.56481	180	0
1527937356.489584000	6.56557	1412	0
1527937356.489814000	6.5658	119	1
1527937356.490357000	6.56634	1352	0
1527937356.491090000	6.56707	1412	0
1527937356.491789000	6.56777	1412	0
1527937356.492511000	6.56849	1412	0
1527937356.493197000	6.56918	188	0
1527937356.493773000	6.56976	107	1
1527937356.493933000	6.56992	1217	0
1527937356.497792000	6.57378	101	1
1527937356.539939000	6.61592	1412	0
1527937356.540711000	6.61669	1412	0
1527937356.541434000	6.61742	1412	0
1527937356.542122000	6.6181	198	0
1527937356.542868000	6.61885	1412	0
1527937356.543590000	6.61957	1412	0
1527937356.543752000	6.61974	113	1
1527937356.544337000	6.62032	1412	0
1527937356.545059000	6.62104	1412	0
1527937356.545762000	6.62175	839	0
1527937356.546476000	6.62246	786	0
1527937356.547320000	6.6233	1412	0
1527937356.547794000	6.62378	110	1
1527937356.548039000	6.62402	1412	0
1527937356.548761000	6.62474	1412	0
1527937356.549446000	6.62543	188	0
1527937356.550239000	6.62622	975	0
1527937356.550979000	6.62696	1412	0
1527937356.551700000	6.62768	1412	0
1527937356.551776000	6.62776	110	1
1527937356.552416000	6.6284	1412	0
1527937356.553169000	6.62915	188	0
1527937356.553927000	6.62991	1412	0
1527937356.554610000	6.63059	185	0
1527937356.555359000	6.63134	1412	0
1527937356.556080000	6.63206	1412	0
1527937356.556799000	6.63278	1412	0
1527937356.557483000	6.63347	188	0
1527937356.558226000	6.63421	1197	0
1527937356.558950000	6.63493	1412	0
1527937356.559670000	6.63565	1412	0
1527937356.560437000	6.63642	1412	0
1527937356.561128000	6.63711	188	0
1527937356.562297000	6.63828	966	0
1527937356.563122000	6.63911	1412	0
1527937356.563283000	6.63927	104	1
1527937356.563625000	6.63961	125	1
1527937356.563839000	6.63982	1299	0
1527937356.564544000	6.64053	749	0
1527937356.565288000	6.64127	1412	0
1527937356.566004000	6.64199	1327	0
1527937356.566720000	6.6427	1412	0
1527937356.566841000	6.64282	116	1
1527937356.567440000	6.64342	1412	0
1527937356.568511000	6.64449	352	0
1527937356.569218000	6.6452	165	0
1527937356.570961000	6.64694	107	1
1527937358.981700000	9.05768	511	1
1527937358.981787000	9.05777	294	1
1527937358.983135000	9.05912	302	1
1527937358.983195000	9.05918	1412	1
1527937358.983220000	9.0592	1412	1
1527937358.983250000	9.05923	969	1
1527937358.999653000	9.07564	87	0
1527937359.029420000	9.1054	381	1
1527937359.047762000	9.12374	87	0
1527937359.100834000	9.17682	465	0
1527937359.104893000	9.18088	104	1
1527937359.104933000	9.18092	80	0
1527937359.108886000	9.18487	98	1
1527937359.164756000	9.24074	337	0
1527937359.165491000	9.24147	1400	0
1527937359.166865000	9.24285	513	0
1527937359.167605000	9.24359	592	0
1527937359.168327000	9.24431	635	0
1527937359.168877000	9.24486	110	1
1527937359.169908000	9.24589	467	0
1527937359.170891000	9.24687	697	0
1527937359.172540000	9.24852	484	0
1527937359.173269000	9.24925	835	0
1527937359.173876000	9.24986	107	1
1527937359.174192000	9.25017	649	0
1527937359.175123000	9.25111	519	0
1527937359.176043000	9.25203	439	0
1527937359.177031000	9.25301	701	0
1527937359.177897000	9.25388	107	1
1527937359.178148000	9.25413	616	0
1527937359.179152000	9.25514	558	0
1527937359.180154000	9.25614	654	0
1527937359.180942000	9.25693	583	0
1527937359.181674000	9.25766	689	0
1527937359.181887000	9.25787	110	1
1527937359.196093000	9.27208	330	0
1527937359.196784000	9.27277	103	0
1527937359.198145000	9.27413	112	0
1527937359.200905000	9.27689	104	1
1527937359.217761000	9.29374	92	0
1527937359.218546000	9.29453	304	0
1527937359.221906000	9.29789	101	1
1527937360.013195000	10.0892	485	1
1527937360.013274000	10.0893	94	1
1527937360.032051000	10.108	87	0
1527937360.181299000	10.2573	258	0
1527937360.182071000	10.2581	366	0
1527937360.183124000	10.2591	248	0
1527937360.184952000	10.2609	107	1
1527937360.958736000	11.0347	396	1
1527937360.958812000	11.0348	109	1
1527937360.970909000	11.0469	302	1
1527937360.974236000	11.0502	476	1
1527937360.974304000	11.0503	87	1
1527937360.975523000	11.0515	87	0
1527937360.988075000	11.0641	87	0
1527937360.992209000	11.0682	87	0
1527937361.156470000	11.2325	306	0
1527937361.157168000	11.2332	140	0
1527937361.159311000	11.2353	92	0
1527937361.159996000	11.236	113	1
1527937361.160028000	11.236	235	0
1527937361.164032000	11.24	98	1
1527937361.348426000	11.4244	290	0
1527937361.349125000	11.4251	151	0
1527937361.351848000	11.4278	92	0
1527937361.352052000	11.428	104	1
1527937361.352589000	11.4286	221	0
1527937361.356003000	11.432	98	1
1527937361.396825000	11.4728	244	0
1527937361.397497000	11.4735	103	0
1527937361.399956000	11.4759	92	0
1527937361.400741000	11.4767	283	0
1527937361.401217000	11.4772	107	1
1527937361.419696000	11.4957	392	1
1527937361.419772000	11.4958	262	1
1527937361.436075000	11.5121	87	0
1527937361.931059000	12.007	369	1
1527937361.931181000	12.0072	1412	1
1527937361.931206000	12.0072	1412	1
1527937361.931228000	12.0072	1412	1
1527937361.931292000	12.0073	1412	1
1527937361.931314000	12.0073	1412	1
1527937361.931355000	12.0073	1412	1
1527937361.931391000	12.0074	1412	1
1527937361.931420000	12.0074	1412	1
1527937361.931458000	12.0074	1412	1
1527937361.931509000	12.0075	1412	1
1527937361.931554000	12.0075	1412	1
1527937361.931601000	12.0076	1412	1
1527937361.931624000	12.0076	1412	1
1527937361.931646000	12.0076	1412	1
1527937361.933046000	12.009	1412	1
1527937361.933077000	12.0091	1412	1
1527937361.933119000	12.0091	1412	1
1527937361.933171000	12.0092	1412	1
1527937361.933193000	12.0092	1412	1
1527937361.933290000	12.0093	1412	1
1527937361.933365000	12.0093	1412	1
1527937361.933387000	12.0094	1412	1
1527937361.935030000	12.011	1412	1
1527937361.935058000	12.011	1412	1
1527937361.935099000	12.0111	1412	1
1527937361.935132000	12.0111	1412	1
1527937361.935168000	12.0112	1412	1
1527937361.935204000	12.0112	1412	1
1527937361.935238000	12.0112	1412	1
1527937361.935274000	12.0113	1412	1
1527937361.935323000	12.0113	1412	1
1527937361.937030000	12.013	1412	1
1527937361.937079000	12.0131	1412	1
1527937361.937113000	12.0131	735	1
1527937361.949984000	12.026	87	0
1527937361.951523000	12.0275	87	0
1527937361.954068000	12.0301	87	0
1527937361.955698000	12.0317	87	0
1527937361.958717000	12.0347	87	0
1527937362.012670000	12.0887	289	0
1527937362.013313000	12.0893	146	0
1527937362.015826000	12.0918	92	0
1527937362.016097000	12.0921	122	1
1527937362.016574000	12.0926	224	0
1527937362.020054000	12.096	98	1
1527937362.096798000	12.1728	386	1
1527937362.097434000	12.1734	396	1
1527937362.113055000	12.189	87	0
1527937362.128360000	12.2043	477	1
1527937362.137513000	12.2135	373	0
1527937362.141066000	12.217	101	1
1527937362.141809000	12.2178	80	0
1527937362.145056000	12.221	98	1
1527937362.146109000	12.2221	87	0
1527937362.197963000	12.2739	1215	1
1527937362.198046000	12.274	261	1
1527937362.215504000	12.2915	87	0
1527937362.266761000	12.3427	234	0
1527937362.267494000	12.3435	279	0
1527937362.269488000	12.3455	92	0
1527937362.270279000	12.3463	276	0
1527937362.271080000	12.3471	113	1
1527937362.383238000	12.4592	554	0
1527937362.383967000	12.4599	801	0
1527937362.386249000	12.4622	92	0
1527937362.386975000	12.463	228	0
1527937362.387135000	12.4631	107	1
1527937362.469469000	12.5455	310	0
1527937362.470232000	12.5462	118	0
1527937362.473092000	12.5491	101	1
1527937362.474512000	12.5505	92	0
1527937362.475205000	12.5512	261	0
1527937362.478099000	12.5541	101	1
1527937362.586915000	12.6629	337	0
1527937362.587563000	12.6635	146	0
1527937362.588293000	12.6643	92	0
1527937362.589066000	12.665	199	0
1527937362.591157000	12.6671	107	1
1527937362.857427000	12.9334	387	1
1527937362.857517000	12.9335	261	1
1527937362.874190000	12.9502	87	0
1527937363.230234000	13.3062	303	0
1527937363.230934000	13.3069	146	0
1527937363.232246000	13.3082	92	0
1527937363.232969000	13.309	168	0
1527937363.234130000	13.3101	110	1
1527937363.330643000	13.4066	392	1
1527937363.330716000	13.4067	259	1
1527937363.347400000	13.4234	87	0
1527937363.436493000	13.5125	232	0
1527937363.437143000	13.5131	146	0
1527937363.438809000	13.5148	92	0
1527937363.439532000	13.5155	244	0
1527937363.440127000	13.5161	110	1
1527937363.544638000	13.6206	532	1
1527937363.544714000	13.6207	255	1
1527937363.562451000	13.6384	87	0
1527937363.698440000	13.7744	234	0
1527937363.699163000	13.7751	146	0
1527937363.701055000	13.777	92	0
1527937363.701781000	13.7778	155	0
1527937363.702209000	13.7782	110	1
1527937364.075514000	14.1515	393	1
1527937364.075575000	14.1516	263	1
1527937364.092461000	14.1684	87	0
1527937364.457867000	14.5338	254	0
1527937364.458563000	14.5345	146	0
1527937364.460582000	14.5366	92	0
1527937364.461307000	14.5373	96	0
1527937364.462174000	14.5382	110	1
1527937364.730255000	14.8062	391	1
1527937364.730342000	14.8063	260	1
1527937364.748058000	14.824	87	0
1527937364.838461000	14.9144	278	0
1527937364.839167000	14.9152	146	0
1527937364.841283000	14.9173	92	0
1527937364.842013000	14.918	305	0
1527937364.842411000	14.9184	110	1
1527937365.140593000	15.2166	387	1
1527937365.140672000	15.2167	263	1
1527937365.167228000	15.2432	87	0
1527937365.548323000	15.6243	258	0
1527937365.549018000	15.625	146	0
1527937365.550818000	15.6268	92	0
1527937365.551570000	15.6276	237	0
1527937365.552252000	15.6282	110	1
1527937365.626483000	15.7025	394	1
1527937365.626557000	15.7025	254	1
1527937365.643233000	15.7192	87	0
1527937366.006357000	16.0823	286	0
1527937366.007083000	16.0831	148	0
1527937366.009288000	16.0853	92	0
1527937366.010003000	16.086	171	0
1527937366.010528000	16.0865	110	1
1527937368.894932000	18.9709	387	1
1527937368.895030000	18.971	261	1
1527937368.911604000	18.9876	87	0
1527937369.273426000	19.3494	258	0
1527937369.274057000	19.35	148	0
1527937369.276198000	19.3522	92	0
1527937369.276986000	19.353	105	0
1527937369.277564000	19.3535	110	1
1527937369.350395000	19.4264	419	1
1527937369.350478000	19.4265	278	1
1527937369.367417000	19.4434	87	0
1527937369.726109000	19.8021	234	0
1527937369.726788000	19.8028	148	0
1527937369.729198000	19.8052	92	0
1527937369.729504000	19.8055	107	1
1527937369.729946000	19.8059	204	0
1527937369.733547000	19.8095	98	1
1527937369.842939000	19.9189	494	1
1527937369.843001000	19.919	258	1
1527937369.860007000	19.936	87	0
1527937369.949448000	20.0254	257	0
1527937369.950185000	20.0262	148	0
1527937369.952654000	20.0286	92	0
1527937369.953373000	20.0294	90	0
1527937369.953623000	20.0296	110	1
1527937370.190017000	20.266	490	1
1527937370.190086000	20.2661	258	1
1527937370.206886000	20.2829	87	0
1527937370.564950000	20.6409	235	0
1527937370.565652000	20.6416	148	0
1527937370.567918000	20.6439	92	0
1527937370.568531000	20.6445	107	1
1527937370.568740000	20.6447	135	0
1527937370.572566000	20.6485	98	1
1527937370.680988000	20.757	1214	1
1527937370.681082000	20.7571	259	1
1527937370.697682000	20.7737	87	0
1527937370.790128000	20.8661	232	0
1527937370.790856000	20.8668	148	0
1527937370.792951000	20.8689	92	0
1527937370.793565000	20.8695	107	1
1527937370.793693000	20.8697	265	0
1527937370.797555000	20.8735	98	1
1527937370.892486000	20.9685	391	1
1527937370.892601000	20.9686	310	1
1527937370.910264000	20.9862	87	0
1527937371.268800000	21.3448	257	0
1527937371.269505000	21.3455	148	0
1527937371.271576000	21.3476	92	0
1527937371.272299000	21.3483	155	0
1527937371.272790000	21.3488	110	1
1527937371.440944000	21.5169	533	1
1527937371.441035000	21.517	370	1
1527937371.457704000	21.5337	87	0
1527937371.567642000	21.6436	304	0
1527937371.568311000	21.6443	148	0
1527937371.571575000	21.6476	92	0
1527937371.571667000	21.6477	104	1
1527937371.572331000	21.6483	237	0
1527937371.575703000	21.6517	101	1
1527937376.925563000	27.0015	392	1
1527937376.925624000	27.0016	255	1
1527937376.941264000	27.0172	87	0
1527937377.330584000	27.4066	399	0
1527937377.331220000	27.4072	148	0
1527937377.333531000	27.4095	92	0
1527937377.334122000	27.4101	107	1
1527937377.334263000	27.4102	88	0
1527937377.338176000	27.4142	98	1
1527937377.445043000	27.521	393	1
1527937377.445125000	27.5211	260	1
1527937377.462703000	27.5387	87	0
1527937377.553797000	27.6298	232	0
1527937377.554517000	27.6305	148	0
1527937377.557055000	27.633	92	0
1527937377.557161000	27.6331	104	1
1527937377.557732000	27.6337	229	0
1527937377.561154000	27.6371	101	1
1527937377.850550000	27.9265	388	1
1527937377.850612000	27.9266	255	1
1527937377.869188000	27.9452	87	0
1527937377.977524000	28.0535	255	0
1527937377.978228000	28.0542	148	0
1527937377.980557000	28.0565	92	0
1527937377.981161000	28.0571	107	1
1527937377.981280000	28.0573	317	0
1527937377.985155000	28.0611	98	1
1527937378.090904000	28.1669	392	1
1527937378.090993000	28.167	256	1
1527937378.107743000	28.1837	87	0
1527937378.467702000	28.5437	232	0
1527937378.468346000	28.5443	148	0
1527937378.471072000	28.5471	92	0
1527937378.471298000	28.5473	107	1
1527937378.471744000	28.5477	101	0
1527937378.475247000	28.5512	98	1
1527937378.511201000	28.5872	388	1
1527937378.511304000	28.5873	258	1
1527937378.530385000	28.6064	87	0
1527937378.887476000	28.9635	300	0
1527937378.888123000	28.9641	148	0
1527937378.890676000	28.9667	92	0
1527937378.891252000	28.9672	107	1
1527937378.891363000	28.9673	175	0
1527937378.895282000	28.9713	98	1
1527937380.619741000	30.6957	399	1
1527937380.619809000	30.6958	255	1
1527937380.636151000	30.7121	87	0
1527937381.004185000	31.0802	257	0
1527937381.004818000	31.0808	148	0
1527937381.007227000	31.0832	92	0
1527937381.007895000	31.0839	193	0
1527937381.008395000	31.0844	110	1
1527937381.098474000	31.1745	402	1
1527937381.098565000	31.1745	258	1
1527937381.114641000	31.1906	87	0
1527937381.477474000	31.5535	266	0
1527937381.478173000	31.5542	148	0
1527937381.480194000	31.5562	92	0
1527937381.480970000	31.557	322	0
1527937381.481337000	31.5573	110	1
1527937381.539418000	31.6154	491	1
1527937381.539482000	31.6155	256	1
1527937381.557340000	31.6333	87	0
1527937381.930421000	32.0064	255	0
1527937381.931132000	32.0071	148	0
1527937381.933228000	32.0092	92	0
1527937381.933932000	32.0099	142	0
1527937381.934363000	32.0103	110	1
1527937382.045608000	32.1216	489	1
1527937382.045703000	32.1217	255	1
1527937382.066573000	32.1426	87	0
1527937382.429241000	32.5052	234	0
1527937382.429912000	32.5059	148	0
1527937382.432981000	32.509	92	0
1527937382.433470000	32.5095	107	1
1527937382.433663000	32.5096	279	0
1527937382.437463000	32.5134	98	1
1527937382.473636000	32.5496	1213	1
1527937382.473723000	32.5497	256	1
1527937382.490663000	32.5666	87	0
1527937382.849301000	32.9253	231	0
1527937382.849992000	32.926	148	0
1527937382.852176000	32.9282	92	0
1527937382.852904000	32.9289	334	0
1527937382.853432000	32.9294	110	1
1527937383.094208000	33.1702	390	1
1527937383.094283000	33.1703	258	1
1527937383.110720000	33.1867	87	0
1527937383.469535000	33.5455	254	0
1527937383.470330000	33.5463	148	0
1527937383.473245000	33.5492	92	0
1527937383.473524000	33.5495	107	1
1527937383.473995000	33.55	142	0
1527937383.477469000	33.5535	98	1
1527937383.479620000	33.5556	387	1
1527937383.479697000	33.5557	255	1
1527937383.497125000	33.5731	87	0
1527937383.500371000	33.5764	87	0
1527937383.588639000	33.6646	232	0
1527937383.589277000	33.6653	148	0
1527937383.591506000	33.6675	92	0
1527937383.592229000	33.6682	290	0
1527937383.592486000	33.6685	113	1
1527937383.748713000	33.8247	530	1
1527937383.748778000	33.8248	257	1
1527937383.765081000	33.8411	87	0
1527937383.900832000	33.9768	255	0
1527937383.901472000	33.9775	148	0
1527937383.903538000	33.9795	92	0
1527937383.904265000	33.9802	93	0
1527937383.904501000	33.9805	110	1
1527937384.135887000	34.2119	391	1
1527937384.135953000	34.2119	255	1
1527937384.157055000	34.233	87	0
1527937384.518571000	34.5946	302	0
1527937384.519209000	34.5952	148	0
1527937384.522098000	34.5981	92	0
1527937384.522617000	34.5986	107	1
1527937384.522920000	34.5989	264	0
1527937384.526578000	34.6026	98	1
1527937384.776027000	34.852	388	1
1527937384.776100000	34.8521	256	1
1527937384.792199000	34.8682	87	0
1527937384.888789000	34.9648	399	0
1527937384.889429000	34.9654	148	0
1527937384.891033000	34.967	92	0
1527937384.891760000	34.9677	269	0
1527937384.892546000	34.9685	110	1
1527937385.244277000	35.3203	389	1
1527937385.244362000	35.3203	257	1
1527937385.261208000	35.3372	87	0
1527937385.630573000	35.7066	231	0
1527937385.631229000	35.7072	148	0
1527937385.633947000	35.7099	92	0
1527937385.634575000	35.7106	107	1
1527937385.634696000	35.7107	179	0
1527937385.638625000	35.7146	98	1
1527937385.843925000	35.9199	391	1
1527937385.844008000	35.92	256	1
1527937385.862224000	35.9382	87	0
1527937386.004017000	36.08	255	0
1527937386.004657000	36.0806	148	0
1527937386.006878000	36.0829	92	0
1527937386.007715000	36.0837	107	1
1527937386.008314000	36.0843	288	0
1527937386.011702000	36.0877	98	1
1527937386.436000000	36.512	391	1
1527937386.436073000	36.5121	259	1
1527937386.452811000	36.5288	87	0
1527937387.057181000	37.1332	254	0
1527937387.057830000	37.1338	148	0
1527937387.059933000	37.1359	92	0
1527937387.060674000	37.1367	107	1
1527937387.060706000	37.1367	159	0
1527937387.064732000	37.1407	98	1
1527937387.199549000	37.2755	413	1
1527937387.199643000	37.2756	257	1
1527937387.216377000	37.2924	87	0
1527937387.306205000	37.3822	277	0
1527937387.306847000	37.3828	148	0
1527937387.308910000	37.3849	92	0
1527937387.309621000	37.3856	296	0
1527937387.309681000	37.3857	107	1
1527937387.313746000	37.3897	98	1
1527937387.974851000	38.0508	489	1
1527937387.974926000	38.0509	259	1
1527937387.991761000	38.0677	87	0
1527937388.355976000	38.432	255	0
1527937388.356617000	38.4326	148	0
1527937388.358780000	38.4348	92	0
1527937388.359451000	38.4354	108	0
1527937388.359894000	38.4359	110	1
1527937388.411025000	38.487	488	1
1527937388.411100000	38.4871	256	1
1527937388.427906000	38.5039	87	0
1527937388.788171000	38.8642	263	0
1527937388.788798000	38.8648	148	0
1527937388.791661000	38.8676	92	0
1527937388.791879000	38.8679	107	1
1527937388.792417000	38.8684	306	0
1527937388.795831000	38.8718	98	1
1527937388.880861000	38.9568	1211	1
1527937388.880951000	38.9569	257	1
1527937388.898071000	38.9741	87	0
1527937389.264117000	39.3401	255	0
1527937389.264773000	39.3408	337	0
1527937389.267877000	39.3439	104	1
1527937389.351028000	39.427	388	1
1527937389.351089000	39.4271	256	1
1527937389.369954000	39.4459	87	0
1527937389.374744000	39.4507	87	0
1527937389.754176000	39.8302	235	0
1527937389.754817000	39.8308	148	0
1527937389.757076000	39.8331	92	0
1527937389.757794000	39.8338	163	0
1527937389.757815000	39.8338	110	1
1527937389.761911000	39.8379	98	1
1527937389.936898000	40.0129	389	1
1527937389.936951000	40.0129	256	1
1527937389.953642000	40.0296	87	0
1527937390.026968000	40.103	442	1
1527937390.027031000	40.103	1412	1
1527937390.027071000	40.1031	1412	1
1527937390.027124000	40.1031	1412	1
1527937390.027143000	40.1031	542	1
1527937390.044614000	40.1206	87	0
1527937390.128840000	40.2048	410	0
1527937390.132509000	40.2085	80	0
1527937390.133083000	40.2091	107	1
1527937390.319071000	40.3951	234	0
1527937390.319707000	40.3957	148	0
1527937390.322833000	40.3988	92	0
1527937390.322911000	40.3989	101	1
1527937390.323574000	40.3996	208	0
1527937390.326925000	40.4029	101	1
1527937390.487999000	40.564	389	1
1527937390.488064000	40.564	256	1
1527937390.501814000	40.5778	100	0
1527937390.504193000	40.5802	87	0
1527937390.505916000	40.5819	101	1
1527937390.596787000	40.6728	234	0
1527937390.600957000	40.6769	98	1
1527937390.613560000	40.6895	148	0
1527937390.614228000	40.6902	92	0
1527937390.614942000	40.6909	179	0
1527937390.616933000	40.6929	104	1
1527937390.946785000	41.0228	392	1
1527937390.946871000	41.0229	257	1
1527937390.963220000	41.0392	87	0
1527937391.323752000	41.3997	326	0
1527937391.324392000	41.4004	148	0
1527937391.326443000	41.4024	92	0
1527937391.327183000	41.4032	138	0
1527937391.327935000	41.4039	110	1
1527937391.424397000	41.5004	388	1
1527937391.424464000	41.5004	257	1
1527937391.441076000	41.5171	87	0
1527937391.802660000	41.8786	377	0
1527937391.803301000	41.8793	148	0
1527937391.805840000	41.8818	92	0
1527937391.806534000	41.8825	197	0
1527937391.806986000	41.883	110	1
1527937391.865745000	41.9417	392	1
1527937391.865818000	41.9418	258	1
1527937391.882274000	41.9583	87	0
1527937392.022492000	42.0985	258	0
1527937392.023137000	42.0991	148	0
1527937392.025515000	42.1015	92	0
1527937392.026021000	42.102	107	1
1527937392.026278000	42.1023	233	0
1527937392.030017000	42.106	98	1
1527937392.076082000	42.1521	392	1
1527937392.076164000	42.1521	256	1
1527937392.092794000	42.1688	87	0
1527937392.185170000	42.2612	233	0
1527937392.185836000	42.2618	148	0
1527937392.187994000	42.264	92	0
1527937392.188763000	42.2647	189	0
1527937392.188978000	42.265	110	1
1527937392.605547000	42.6815	388	1
1527937392.605614000	42.6816	256	1
1527937392.622730000	42.6987	87	0
1527937392.981902000	43.0579	256	0
1527937392.982536000	43.0585	148	0
1527937392.984955000	43.0609	92	0
1527937392.986076000	43.0621	107	1
1527937392.986357000	43.0623	274	0
1527937392.990018000	43.066	98	1
1527937392.996508000	43.0725	413	1
1527937392.996599000	43.0726	256	1
1527937393.013123000	43.0891	87	0
1527937393.373338000	43.4493	279	0
1527937393.374006000	43.45	148	0
1527937393.376146000	43.4521	92	0
1527937393.376942000	43.4529	293	0
1527937393.377201000	43.4532	110	1
1527937393.584336000	43.6603	493	1
1527937393.584432000	43.6604	259	1
1527937393.601600000	43.6776	87	0
1527937393.739102000	43.8151	235	0
1527937393.739770000	43.8158	148	0
1527937393.742756000	43.8187	92	0
1527937393.743096000	43.8191	107	1
1527937393.743427000	43.8194	107	0
1527937393.747153000	43.8231	98	1
1527937393.920744000	43.9967	490	1
1527937393.920836000	43.9968	257	1
1527937393.940361000	44.0163	87	0
1527937394.309865000	44.3858	258	0
1527937394.310573000	44.3866	148	0
1527937394.313015000	44.389	92	0
1527937394.313680000	44.3897	189	0
1527937394.314140000	44.3901	110	1
1527937394.349158000	44.4251	1213	1
1527937394.349232000	44.4252	259	1
1527937394.366218000	44.4422	87	0
1527937394.726453000	44.8024	265	0
1527937394.727153000	44.8031	148	0
1527937394.729213000	44.8052	92	0
1527937394.730004000	44.806	190	0
1527937394.730231000	44.8062	110	1
1527937394.956479000	45.0325	387	1
1527937394.956571000	45.0326	256	1
1527937394.973333000	45.0493	87	0
1527937395.107263000	45.1832	258	0
1527937395.107946000	45.1839	148	0
1527937395.110508000	45.1865	92	0
1527937395.111135000	45.1871	107	1
1527937395.111235000	45.1872	250	0
1527937395.115156000	45.1911	98	1
1527937395.305388000	45.3814	389	1
1527937395.305448000	45.3814	256	1
1527937395.323183000	45.3992	87	0
1527937395.415037000	45.491	232	0
1527937395.415667000	45.4917	148	0
1527937395.417845000	45.4938	92	0
1527937395.418568000	45.4946	132	0
1527937395.419132000	45.4951	110	1
1527937395.765546000	45.8415	387	1
1527937395.765636000	45.8416	259	1
1527937395.782646000	45.8586	87	0
1527937396.226854000	46.3028	256	0
1527937396.227491000	46.3035	148	0
1527937396.230381000	46.3064	92	0
1527937396.231177000	46.3072	222	0
1527937396.231223000	46.3072	107	1
1527937396.235242000	46.3112	98	1
1527937397.306758000	47.3827	528	1
1527937397.306853000	47.3828	256	1
1527937397.321531000	47.3975	100	0
1527937397.325085000	47.4011	98	1
1527937397.415753000	47.4917	256	0
1527937397.416454000	47.4924	148	0
1527937397.418583000	47.4946	92	0
1527937397.419285000	47.4953	97	0
1527937397.420090000	47.4961	107	1
1527937397.602277000	47.6783	388	1
1527937397.602363000	47.6783	256	1
1527937397.619931000	47.6959	87	0
1527937397.977890000	48.0539	256	0
1527937397.978527000	48.0545	148	0
1527937397.981224000	48.0572	92	0
1527937397.981962000	48.0579	243	0
1527937397.982167000	48.0582	110	1
1527937398.530615000	48.6066	388	1
1527937398.530682000	48.6067	258	1
1527937398.557648000	48.6336	87	0
1527937398.918256000	48.9942	326	0
1527937398.918938000	48.9949	148	0
1527937398.920746000	48.9967	92	0
1527937398.921405000	48.9974	173	0
1527937398.922160000	48.9981	110	1
1527937399.349493000	49.4255	388	1
1527937399.349553000	49.4255	256	1
1527937399.366239000	49.4422	87	0
1527937399.456541000	49.5325	377	0
1527937399.457184000	49.5332	148	0
1527937399.459771000	49.5358	92	0
1527937399.460224000	49.5362	107	1
1527937399.460522000	49.5365	183	0
1527937399.464216000	49.5402	98	1
1527937399.702678000	49.7787	393	1
1527937399.702743000	49.7787	256	1
1527937399.721140000	49.7971	87	0
1527937400.093244000	50.1692	256	0
1527937400.093893000	50.1699	148	0
1527937400.096512000	50.1725	92	0
1527937400.097231000	50.1732	135	0
1527937400.097327000	50.1733	107	1
1527937400.101248000	50.1772	98	1
1527937400.207338000	50.2833	388	1
1527937400.207425000	50.2834	256	1
1527937400.226174000	50.3022	87	0
1527937400.586872000	50.6629	233	0
1527937400.587573000	50.6636	148	0
1527937400.589009000	50.665	92	0
1527937400.589736000	50.6657	188	0
1527937400.590307000	50.6663	110	1
1527937400.738752000	50.8147	417	1
1527937400.738844000	50.8148	257	1
1527937400.755411000	50.8314	87	0
1527937401.112948000	51.1889	255	0
1527937401.113589000	51.1896	148	0
1527937401.116013000	51.192	92	0
1527937401.116665000	51.1926	234	0
1527937401.117325000	51.1933	110	1
1527937401.194354000	51.2703	493	1
1527937401.194441000	51.2704	220	1
1527937401.211299000	51.2873	87	0
1527937401.304187000	51.3802	277	0
1527937401.304835000	51.3808	148	0
1527937401.306306000	51.3823	92	0
1527937401.307092000	51.3831	312	0
1527937401.308274000	51.3843	110	1
1527937405.838721000	55.9147	468	1
1527937405.838804000	55.9148	1412	1
1527937405.838829000	55.9148	1412	1
1527937405.838851000	55.9148	1412	1
1527937405.838911000	55.9149	1076	1
1527937405.856954000	55.9329	87	0
1527937406.034157000	56.1101	1149	1
1527937406.034248000	56.1102	260	1
1527937406.060281000	56.1363	87	0
1527937406.060997000	56.137	412	0
1527937406.062038000	56.138	80	0
1527937406.064542000	56.1405	107	1
1527937406.154074000	56.2301	267	0
1527937406.154759000	56.2307	148	0
1527937406.156487000	56.2325	92	0
1527937406.157225000	56.2332	252	0
1527937406.157618000	56.2336	107	1
1527937406.505492000	56.5815	392	1
1527937406.505586000	56.5816	263	1
1527937406.521650000	56.5976	87	0
1527937406.880776000	56.9568	256	0
1527937406.881415000	56.9574	148	0
1527937406.883964000	56.9599	92	0
1527937406.884624000	56.9606	107	1
1527937406.884665000	56.9606	120	0
1527937406.888637000	56.9646	98	1
1527937407.023006000	57.099	388	1
1527937407.023097000	57.0991	260	1
1527937407.043455000	57.1194	87	0
1527937407.403892000	57.4799	236	0
1527937407.404546000	57.4805	148	0
1527937407.406284000	57.4823	92	0
1527937407.407006000	57.483	168	0
1527937407.407627000	57.4836	110	1
1527937407.441108000	57.5171	534	1
1527937407.441197000	57.5172	562	1
1527937407.457977000	57.534	87	0
1527937407.820733000	57.8967	235	0
1527937407.821497000	57.8975	148	0
1527937407.823512000	57.8995	92	0
1527937407.824228000	57.9002	103	0
1527937407.824723000	57.9007	110	1
1527937410.617244000	60.6932	389	1
1527937410.617310000	60.6933	257	1
1527937410.634579000	60.7106	87	0
1527937410.725231000	60.8012	256	0
1527937410.725896000	60.8019	148	0
1527937410.727901000	60.8039	92	0
1527937410.728630000	60.8046	175	0
1527937410.729600000	60.8056	110	1
1527937411.034749000	61.1107	391	1
1527937411.034813000	61.1108	259	1
1527937411.051467000	61.1274	87	0
1527937411.412211000	61.4882	255	0
1527937411.412914000	61.4889	148	0
1527937411.414184000	61.4902	92	0
1527937411.414908000	61.4909	337	0
1527937411.415625000	61.4916	110	1
1527937411.471607000	61.5476	307	1
1527937411.488500000	61.5645	87	0
1527937411.506686000	61.5827	321	1
1527937411.506764000	61.5827	259	1
1527937411.523706000	61.5997	87	0
1527937411.615323000	61.6913	303	0
1527937411.616051000	61.692	148	0
1527937411.618330000	61.6943	92	0
1527937411.618710000	61.6947	110	1
1527937411.619148000	61.6951	259	0
1527937411.622690000	61.6987	98	1
1527937411.890195000	61.9662	533	0
1527937411.890886000	61.9669	1412	0
1527937411.891620000	61.9676	994	0
1527937411.893689000	61.9697	104	1
1527937411.907832000	61.9838	92	0
1527937411.908544000	61.9845	268	0
1527937411.911836000	61.9878	101	1
1527937411.988842000	62.0648	391	1
1527937411.988906000	62.0649	258	1
1527937412.005188000	62.0812	87	0
1527937412.054560000	62.1305	193	1
1527937412.072311000	62.1483	87	0
1527937412.369409000	62.4454	304	0
1527937412.370109000	62.4461	148	0
1527937412.372690000	62.4487	92	0
1527937412.373346000	62.4493	138	0
1527937412.373765000	62.4497	113	1
1527937412.449080000	62.5251	231	0
1527937412.449761000	62.5257	1412	0
1527937412.450537000	62.5265	996	0
1527937412.451260000	62.5272	92	0
1527937412.451988000	62.528	235	0
1527937412.452722000	62.5287	110	1
1527937412.942263000	63.0182	391	1
1527937412.942323000	63.0183	257	1
1527937412.959424000	63.0354	87	0
1527937413.048991000	63.125	304	0
1527937413.049637000	63.1256	148	0
1527937413.052450000	63.1284	92	0
1527937413.052732000	63.1287	107	1
1527937413.053150000	63.1291	150	0
1527937413.056791000	63.1328	98	1
1527937413.159120000	63.2351	490	1
1527937413.159211000	63.2352	259	1
1527937413.175535000	63.2515	87	0
1527937413.372366000	63.4483	403	1
1527937413.372465000	63.4484	1412	1
1527937413.372502000	63.4485	1412	1
1527937413.372530000	63.4485	1412	1
1527937413.372560000	63.4485	240	1
1527937413.390459000	63.4664	87	0
1527937413.533602000	63.6096	233	0
1527937413.534285000	63.6103	148	0
1527937413.536773000	63.6128	92	0
1527937413.537505000	63.6135	188	0
1527937413.537824000	63.6138	113	1
1527937413.640295000	63.7163	392	1
1527937413.640387000	63.7164	376	1
1527937413.657957000	63.7339	87	0
1527937413.742918000	63.8189	392	0
1527937413.746854000	63.8228	101	1
1527937413.747323000	63.8233	80	0
1527937413.750818000	63.8268	98	1
1527937414.015188000	64.0912	298	0
1527937414.015838000	64.0918	148	0
1527937414.017957000	64.0939	92	0
1527937414.018761000	64.0947	315	0
1527937414.018844000	64.0948	104	1
1527937414.022832000	64.0988	98	1
1527937415.570501000	65.6465	1211	1
1527937415.570558000	65.6465	257	1
1527937415.589135000	65.6651	87	0
1527937415.998699000	66.0747	259	0
1527937415.999344000	66.0753	148	0
1527937416.001785000	66.0778	92	0
1527937416.002440000	66.0784	212	0
1527937416.002877000	66.0789	110	1
1527937416.157071000	66.2331	390	1
1527937416.157169000	66.2332	258	1
1527937416.174407000	66.2504	87	0
1527937416.534527000	66.6105	236	0
1527937416.535169000	66.6112	148	0
1527937416.537703000	66.6137	92	0
1527937416.537952000	66.6139	107	1
1527937416.538399000	66.6144	296	0
1527937416.541978000	66.618	98	1
1527937416.597682000	66.6737	533	1
1527937416.597752000	66.6737	256	1
1527937416.614214000	66.6902	87	0
1527937416.707259000	66.7832	235	0
1527937416.707952000	66.7839	148	0
1527937416.709680000	66.7857	92	0
1527937416.710463000	66.7864	108	0
1527937416.710997000	66.787	110	1
1527937416.808762000	66.8847	389	1
1527937416.808849000	66.8848	257	1
1527937416.825953000	66.9019	87	0
1527937417.184338000	67.2603	258	0
1527937417.185018000	67.261	148	0
1527937417.187104000	67.2631	92	0
1527937417.187847000	67.2638	262	0
1527937417.188061000	67.264	110	1
1527937417.295452000	67.3714	389	1
1527937417.295527000	67.3715	256	1
1527937417.311864000	67.3878	87	0
1527937417.670450000	67.7464	303	0
1527937417.671096000	67.7471	148	0
1527937417.673173000	67.7492	92	0
1527937417.673963000	67.7499	267	0
1527937417.674002000	67.75	107	1
1527937417.678051000	67.754	98	1
1527937418.149883000	68.2259	391	1
1527937418.149957000	68.2259	220	1
1527937418.167229000	68.2432	87	0
1527937418.257319000	68.3333	259	0
1527937418.257997000	68.334	148	0
1527937418.260508000	68.3365	92	0
1527937418.261230000	68.3372	206	0
1527937418.261279000	68.3373	107	1
1527937418.265247000	68.3412	98	1
1527937418.919205000	68.9952	370	1
1527937418.919301000	68.9953	1412	1
1527937418.919325000	68.9953	1412	1
1527937418.919352000	68.9953	1349	1
1527937418.937838000	69.0138	87	0
1527937419.290491000	69.3665	445	0
1527937419.294312000	69.3703	101	1
1527937419.294928000	69.3709	80	0
1527937419.298284000	69.3743	98	1
1527937421.922483000	71.9985	371	1
1527937421.922595000	71.9986	1412	1
1527937421.922632000	71.9986	1412	1
1527937421.922666000	71.9986	1412	1
1527937421.922701000	71.9987	1412	1
1527937421.922724000	71.9987	1412	1
1527937421.922785000	71.9988	1412	1
1527937421.922808000	71.9988	1412	1
1527937421.922830000	71.9988	1412	1
1527937421.922876000	71.9989	1412	1
1527937421.922910000	71.9989	1412	1
1527937421.922946000	71.9989	1412	1
1527937421.922993000	71.999	1412	1
1527937421.923016000	71.999	1412	1
1527937421.923037000	71.999	962	1
1527937421.940216000	72.0162	87	0
1527937421.942581000	72.0186	87	0
1527937422.056669000	72.1327	364	1
1527937422.056733000	72.1327	256	1
1527937422.073826000	72.1498	87	0
1527937422.166006000	72.242	351	0
1527937422.166733000	72.2427	148	0
1527937422.167889000	72.2439	92	0
1527937422.169340000	72.2453	282	0
1527937422.169496000	72.2455	110	1
1527937422.305517000	72.3815	373	0
1527937422.309540000	72.3855	98	1
1527937422.310094000	72.3861	80	0
1527937422.313448000	72.3894	98	1
1527937422.315531000	72.3915	387	1
1527937422.315575000	72.3916	256	1
1527937422.332754000	72.4087	87	0
1527937422.694727000	72.7707	278	0
1527937422.695368000	72.7714	148	0
1527937422.697514000	72.7735	92	0
1527937422.698253000	72.7742	242	0
1527937422.698479000	72.7745	110	1
1527937422.917802000	72.9938	493	1
1527937422.917894000	72.9939	261	1
1527937422.933796000	73.0098	87	0
1527937423.030308000	73.1063	256	0
1527937423.031011000	73.107	148	0
1527937423.032471000	73.1085	92	0
1527937423.033210000	73.1092	99	0
1527937423.034482000	73.1105	110	1
1527937423.231765000	73.3077	388	1
1527937423.231863000	73.3078	256	1
1527937423.247490000	73.3235	87	0
1527937423.608074000	73.6841	265	0
1527937423.608713000	73.6847	148	0
1527937423.611382000	73.6874	92	0
1527937423.611642000	73.6876	107	1
1527937423.612057000	73.688	194	0
1527937423.615576000	73.6916	98	1
1527937424.314485000	74.3905	488	1
1527937424.314573000	74.3906	256	1
1527937424.331198000	74.4072	87	0
1527937424.700043000	74.776	256	0
1527937424.700763000	74.7767	148	0
1527937424.702641000	74.7786	92	0
1527937424.703307000	74.7793	192	0
1527937424.703969000	74.78	110	1
1527937424.732663000	74.8086	1214	1
1527937424.732750000	74.8087	259	1
1527937424.750822000	74.8268	87	0
1527937425.144601000	75.2206	256	0
1527937425.145233000	75.2212	148	0
1527937425.147909000	75.2239	92	0
1527937425.148031000	75.224	104	1
1527937425.148640000	75.2246	321	0
1527937425.152060000	75.228	101	1
1527937425.467465000	75.5434	388	1
1527937425.467532000	75.5435	256	1
1527937425.484833000	75.5608	87	0
1527937425.573771000	75.6498	236	0
1527937425.574401000	75.6504	148	0
1527937425.576514000	75.6525	92	0
1527937425.577233000	75.6532	230	0
1527937425.578114000	75.6541	110	1
1527937425.744314000	75.8203	533	1
1527937425.744404000	75.8204	256	1
1527937425.762098000	75.8381	87	0
1527937426.125708000	76.2017	258	0
1527937426.126418000	76.2024	148	0
1527937426.128511000	76.2045	92	0
1527937426.129233000	76.2052	143	0
1527937426.130068000	76.2061	110	1
1527937426.285785000	76.3618	388	1
1527937426.285882000	76.3619	259	1
1527937426.302800000	76.3788	87	0
1527937426.691904000	76.7679	305	0
1527937426.692537000	76.7685	148	0
1527937426.694109000	76.7701	92	0
1527937426.694789000	76.7708	295	0
1527937426.696163000	76.7721	110	1
1527937426.704070000	76.7801	388	1
1527937426.704154000	76.7801	256	1
1527937426.720577000	76.7966	87	0
1527937426.813117000	76.8891	232	0
1527937426.813749000	76.8897	148	0
1527937426.816371000	76.8924	92	0
1527937426.817134000	76.8931	103	0
1527937426.817181000	76.8932	107	1
1527937426.821128000	76.8971	98	1
1527937426.929282000	77.0053	387	1
1527937426.929377000	77.0054	256	1
1527937426.946680000	77.0227	87	0
1527937427.311117000	77.3871	255	0
1527937427.311800000	77.3878	148	0
1527937427.314113000	77.3901	92	0
1527937427.314849000	77.3908	187	0
1527937427.315310000	77.3913	110	1
1527937428.298666000	78.3746	390	1
1527937428.298820000	78.3748	257	1
1527937428.316354000	78.3923	87	0
1527937428.701678000	78.7777	304	0
1527937428.702307000	78.7783	148	0
1527937428.704434000	78.7804	92	0
1527937428.705146000	78.7811	289	0
1527937428.705573000	78.7816	110	1
1527937428.786529000	78.8625	388	1
1527937428.786623000	78.8626	256	1
1527937428.803868000	78.8799	87	0
1527937429.167273000	79.2433	351	0
1527937429.167959000	79.2439	148	0
1527937429.170201000	79.2462	92	0
1527937429.170939000	79.2469	248	0
1527937429.171436000	79.2474	110	1
1527937429.341044000	79.417	386	1
1527937429.341130000	79.4171	257	1
1527937429.357176000	79.4332	87	0
1527937429.723576000	79.7996	235	0
1527937429.724280000	79.8003	158	0
1527937429.724996000	79.801	227	0
1527937429.727527000	79.8035	107	1
1527937429.831584000	79.9076	414	1
1527937429.831664000	79.9076	259	1
1527937429.848317000	79.9243	87	0
1527937430.209908000	80.2859	256	0
1527937430.210673000	80.2867	148	0
1527937430.213414000	80.2894	92	0
1527937430.213545000	80.2895	104	1
1527937430.214089000	80.2901	263	0
1527937430.217486000	80.2935	101	1
1527937430.431444000	80.5074	493	1
1527937430.431535000	80.5075	258	1
1527937430.447965000	80.5239	87	0
1527937430.538346000	80.6143	279	0
1527937430.539021000	80.615	148	0
1527937430.541500000	80.6175	92	0
1527937430.542162000	80.6181	283	0
1527937430.542556000	80.6185	110	1
1527937431.018788000	81.0948	388	1
1527937431.018844000	81.0948	256	1
1527937431.035562000	81.1115	87	0
1527937431.399846000	81.4758	258	0
1527937431.400544000	81.4765	148	0
1527937431.403570000	81.4796	92	0
1527937431.403655000	81.4796	104	1
1527937431.404296000	81.4803	131	0
1527937431.407602000	81.4836	101	1
1527937431.723063000	81.799	490	1
1527937431.723129000	81.7991	258	1
1527937431.739554000	81.8155	87	0
1527937431.829326000	81.9053	264	0
1527937431.830074000	81.9061	148	0
1527937431.832595000	81.9086	92	0
1527937431.833266000	81.9092	303	0
1527937431.833715000	81.9097	110	1
1527937432.457332000	82.5333	1211	1
1527937432.457407000	82.5334	257	1
1527937432.477586000	82.5536	87	0
1527937432.566345000	82.6423	259	0
1527937432.567034000	82.643	148	0
1527937432.569226000	82.6452	92	0
1527937432.570695000	82.6467	107	1
1527937432.570711000	82.6467	326	0
1527937432.574692000	82.6507	98	1
1527937432.865182000	82.9412	393	1
1527937432.865276000	82.9413	259	1
1527937432.882507000	82.9585	87	0
1527937433.246178000	83.3222	256	0
1527937433.246876000	83.3229	148	0
1527937433.249723000	83.3257	92	0
1527937433.249738000	83.3257	104	1
1527937433.250522000	83.3265	292	0
1527937433.253708000	83.3297	101	1
1527937433.494343000	83.5703	528	1
1527937433.494436000	83.5704	257	1
1527937433.511423000	83.5874	87	0
1527937433.601196000	83.6772	233	0
1527937433.601841000	83.6778	148	0
1527937433.603920000	83.6799	92	0
1527937433.604707000	83.6807	329	0
1527937433.604760000	83.6807	107	1
1527937433.608733000	83.6847	98	1
1527937433.880280000	83.9563	388	1
1527937433.880354000	83.9563	257	1
1527937433.897267000	83.9733	87	0
1527937434.289034000	84.365	258	0
1527937434.289672000	84.3657	148	0
1527937434.292328000	84.3683	92	0
1527937434.292716000	84.3687	107	1
1527937434.293089000	84.3691	126	0
1527937434.296765000	84.3727	98	1
1527937434.473898000	84.5499	389	1
1527937434.473992000	84.55	258	1
1527937434.495643000	84.5716	87	0
1527937434.586711000	84.6627	305	0
1527937434.587351000	84.6633	148	0
1527937434.588829000	84.6648	92	0
1527937434.589553000	84.6655	225	0
1527937434.590788000	84.6668	110	1
1527937434.898113000	84.9741	393	1
1527937434.898206000	84.9742	260	1
1527937434.914781000	84.9908	87	0
1527937435.004401000	85.0804	256	0
1527937435.005074000	85.0811	148	0
1527937435.007687000	85.0837	92	0
1527937435.008418000	85.0844	338	0
1527937435.008898000	85.0849	110	1
1527937435.504024000	85.58	388	1
1527937435.504110000	85.5801	258	1
1527937435.520995000	85.597	87	0
1527937435.610676000	85.6867	235	0
1527937435.611325000	85.6873	148	0
1527937435.613433000	85.6894	92	0
1527937435.614843000	85.6908	211	0
1527937435.614890000	85.6909	107	1
1527937435.618841000	85.6948	98	1
1527937435.736356000	85.8123	388	1
1527937435.736445000	85.8124	259	1
1527937435.760239000	85.8362	87	0
1527937435.765230000	85.8412	87	0
1527937435.851419000	85.9274	279	0
1527937435.852063000	85.928	148	0
1527937435.854234000	85.9302	92	0
1527937435.854865000	85.9308	110	1
1527937435.854902000	85.9309	163	0
1527937435.858885000	85.9349	98	1
1527937436.215434000	86.2914	388	1
1527937436.215529000	86.2915	258	1
1527937436.231855000	86.3078	87	0
1527937436.320762000	86.3967	351	0
1527937436.321404000	86.3974	148	0
1527937436.323791000	86.3998	92	0
1527937436.324513000	86.4005	214	0
1527937436.324996000	86.401	110	1
1527937436.557048000	86.633	413	1
1527937436.557143000	86.6331	258	1
1527937436.574458000	86.6504	87	0
1527937436.667529000	86.7435	232	0
1527937436.668176000	86.7442	148	0
1527937436.671933000	86.7479	104	1
1527937436.672879000	86.7489	92	0
1527937436.673686000	86.7497	276	0
1527937436.676903000	86.7529	101	1
1527937436.893065000	86.969	492	1
1527937436.893162000	86.9691	258	1
1527937436.910280000	86.9863	87	0
1527937437.071412000	87.1474	256	0
1527937437.072054000	87.148	148	0
1527937437.074769000	87.1508	92	0
1527937437.074986000	87.151	107	1
1527937437.075521000	87.1515	286	0
1527937437.078925000	87.1549	98	1
1527937437.307343000	87.3833	391	1
1527937437.307437000	87.3834	261	1
1527937437.323341000	87.3993	87	0
1527937437.414770000	87.4908	281	0
1527937437.415465000	87.4914	148	0
1527937437.418136000	87.4941	92	0
1527937437.418857000	87.4948	167	0
1527937437.418876000	87.4949	107	1
1527937437.422884000	87.4989	98	1
1527937437.734218000	87.8102	489	1
1527937437.734309000	87.8103	258	1
1527937437.751313000	87.8273	87	0
1527937437.842949000	87.9189	233	0
1527937437.843660000	87.9196	148	0
1527937437.846950000	87.9229	92	0
1527937437.847028000	87.923	104	1
1527937437.847692000	87.9237	243	0
1527937437.850905000	87.9269	101	1
1527937438.061346000	88.1373	1212	1
1527937438.061406000	88.1374	260	1
1527937438.078961000	88.1549	87	0
1527937438.168976000	88.245	256	0
1527937438.169615000	88.2456	148	0
1527937438.172544000	88.2485	92	0
1527937438.172996000	88.249	107	1
1527937438.173856000	88.2498	295	0
1527937438.177993000	88.254	98	1
1527937438.442055000	88.518	388	1
1527937438.442128000	88.5181	258	1
1527937438.460910000	88.5369	87	0
1527937438.551281000	88.6273	265	0
1527937438.551988000	88.628	148	0
1527937438.554476000	88.6305	92	0
1527937438.555016000	88.631	107	1
1527937438.555195000	88.6312	91	0
1527937438.559014000	88.635	98	1
1527937439.096295000	89.1723	528	1
1527937439.096393000	89.1724	258	1
1527937439.113594000	89.1896	87	0
1527937439.232657000	89.3086	256	0
1527937439.233357000	89.3093	148	0
1527937439.235367000	89.3114	92	0
1527937439.236114000	89.3121	250	0
1527937439.237001000	89.313	110	1
1527937439.360546000	89.4365	391	1
1527937439.360607000	89.4366	259	1
1527937439.377239000	89.4532	87	0
1527937439.467043000	89.543	235	0
1527937439.467730000	89.5437	148	0
1527937439.470567000	89.5466	92	0
1527937439.471068000	89.5471	107	1
1527937439.471263000	89.5472	125	0
1527937439.475098000	89.5511	98	1
1527937440.348432000	90.4244	389	1
1527937440.348491000	90.4245	258	1
1527937440.367107000	90.4431	87	0
1527937440.458944000	90.5349	255	0
1527937440.459593000	90.5356	148	0
1527937440.461566000	90.5375	92	0
1527937440.462291000	90.5383	88	0
1527937440.463079000	90.5391	110	1
1527937440.572374000	90.6484	387	1
1527937440.572439000	90.6484	258	1
1527937440.589285000	90.6653	87	0
1527937440.682484000	90.7585	236	0
1527937440.683131000	90.7591	148	0
1527937440.684736000	90.7607	92	0
1527937440.685391000	90.7614	270	0
1527937440.686062000	90.762	110	1
1527937441.307384000	91.3834	390	1
1527937441.307474000	91.3835	258	1
1527937441.324569000	91.4006	87	0
1527937441.334213000	91.4102	87	0
1527937441.423275000	91.4993	326	0
1527937441.423984000	91.5	148	0
1527937441.425417000	91.5014	92	0
1527937441.426155000	91.5021	267	0
1527937441.427138000	91.5031	113	1
1527937441.780438000	91.8564	388	1
1527937441.780504000	91.8565	258	1
1527937441.798669000	91.8747	87	0
1527937441.891412000	91.9674	258	0
1527937441.892108000	91.9681	148	0
1527937441.893569000	91.9696	92	0
1527937441.894325000	91.9703	113	0
1527937441.895151000	91.9711	110	1
1527937442.074320000	92.1503	389	1
1527937442.074408000	92.1504	258	1
1527937442.092025000	92.168	87	0
1527937442.182711000	92.2587	278	0
1527937442.183370000	92.2594	148	0
1527937442.186196000	92.2622	92	0
1527937442.186229000	92.2622	104	1
1527937442.186920000	92.2629	336	0
1527937442.190218000	92.2662	101	1
1527937442.409264000	92.4852	413	1
1527937442.409362000	92.4853	258	1
1527937442.429730000	92.5057	87	0
1527937442.517629000	92.5936	278	0
1527937442.518288000	92.5943	148	0
1527937442.521215000	92.5972	92	0
1527937442.521286000	92.5973	104	1
1527937442.521978000	92.598	104	0
1527937442.525267000	92.6012	101	1
1527937442.772548000	92.8485	493	1
1527937442.772624000	92.8486	260	1
1527937442.789415000	92.8654	87	0
1527937442.880436000	92.9564	306	0
1527937442.881080000	92.9571	148	0
1527937442.883595000	92.9596	92	0
1527937442.884261000	92.9602	107	1
1527937442.884267000	92.9603	287	0
1527937442.888186000	92.9642	98	1
1527937443.096386000	93.1724	391	1
1527937443.096483000	93.1725	258	1
1527937443.113629000	93.1896	87	0
1527937443.213817000	93.2898	235	0
1527937443.214450000	93.2904	148	0
1527937443.217231000	93.2932	104	1
1527937443.218161000	93.2941	92	0
1527937443.218940000	93.2949	107	0
1527937443.222261000	93.2982	101	1
1527937443.399389000	93.4754	489	1
1527937443.399456000	93.4754	258	1
1527937443.416161000	93.4921	87	0
1527937443.534924000	93.6109	235	0
1527937443.535580000	93.6116	148	0
1527937443.538363000	93.6143	92	0
1527937443.539159000	93.6151	318	0
1527937443.539274000	93.6153	107	1
1527937443.543285000	93.6193	98	1
1527937445.307785000	95.3838	1213	1
1527937445.307860000	95.3838	259	1
1527937445.324608000	95.4006	87	0
1527937445.415649000	95.4916	302	0
1527937445.416294000	95.4923	148	0
1527937445.418656000	95.4946	92	0
1527937445.419199000	95.4952	107	1
1527937445.419419000	95.4954	261	0
1527937445.423188000	95.4992	98	1
1527937445.795500000	95.8715	388	1
1527937445.795560000	95.8715	260	1
1527937445.811905000	95.8879	87	0
1527937445.905247000	95.9812	256	0
1527937445.905940000	95.9819	148	0
1527937445.908125000	95.9841	92	0
1527937445.908837000	95.9848	143	0
1527937445.909256000	95.9852	110	1
1527937446.093407000	96.1694	528	1
1527937446.093481000	96.1695	259	1
1527937446.110590000	96.1866	87	0
1527937446.206616000	96.2826	267	0
1527937446.207252000	96.2832	148	0
1527937446.209665000	96.2856	92	0
1527937446.210236000	96.2862	107	1
1527937446.210400000	96.2864	227	0
1527937446.214227000	96.2902	98	1
1527937446.497612000	96.5736	389	1
1527937446.497705000	96.5737	258	1
1527937446.514612000	96.5906	87	0
1527937446.604271000	96.6803	235	0
1527937446.604964000	96.6809	148	0
1527937446.606855000	96.6828	92	0
1527937446.607595000	96.6836	125	0
1527937446.608204000	96.6842	110	1
1527937446.941341000	97.0173	388	1
1527937446.941426000	97.0174	260	1
1527937446.959239000	97.0352	87	0
1527937447.050924000	97.1269	255	0
1527937447.051584000	97.1276	148	0
1527937447.053313000	97.1293	92	0
1527937447.054109000	97.1301	275	0
1527937447.055228000	97.1312	110	1
1527937448.289790000	98.3658	387	1
1527937448.289854000	98.3658	258	1
1527937448.306109000	98.3821	87	0
1527937448.412864000	98.4888	258	0
1527937448.413566000	98.4895	148	0
1527937448.415272000	98.4913	92	0
1527937448.416346000	98.4923	107	1
1527937448.416814000	98.4928	276	0
1527937448.420289000	98.4963	98	1
1527937448.592700000	98.6687	389	1
1527937448.592764000	98.6687	258	1
1527937448.608842000	98.6848	87	0
1527937448.699200000	98.7752	233	0
1527937448.701621000	98.7776	148	0
1527937448.703120000	98.7791	92	0
1527937448.703367000	98.7794	107	1
1527937448.703774000	98.7798	336	0
1527937448.707309000	98.7833	98	1
1527937448.937439000	99.0134	388	1
1527937448.937536000	99.0135	258	1
1527937448.953970000	99.03	87	0
1527937449.044091000	99.1201	326	0
1527937449.044785000	99.1208	148	0
1527937449.047139000	99.1231	92	0
1527937449.047860000	99.1238	138	0
1527937449.048309000	99.1243	110	1
1527937449.512590000	99.5886	388	1
1527937449.512674000	99.5887	258	1
1527937449.530782000	99.6068	87	0
1527937449.622051000	99.698	232	0
1527937449.622700000	99.6987	148	0
1527937449.625337000	99.7013	92	0
1527937449.625393000	99.7014	104	1
1527937449.626077000	99.7021	205	0
1527937449.629419000	99.7054	101	1
1527937450.099775000	100.176	416	1
1527937450.099867000	100.176	259	1
1527937450.116677000	100.193	87	0
1527937450.207095000	100.283	302	0
1527937450.207756000	100.284	148	0
1527937450.210456000	100.286	92	0
1527937450.211167000	100.287	186	0
1527937450.211389000	100.287	110	1
1527937450.663848000	100.74	490	1
1527937450.663942000	100.74	258	1
1527937450.681389000	100.757	87	0
1527937451.045998000	101.122	305	0
1527937451.046639000	101.123	148	0
1527937451.049505000	101.125	104	1
1527937451.049747000	101.126	92	0
1527937451.050591000	101.127	308	0
1527937451.053505000	101.129	101	1
1527937451.130522000	101.207	390	1
1527937451.130608000	101.207	259	1
1527937451.147216000	101.223	87	0
1527937451.236250000	101.312	283	0
1527937451.236943000	101.313	148	0
1527937451.238888000	101.315	92	0
1527937451.239554000	101.316	311	0
1527937451.240484000	101.316	110	1
1527937451.466667000	101.543	492	1
1527937451.466769000	101.543	258	1
1527937451.484284000	101.56	87	0
1527937451.600246000	101.676	232	0
1527937451.600977000	101.677	148	0
1527937451.603312000	101.679	92	0
1527937451.604531000	101.681	107	1
1527937451.604762000	101.681	152	0
1527937451.608543000	101.685	98	1
1527937451.819546000	101.896	1214	1
1527937451.819606000	101.896	261	1
1527937451.837068000	101.913	87	0
1527937451.932129000	102.008	258	0
1527937451.933277000	102.009	148	0
1527937451.934066000	102.01	92	0
1527937451.935522000	102.012	273	0
1527937451.936490000	102.012	110	1
1527937451.964135000	102.04	258	0
1527937451.967540000	102.044	98	1
1527937452.948032000	103.024	389	1
1527937452.948115000	103.024	258	1
1527937452.965040000	103.041	87	0
1527937453.083467000	103.159	302	0
1527937453.084120000	103.16	148	0
1527937453.085791000	103.162	92	0
1527937453.086584000	103.163	248	0
1527937453.087560000	103.164	110	1
1527937453.391396000	103.467	528	1
1527937453.391463000	103.467	258	1
1527937453.408751000	103.485	87	0
1527937453.513391000	103.589	236	0
1527937453.514031000	103.59	148	0
1527937453.516864000	103.593	92	0
1527937453.517613000	103.594	284	0
1527937453.517650000	103.594	107	1
1527937453.521628000	103.598	98	1
1527937453.960204000	104.036	390	1
1527937453.960291000	104.036	259	1
1527937453.976657000	104.053	87	0
1527937454.070618000	104.147	287	0
1527937454.071278000	104.147	148	0
1527937454.073559000	104.15	92	0
1527937454.074236000	104.15	254	0
1527937454.074658000	104.151	110	1
1527937455.145239000	105.221	387	1
1527937455.145306000	105.221	258	1
1527937455.163082000	105.239	87	0
1527937455.252004000	105.328	258	0
1527937455.252654000	105.329	148	0
1527937455.255178000	105.331	92	0
1527937455.255741000	105.332	107	1
1527937455.255830000	105.332	161	0
1527937455.259751000	105.336	98	1
1527937455.479054000	105.555	393	1
1527937455.479115000	105.555	260	1
1527937455.496498000	105.572	87	0
1527937455.502455000	105.578	87	0
1527937455.589569000	105.666	235	0
1527937455.590273000	105.666	148	0
1527937455.593233000	105.669	92	0
1527937455.593758000	105.67	110	1
1527937455.594033000	105.67	285	0
1527937455.597757000	105.674	98	1
1527937456.026674000	106.103	389	1
1527937456.026755000	106.103	259	1
1527937456.042838000	106.119	87	0
1527937456.133615000	106.21	259	0
1527937456.134256000	106.21	148	0
1527937456.136788000	106.213	92	0
1527937456.137502000	106.213	167	0
1527937456.137922000	106.214	110	1
1527937456.499918000	106.576	390	1
1527937456.499993000	106.576	258	1
1527937456.516561000	106.593	87	0
1527937456.621540000	106.698	235	0
1527937456.622225000	106.698	148	0
1527937456.624777000	106.701	92	0
1527937456.625439000	106.701	197	0
1527937456.625899000	106.702	110	1
1527937456.713958000	106.79	388	1
1527937456.714023000	106.79	258	1
1527937456.730399000	106.806	87	0
1527937456.846744000	106.923	303	0
1527937456.847415000	106.923	148	0
1527937456.849616000	106.926	92	0
1527937456.850349000	106.926	231	0
1527937456.850753000	106.927	110	1
1527937456.966903000	107.043	414	1
1527937456.966998000	107.043	260	1
1527937456.984075000	107.06	87	0
1527937457.099730000	107.176	259	0
1527937457.100435000	107.176	148	0
1527937457.103040000	107.179	92	0
1527937457.103821000	107.18	271	0
1527937457.103908000	107.18	107	1
1527937457.107834000	107.184	98	1
1527937457.441114000	107.517	492	1
1527937457.441190000	107.517	258	1
1527937457.458070000	107.534	87	0
1527937457.549737000	107.626	279	0
1527937457.550441000	107.626	148	0
1527937457.553178000	107.629	92	0
1527937457.553843000	107.63	145	0
1527937457.553912000	107.63	107	1
1527937457.557835000	107.634	98	1
1527937457.766068000	107.842	388	1
1527937457.766166000	107.842	258	1
1527937457.782517000	107.859	87	0
1527937457.874664000	107.951	304	0
1527937457.875323000	107.951	148	0
1527937457.876875000	107.953	92	0
1527937457.877688000	107.954	219	0
1527937457.878833000	107.955	110	1
1527937458.060032000	108.136	490	1
1527937458.060098000	108.136	260	1
1527937458.078290000	108.154	87	0
1527937458.168267000	108.244	285	0
1527937458.168968000	108.245	148	0
1527937458.171423000	108.247	92	0
1527937458.171910000	108.248	107	1
1527937458.172889000	108.249	298	0
1527937458.176903000	108.253	98	1
1527937458.743772000	108.82	1216	1
1527937458.743866000	108.82	258	1
1527937458.763505000	108.839	87	0
1527937458.853610000	108.93	235	0
1527937458.854260000	108.93	148	0
1527937458.856919000	108.933	92	0
1527937458.857592000	108.934	251	0
1527937458.857987000	108.934	110	1
1527937458.997210000	109.073	389	1
1527937458.997301000	109.073	260	1
1527937459.013860000	109.09	87	0
1527937459.105538000	109.182	258	0
1527937459.106165000	109.182	148	0
1527937459.108280000	109.184	92	0
1527937459.108904000	109.185	107	1
1527937459.109028000	109.185	148	0
1527937459.112935000	109.189	98	1
1527937459.302199000	109.378	528	1
1527937459.302266000	109.378	258	1
1527937459.319263000	109.395	87	0
1527937459.410417000	109.486	233	0
1527937459.411055000	109.487	148	0
1527937459.412854000	109.489	92	0
1527937459.413583000	109.49	335	0
1527937459.414066000	109.49	110	1
1527937459.546082000	109.622	388	1
1527937459.546179000	109.622	258	1
1527937459.562715000	109.639	87	0
1527937459.652517000	109.729	281	0
1527937459.653214000	109.729	148	0
1527937459.655302000	109.731	92	0
1527937459.655944000	109.732	107	1
1527937459.656052000	109.732	301	0
1527937459.659955000	109.736	98	1
1527937459.811185000	109.887	389	1
1527937459.811248000	109.887	258	1
1527937459.827103000	109.903	87	0
1527937459.925025000	110.001	256	0
1527937459.925728000	110.002	358	0
1527937459.929016000	110.005	104	1
1527937460.275470000	110.351	391	1
1527937460.275561000	110.352	259	1
1527937460.291791000	110.368	87	0
1527937460.400045000	110.476	264	0
1527937460.400770000	110.477	148	0
1527937460.403094000	110.479	92	0
1527937460.403809000	110.48	102	0
1527937460.403963000	110.48	110	1
1527937460.612139000	110.688	391	1
1527937460.612230000	110.688	260	1
1527937460.628984000	110.705	87	0
1527937460.724537000	110.801	233	0
1527937460.725196000	110.801	148	0
1527937460.727003000	110.803	92	0
1527937460.727728000	110.804	128	0
1527937460.728210000	110.804	110	1
1527937461.031541000	111.108	388	1
1527937461.031608000	111.108	259	1
1527937461.049250000	111.125	87	0
1527937461.152075000	111.228	256	0
1527937461.152800000	111.229	148	0
1527937461.155273000	111.231	92	0
1527937461.156054000	111.232	201	0
1527937461.156131000	111.232	107	1
1527937461.160079000	111.236	98	1
1527937461.389512000	111.465	388	1
1527937461.389574000	111.466	258	1
1527937461.408244000	111.484	87	0
1527937461.497089000	111.573	233	0
1527937461.497748000	111.574	148	0
1527937461.500202000	111.576	92	0
1527937461.500999000	111.577	174	0
1527937461.501070000	111.577	107	1
1527937461.505086000	111.581	98	1
1527937462.430755000	112.507	414	1
1527937462.430850000	112.507	260	1
1527937462.447328000	112.523	87	0
1527937462.566768000	112.643	256	0
1527937462.567411000	112.643	148	0
1527937462.569984000	112.646	92	0
1527937462.570287000	112.646	107	1
1527937462.570664000	112.647	194	0
1527937462.574331000	112.65	98	1
1527937463.006518000	113.083	490	1
1527937463.006586000	113.083	258	1
1527937463.023930000	113.1	87	0
1527937463.113293000	113.189	326	0
1527937463.113972000	113.19	148	0
1527937463.117055000	113.193	92	0
1527937463.117312000	113.193	107	1
1527937463.117748000	113.194	290	0
1527937463.121344000	113.197	98	1
1527937463.252164000	113.328	387	1
1527937463.252261000	113.328	259	1
1527937463.269952000	113.346	87	0
1527937463.369172000	113.445	233	0
1527937463.369892000	113.446	148	0
1527937463.372096000	113.448	92	0
1527937463.372742000	113.449	103	0
1527937463.373365000	113.449	110	1
1527937463.718822000	113.795	489	1
1527937463.718887000	113.795	258	1
1527937463.734933000	113.811	87	0
1527937464.094801000	114.171	302	0
1527937464.095430000	114.171	148	0
1527937464.098286000	114.174	92	0
1527937464.098500000	114.174	107	1
1527937464.099021000	114.175	228	0
1527937464.102466000	114.178	98	1
1527937464.143525000	114.22	1211	1
1527937464.143587000	114.22	259	1
1527937464.161963000	114.238	87	0
1527937464.251764000	114.328	281	0
1527937464.252406000	114.328	148	0
1527937464.255011000	114.331	92	0
1527937464.255449000	114.331	107	1
1527937464.255814000	114.332	258	0
1527937464.259450000	114.335	98	1
1527937464.620684000	114.697	391	1
1527937464.620749000	114.697	258	1
1527937464.638895000	114.715	87	0
1527937464.730464000	114.806	285	0
1527937464.731153000	114.807	148	0
1527937464.732606000	114.809	92	0
1527937464.733344000	114.809	252	0
1527937464.734424000	114.81	110	1
1527937465.196721000	115.273	528	1
1527937465.196811000	115.273	258	1
1527937465.213260000	115.289	87	0
1527937465.303443000	115.379	258	0
1527937465.304083000	115.38	148	0
1527937465.306699000	115.383	92	0
1527937465.307434000	115.383	203	0
1527937465.307507000	115.383	107	1
1527937465.311512000	115.387	98	1
1527937465.488792000	115.565	388	1
1527937465.488858000	115.565	258	1
1527937465.505120000	115.581	87	0
1527937465.595887000	115.672	233	0
1527937465.596525000	115.673	148	0
1527937465.598811000	115.675	92	0
1527937465.599499000	115.675	221	0
1527937465.599545000	115.676	107	1
1527937465.603533000	115.68	98	1
1527937465.823822000	115.9	388	1
1527937465.823912000	115.9	260	1
1527937465.840008000	115.916	87	0
1527937465.932244000	116.008	305	0
1527937465.932932000	116.009	148	0
1527937465.935517000	116.012	92	0
1527937465.936239000	116.012	240	0
1527937465.936475000	116.012	110	1
