1527936455.492896000	0	207	1
1527936455.510444000	0.0175478	87	0
1527936455.933639000	0.440743	304	0
1527936455.934358000	0.441462	1412	0
1527936455.935081000	0.442185	1412	0
1527936455.935814000	0.442918	1412	0
1527936455.936496000	0.4436	180	0
1527936455.936879000	0.443983	113	1
1527936455.937270000	0.444374	1412	0
1527936455.938000000	0.445104	1412	0
1527936455.938731000	0.445835	1412	0
1527936455.939434000	0.446538	835	0
1527936455.939927000	0.447031	107	1
1527936455.940363000	0.447467	1412	0
1527936455.941088000	0.448192	1412	0
1527936455.941792000	0.448896	694	0
1527936455.942933000	0.450037	104	1
1527936455.943405000	0.450509	1412	0
1527936455.944222000	0.451326	1412	0
1527936455.944946000	0.45205	1412	0
1527936455.945632000	0.452736	188	0
1527936455.945943000	0.453047	107	1
1527936455.987348000	0.494452	94	0
1527936455.988091000	0.495195	1192	0
1527936455.989317000	0.496421	1412	0
1527936455.989869000	0.496973	104	1
1527936455.990041000	0.497145	1412	0
1527936455.990765000	0.497869	1412	0
1527936455.991456000	0.49856	188	0
1527936455.992584000	0.499688	1412	0
1527936455.992890000	0.499994	104	1
1527936455.993395000	0.500499	1409	0
1527936455.995880000	0.502984	101	1
1527936455.997687000	0.504791	1412	0
1527936455.998404000	0.505508	1412	0
1527936455.999124000	0.506228	1412	0
1527936455.999817000	0.506921	182	0
1527936456.000568000	0.507672	1412	0
1527936456.001288000	0.508392	1412	0
1527936456.002010000	0.509114	1412	0
1527936456.002800000	0.509904	1412	0
1527936456.003508000	0.510612	490	0
1527936456.004439000	0.511543	107	1
1527936456.005065000	0.512169	1412	0
1527936456.005788000	0.512892	1412	0
1527936456.006519000	0.513623	1412	0
1527936456.006893000	0.513997	119	1
1527936456.007365000	0.514469	190	0
1527936456.008117000	0.515221	1412	0
1527936456.008812000	0.515916	154	0
1527936456.009629000	0.516733	1412	0
1527936456.009908000	0.517012	107	1
1527936456.010350000	0.517454	1412	0
1527936456.011138000	0.518242	1412	0
1527936456.011836000	0.51894	200	0
1527936456.012570000	0.519674	789	0
1527936456.012929000	0.520033	107	1
1527936456.014252000	0.521356	1412	0
1527936456.014976000	0.52208	1412	0
1527936456.015712000	0.522816	1412	0
1527936456.016389000	0.523493	188	0
1527936456.016903000	0.524007	107	1
1527936456.017145000	0.524249	667	0
1527936456.017862000	0.524966	232	0
1527936456.019907000	0.527011	101	1
1527936456.406474000	0.913578	390	1
1527936456.406553000	0.913657	1412	1
1527936456.406576000	0.91368	906	1
1527936456.413755000	0.920859	218	1
1527936456.424047000	0.931151	87	0
1527936456.430414000	0.937518	87	0
1527936456.655848000	1.16295	166	1
1527936456.673142000	1.18025	87	0
1527936456.788766000	1.29587	396	0
1527936456.792024000	1.29913	101	1
1527936456.792767000	1.29987	80	0
1527936456.795935000	1.30304	98	1
1527936456.812657000	1.31976	313	0
1527936456.813404000	1.32051	1412	0
1527936456.814128000	1.32123	1412	0
1527936456.814851000	1.32195	1412	0
1527936456.815538000	1.32264	180	0
1527936456.816121000	1.32323	110	1
1527936456.816313000	1.32342	1412	0
1527936456.817042000	1.32415	1412	0
1527936456.817754000	1.32486	1071	0
1527936456.818457000	1.32556	378	0
1527936456.819195000	1.3263	1114	0
1527936456.819287000	1.32639	107	1
1527936456.819886000	1.32699	92	0
1527936456.820608000	1.32771	251	0
1527936456.821319000	1.32842	92	0
1527936456.822046000	1.32915	218	0
1527936456.823321000	1.33043	110	1
1527936457.193987000	1.70109	396	1
1527936457.210618000	1.71772	87	0
1527936457.230699000	1.7378	301	0
1527936457.231404000	1.73851	360	0
1527936457.232118000	1.73922	148	0
1527936457.233943000	1.74105	107	1
1527936457.465741000	1.97284	243	1
1527936457.465831000	1.97293	144	1
1527936457.482368000	1.98947	87	0
1527936457.533320000	2.04042	155	1
1527936457.533395000	2.0405	190	1
1527936457.549600000	2.0567	87	0
1527936457.559908000	2.06701	1412	0
1527936457.560614000	2.06772	1412	0
1527936457.561336000	2.06844	1412	0
1527936457.562036000	2.06914	535	0
1527936457.562803000	2.06991	92	0
1527936457.563529000	2.07063	92	0
1527936457.573034000	2.08014	119	1
1527936457.713749000	2.22085	594	0
1527936457.714439000	2.22154	92	0
1527936457.715166000	2.22227	201	0
1527936457.716988000	2.22409	104	1
1527936458.355335000	2.86244	231	1
1527936458.372572000	2.87968	87	0
1527936458.453862000	2.96097	388	0
1527936458.454598000	2.9617	1412	0
1527936458.455310000	2.96241	998	0
1527936458.456200000	2.9633	92	0
1527936458.456958000	2.96406	269	0
1527936458.457029000	2.96413	110	1
1527936458.460300000	2.9674	98	1
1527936459.416780000	3.92388	291	1
1527936459.416882000	3.92399	1412	1
1527936459.416907000	3.92401	1412	1
1527936459.416947000	3.92405	1412	1
1527936459.417001000	3.9241	1412	1
1527936459.417022000	3.92413	1412	1
1527936459.417076000	3.92418	1412	1
1527936459.417103000	3.92421	1412	1
1527936459.417132000	3.92424	1412	1
1527936459.417154000	3.92426	1412	1
1527936459.417200000	3.9243	1412	1
1527936459.417239000	3.92434	1412	1
1527936459.418665000	3.92577	1412	1
1527936459.418697000	3.9258	1271	1
1527936459.435824000	3.94293	100	0
1527936459.438151000	3.94525	87	0
1527936459.438690000	3.94579	101	1
1527936459.630790000	4.13789	396	0
1527936459.633677000	4.14078	80	0
1527936459.641918000	4.14902	101	1
1527936461.356656000	5.86376	325	1
1527936461.356750000	5.86385	1412	1
1527936461.356786000	5.86389	981	1
1527936461.365544000	5.87265	224	1
1527936461.365623000	5.87273	1412	1
1527936461.365649000	5.87275	1412	1
1527936461.365690000	5.87279	758	1
1527936461.369985000	5.87709	177	1
1527936461.375900000	5.883	87	0
1527936461.381101000	5.8882	87	0
1527936461.386105000	5.89321	87	0
1527936461.389121000	5.89622	121	1
1527936461.406642000	5.91375	94	0
1527936461.409904000	5.91701	87	0
1527936461.412594000	5.9197	98	1
1527936461.493350000	6.00045	400	0
1527936461.496308000	6.00341	101	1
1527936461.496494000	6.0036	80	0
1527936461.499334000	6.00644	98	1
1527936461.857647000	6.36475	538	0
1527936461.858331000	6.36543	307	0
1527936461.859042000	6.36615	128	0
1527936461.860151000	6.36725	121	1
1527936461.863637000	6.37074	250	1
1527936461.876965000	6.38407	87	0
1527936461.881781000	6.38889	87	0
1527936462.366905000	6.87401	872	0
1527936462.367633000	6.87474	1412	0
1527936462.368384000	6.87549	1412	0
1527936462.369112000	6.87622	1412	0
1527936462.369879000	6.87698	180	0
1527936462.370034000	6.87714	110	1
1527936462.370631000	6.87773	1412	0
1527936462.371350000	6.87845	1354	0
1527936462.372370000	6.87947	107	1
1527936462.372969000	6.88007	1412	0
1527936462.373726000	6.88083	1412	0
1527936462.374431000	6.88153	1412	0
1527936462.375120000	6.88222	188	0
1527936462.375347000	6.88245	107	1
1527936462.375880000	6.88298	1220	0
1527936462.378338000	6.88544	98	1
1527936462.420782000	6.92789	1412	0
1527936462.421489000	6.92859	1412	0
1527936462.422209000	6.92931	1412	0
1527936462.422967000	6.93007	198	0
1527936462.423336000	6.93044	107	1
1527936462.423742000	6.93085	1412	0
1527936462.424453000	6.93156	733	0
1527936462.426338000	6.93344	101	1
1527936462.426378000	6.93348	1412	0
1527936462.427137000	6.93424	1412	0
1527936462.427861000	6.93496	1412	0
1527936462.428550000	6.93565	188	0
1527936462.430154000	6.93726	107	1
1527936462.432111000	6.93921	1412	0
1527936462.432947000	6.94005	1412	0
1527936462.433693000	6.9408	1412	0
1527936462.434400000	6.9415	180	0
1527936462.435130000	6.94223	1412	0
1527936462.435400000	6.9425	110	1
1527936462.435878000	6.94298	1412	0
1527936462.436664000	6.94377	1412	0
1527936462.437358000	6.94446	180	0
1527936462.438111000	6.94521	1412	0
1527936462.438341000	6.94544	107	1
1527936462.438804000	6.94591	367	0
1527936462.439552000	6.94666	1412	0
1527936462.440244000	6.94735	183	0
1527936462.440998000	6.9481	1412	0
1527936462.441321000	6.94842	107	1
1527936462.441722000	6.94883	1412	0
1527936462.442446000	6.94955	1412	0
1527936462.443289000	6.95039	1303	0
1527936462.444315000	6.95142	104	1
1527936462.445397000	6.9525	1412	0
1527936462.446123000	6.95323	1412	0
1527936462.446847000	6.95395	1412	0
1527936462.447989000	6.95509	1082	0
1527936462.448325000	6.95543	107	1
1527936462.448745000	6.95585	1412	0
1527936462.449468000	6.95657	1299	0
1527936462.450309000	6.95741	1412	0
1527936462.451028000	6.95813	1412	0
1527936462.451313000	6.95842	107	1
1527936462.451730000	6.95883	664	0
1527936462.452993000	6.9601	1412	0
1527936462.453725000	6.96083	1412	0
1527936462.454413000	6.96152	338	0
1527936462.455135000	6.96224	296	0
1527936462.457421000	6.96452	98	1
1527936462.460441000	6.96755	107	1
1527936463.714275000	8.22138	754	1
1527936463.714349000	8.22145	144	1
1527936463.731802000	8.23891	87	0
1527936463.811030000	8.31813	1412	0
1527936463.811800000	8.3189	1412	0
1527936463.812533000	8.31964	1412	0
1527936463.813296000	8.3204	608	0
1527936463.813547000	8.32065	110	1
1527936463.814000000	8.3211	92	0
1527936463.814726000	8.32183	257	0
1527936463.816396000	8.3235	101	1
1527936464.814522000	9.32163	889	1
1527936464.814599000	9.3217	294	1
1527936464.816334000	9.32344	304	1
1527936464.816416000	9.32352	1412	1
1527936464.816468000	9.32357	1412	1
1527936464.816490000	9.32359	969	1
1527936464.831837000	9.33894	87	0
1527936464.837369000	9.34447	87	0
1527936464.878366000	9.38547	400	1
1527936464.894577000	9.40168	87	0
1527936465.017511000	9.52461	414	0
1527936465.018206000	9.52531	103	0
1527936465.020488000	9.52759	104	1
1527936465.021512000	9.52862	88	0
1527936465.024500000	9.5316	98	1
1527936465.208668000	9.71577	290	0
1527936465.209426000	9.71653	1400	0
1527936465.210125000	9.71723	513	0
1527936465.210932000	9.71804	592	0
1527936465.211474000	9.71858	107	1
1527936465.212466000	9.71957	635	0
1527936465.214772000	9.72188	467	0
1527936465.215467000	9.72257	101	1
1527936465.215707000	9.72281	697	0
1527936465.217385000	9.72449	484	0
1527936465.218466000	9.72557	101	1
1527936465.218862000	9.72597	835	0
1527936465.220385000	9.72749	649	0
1527936465.221109000	9.72821	519	0
1527936465.221467000	9.72857	104	1
1527936465.222022000	9.72913	439	0
1527936465.223154000	9.73026	701	0
1527936465.224466000	9.73157	101	1
1527936465.225138000	9.73224	616	0
1527936465.226194000	9.7333	558	0
1527936465.227465000	9.73457	101	1
1527936465.228098000	9.7352	664	0
1527936465.228819000	9.73592	583	0
1527936465.229854000	9.73696	689	0
1527936465.230508000	9.73761	104	1
1527936465.232797000	9.7399	375	0
1527936465.235470000	9.74257	98	1
1527936465.237251000	9.74435	90	0
1527936465.239468000	9.74657	98	1
1527936465.262449000	9.76955	102	0
1527936465.263230000	9.77033	93	0
1527936465.265485000	9.77259	101	1
1527936465.840221000	10.3473	470	1
1527936465.840295000	10.3474	109	1
1527936465.854432000	10.3615	304	1
1527936465.856550000	10.3637	87	0
1527936465.857705000	10.3648	478	1
1527936465.857745000	10.3648	87	1
1527936465.870483000	10.3776	87	0
1527936465.874618000	10.3817	87	0
1527936466.215436000	10.7225	259	0
1527936466.216141000	10.7232	151	0
1527936466.218569000	10.7257	110	1
1527936466.222112000	10.7292	92	0
1527936466.222886000	10.73	212	0
1527936466.224631000	10.7317	101	1
1527936466.304955000	10.8121	243	0
1527936466.305657000	10.8128	103	0
1527936466.307592000	10.8147	101	1
1527936466.310675000	10.8178	92	0
1527936466.311389000	10.8185	226	0
1527936466.313609000	10.8207	101	1
1527936466.384050000	10.8912	265	0
1527936466.385621000	10.8927	141	0
1527936466.386621000	10.8937	101	1
1527936466.390721000	10.8978	92	0
1527936466.391432000	10.8985	243	0
1527936466.393657000	10.9008	101	1
1527936467.128000000	11.6351	393	1
1527936467.128128000	11.6352	262	1
1527936467.144507000	11.6516	87	0
1527936467.176203000	11.6833	419	1
1527936467.176274000	11.6834	94	1
1527936467.193562000	11.7007	87	0
1527936467.582113000	12.0892	293	0
1527936467.582895000	12.09	367	0
1527936467.584628000	12.0917	107	1
1527936467.587713000	12.0948	90	0
1527936467.590646000	12.0977	98	1
1527936467.727550000	12.2347	372	1
1527936467.727692000	12.2348	1412	1
1527936467.727731000	12.2348	1412	1
1527936467.727783000	12.2349	1412	1
1527936467.727820000	12.2349	1412	1
1527936467.727870000	12.235	1412	1
1527936467.727893000	12.235	1412	1
1527936467.727955000	12.2351	1412	1
1527936467.727978000	12.2351	1412	1
1527936467.728041000	12.2351	1412	1
1527936467.728078000	12.2352	1412	1
1527936467.728131000	12.2352	1412	1
1527936467.729631000	12.2367	1412	1
1527936467.729673000	12.2368	1412	1
1527936467.729727000	12.2368	1412	1
1527936467.731727000	12.2388	1412	1
1527936467.731770000	12.2389	1412	1
1527936467.731825000	12.2389	1412	1
1527936467.733634000	12.2407	1412	1
1527936467.733684000	12.2408	1412	1
1527936467.733729000	12.2408	1412	1
1527936467.735621000	12.2427	1412	1
1527936467.735646000	12.2427	1412	1
1527936467.737627000	12.2447	1412	1
1527936467.744988000	12.2521	87	0
1527936467.745602000	12.2527	1412	1
1527936467.745672000	12.2528	1412	1
1527936467.745697000	12.2528	1412	1
1527936467.747101000	12.2542	87	0
1527936467.747264000	12.2544	1412	1
1527936467.747376000	12.2545	1412	1
1527936467.748751000	12.2559	1412	1
1527936467.748876000	12.256	1412	1
1527936467.748938000	12.256	1412	1
1527936467.750701000	12.2578	1412	1
1527936467.750762000	12.2579	1412	1
1527936467.750794000	12.2579	764	1
1527936467.753088000	12.2602	87	0
1527936467.758010000	12.2651	87	0
1527936467.763629000	12.2707	87	0
1527936467.769887000	12.277	87	0
1527936468.148924000	12.656	258	0
1527936468.149639000	12.6567	146	0
1527936468.151677000	12.6588	113	1
1527936468.156058000	12.6632	92	0
1527936468.156789000	12.6639	218	0
1527936468.158639000	12.6657	101	1
1527936468.188301000	12.6954	385	0
1527936468.190906000	12.698	98	1
1527936468.192732000	12.6998	361	1
1527936468.193270000	12.7004	296	1
1527936468.194844000	12.7019	80	0
1527936468.197650000	12.7048	98	1
1527936468.209949000	12.7171	87	0
1527936468.239264000	12.7464	377	1
1527936468.274374000	12.7815	87	0
1527936468.279636000	12.7867	342	1
1527936468.279723000	12.7868	268	1
1527936468.296344000	12.8034	87	0
1527936468.434321000	12.9414	581	0
1527936468.435046000	12.9421	805	0
1527936468.435744000	12.9428	92	0
1527936468.436463000	12.9436	99	0
1527936468.436906000	12.944	110	1
1527936468.559000000	13.0661	402	0
1527936468.559698000	13.0668	118	0
1527936468.561697000	13.0688	101	1
1527936468.563237000	13.0703	92	0
1527936468.563962000	13.0711	299	0
1527936468.565688000	13.0728	101	1
1527936468.616568000	13.1237	291	0
1527936468.617273000	13.1244	280	0
1527936468.619698000	13.1268	101	1
1527936468.620350000	13.1275	92	0
1527936468.621079000	13.1282	91	0
1527936468.622686000	13.1298	101	1
1527936468.670732000	13.1778	245	0
1527936468.671436000	13.1785	146	0
1527936468.673674000	13.1808	101	1
1527936468.675046000	13.1821	92	0
1527936468.675775000	13.1829	335	0
1527936468.677715000	13.1848	101	1
1527936468.776164000	13.2833	392	1
1527936468.776249000	13.2834	258	1
1527936468.792894000	13.3	87	0
1527936469.153784000	13.6609	256	0
1527936469.154501000	13.6616	146	0
1527936469.156716000	13.6638	104	1
1527936469.158376000	13.6655	92	0
1527936469.159106000	13.6662	186	0
1527936469.160705000	13.6678	101	1
1527936469.179360000	13.6865	388	1
1527936469.179445000	13.6865	262	1
1527936469.195847000	13.703	87	0
1527936469.558475000	14.0656	235	0
1527936469.559119000	14.0662	146	0
1527936469.561851000	14.069	104	1
1527936469.564073000	14.0712	92	0
1527936469.564786000	14.0719	145	0
1527936469.566880000	14.074	101	1
1527936469.770243000	14.2773	405	1
1527936469.770305000	14.2774	256	1
1527936469.787156000	14.2943	87	0
1527936470.237547000	14.7447	258	0
1527936470.238717000	14.7458	146	0
1527936470.240855000	14.748	104	1
1527936470.241631000	14.7487	92	0
1527936470.243056000	14.7502	281	0
1527936470.244932000	14.752	101	1
1527936470.271946000	14.779	918	1
1527936470.272031000	14.7791	259	1
1527936470.289395000	14.7965	87	0
1527936470.734341000	15.2414	257	0
1527936470.735007000	15.2421	146	0
1527936470.736818000	15.2439	104	1
1527936470.738604000	15.2457	92	0
1527936470.739329000	15.2464	214	0
1527936470.740789000	15.2479	101	1
1527936471.092354000	15.5995	977	1
1527936471.092444000	15.5995	267	1
1527936471.110340000	15.6174	87	0
1527936471.494400000	16.0015	288	0
1527936471.495099000	16.0022	146	0
1527936471.496890000	16.004	104	1
1527936471.499681000	16.0068	92	0
1527936471.500409000	16.0075	148	0
1527936471.502850000	16.01	101	1
1527936471.515104000	16.0222	464	1
1527936471.515190000	16.0223	428	1
1527936471.532447000	16.0396	87	0
1527936471.894361000	16.4015	233	0
1527936471.895009000	16.4021	146	0
1527936471.896957000	16.4041	104	1
1527936471.898709000	16.4058	92	0
1527936471.899441000	16.4065	229	0
1527936471.901938000	16.409	101	1
1527936472.124206000	16.6313	392	1
1527936472.124261000	16.6314	488	1
1527936472.149949000	16.6571	87	0
1527936472.503631000	17.0107	256	0
1527936472.504446000	17.0115	148	0
1527936472.506987000	17.0141	104	1
1527936472.507907000	17.015	92	0
1527936472.508638000	17.0157	312	0
1527936472.510971000	17.0181	101	1
1527936472.660597000	17.1677	393	1
1527936472.660658000	17.1678	255	1
1527936472.677311000	17.1844	87	0
1527936473.040278000	17.5474	258	0
1527936473.040978000	17.5481	148	0
1527936473.043016000	17.5501	104	1
1527936473.045410000	17.5525	92	0
1527936473.046065000	17.5532	117	0
1527936473.048092000	17.5552	101	1
1527936473.111096000	17.6182	390	1
1527936473.111160000	17.6183	258	1
1527936473.129428000	17.6365	87	0
1527936473.487913000	17.995	232	0
1527936473.488634000	17.9957	148	0
1527936473.491047000	17.9982	104	1
1527936473.491815000	17.9989	92	0
1527936473.492551000	17.9997	273	0
1527936473.495033000	18.0021	101	1
1527936473.919531000	18.4266	387	1
1527936473.919628000	18.4267	255	1
1527936473.939620000	18.4467	87	0
1527936474.301171000	18.8083	258	0
1527936474.301888000	18.809	148	0
1527936474.304042000	18.8111	104	1
1527936474.305854000	18.813	92	0
1527936474.306560000	18.8137	92	0
1527936474.308001000	18.8151	101	1
1527936474.359489000	18.8666	389	1
1527936474.359551000	18.8667	259	1
1527936474.376312000	18.8834	87	0
1527936474.554577000	19.0617	233	0
1527936474.555297000	19.0624	148	0
1527936474.557120000	19.0642	104	1
1527936474.560066000	19.0672	92	0
1527936474.560802000	19.0679	201	0
1527936474.563169000	19.0703	101	1
1527936474.599364000	19.1065	388	1
1527936474.599455000	19.1066	256	1
1527936474.616139000	19.1232	87	0
1527936474.618923000	19.126	87	0
1527936474.995726000	19.5028	281	0
1527936474.996429000	19.5035	148	0
1527936474.998137000	19.5052	107	1
1527936474.999994000	19.5071	92	0
1527936475.000803000	19.5079	107	0
1527936475.003192000	19.5103	101	1
1527936475.041271000	19.5484	390	1
1527936475.041340000	19.5484	256	1
1527936475.058481000	19.5656	87	0
1527936475.423130000	19.9302	400	0
1527936475.423833000	19.9309	148	0
1527936475.426187000	19.9333	104	1
1527936475.427726000	19.9348	92	0
1527936475.428406000	19.9355	227	0
1527936475.430090000	19.9372	101	1
1527936475.489374000	19.9965	389	1
1527936475.489448000	19.9966	259	1
1527936475.506646000	20.0137	87	0
1527936475.894051000	20.4012	281	0
1527936475.894786000	20.4019	148	0
1527936475.897189000	20.4043	104	1
1527936475.899409000	20.4065	92	0
1527936475.900132000	20.4072	167	0
1527936475.902208000	20.4093	101	1
1527936476.100692000	20.6078	404	1
1527936476.100783000	20.6079	258	1
1527936476.118056000	20.6252	87	0
1527936476.475684000	20.9828	256	0
1527936476.476400000	20.9835	148	0
1527936476.478161000	20.9853	104	1
1527936476.479683000	20.9868	92	0
1527936476.480469000	20.9876	307	0
1527936476.482169000	20.9893	101	1
1527936476.601164000	21.1083	917	1
1527936476.601255000	21.1084	257	1
1527936476.618347000	21.1255	87	0
1527936476.978860000	21.486	258	0
1527936476.979578000	21.4867	148	0
1527936476.981179000	21.4883	104	1
1527936476.992177000	21.4993	92	0
1527936476.992957000	21.5001	130	0
1527936476.995180000	21.5023	101	1
1527936477.031102000	21.5382	979	1
1527936477.031194000	21.5383	261	1
1527936477.047493000	21.5546	87	0
1527936477.411589000	21.9187	232	0
1527936477.412298000	21.9194	148	0
1527936477.414222000	21.9213	104	1
1527936477.416033000	21.9231	92	0
1527936477.416767000	21.9239	336	0
1527936477.419274000	21.9264	101	1
1527936477.531811000	22.0389	460	1
1527936477.531873000	22.039	255	1
1527936477.549899000	22.057	87	0
1527936477.682302000	22.1894	254	0
1527936477.683019000	22.1901	148	0
1527936477.685231000	22.1923	104	1
1527936477.686878000	22.194	92	0
1527936477.687604000	22.1947	232	0
1527936477.689221000	22.1963	101	1
1527936478.128091000	22.6352	388	1
1527936478.128184000	22.6353	255	1
1527936478.146163000	22.6533	87	0
1527936478.507836000	23.0149	288	0
1527936478.508504000	23.0156	148	0
1527936478.510350000	23.0175	104	1
1527936478.513062000	23.0202	92	0
1527936478.513808000	23.0209	255	0
1527936478.515314000	23.0224	101	1
1527936479.127049000	23.6342	388	1
1527936479.127141000	23.6342	258	1
1527936479.146101000	23.6532	87	0
1527936479.507510000	24.0146	256	0
1527936479.508229000	24.0153	148	0
1527936479.510388000	24.0175	104	1
1527936479.511816000	24.0189	92	0
1527936479.512487000	24.0196	106	0
1527936479.514381000	24.0215	101	1
1527936479.574866000	24.082	393	1
1527936479.574959000	24.0821	256	1
1527936479.591613000	24.0987	87	0
1527936479.950594000	24.4577	256	0
1527936479.951249000	24.4584	148	0
1527936479.953415000	24.4605	104	1
1527936479.955627000	24.4627	92	0
1527936479.956358000	24.4635	115	0
1527936479.958445000	24.4655	101	1
1527936480.287564000	24.7947	393	1
1527936480.287645000	24.7947	255	1
1527936480.306635000	24.8137	87	0
1527936480.446531000	24.9536	235	0
1527936480.447247000	24.9544	148	0
1527936480.449468000	24.9566	104	1
1527936480.452124000	24.9592	92	0
1527936480.452919000	24.96	265	0
1527936480.454423000	24.9615	101	1
1527936480.544565000	25.0517	390	1
1527936480.544659000	25.0518	257	1
1527936480.562159000	25.0693	87	0
1527936480.935132000	25.4422	256	0
1527936480.935776000	25.4429	148	0
1527936480.938491000	25.4456	104	1
1527936480.939726000	25.4468	92	0
1527936480.940434000	25.4475	153	0
1527936480.942495000	25.4496	101	1
1527936480.996351000	25.5035	389	1
1527936480.996449000	25.5036	257	1
1527936481.013085000	25.5202	87	0
1527936481.374813000	25.8819	233	0
1527936481.375457000	25.8826	148	0
1527936481.377497000	25.8846	104	1
1527936481.380775000	25.8879	92	0
1527936481.381470000	25.8886	92	0
1527936481.383468000	25.8906	101	1
1527936481.504881000	26.012	389	1
1527936481.504969000	26.0121	256	1
1527936481.521110000	26.0282	87	0
1527936481.882983000	26.3901	233	0
1527936481.883709000	26.3908	148	0
1527936481.885465000	26.3926	104	1
1527936481.887996000	26.3951	92	0
1527936481.888759000	26.3959	158	0
1527936481.890461000	26.3976	101	1
1527936481.985308000	26.4924	392	1
1527936481.985375000	26.4925	262	1
1527936482.002400000	26.5095	87	0
1527936482.362816000	26.8699	279	0
1527936482.363527000	26.8706	148	0
1527936482.365551000	26.8727	104	1
1527936482.369091000	26.8762	92	0
1527936482.369819000	26.8769	163	0
1527936482.371528000	26.8786	101	1
1527936482.496953000	27.0041	401	1
1527936482.497040000	27.0041	257	1
1527936482.514919000	27.022	87	0
1527936482.873789000	27.3809	402	0
1527936482.874486000	27.3816	148	0
1527936482.876581000	27.3837	104	1
1527936482.877993000	27.3851	92	0
1527936482.878670000	27.3858	200	0
1527936482.880601000	27.3877	101	1
1527936482.946219000	27.4533	918	1
1527936482.946311000	27.4534	258	1
1527936482.962882000	27.47	87	0
1527936483.138526000	27.6456	304	0
1527936483.139306000	27.6464	148	0
1527936483.141596000	27.6487	104	1
1527936483.143561000	27.6507	92	0
1527936483.144315000	27.6514	133	0
1527936483.146643000	27.6537	101	1
1527936483.440641000	27.9477	389	1
1527936483.440728000	27.9478	255	1
1527936483.457230000	27.9643	87	0
1527936483.824493000	28.3316	235	0
1527936483.825166000	28.3323	148	0
1527936483.827604000	28.3347	104	1
1527936483.828760000	28.3359	92	0
1527936483.829557000	28.3367	206	0
1527936483.831611000	28.3387	101	1
1527936483.846821000	28.3539	979	1
1527936483.846905000	28.354	260	1
1527936483.863936000	28.371	87	0
1527936484.225094000	28.7322	256	0
1527936484.225764000	28.7329	148	0
1527936484.227669000	28.7348	104	1
1527936484.230626000	28.7377	92	0
1527936484.231402000	28.7385	336	0
1527936484.233634000	28.7407	101	1
1527936484.366186000	28.8733	460	1
1527936484.366247000	28.8734	260	1
1527936484.383145000	28.8902	87	0
1527936484.740802000	29.2479	235	0
1527936484.741516000	29.2486	148	0
1527936484.743692000	29.2508	104	1
1527936484.745139000	29.2522	92	0
1527936484.745904000	29.253	227	0
1527936484.747682000	29.2548	101	1
1527936484.817921000	29.325	392	1
1527936484.818015000	29.3251	257	1
1527936484.834579000	29.3417	87	0
1527936485.196547000	29.7037	277	0
1527936485.197196000	29.7043	148	0
1527936485.199730000	29.7068	104	1
1527936485.200799000	29.7079	92	0
1527936485.201531000	29.7086	253	0
1527936485.203713000	29.7108	101	1
1527936485.266003000	29.7731	392	1
1527936485.266086000	29.7732	261	1
1527936485.282687000	29.7898	87	0
1527936485.645645000	30.1527	267	0
1527936485.646291000	30.1534	148	0
1527936485.648765000	30.1559	104	1
1527936485.649368000	30.1565	92	0
1527936485.650089000	30.1572	95	0
1527936485.651726000	30.1588	101	1
1527936485.707075000	30.2142	389	1
1527936485.707167000	30.2143	261	1
1527936485.724523000	30.2316	87	0
1527936486.085887000	30.593	258	0
1527936486.086538000	30.5936	148	0
1527936486.088790000	30.5959	104	1
1527936486.091987000	30.5991	92	0
1527936486.092733000	30.5998	189	0
1527936486.094748000	30.6019	101	1
1527936486.212835000	30.7199	390	1
1527936486.212893000	30.72	257	1
1527936486.231019000	30.7381	87	0
1527936486.593675000	31.1008	233	0
1527936486.594376000	31.1015	148	0
1527936486.596818000	31.1039	104	1
1527936486.598193000	31.1053	92	0
1527936486.598973000	31.1061	283	0
1527936486.600781000	31.1079	101	1
1527936486.691663000	31.1988	392	1
1527936486.691761000	31.1989	259	1
1527936486.709024000	31.2161	87	0
1527936487.090439000	31.5975	258	0
1527936487.091139000	31.5982	148	0
1527936487.092827000	31.5999	104	1
1527936487.094900000	31.602	92	0
1527936487.095628000	31.6027	167	0
1527936487.097746000	31.6048	101	1
1527936487.185222000	31.6923	390	1
1527936487.185282000	31.6924	260	1
1527936487.202373000	31.7095	87	0
1527936487.571827000	32.0789	232	0
1527936487.572590000	32.0797	148	0
1527936487.574790000	32.0819	104	1
1527936487.576177000	32.0833	92	0
1527936487.576897000	32.084	305	0
1527936487.578804000	32.0859	101	1
1527936487.665322000	32.1724	388	1
1527936487.665388000	32.1725	259	1
1527936487.683027000	32.1901	87	0
1527936487.982524000	32.4896	256	0
1527936487.983246000	32.4904	148	0
1527936487.985870000	32.493	104	1
1527936487.988779000	32.4959	92	0
1527936487.989538000	32.4966	206	0
1527936487.991848000	32.499	101	1
1527936488.216207000	32.7233	400	1
1527936488.216298000	32.7234	259	1
1527936488.233232000	32.7403	87	0
1527936488.591689000	33.0988	236	0
1527936488.592366000	33.0995	148	0
1527936488.594910000	33.102	104	1
1527936488.596083000	33.1032	92	0
1527936488.596823000	33.1039	324	0
1527936488.598897000	33.106	101	1
1527936488.665662000	33.1728	391	1
1527936488.665721000	33.1728	260	1
1527936488.682056000	33.1892	87	0
1527936489.044955000	33.5521	279	0
1527936489.045673000	33.5528	148	0
1527936489.047941000	33.555	104	1
1527936489.050361000	33.5575	92	0
1527936489.051089000	33.5582	147	0
1527936489.052959000	33.5601	101	1
1527936489.136015000	33.6431	918	1
1527936489.136102000	33.6432	256	1
1527936489.154454000	33.6616	87	0
1527936489.515657000	34.0228	400	0
1527936489.516372000	34.0235	148	0
1527936489.518964000	34.0261	104	1
1527936489.520369000	34.0275	92	0
1527936489.521102000	34.0282	304	0
1527936489.522954000	34.0301	101	1
1527936489.586061000	34.0932	978	1
1527936489.586117000	34.0932	260	1
1527936489.602331000	34.1094	87	0
1527936489.989955000	34.4971	302	0
1527936489.990635000	34.4977	148	0
1527936489.993014000	34.5001	104	1
1527936489.994161000	34.5013	92	0
1527936489.994946000	34.502	316	0
1527936489.997030000	34.5041	101	1
1527936490.035345000	34.5424	464	1
1527936490.035430000	34.5425	258	1
1527936490.052176000	34.5593	87	0
1527936490.416026000	34.9231	232	0
1527936490.416792000	34.9239	148	0
1527936490.419032000	34.9261	104	1
1527936490.420676000	34.9278	92	0
1527936490.421410000	34.9285	339	0
1527936490.423056000	34.9302	101	1
1527936490.451470000	34.9586	392	1
1527936490.451560000	34.9587	262	1
1527936490.470434000	34.9775	87	0
1527936490.827818000	35.3349	233	0
1527936490.828466000	35.3356	148	0
1527936490.831038000	35.3381	104	1
1527936490.831798000	35.3389	92	0
1527936490.832584000	35.3397	193	0
1527936490.835025000	35.3421	101	1
1527936490.939081000	35.4462	389	1
1527936490.939177000	35.4463	258	1
1527936490.955681000	35.4628	87	0
1527936491.313259000	35.8204	258	0
1527936491.313978000	35.8211	148	0
1527936491.316069000	35.8232	104	1
1527936491.317401000	35.8245	92	0
1527936491.318096000	35.8252	268	0
1527936491.320047000	35.8272	101	1
1527936491.407429000	35.9145	390	1
1527936491.407490000	35.9146	256	1
1527936491.426643000	35.9337	87	0
1527936491.783743000	36.2908	233	0
1527936491.784493000	36.2916	148	0
1527936491.786091000	36.2932	104	1
1527936491.788270000	36.2954	92	0
1527936491.788943000	36.296	244	0
1527936491.791188000	36.2983	101	1
1527936491.862556000	36.3697	393	1
1527936491.862671000	36.3698	562	1
1527936491.879124000	36.3862	87	0
1527936492.254254000	36.7614	277	0
1527936492.254954000	36.7621	148	0
1527936492.257143000	36.7642	104	1
1527936492.258352000	36.7655	92	0
1527936492.259087000	36.7662	243	0
1527936492.261102000	36.7682	101	1
1527936492.335349000	36.8425	390	1
1527936492.335442000	36.8425	314	1
1527936492.353075000	36.8602	87	0
1527936492.710220000	37.2173	265	0
1527936492.710919000	37.218	148	0
1527936492.713143000	37.2202	104	1
1527936492.714806000	37.2219	92	0
1527936492.715544000	37.2226	291	0
1527936492.717129000	37.2242	101	1
1527936492.835748000	37.3429	392	1
1527936492.835817000	37.3429	257	1
1527936492.854079000	37.3612	87	0
1527936492.990886000	37.498	259	0
1527936492.991529000	37.4986	148	0
1527936492.994155000	37.5013	104	1
1527936492.996120000	37.5032	92	0
1527936492.996914000	37.504	118	0
1527936492.999137000	37.5062	101	1
1527936493.325584000	37.8327	402	1
1527936493.325648000	37.8328	257	1
1527936493.342330000	37.8494	87	0
1527936493.703228000	38.2103	233	0
1527936493.703960000	38.2111	148	0
1527936493.705852000	38.213	92	0
1527936493.706125000	38.2132	107	1
1527936493.706614000	38.2137	292	0
1527936493.709156000	38.2163	98	1
1527936493.764630000	38.2717	389	1
1527936493.764721000	38.2718	260	1
1527936493.780795000	38.2879	87	0
1527936494.144939000	38.652	256	0
1527936494.145680000	38.6528	148	0
1527936494.148193000	38.6553	104	1
1527936494.150386000	38.6575	92	0
1527936494.151121000	38.6582	338	0
1527936494.153149000	38.6603	101	1
1527936494.256505000	38.7636	389	1
1527936494.256590000	38.7637	258	1
1527936494.272960000	38.7801	87	0
1527936494.433458000	38.9406	829	1
1527936494.433556000	38.9407	1412	1
1527936494.433595000	38.9407	1412	1
1527936494.433629000	38.9407	1412	1
1527936494.433664000	38.9408	1358	1
1527936494.451404000	38.9585	87	0
1527936494.637877000	39.145	235	0
1527936494.638597000	39.1457	148	0
1527936494.640179000	39.1473	107	1
1527936494.641764000	39.1489	92	0
1527936494.642644000	39.1497	146	0
1527936494.644188000	39.1513	101	1
1527936494.665600000	39.1727	978	1
1527936494.665691000	39.1728	263	1
1527936494.682488000	39.1896	87	0
1527936494.802687000	39.3098	389	0
1527936494.805213000	39.3123	101	1
1527936494.808799000	39.3159	80	0
1527936494.811203000	39.3183	98	1
1527936495.040860000	39.548	291	0
1527936495.041520000	39.5486	148	0
1527936495.043244000	39.5503	101	1
1527936495.044969000	39.5521	92	0
1527936495.045658000	39.5528	269	0
1527936495.047202000	39.5543	101	1
1527936495.176596000	39.6837	466	1
1527936495.176686000	39.6838	260	1
1527936495.193714000	39.7008	87	0
1527936495.557756000	40.0649	400	0
1527936495.558476000	40.0656	148	0
1527936495.560268000	40.0674	104	1
1527936495.562816000	40.0699	92	0
1527936495.563735000	40.0708	300	0
1527936495.565327000	40.0724	101	1
1527936495.747538000	40.2546	389	1
1527936495.747632000	40.2547	257	1
1527936495.764152000	40.2713	87	0
1527936496.123860000	40.631	305	0
1527936496.124644000	40.6317	148	0
1527936496.126337000	40.6334	104	1
1527936496.128336000	40.6354	92	0
1527936496.129136000	40.6362	221	0
1527936496.131331000	40.6384	101	1
1527936496.317840000	40.8249	390	1
1527936496.317907000	40.825	260	1
1527936496.335316000	40.8424	87	0
1527936496.341704000	40.8488	87	0
1527936496.691246000	41.1983	233	0
1527936496.691965000	41.1991	148	0
1527936496.694388000	41.2015	107	1
1527936496.696788000	41.2039	92	0
1527936496.697516000	41.2046	191	0
1527936496.699362000	41.2065	101	1
1527936496.756677000	41.2638	392	1
1527936496.756767000	41.2639	258	1
1527936496.773142000	41.2802	87	0
1527936497.150527000	41.6576	258	0
1527936497.151192000	41.6583	148	0
1527936497.153426000	41.6605	104	1
1527936497.155718000	41.6628	92	0
1527936497.156388000	41.6635	181	0
1527936497.158439000	41.6655	101	1
1527936497.266490000	41.7736	389	1
1527936497.266556000	41.7737	260	1
1527936497.288441000	41.7955	87	0
1527936497.298834000	41.8059	87	0
1527936497.668342000	42.1754	233	0
1527936497.669062000	42.1762	148	0
1527936497.671428000	42.1785	107	1
1527936497.673555000	42.1807	92	0
1527936497.674251000	42.1814	204	0
1527936497.676458000	42.1836	101	1
1527936497.846985000	42.3541	389	1
1527936497.847080000	42.3542	258	1
1527936497.864149000	42.3713	87	0
1527936498.249083000	42.7562	280	0
1527936498.249744000	42.7568	148	0
1527936498.252476000	42.7596	104	1
1527936498.254543000	42.7616	92	0
1527936498.255236000	42.7623	200	0
1527936498.257436000	42.7645	101	1
1527936498.320620000	42.8277	389	1
1527936498.320723000	42.8278	258	1
1527936498.338877000	42.846	87	0
1527936498.698143000	43.2052	265	0
1527936498.698873000	43.206	148	0
1527936498.700409000	43.2075	104	1
1527936498.702373000	43.2095	92	0
1527936498.703164000	43.2103	103	0
1527936498.705488000	43.2126	101	1
1527936498.918501000	43.4256	388	1
1527936498.918577000	43.4257	260	1
1527936498.934580000	43.4417	87	0
1527936499.313655000	43.8208	256	0
1527936499.314373000	43.8215	148	0
1527936499.316468000	43.8236	104	1
1527936499.318833000	43.8259	92	0
1527936499.319559000	43.8267	133	0
1527936499.321537000	43.8286	101	1
1527936499.406804000	43.9139	400	1
1527936499.406863000	43.914	260	1
1527936499.424172000	43.9313	87	0
1527936499.795459000	44.3026	235	0
1527936499.796117000	44.3032	148	0
1527936499.798565000	44.3057	104	1
1527936499.798998000	44.3061	92	0
1527936499.799726000	44.3068	143	0
1527936499.801603000	44.3087	101	1
1527936500.004620000	44.5117	394	1
1527936500.004686000	44.5118	256	1
1527936500.020969000	44.5281	87	0
1527936500.211538000	44.7186	259	0
1527936500.212198000	44.7193	148	0
1527936500.214574000	44.7217	104	1
1527936500.219398000	44.7265	92	0
1527936500.220140000	44.7272	168	0
1527936500.222562000	44.7297	101	1
1527936500.430429000	44.9375	393	1
1527936500.430524000	44.9376	259	1
1527936500.447301000	44.9544	87	0
1527936500.810821000	45.3179	235	0
1527936500.811532000	45.3186	148	0
1527936500.813550000	45.3207	104	1
1527936500.814692000	45.3218	92	0
1527936500.815440000	45.3225	321	0
1527936500.817543000	45.3246	101	1
1527936500.918093000	45.4252	915	1
1527936500.918185000	45.4253	258	1
1527936500.935220000	45.4423	87	0
1527936501.302858000	45.81	259	0
1527936501.303582000	45.8107	148	0
1527936501.305568000	45.8127	104	1
1527936501.309990000	45.8171	92	0
1527936501.310731000	45.8178	322	0
1527936501.312563000	45.8197	101	1
1527936501.409000000	45.9161	975	1
1527936501.409091000	45.9162	258	1
1527936501.428630000	45.9357	87	0
1527936501.787708000	46.2948	235	0
1527936501.788354000	46.2955	148	0
1527936501.790665000	46.2978	104	1
1527936501.790737000	46.2978	92	0
1527936501.791550000	46.2987	207	0
1527936501.793656000	46.3008	101	1
1527936501.826849000	46.334	464	1
1527936501.826933000	46.334	257	1
1527936501.843578000	46.3507	87	0
1527936502.209955000	46.7171	281	0
1527936502.210629000	46.7177	148	0
1527936502.212690000	46.7198	104	1
1527936502.213950000	46.7211	92	0
1527936502.214687000	46.7218	160	0
1527936502.216678000	46.7238	101	1
1527936502.345733000	46.8528	394	1
1527936502.345825000	46.8529	438	1
1527936502.363174000	46.8703	87	0
1527936502.722698000	47.2298	399	0
1527936502.723433000	47.2305	148	0
1527936502.725738000	47.2328	104	1
1527936502.728016000	47.2351	92	0
1527936502.728688000	47.2358	334	0
1527936502.730804000	47.2379	101	1
1527936503.093259000	47.6004	388	1
1527936503.093345000	47.6004	259	1
1527936503.109724000	47.6168	87	0
1527936503.472962000	47.9801	302	0
1527936503.473685000	47.9808	148	0
1527936503.475722000	47.9828	104	1
1527936503.477138000	47.9842	92	0
1527936503.477865000	47.985	172	0
1527936503.479707000	47.9868	101	1
1527936503.533279000	48.0404	392	1
1527936503.533341000	48.0404	260	1
1527936503.550453000	48.0576	87	0
1527936503.910976000	48.4181	256	0
1527936503.911620000	48.4187	148	0
1527936503.913718000	48.4208	104	1
1527936503.914737000	48.4218	92	0
1527936503.915470000	48.4226	330	0
1527936503.917779000	48.4249	101	1
1527936504.175252000	48.6824	389	1
1527936504.175344000	48.6824	260	1
1527936504.191975000	48.6991	87	0
1527936504.203760000	48.7109	87	0
1527936504.556206000	49.0633	235	0
1527936504.556982000	49.0641	148	0
1527936504.558828000	49.0659	107	1
1527936504.560180000	49.0673	92	0
1527936504.560902000	49.068	200	0
1527936504.562811000	49.0699	101	1
1527936504.703157000	49.2103	390	1
1527936504.703251000	49.2104	257	1
1527936504.720026000	49.2271	87	0
1527936504.725325000	49.2324	87	0
1527936505.162887000	49.67	256	0
1527936505.163609000	49.6707	148	0
1527936505.165891000	49.673	107	1
1527936505.167940000	49.675	92	0
1527936505.168674000	49.6758	275	0
1527936505.170898000	49.678	101	1
1527936505.238149000	49.7453	388	1
1527936505.238246000	49.7453	257	1
1527936505.255609000	49.7627	87	0
1527936505.613315000	50.1204	257	0
1527936505.614097000	50.1212	148	0
1527936505.615912000	50.123	104	1
1527936505.615928000	50.123	92	0
1527936505.616738000	50.1238	169	0
1527936505.618871000	50.126	101	1
1527936505.709289000	50.2164	401	1
1527936505.709351000	50.2165	260	1
1527936505.725627000	50.2327	87	0
1527936506.085169000	50.5923	290	0
1527936506.085876000	50.593	148	0
1527936506.087919000	50.595	104	1
1527936506.089859000	50.597	92	0
1527936506.090587000	50.5977	257	0
1527936506.092974000	50.6001	101	1
1527936506.202199000	50.7093	392	1
1527936506.202292000	50.7094	258	1
1527936506.218490000	50.7256	87	0
1527936506.580807000	51.0879	233	0
1527936506.581519000	51.0886	148	0
1527936506.583882000	51.091	104	1
1527936506.589701000	51.0968	92	0
1527936506.590428000	51.0975	167	0
1527936506.592876000	51.1	101	1
1527936506.620895000	51.128	388	1
1527936506.620955000	51.1281	260	1
1527936506.637463000	51.1446	87	0
1527936506.994261000	51.5014	255	0
1527936506.994938000	51.502	148	0
1527936506.996997000	51.5041	104	1
1527936506.998437000	51.5055	92	0
1527936506.999351000	51.5065	331	0
1527936507.000953000	51.5081	101	1
1527936507.162441000	51.6695	388	1
1527936507.162535000	51.6696	260	1
1527936507.178363000	51.6855	87	0
1527936507.536680000	52.0438	235	0
1527936507.537434000	52.0445	148	0
1527936507.540007000	52.0471	104	1
1527936507.541731000	52.0488	92	0
1527936507.542461000	52.0496	115	0
1527936507.545050000	52.0522	101	1
1527936507.681496000	52.1886	915	1
1527936507.681589000	52.1887	258	1
1527936507.698672000	52.2058	87	0
1527936508.055177000	52.5623	256	0
1527936508.055881000	52.563	148	0
1527936508.058045000	52.5651	104	1
1527936508.059118000	52.5662	92	0
1527936508.059877000	52.567	261	0
1527936508.062041000	52.5691	101	1
1527936508.103026000	52.6101	974	1
1527936508.103111000	52.6102	257	1
1527936508.119839000	52.6269	87	0
1527936508.262661000	52.7698	235	0
1527936508.263394000	52.7705	148	0
1527936508.265032000	52.7721	104	1
1527936508.266744000	52.7738	92	0
1527936508.267475000	52.7746	266	0
1527936508.270098000	52.7772	101	1
1527936508.392136000	52.8992	465	1
1527936508.392198000	52.8993	256	1
1527936508.409936000	52.917	87	0
1527936508.570345000	53.0774	235	0
1527936508.571064000	53.0782	148	0
1527936508.573052000	53.0802	104	1
1527936508.573685000	53.0808	92	0
1527936508.574417000	53.0815	187	0
1527936508.576079000	53.0832	101	1
1527936508.812534000	53.3196	393	1
1527936508.812598000	53.3197	261	1
1527936508.829902000	53.337	87	0
1527936508.968943000	53.476	279	0
1527936508.969588000	53.4767	148	0
1527936508.972073000	53.4792	104	1
1527936508.974361000	53.4815	92	0
1527936508.975087000	53.4822	203	0
1527936508.977073000	53.4842	101	1
1527936509.271375000	53.7785	388	1
1527936509.271436000	53.7785	260	1
1527936509.289467000	53.7966	87	0
1527936509.430066000	53.9372	403	0
1527936509.430787000	53.9379	148	0
1527936509.433126000	53.9402	104	1
1527936509.434857000	53.942	92	0
1527936509.435579000	53.9427	87	0
1527936509.438130000	53.9452	101	1
1527936509.712383000	54.2195	393	1
1527936509.712471000	54.2196	259	1
1527936509.728497000	54.2356	87	0
1527936510.093642000	54.6007	305	0
1527936510.094362000	54.6015	148	0
1527936510.096167000	54.6033	104	1
1527936510.098330000	54.6054	92	0
1527936510.099068000	54.6062	317	0
1527936510.101168000	54.6083	101	1
1527936510.201305000	54.7084	393	1
1527936510.201358000	54.7085	257	1
1527936510.219962000	54.7271	87	0
1527936510.358048000	54.8652	233	0
1527936510.358702000	54.8658	148	0
1527936510.361154000	54.8683	104	1
1527936510.362782000	54.8699	92	0
1527936510.363517000	54.8706	264	0
1527936510.365211000	54.8723	101	1
1527936510.672411000	55.1795	389	1
1527936510.672476000	55.1796	257	1
1527936510.690675000	55.1978	87	0
1527936510.830638000	55.3377	233	0
1527936510.831341000	55.3384	148	0
1527936510.833178000	55.3403	104	1
1527936510.835881000	55.343	92	0
1527936510.836616000	55.3437	203	0
1527936510.838167000	55.3453	101	1
1527936510.892164000	55.3993	401	1
1527936510.892228000	55.3993	258	1
1527936510.908574000	55.4157	87	0
1527936511.271746000	55.7788	259	0
1527936511.272388000	55.7795	148	0
1527936511.274207000	55.7813	104	1
1527936511.277856000	55.785	92	0
1527936511.278535000	55.7856	210	0
1527936511.280167000	55.7873	101	1
1527936511.463806000	55.9709	372	1
1527936511.463889000	55.971	1412	1
1527936511.463915000	55.971	1412	1
1527936511.463951000	55.9711	1412	1
1527936511.463999000	55.9711	541	1
1527936511.483348000	55.9905	87	0
1527936511.620513000	56.1276	388	0
1527936511.622385000	56.1295	80	0
1527936511.623150000	56.1303	104	1
1527936511.757457000	56.2646	390	1
1527936511.757543000	56.2646	261	1
1527936511.777896000	56.285	87	0
1527936511.912930000	56.42	312	0
1527936511.913594000	56.4207	148	0
1527936511.916209000	56.4233	104	1
1527936511.917162000	56.4243	92	0
1527936511.917956000	56.4251	335	0
1527936511.920175000	56.4273	101	1
1527936514.958214000	59.4653	390	1
1527936514.958288000	59.4654	257	1
1527936514.975059000	59.4822	87	0
1527936515.120585000	59.6277	258	0
1527936515.121271000	59.6284	148	0
1527936515.123618000	59.6307	104	1
1527936515.126609000	59.6337	92	0
1527936515.128147000	59.6353	329	0
1527936515.129520000	59.6366	101	1
1527936515.509846000	60.0169	915	1
1527936515.509936000	60.017	256	1
1527936515.528231000	60.0353	87	0
1527936515.668837000	60.1759	236	0
1527936515.669570000	60.1767	148	0
1527936515.671643000	60.1787	104	1
1527936515.673134000	60.1802	92	0
1527936515.673869000	60.181	205	0
1527936515.675566000	60.1827	101	1
1527936515.882924000	60.39	975	1
1527936515.883013000	60.3901	256	1
1527936515.900144000	60.4072	87	0
1527936516.037634000	60.5447	256	0
1527936516.038287000	60.5454	148	0
1527936516.040694000	60.5478	104	1
1527936516.042745000	60.5498	92	0
1527936516.043487000	60.5506	206	0
1527936516.045579000	60.5527	101	1
1527936516.209221000	60.7163	463	1
1527936516.209294000	60.7164	314	1
1527936516.227318000	60.7344	87	0
1527936516.366679000	60.8738	233	0
1527936516.367394000	60.8745	148	0
1527936516.369688000	60.8768	104	1
1527936516.371423000	60.8785	92	0
1527936516.372143000	60.8792	173	0
1527936516.374722000	60.8818	101	1
1527936516.635904000	61.143	389	1
1527936516.635965000	61.1431	314	1
1527936516.656477000	61.1636	87	0
1527936516.794678000	61.3018	232	0
1527936516.795394000	61.3025	148	0
1527936516.797650000	61.3048	104	1
1527936516.799413000	61.3065	92	0
1527936516.800142000	61.3072	205	0
1527936516.801636000	61.3087	101	1
1527936520.796970000	65.3041	370	1
1527936520.797073000	65.3042	1412	1
1527936520.797119000	65.3042	1412	1
1527936520.797143000	65.3042	1412	1
1527936520.797161000	65.3043	241	1
1527936520.812988000	65.3201	87	0
1527936520.966171000	65.4733	397	0
1527936520.969108000	65.4762	101	1
1527936520.975458000	65.4826	80	0
1527936520.978154000	65.4853	98	1
1527936520.998674000	65.5058	393	1
1527936520.998763000	65.5059	260	1
1527936521.015513000	65.5226	87	0
1527936521.157356000	65.6645	425	0
1527936521.158073000	65.6652	148	0
1527936521.160130000	65.6672	104	1
1527936521.162455000	65.6696	92	0
1527936521.163183000	65.6703	122	0
1527936521.165155000	65.6723	101	1
1527936521.222593000	65.7297	394	1
1527936521.222696000	65.7298	261	1
1527936521.239369000	65.7465	87	0
1527936521.381143000	65.8882	281	0
1527936521.381861000	65.889	148	0
1527936521.384085000	65.8912	104	1
1527936521.385782000	65.8929	92	0
1527936521.386508000	65.8936	127	0
1527936521.388165000	65.8953	101	1
1527936521.459571000	65.9667	389	1
1527936521.459667000	65.9668	261	1
1527936521.475664000	65.9828	87	0
1527936521.618674000	66.1258	235	0
1527936521.619392000	66.1265	148	0
1527936521.621169000	66.1283	104	1
1527936521.625085000	66.1322	92	0
1527936521.625894000	66.133	187	0
1527936521.628171000	66.1353	101	1
1527936521.672245000	66.1793	405	1
1527936521.672342000	66.1794	258	1
1527936521.686471000	66.1936	100	0
1527936521.689164000	66.1963	98	1
1527936521.827542000	66.3346	233	0
1527936521.828263000	66.3354	148	0
1527936521.830202000	66.3373	101	1
1527936521.832144000	66.3392	92	0
1527936521.832965000	66.3401	215	0
1527936521.835229000	66.3423	101	1
1527936521.932691000	66.4398	392	1
1527936521.932780000	66.4399	263	1
1527936521.949641000	66.4567	87	0
1527936522.089705000	66.5968	256	0
1527936522.090407000	66.5975	148	0
1527936522.092180000	66.5993	104	1
1527936522.093725000	66.6008	92	0
1527936522.094392000	66.6015	333	0
1527936522.096195000	66.6033	101	1
1527936522.161606000	66.6687	388	1
1527936522.161683000	66.6688	260	1
1527936522.180396000	66.6875	87	0
1527936522.346050000	66.8532	232	0
1527936522.346698000	66.8538	148	0
1527936522.349177000	66.8563	104	1
1527936522.351903000	66.859	92	0
1527936522.352701000	66.8598	146	0
1527936522.354141000	66.8612	101	1
1527936522.395872000	66.903	916	1
1527936522.395963000	66.9031	378	1
1527936522.423816000	66.9309	87	0
1527936522.563814000	67.0709	233	0
1527936522.564544000	67.0716	148	0
1527936522.566162000	67.0733	104	1
1527936522.568879000	67.076	92	0
1527936522.569704000	67.0768	331	0
1527936522.572161000	67.0793	101	1
1527936522.665759000	67.1729	974	1
1527936522.665840000	67.1729	378	1
1527936522.683135000	67.1902	87	0
1527936522.819997000	67.3271	287	0
1527936522.820707000	67.3278	148	0
1527936522.823189000	67.3303	104	1
1527936522.825599000	67.3327	92	0
1527936522.826407000	67.3335	180	0
1527936522.828147000	67.3353	101	1
1527936522.935830000	67.4429	389	1
1527936522.935896000	67.443	378	1
1527936522.951912000	67.459	87	0
1527936523.087144000	67.5942	258	0
1527936523.087861000	67.595	148	0
1527936523.090216000	67.5973	104	1
1527936523.091594000	67.5987	92	0
1527936523.092285000	67.5994	120	0
1527936523.094196000	67.6013	101	1
1527936523.206328000	67.7134	466	1
1527936523.206423000	67.7135	254	1
1527936523.227603000	67.7347	87	0
1527936523.374328000	67.8814	235	0
1527936523.374976000	67.8821	148	0
1527936523.377202000	67.8843	104	1
1527936523.381788000	67.8889	92	0
1527936523.382588000	67.8897	308	0
1527936523.384200000	67.8913	101	1
1527936524.718098000	69.2252	371	1
1527936524.718158000	69.2253	1412	1
1527936524.718212000	69.2253	1412	1
1527936524.718260000	69.2254	1349	1
1527936524.737758000	69.2449	87	0
1527936524.866508000	69.3736	396	0
1527936524.868939000	69.376	101	1
1527936524.874137000	69.3812	80	0
1527936524.876944000	69.384	98	1
1527936525.357971000	69.8651	391	1
1527936525.358055000	69.8652	259	1
1527936525.374507000	69.8816	87	0
1527936525.736414000	70.2435	256	0
1527936525.737184000	70.2443	148	0
1527936525.739014000	70.2461	104	1
1527936525.741444000	70.2485	92	0
1527936525.742146000	70.2492	154	0
1527936525.744044000	70.2511	101	1
1527936525.818096000	70.3252	393	1
1527936525.818189000	70.3253	262	1
1527936525.835201000	70.3423	87	0
1527936525.969710000	70.4768	256	0
1527936525.970428000	70.4775	148	0
1527936525.971999000	70.4791	104	1
1527936525.973970000	70.4811	92	0
1527936525.974707000	70.4818	236	0
1527936525.976988000	70.4841	101	1
1527936526.218246000	70.7253	389	1
1527936526.218313000	70.7254	258	1
1527936526.234821000	70.7419	87	0
1527936526.368954000	70.8761	232	0
1527936526.369606000	70.8767	148	0
1527936526.372024000	70.8791	104	1
1527936526.373988000	70.8811	92	0
1527936526.374851000	70.882	290	0
1527936526.377082000	70.8842	101	1
1527936526.628337000	71.1354	399	1
1527936526.628398000	71.1355	259	1
1527936526.645340000	71.1524	87	0
1527936526.791049000	71.2982	425	0
1527936526.791760000	71.2989	148	0
1527936526.794083000	71.3012	104	1
1527936526.799478000	71.3066	92	0
1527936526.800208000	71.3073	282	0
1527936526.801974000	71.3091	101	1
1527936527.048261000	71.5554	389	1
1527936527.048322000	71.5554	259	1
1527936527.066572000	71.5737	87	0
1527936527.199649000	71.7068	302	0
1527936527.200296000	71.7074	148	0
1527936527.202126000	71.7092	104	1
1527936527.204679000	71.7118	92	0
1527936527.205496000	71.7126	302	0
1527936527.207041000	71.7141	101	1
1527936527.349067000	71.8562	393	1
1527936527.349128000	71.8562	261	1
1527936527.366005000	71.8731	87	0
1527936527.508770000	72.0159	233	0
1527936527.509433000	72.0165	148	0
1527936527.512088000	72.0192	104	1
1527936527.513034000	72.0201	92	0
1527936527.513770000	72.0209	269	0
1527936527.516137000	72.0232	101	1
1527936527.720607000	72.2277	372	1
1527936527.720714000	72.2278	1412	1
1527936527.720753000	72.2279	1412	1
1527936527.720805000	72.2279	1412	1
1527936527.720827000	72.2279	1412	1
1527936527.720850000	72.228	1412	1
1527936527.720897000	72.228	1412	1
1527936527.720931000	72.228	1412	1
1527936527.720974000	72.2281	1412	1
1527936527.721008000	72.2281	1412	1
1527936527.721047000	72.2282	1412	1
1527936527.721070000	72.2282	1412	1
1527936527.723117000	72.2302	1412	1
1527936527.723185000	72.2303	1412	1
1527936527.723241000	72.2303	740	1
1527936527.736403000	72.2435	87	0
1527936527.739182000	72.2463	87	0
1527936527.743447000	72.2506	87	0
1527936527.926022000	72.4331	395	0
1527936527.929122000	72.4362	107	1
1527936527.933967000	72.4411	80	0
1527936527.937101000	72.4442	98	1
1527936530.786632000	75.2937	847	1
1527936530.786726000	75.2938	259	1
1527936530.804239000	75.3113	87	0
1527936530.964177000	75.4713	256	0
1527936530.964965000	75.4721	148	0
1527936530.967251000	75.4744	104	1
1527936530.970139000	75.4772	92	0
1527936530.970914000	75.478	248	0
1527936530.973268000	75.4804	101	1
1527936531.022580000	75.5297	978	1
1527936531.022644000	75.5297	275	1
1527936531.040667000	75.5478	87	0
1527936531.183342000	75.6904	289	0
1527936531.183992000	75.6911	148	0
1527936531.186264000	75.6934	104	1
1527936531.188144000	75.6952	92	0
1527936531.188902000	75.696	234	0
1527936531.191290000	75.6984	101	1
1527936531.606647000	76.1138	390	1
1527936531.606708000	76.1138	261	1
1527936531.622772000	76.1299	87	0
1527936531.761810000	76.2689	236	0
1527936531.762517000	76.2696	148	0
1527936531.764281000	76.2714	104	1
1527936531.767300000	76.2744	92	0
1527936531.768078000	76.2752	141	0
1527936531.770310000	76.2774	101	1
1527936531.896498000	76.4036	466	1
1527936531.896591000	76.4037	258	1
1527936531.912938000	76.42	87	0
1527936532.055149000	76.5623	255	0
1527936532.055842000	76.5629	148	0
1527936532.058341000	76.5654	104	1
1527936532.060835000	76.5679	92	0
1527936532.061975000	76.5691	228	0
1527936532.063397000	76.5705	101	1
1527936532.339639000	76.8467	388	1
1527936532.339735000	76.8468	259	1
1527936532.355946000	76.863	87	0
1527936532.498338000	77.0054	233	0
1527936532.499045000	77.0061	148	0
1527936532.501317000	77.0084	104	1
1527936532.505839000	77.0129	92	0
1527936532.506588000	77.0137	182	0
1527936532.508309000	77.0154	101	1
1527936532.724506000	77.2316	393	1
1527936532.724594000	77.2317	260	1
1527936532.744382000	77.2515	87	0
1527936532.884642000	77.3917	232	0
1527936532.885355000	77.3925	148	0
1527936532.887341000	77.3944	104	1
1527936532.890446000	77.3975	92	0
1527936532.891185000	77.3983	161	0
1527936532.893332000	77.4004	101	1
1527936533.248748000	77.7559	388	1
1527936533.248844000	77.7559	258	1
1527936533.268131000	77.7752	87	0
1527936533.407395000	77.9145	255	0
1527936533.408124000	77.9152	148	0
1527936533.410432000	77.9175	104	1
1527936533.412528000	77.9196	92	0
1527936533.413351000	77.9205	163	0
1527936533.415477000	77.9226	101	1
1527936533.558757000	78.0659	387	1
1527936533.558818000	78.0659	258	1
1527936533.575177000	78.0823	87	0
1527936533.708244000	78.2153	235	0
1527936533.708965000	78.2161	148	0
1527936533.711382000	78.2185	104	1
1527936533.714395000	78.2215	92	0
1527936533.715123000	78.2222	242	0
1527936533.717431000	78.2245	101	1
1527936533.927583000	78.4347	389	1
1527936533.927671000	78.4348	261	1
1527936533.945840000	78.4529	87	0
1527936534.084184000	78.5913	255	0
1527936534.084884000	78.592	148	0
1527936534.087473000	78.5946	104	1
1527936534.088778000	78.5959	92	0
1527936534.089446000	78.5965	205	0
1527936534.091457000	78.5986	101	1
1527936534.398999000	78.9061	402	1
1527936534.399061000	78.9062	259	1
1527936534.415988000	78.9231	87	0
1527936534.554368000	79.0615	425	0
1527936534.555099000	79.0622	148	0
1527936534.557499000	79.0646	104	1
1527936534.558578000	79.0657	92	0
1527936534.559306000	79.0664	228	0
1527936534.561493000	79.0686	101	1
1527936534.819822000	79.3269	394	1
1527936534.819914000	79.327	502	1
1527936534.836783000	79.3439	87	0
1527936535.207001000	79.7141	302	0
1527936535.207646000	79.7147	148	0
1527936535.209560000	79.7167	104	1
1527936535.211342000	79.7184	92	0
1527936535.212063000	79.7192	243	0
1527936535.214509000	79.7216	101	1
1527936535.490936000	79.998	388	1
1527936535.491019000	79.9981	258	1
1527936535.508598000	80.0157	87	0
1527936535.650561000	80.1577	233	0
1527936535.651276000	80.1584	148	0
1527936535.653557000	80.1607	104	1
1527936535.654659000	80.1618	92	0
1527936535.655391000	80.1625	229	0
1527936535.657543000	80.1646	101	1
1527936536.442025000	80.9491	393	1
1527936536.442086000	80.9492	261	1
1527936536.460157000	80.9673	87	0
1527936536.603098000	81.1102	258	0
1527936536.603758000	81.1109	148	0
1527936536.605610000	81.1127	104	1
1527936536.609959000	81.1171	92	0
1527936536.612064000	81.1192	304	0
1527936536.612558000	81.1197	101	1
1527936536.749003000	81.2561	914	1
1527936536.749096000	81.2562	261	1
1527936536.766382000	81.2735	87	0
1527936536.908605000	81.4157	256	0
1527936536.909255000	81.4164	148	0
1527936536.911580000	81.4187	104	1
1527936536.913736000	81.4208	92	0
1527936536.914469000	81.4216	222	0
1527936536.916687000	81.4238	101	1
1527936537.289575000	81.7967	978	1
1527936537.289664000	81.7968	262	1
1527936537.306865000	81.814	87	0
1527936537.444503000	81.9516	233	0
1527936537.445210000	81.9523	148	0
1527936537.447661000	81.9548	104	1
1527936537.449142000	81.9562	92	0
1527936537.449894000	81.957	151	0
1527936537.451646000	81.9588	101	1
1527936537.577720000	82.0848	464	1
1527936537.577793000	82.0849	258	1
1527936537.595185000	82.1023	87	0
1527936537.735342000	82.2424	233	0
1527936537.735994000	82.2431	148	0
1527936537.738662000	82.2458	104	1
1527936537.740352000	82.2475	92	0
1527936537.741007000	82.2481	117	0
1527936537.742734000	82.2498	101	1
1527936538.029181000	82.5363	389	1
1527936538.029242000	82.5363	260	1
1527936538.046511000	82.5536	87	0
1527936538.183856000	82.691	309	0
1527936538.184543000	82.6916	148	0
1527936538.186714000	82.6938	104	1
1527936538.188054000	82.6952	92	0
1527936538.188782000	82.6959	152	0
1527936538.190690000	82.6978	101	1
1527936538.472118000	82.9792	388	1
1527936538.472210000	82.9793	262	1
1527936538.491223000	82.9983	87	0
1527936538.638147000	83.1453	232	0
1527936538.638797000	83.1459	148	0
1527936538.640729000	83.1478	104	1
1527936538.735453000	83.2426	92	0
1527936538.736150000	83.2433	291	0
1527936538.738740000	83.2458	101	1
1527936538.747931000	83.255	388	1
1527936538.748019000	83.2551	259	1
1527936538.764630000	83.2717	87	0
1527936538.899847000	83.407	233	0
1527936538.900492000	83.4076	148	0
1527936538.902753000	83.4099	104	1
1527936538.904886000	83.412	92	0
1527936538.905619000	83.4127	318	0
1527936538.907774000	83.4149	101	1
1527936539.289058000	83.7962	389	1
1527936539.289126000	83.7962	261	1
1527936539.306555000	83.8137	87	0
1527936539.454567000	83.9617	255	0
1527936539.455265000	83.9624	148	0
1527936539.457714000	83.9648	104	1
1527936539.460378000	83.9675	92	0
1527936539.461091000	83.9682	243	0
1527936539.462787000	83.9699	101	1
1527936539.629204000	84.1363	388	1
1527936539.629296000	84.1364	259	1
1527936539.645204000	84.1523	87	0
1527936539.791765000	84.2989	233	0
1527936539.792500000	84.2996	148	0
1527936539.794818000	84.3019	104	1
1527936539.797393000	84.3045	92	0
1527936539.798149000	84.3053	174	0
1527936539.799782000	84.3069	101	1
1527936540.089990000	84.5971	401	1
1527936540.090047000	84.5972	262	1
1527936540.106627000	84.6137	87	0
1527936540.259040000	84.7661	256	0
1527936540.259701000	84.7668	148	0
1527936540.261824000	84.7689	104	1
1527936540.263789000	84.7709	92	0
1527936540.264527000	84.7716	133	0
1527936540.266873000	84.774	101	1
1527936540.508925000	85.016	393	1
1527936540.509011000	85.0161	263	1
1527936540.527975000	85.0351	87	0
1527936540.665959000	85.1731	233	0
1527936540.666755000	85.1739	148	0
1527936540.668787000	85.1759	104	1
1527936540.670582000	85.1777	92	0
1527936540.671310000	85.1784	211	0
1527936540.673858000	85.181	101	1
1527936540.868802000	85.3759	392	1
1527936540.868898000	85.376	259	1
1527936540.898861000	85.406	392	1
1527936540.911706000	85.4188	100	0
1527936540.914819000	85.4219	87	0
1527936540.914877000	85.422	98	1
1527936541.062039000	85.5691	255	0
1527936541.062774000	85.5699	148	0
1527936541.064869000	85.572	104	1
1527936541.067184000	85.5743	92	0
1527936541.067967000	85.5751	231	0
1527936541.069920000	85.577	101	1
1527936541.349315000	85.8564	388	1
1527936541.349405000	85.8565	262	1
1527936541.366100000	85.8732	87	0
1527936541.501469000	86.0086	425	0
1527936541.502166000	86.0093	148	0
1527936541.503906000	86.011	104	1
1527936541.505860000	86.013	92	0
1527936541.506608000	86.0137	325	0
1527936541.508949000	86.0161	101	1
1527936541.567885000	86.075	390	1
1527936541.567980000	86.0751	259	1
1527936541.586474000	86.0936	87	0
1527936541.724228000	86.2313	278	0
1527936541.724933000	86.232	148	0
1527936541.726933000	86.234	104	1
1527936541.728872000	86.236	92	0
1527936541.729598000	86.2367	103	0
1527936541.732014000	86.2391	101	1
1527936541.891508000	86.3986	913	1
1527936541.891572000	86.3987	259	1
1527936541.909402000	86.4165	87	0
1527936542.065165000	86.5723	256	0
1527936542.065866000	86.573	148	0
1527936542.067936000	86.575	104	1
1527936542.079374000	86.5865	92	0
1527936542.080095000	86.5872	96	0
1527936542.081919000	86.589	101	1
1527936542.249101000	86.7562	978	1
1527936542.249164000	86.7563	261	1
1527936542.283229000	86.7903	978	1
1527936542.292873000	86.8	87	0
1527936542.299834000	86.8069	87	0
1527936542.437102000	86.9442	232	0
1527936542.437760000	86.9449	148	0
1527936542.439968000	86.9471	107	1
1527936542.442691000	86.9498	92	0
1527936542.443439000	86.9505	229	0
1527936542.445956000	86.9531	101	1
1527936542.763306000	87.2704	463	1
1527936542.763367000	87.2705	260	1
1527936542.779682000	87.2868	87	0
1527936542.916812000	87.4239	258	0
1527936542.917458000	87.4246	148	0
1527936542.919999000	87.4271	104	1
1527936542.921478000	87.4286	92	0
1527936542.922153000	87.4293	128	0
1527936542.923962000	87.4311	101	1
1527936543.190262000	87.6974	393	1
1527936543.190324000	87.6974	262	1
1527936543.206841000	87.7139	87	0
1527936543.348980000	87.8561	232	0
1527936543.349709000	87.8568	148	0
1527936543.351999000	87.8591	104	1
1527936543.354441000	87.8615	92	0
1527936543.355148000	87.8623	280	0
1527936543.357026000	87.8641	101	1
1527936543.418212000	87.9253	388	1
1527936543.418277000	87.9254	261	1
1527936543.434680000	87.9418	87	0
1527936543.577981000	88.0851	232	0
1527936543.578711000	88.0858	148	0
1527936543.581091000	88.0882	104	1
1527936543.585340000	88.0924	92	0
1527936543.586019000	88.0931	159	0
1527936543.587997000	88.0951	101	1
1527936543.678337000	88.1854	387	1
1527936543.678427000	88.1855	259	1
1527936543.696611000	88.2037	87	0
1527936543.832065000	88.3392	287	0
1527936543.832768000	88.3399	148	0
1527936543.835028000	88.3421	104	1
1527936543.836995000	88.3441	92	0
1527936543.837749000	88.3449	197	0
1527936543.840053000	88.3472	101	1
1527936543.918003000	88.4251	392	1
1527936543.918060000	88.4252	258	1
1527936543.935239000	88.4423	87	0
1527936544.069475000	88.5766	258	0
1527936544.070199000	88.5773	148	0
1527936544.072038000	88.5791	104	1
1527936544.074417000	88.5815	92	0
1527936544.075147000	88.5823	155	0
1527936544.077027000	88.5841	101	1
1527936544.139178000	88.6463	401	1
1527936544.139274000	88.6464	259	1
1527936544.157373000	88.6645	87	0
1527936544.300085000	88.8072	232	0
1527936544.300801000	88.8079	148	0
1527936544.303067000	88.8102	104	1
1527936544.304835000	88.8119	92	0
1527936544.305563000	88.8127	207	0
1527936544.308080000	88.8152	101	1
1527936544.419477000	88.9266	388	1
1527936544.419535000	88.9266	259	1
1527936544.435686000	88.9428	87	0
1527936544.574037000	89.0811	235	0
1527936544.574757000	89.0819	148	0
1527936544.577067000	89.0842	104	1
1527936544.578490000	89.0856	92	0
1527936544.579164000	89.0863	333	0
1527936544.581024000	89.0881	101	1
1527936544.881282000	89.3884	393	1
1527936544.881372000	89.3885	259	1
1527936544.899225000	89.4063	87	0
1527936545.036538000	89.5436	259	0
1527936545.037185000	89.5443	148	0
1527936545.039096000	89.5462	104	1
1527936545.041529000	89.5486	92	0
1527936545.042185000	89.5493	161	0
1527936545.044182000	89.5513	101	1
1527936545.308909000	89.816	390	1
1527936545.308969000	89.8161	262	1
1527936545.326218000	89.8333	87	0
1527936545.462360000	89.9695	233	0
1527936545.463085000	89.9702	148	0
1527936545.465120000	89.9722	104	1
1527936545.466979000	89.9741	92	0
1527936545.467703000	89.9748	110	0
1527936545.470148000	89.9773	101	1
1527936545.602486000	90.1096	389	1
1527936545.602571000	90.1097	258	1
1527936545.618833000	90.1259	87	0
1527936545.750739000	90.2578	235	0
1527936545.751405000	90.2585	148	0
1527936545.753126000	90.2602	104	1
1527936545.755010000	90.2621	92	0
1527936545.755725000	90.2628	328	0
1527936545.758155000	90.2653	101	1
1527936545.850273000	90.3574	914	1
1527936545.850337000	90.3574	258	1
1527936545.866834000	90.3739	87	0
1527936546.009488000	90.5166	255	0
1527936546.010136000	90.5172	148	0
1527936546.012083000	90.5192	104	1
1527936546.014482000	90.5216	92	0
1527936546.015208000	90.5223	185	0
1527936546.017170000	90.5243	101	1
1527936546.279522000	90.7866	388	1
1527936546.279578000	90.7867	260	1
1527936546.296626000	90.8037	87	0
1527936546.439132000	90.9462	425	0
1527936546.439783000	90.9469	148	0
1527936546.442204000	90.9493	104	1
1527936546.444124000	90.9512	92	0
1527936546.444852000	90.952	234	0
1527936546.447156000	90.9543	101	1
1527936546.729488000	91.2366	974	1
1527936546.729578000	91.2367	258	1
1527936546.748918000	91.256	87	0
1527936546.885974000	91.3931	281	0
1527936546.886662000	91.3938	148	0
1527936546.889204000	91.3963	104	1
1527936546.890327000	91.3974	92	0
1527936546.891058000	91.3982	199	0
1527936546.893229000	91.4003	101	1
1527936547.525090000	92.0322	466	1
1527936547.525206000	92.0323	261	1
1527936547.541727000	92.0488	87	0
1527936547.986300000	92.4934	258	0
1527936547.987021000	92.4941	148	0
1527936547.989213000	92.4963	104	1
1527936547.990753000	92.4979	92	0
1527936547.991465000	92.4986	184	0
1527936547.993218000	92.5003	101	1
1527936548.029694000	92.5368	393	1
1527936548.029755000	92.5369	265	1
1527936548.046474000	92.5536	87	0
1527936548.182170000	92.6893	235	0
1527936548.182953000	92.6901	148	0
1527936548.185220000	92.6923	104	1
1527936548.187751000	92.6949	92	0
1527936548.188545000	92.6956	207	0
1527936548.190273000	92.6974	101	1
1527936548.341725000	92.8488	389	1
1527936548.341800000	92.8489	259	1
1527936548.358587000	92.8657	87	0
1527936548.494623000	93.0017	235	0
1527936548.495282000	93.0024	148	0
1527936548.497259000	93.0044	104	1
1527936548.499655000	93.0068	92	0
1527936548.500387000	93.0075	272	0
1527936548.502286000	93.0094	101	1
1527936548.729789000	93.2369	390	1
1527936548.729855000	93.237	259	1
1527936548.746800000	93.2539	87	0
1527936548.888984000	93.3961	233	0
1527936548.889718000	93.3968	148	0
1527936548.892258000	93.3994	104	1
1527936548.893408000	93.4005	92	0
1527936548.894159000	93.4013	223	0
1527936548.896302000	93.4034	101	1
1527936549.160455000	93.6676	393	1
1527936549.160539000	93.6676	222	1
1527936549.177976000	93.6851	87	0
1527936549.353623000	93.8607	258	0
1527936549.354346000	93.8614	148	0
1527936549.356277000	93.8634	104	1
1527936549.358142000	93.8652	92	0
1527936549.358996000	93.8661	90	0
1527936549.361389000	93.8685	101	1
1527936551.753783000	96.2609	384	1
1527936551.753888000	96.261	1412	1
1527936551.753924000	96.261	1412	1
1527936551.753953000	96.2611	1412	1
1527936551.753971000	96.2611	249	1
1527936551.771819000	96.2789	87	0
1527936551.899469000	96.4066	411	0
1527936551.902490000	96.4096	101	1
1527936551.907434000	96.4145	80	0
1527936551.910481000	96.4176	98	1
1527936551.953483000	96.4606	392	1
1527936551.953547000	96.4607	260	1
1527936551.970439000	96.4775	87	0
1527936552.335484000	96.8426	310	0
1527936552.337059000	96.8442	148	0
1527936552.338516000	96.8456	104	1
1527936552.340143000	96.8472	92	0
1527936552.340816000	96.8479	179	0
1527936552.342593000	96.8497	101	1
1527936552.403859000	96.911	392	1
1527936552.403919000	96.911	259	1
1527936552.420880000	96.928	87	0
1527936552.559013000	97.0661	233	0
1527936552.559716000	97.0668	148	0
1527936552.561527000	97.0686	104	1
1527936552.565118000	97.0722	92	0
1527936552.565871000	97.073	228	0
1527936552.567505000	97.0746	101	1
1527936552.754217000	97.2613	389	1
1527936552.754306000	97.2614	259	1
1527936552.770670000	97.2778	87	0
1527936552.909401000	97.4165	256	0
1527936552.910049000	97.4172	148	0
1527936552.912548000	97.4197	104	1
1527936552.914153000	97.4213	92	0
1527936552.914937000	97.422	254	0
1527936552.916471000	97.4236	101	1
1527936553.053369000	97.5605	914	1
1527936553.053429000	97.5605	261	1
1527936553.070410000	97.5775	87	0
1527936553.211014000	97.7181	235	0
1527936553.211658000	97.7188	148	0
1527936553.213572000	97.7207	104	1
1527936553.215540000	97.7226	92	0
1527936553.216343000	97.7234	296	0
1527936553.218544000	97.7256	101	1
1527936553.546023000	98.0531	978	1
1527936553.546117000	98.0532	262	1
1527936553.562525000	98.0696	87	0
1527936553.701877000	98.209	233	0
1527936553.702707000	98.2098	148	0
1527936553.704557000	98.2117	104	1
1527936553.707016000	98.2141	92	0
1527936553.707698000	98.2148	319	0
1527936553.709666000	98.2168	101	1
1527936553.887953000	98.3951	464	1
1527936553.888017000	98.3951	258	1
1527936553.905538000	98.4126	87	0
1527936554.066858000	98.574	256	0
1527936554.067503000	98.5746	148	0
1527936554.069618000	98.5767	104	1
1527936554.071706000	98.5788	92	0
1527936554.072488000	98.5796	108	0
1527936554.074651000	98.5818	101	1
1527936554.245695000	98.7528	388	1
1527936554.245763000	98.7529	258	1
1527936554.262775000	98.7699	87	0
1527936554.402639000	98.9097	425	0
1527936554.403362000	98.9105	148	0
1527936554.405641000	98.9127	104	1
1527936554.408104000	98.9152	92	0
1527936554.408899000	98.916	153	0
1527936554.410710000	98.9178	101	1
1527936554.697999000	99.2051	390	1
1527936554.698062000	99.2052	260	1
1527936554.714804000	99.2219	87	0
1527936554.855972000	99.3631	279	0
1527936554.856643000	99.3637	148	0
1527936554.858667000	99.3658	104	1
1527936554.860941000	99.368	92	0
1527936554.861747000	99.3689	281	0
1527936554.863737000	99.3708	101	1
1527936555.174229000	99.6813	388	1
1527936555.174305000	99.6814	262	1
1527936555.191655000	99.6988	87	0
1527936555.337868000	99.845	258	0
1527936555.338514000	99.8456	148	0
1527936555.340718000	99.8478	104	1
1527936555.343597000	99.8507	92	0
1527936555.344316000	99.8514	313	0
1527936555.346667000	99.8538	101	1
1527936555.459940000	99.967	389	1
1527936555.460040000	99.9671	258	1
1527936555.477161000	99.9843	87	0
1527936555.627056000	100.134	236	0
1527936555.627777000	100.135	148	0
1527936555.629697000	100.137	104	1
1527936555.631807000	100.139	92	0
1527936555.632637000	100.14	191	0
1527936555.634778000	100.142	101	1
1527936556.112052000	100.619	394	1
1527936556.112143000	100.619	261	1
1527936556.129499000	100.637	87	0
1527936556.268105000	100.775	256	0
1527936556.268828000	100.776	148	0
1527936556.270673000	100.778	104	1
1527936556.272528000	100.78	92	0
1527936556.273275000	100.78	101	0
1527936556.275828000	100.783	101	1
1527936556.366211000	100.873	401	1
1527936556.366308000	100.873	259	1
1527936556.382416000	100.89	87	0
1527936556.391940000	100.899	304	1
1527936556.392026000	100.899	1412	1
1527936556.392056000	100.899	1412	1
1527936556.392095000	100.899	1412	1
1527936556.392135000	100.899	1049	1
1527936556.409928000	100.917	87	0
1527936556.517873000	101.025	233	0
1527936556.518518000	101.026	148	0
1527936556.520792000	101.028	107	1
1527936556.522530000	101.03	92	0
1527936556.523231000	101.03	115	0
1527936556.525774000	101.033	101	1
1527936556.542946000	101.05	386	0
1527936556.545770000	101.053	98	1
1527936556.549858000	101.057	80	0
1527936556.552748000	101.06	98	1
1527936556.804662000	101.312	393	1
1527936556.804773000	101.312	502	1
1527936556.822259000	101.329	87	0
1527936556.976434000	101.484	255	0
1527936556.977156000	101.484	148	0
1527936556.978722000	101.486	104	1
1527936556.980924000	101.488	92	0
1527936556.981688000	101.489	303	0
1527936556.983694000	101.491	101	1
1527936557.117976000	101.625	391	1
1527936557.118067000	101.625	316	1
1527936557.135477000	101.643	87	0
1527936557.276439000	101.784	290	0
1527936557.277089000	101.784	148	0
1527936557.279794000	101.787	104	1
1527936557.280797000	101.788	92	0
1527936557.281576000	101.789	105	0
1527936557.283722000	101.791	101	1
1527936557.795679000	102.303	390	1
1527936557.795777000	102.303	261	1
1527936557.812096000	102.319	87	0
1527936557.956095000	102.463	259	0
1527936557.956826000	102.464	148	0
1527936557.958835000	102.466	104	1
1527936557.960451000	102.468	92	0
1527936557.961149000	102.468	181	0
1527936557.962832000	102.47	101	1
1527936558.209161000	102.716	915	1
1527936558.209225000	102.716	258	1
1527936558.226106000	102.733	87	0
1527936558.379104000	102.886	233	0
1527936558.379749000	102.887	148	0
1527936558.381893000	102.889	104	1
1527936558.383361000	102.89	92	0
1527936558.384092000	102.891	291	0
1527936558.385787000	102.893	101	1
1527936558.592241000	103.099	977	1
1527936558.592333000	103.099	259	1
1527936558.611709000	103.119	87	0
1527936558.968388000	103.475	258	0
1527936558.969101000	103.476	148	0
1527936558.970893000	103.478	104	1
1527936558.974232000	103.481	92	0
1527936558.974927000	103.482	89	0
1527936558.976872000	103.484	101	1
1527936559.038212000	103.545	461	1
1527936559.038303000	103.545	261	1
1527936559.056151000	103.563	87	0
1527936559.196608000	103.704	233	0
1527936559.197317000	103.704	148	0
1527936559.198907000	103.706	104	1
1527936559.203581000	103.711	92	0
1527936559.204277000	103.711	139	0
1527936559.205887000	103.713	101	1
1527936559.362311000	103.869	388	1
1527936559.362403000	103.87	259	1
1527936559.379076000	103.886	87	0
1527936559.519014000	104.026	233	0
1527936559.519670000	104.027	148	0
1527936559.521941000	104.029	104	1
1527936559.524018000	104.031	92	0
1527936559.524750000	104.032	299	0
1527936559.526932000	104.034	101	1
1527936560.093256000	104.6	388	1
1527936560.093332000	104.6	259	1
1527936560.109603000	104.617	87	0
1527936560.243588000	104.751	446	0
1527936560.244298000	104.751	148	0
1527936560.245992000	104.753	104	1
1527936560.248146000	104.755	92	0
1527936560.248896000	104.756	155	0
1527936560.250939000	104.758	101	1
1527936560.338219000	104.845	391	1
1527936560.338291000	104.845	258	1
1527936560.355195000	104.862	87	0
1527936560.491847000	104.999	279	0
1527936560.492621000	105	148	0
1527936560.494985000	105.002	104	1
1527936560.497591000	105.005	92	0
1527936560.498321000	105.005	274	0
1527936560.500020000	105.007	101	1
1527936560.640487000	105.148	392	1
1527936560.640554000	105.148	263	1
1527936560.657062000	105.164	87	0
1527936560.794122000	105.301	233	0
1527936560.794768000	105.302	148	0
1527936560.797012000	105.304	104	1
1527936560.801144000	105.308	92	0
1527936560.801885000	105.309	172	0
1527936560.804000000	105.311	101	1
1527936561.063115000	105.57	388	1
1527936561.063209000	105.57	258	1
1527936561.080315000	105.587	87	0
1527936561.220448000	105.728	258	0
1527936561.221102000	105.728	148	0
1527936561.223043000	105.73	104	1
1527936561.226987000	105.734	92	0
1527936561.227774000	105.735	187	0
1527936561.230007000	105.737	101	1
1527936561.315185000	105.822	402	1
1527936561.315241000	105.822	259	1
1527936561.334831000	105.842	87	0
1527936561.470112000	105.977	232	0
1527936561.470787000	105.978	148	0
1527936561.473036000	105.98	104	1
1527936561.474906000	105.982	92	0
1527936561.475636000	105.983	167	0
1527936561.478090000	105.985	101	1
1527936561.589166000	106.096	391	1
1527936561.589260000	106.096	260	1
1527936561.606487000	106.114	87	0
1527936561.743235000	106.25	233	0
1527936561.743960000	106.251	148	0
1527936561.746070000	106.253	104	1
1527936561.747444000	106.255	92	0
1527936561.748150000	106.255	155	0
1527936561.750038000	106.257	101	1
1527936562.051198000	106.558	389	1
1527936562.051262000	106.558	259	1
1527936562.069720000	106.577	87	0
1527936562.207597000	106.715	255	0
1527936562.208240000	106.715	148	0
1527936562.210080000	106.717	104	1
1527936562.212426000	106.72	92	0
1527936562.213112000	106.72	227	0
1527936562.215104000	106.722	101	1
1527936562.725371000	107.232	388	1
1527936562.725462000	107.233	258	1
1527936562.743358000	107.25	87	0
1527936562.881936000	107.389	235	0
1527936562.882724000	107.39	148	0
1527936562.885118000	107.392	104	1
1527936562.886978000	107.394	92	0
1527936562.887704000	107.395	247	0
1527936562.890176000	107.397	101	1
1527936562.957509000	107.465	918	1
1527936562.957574000	107.465	261	1
1527936562.974997000	107.482	87	0
1527936563.112390000	107.619	255	0
1527936563.113117000	107.62	148	0
1527936563.115136000	107.622	104	1
1527936563.117091000	107.624	92	0
1527936563.117851000	107.625	294	0
1527936563.120181000	107.627	101	1
1527936563.221394000	107.728	975	1
1527936563.221486000	107.729	259	1
1527936563.238717000	107.746	87	0
1527936563.374723000	107.882	289	0
1527936563.375375000	107.882	148	0
1527936563.377147000	107.884	104	1
1527936563.380110000	107.887	92	0
1527936563.380904000	107.888	256	0
1527936563.383208000	107.89	101	1
1527936563.709870000	108.217	465	1
1527936563.709948000	108.217	262	1
1527936563.726346000	108.233	87	0
1527936563.864139000	108.371	235	0
1527936563.864798000	108.372	148	0
1527936563.867201000	108.374	104	1
1527936563.870409000	108.378	92	0
1527936563.871135000	108.378	157	0
1527936563.873149000	108.38	101	1
1527936564.085518000	108.593	389	1
1527936564.085616000	108.593	259	1
1527936564.101934000	108.609	87	0
1527936564.240861000	108.748	259	0
1527936564.241509000	108.749	148	0
1527936564.244209000	108.751	104	1
1527936564.246483000	108.754	92	0
1527936564.247147000	108.754	156	0
1527936564.249157000	108.756	101	1
1527936564.406558000	108.914	390	1
1527936564.406618000	108.914	259	1
1527936564.423782000	108.931	87	0
1527936564.559664000	109.067	235	0
1527936564.560336000	109.067	148	0
1527936564.562183000	109.069	104	1
1527936564.563660000	109.071	92	0
1527936564.564392000	109.071	145	0
1527936564.566167000	109.073	101	1
1527936564.889541000	109.397	389	1
1527936564.889608000	109.397	262	1
1527936564.906895000	109.414	87	0
1527936564.917748000	109.425	87	0
1527936565.047776000	109.555	258	0
1527936565.048418000	109.556	148	0
1527936565.050216000	109.557	107	1
1527936565.051478000	109.559	92	0
1527936565.052152000	109.559	106	0
1527936565.054173000	109.561	101	1
1527936565.195733000	109.703	390	1
1527936565.195801000	109.703	261	1
1527936565.212753000	109.72	87	0
1527936565.344356000	109.851	236	0
1527936565.345072000	109.852	148	0
1527936565.347181000	109.854	104	1
1527936565.351522000	109.859	92	0
1527936565.352180000	109.859	143	0
1527936565.354192000	109.861	101	1
1527936565.692633000	110.2	390	1
1527936565.692709000	110.2	259	1
1527936565.711278000	110.218	87	0
1527936565.848492000	110.356	425	0
1527936565.849207000	110.356	148	0
1527936565.851218000	110.358	104	1
1527936565.853523000	110.361	92	0
1527936565.854240000	110.361	124	0
1527936565.856347000	110.363	101	1
1527936566.113462000	110.621	389	1
1527936566.113543000	110.621	260	1
1527936566.130815000	110.638	87	0
1527936566.266943000	110.774	302	0
1527936566.267616000	110.775	148	0
1527936566.270299000	110.777	104	1
1527936566.271581000	110.779	92	0
1527936566.272251000	110.779	183	0
1527936566.274264000	110.781	101	1
1527936566.449674000	110.957	403	1
1527936566.449747000	110.957	258	1
1527936566.469702000	110.977	87	0
1527936566.604633000	111.112	235	0
1527936566.605279000	111.112	148	0
1527936566.607355000	111.114	104	1
1527936566.609677000	111.117	92	0
1527936566.610481000	111.118	238	0
1527936566.612339000	111.119	101	1
1527936566.823571000	111.331	389	1
1527936566.823644000	111.331	258	1
1527936566.840001000	111.347	87	0
1527936566.973624000	111.481	259	0
1527936566.974271000	111.481	148	0
1527936566.976352000	111.483	104	1
1527936566.978330000	111.485	92	0
1527936566.979127000	111.486	328	0
1527936566.981406000	111.489	101	1
1527936567.247826000	111.755	390	1
1527936567.247905000	111.755	262	1
1527936567.267478000	111.775	87	0
1527936567.420940000	111.928	235	0
1527936567.421588000	111.929	148	0
1527936567.423401000	111.931	104	1
1527936567.425980000	111.933	92	0
1527936567.426649000	111.934	96	0
1527936567.428385000	111.935	101	1
1527936567.652571000	112.16	389	1
1527936567.652660000	112.16	258	1
1527936567.670371000	112.177	87	0
1527936567.807941000	112.315	233	0
1527936567.808592000	112.316	148	0
1527936567.810407000	112.318	104	1
1527936567.812798000	112.32	92	0
1527936567.813533000	112.321	246	0
1527936567.815480000	112.323	101	1
1527936568.092680000	112.6	917	1
1527936568.092756000	112.6	260	1
1527936568.110146000	112.617	87	0
1527936568.250952000	112.758	256	0
1527936568.251599000	112.759	148	0
1527936568.253452000	112.761	104	1
1527936568.256305000	112.763	92	0
1527936568.257038000	112.764	221	0
1527936568.259402000	112.767	101	1
1527936568.398738000	112.906	977	1
1527936568.398827000	112.906	261	1
1527936568.415737000	112.923	87	0
1527936568.555389000	113.062	233	0
1527936568.556046000	113.063	148	0
1527936568.558458000	113.066	104	1
1527936568.560129000	113.067	92	0
1527936568.560858000	113.068	146	0
1527936568.562511000	113.07	101	1
1527936568.888746000	113.396	463	1
1527936568.888835000	113.396	316	1
1527936568.905437000	113.413	87	0
1527936569.043439000	113.551	258	0
1527936569.044167000	113.551	148	0
1527936569.046471000	113.554	104	1
1527936569.048145000	113.555	92	0
1527936569.048905000	113.556	94	0
1527936569.050500000	113.558	101	1
1527936569.510810000	114.018	389	1
1527936569.510906000	114.018	258	1
1527936569.527199000	114.034	87	0
1527936569.665317000	114.172	287	0
1527936569.665963000	114.173	148	0
1527936569.668514000	114.176	104	1
1527936569.668910000	114.176	92	0
1527936569.669642000	114.177	243	0
1527936569.671489000	114.179	101	1
1527936569.735627000	114.243	389	1
1527936569.735692000	114.243	258	1
1527936569.752932000	114.26	87	0
1527936569.899374000	114.406	233	0
1527936569.900077000	114.407	148	0
1527936569.902478000	114.41	104	1
1527936569.904341000	114.411	92	0
1527936569.905090000	114.412	196	0
1527936569.907511000	114.415	101	1
1527936570.095691000	114.603	389	1
1527936570.095786000	114.603	258	1
1527936570.112165000	114.619	87	0
1527936570.249782000	114.757	256	0
1527936570.250438000	114.758	148	0
1527936570.252562000	114.76	104	1
1527936570.254461000	114.762	92	0
1527936570.255154000	114.762	184	0
1527936570.257597000	114.765	101	1
1527936570.317569000	114.825	388	1
1527936570.317635000	114.825	258	1
1527936570.336180000	114.843	87	0
1527936570.468955000	114.976	235	0
1527936570.469674000	114.977	148	0
1527936570.471581000	114.979	104	1
1527936570.473023000	114.98	92	0
1527936570.473759000	114.981	249	0
1527936570.475540000	114.983	101	1
1527936570.558855000	115.066	392	1
1527936570.558919000	115.066	259	1
1527936570.575949000	115.083	87	0
1527936570.713345000	115.22	235	0
1527936570.714012000	115.221	148	0
1527936570.716589000	115.224	104	1
1527936570.717646000	115.225	92	0
1527936570.718470000	115.226	142	0
1527936570.720592000	115.228	101	1
1527936570.932814000	115.44	402	1
1527936570.932888000	115.44	259	1
1527936570.949002000	115.456	87	0
1527936571.086347000	115.593	254	0
1527936571.086998000	115.594	148	0
1527936571.089609000	115.597	104	1
1527936571.090891000	115.598	92	0
1527936571.091556000	115.599	312	0
1527936571.093597000	115.601	101	1
1527936571.178171000	115.685	387	1
1527936571.178262000	115.685	259	1
1527936571.196859000	115.704	87	0
1527936571.331127000	115.838	423	0
1527936571.331841000	115.839	148	0
1527936571.333611000	115.841	104	1
1527936571.335355000	115.842	92	0
1527936571.336083000	115.843	210	0
1527936571.338590000	115.846	101	1
1527936571.497914000	116.005	389	1
1527936571.497974000	116.005	261	1
1527936571.514103000	116.021	87	0
1527936571.662235000	116.169	279	0
1527936571.663009000	116.17	148	0
1527936571.664618000	116.172	104	1
1527936571.666586000	116.174	92	0
1527936571.667370000	116.174	207	0
1527936571.669667000	116.177	101	1
1527936571.799969000	116.307	391	1
1527936571.800065000	116.307	258	1
1527936571.818147000	116.325	87	0
1527936571.953604000	116.461	256	0
1527936571.954316000	116.461	148	0
1527936571.956643000	116.464	104	1
1527936571.957820000	116.465	92	0
1527936571.958548000	116.466	301	0
1527936571.960719000	116.468	101	1
